-3.495084494352340698e-02
-5.136657133698463440e-02
-4.930497109889984131e-01
-8.550048470497131348e-01
-9.362356662750244141e-01
-7.263764739036560059e-01
-3.059644103050231934e-01
7.834076136350631714e-02
2.548290491104125977e-01
1.156807541847229004e-01
-2.127107679843902588e-01
-5.421041846275329590e-01
-6.185182332992553711e-01
-3.743632435798645020e-01
1.260080188512802124e-01
6.006382107734680176e-01
7.924632430076599121e-01
5.124711394309997559e-01
-1.384932100772857666e-01
-8.937320709228515625e-01
-1.352062106132507324e+00
-1.279848337173461914e+00
-6.612915992736816406e-01
1.910158246755599976e-01
8.913043737411499023e-01
1.115883827209472656e+00
8.767383098602294922e-01
4.253830015659332275e-01
1.672014594078063965e-01
3.159448504447937012e-01
8.314216732978820801e-01
1.383776068687438965e+00
1.661802887916564941e+00
1.526276826858520508e+00
1.159081101417541504e+00
8.427508473396301270e-01
7.788605690002441406e-01
8.589739203453063965e-01
8.026748895645141602e-01
3.525912165641784668e-01
-4.160961806774139404e-01
-1.127598285675048828e+00
-1.295108079910278320e+00
-7.285344004631042480e-01
3.201065957546234131e-01
1.238192558288574219e+00
1.478455543518066406e+00
8.938862085342407227e-01
-1.388400197029113770e-01
-1.020973205566406250e+00
-1.324240207672119141e+00
-1.097040414810180664e+00
-7.575509548187255859e-01
-7.580904364585876465e-01
-1.198078036308288574e+00
-1.751704096794128418e+00
-1.914319872856140137e+00
-1.405162811279296875e+00
-4.041890203952789307e-01
5.556298494338989258e-01
9.492218494415283203e-01
6.173622012138366699e-01
-1.501691788434982300e-01
-8.255644440650939941e-01
-1.008256793022155762e+00
-6.374001502990722656e-01
2.327487431466579437e-02
6.440281271934509277e-01
1.034807085990905762e+00
1.240427494049072266e+00
1.389787435531616211e+00
1.562306642532348633e+00
1.674365162849426270e+00
1.584117293357849121e+00
1.184783577919006348e+00
5.424124598503112793e-01
-1.772589832544326782e-01
-7.528111934661865234e-01
-1.064902544021606445e+00
-1.073226094245910645e+00
-8.614401221275329590e-01
-5.361698865890502930e-01
-2.695877850055694580e-01
-1.945224553346633911e-01
-4.130134284496307373e-01
-8.534634709358215332e-01
-1.325280666351318359e+00
-1.524041891098022461e+00
-1.271640539169311523e+00
-5.779413580894470215e-01
2.672371864318847656e-01
9.323822259902954102e-01
1.176884055137634277e+00
1.065634727478027344e+00
8.215183019638061523e-01
7.156638503074645996e-01
7.852572798728942871e-01
9.066026210784912109e-01
8.465272188186645508e-01
5.672287344932556152e-01
1.955628991127014160e-01
1.942141912877559662e-02
1.601881682872772217e-01
5.429905056953430176e-01
8.465657830238342285e-01
8.382808566093444824e-01
4.673471450805664062e-01
1.005752012133598328e-02
-2.286255508661270142e-01
-5.325476452708244324e-02
3.710878193378448486e-01
7.235634326934814453e-01
6.605594158172607422e-01
1.544850468635559082e-01
-5.904265642166137695e-01
-1.185207486152648926e+00
-1.412715554237365723e+00
-1.256804704666137695e+00
-9.672560095787048340e-01
-7.704214453697204590e-01
-8.094955086708068848e-01
-9.800109267234802246e-01
-1.140199065208435059e+00
-1.146827101707458496e+00
-1.061935424804687500e+00
-1.014846205711364746e+00
-1.189253568649291992e+00
-1.579724311828613281e+00
-2.040520668029785156e+00
-2.229609727859497070e+00
-1.869735479354858398e+00
-8.057576417922973633e-01
7.793229818344116211e-01
2.485671758651733398e+00
3.744634389877319336e+00
4.150094985961914062e+00
3.558397054672241211e+00
2.259358406066894531e+00
7.659129500389099121e-01
-3.298558294773101807e-01
-7.133132815361022949e-01
-3.863089680671691895e-01
2.918222248554229736e-01
8.944641947746276855e-01
1.066058635711669922e+00
7.524258494377136230e-01
1.033111587166786194e-01
-5.658800005912780762e-01
-1.007640242576599121e+00
-1.077272176742553711e+00
-8.325777053833007812e-01
-4.213754236698150635e-01
-7.017143815755844116e-02
7.945826649665832520e-02
-2.658884599804878235e-02
-2.702428698539733887e-01
-4.682719707489013672e-01
-4.312402606010437012e-01
-1.278962045907974243e-01
3.127850294113159180e-01
6.229111552238464355e-01
6.028346419334411621e-01
2.268144190311431885e-01
-2.837685048580169678e-01
-6.212542057037353516e-01
-5.698490738868713379e-01
-1.892432272434234619e-01
2.262364029884338379e-01
3.195285797119140625e-01
-6.843738257884979248e-02
-7.770879268646240234e-01
-1.387282729148864746e+00
-1.480035424232482910e+00
-8.886840343475341797e-01
1.736367344856262207e-01
1.216343402862548828e+00
1.732398271560668945e+00
1.456914663314819336e+00
5.100434422492980957e-01
-6.795955300331115723e-01
-1.578105807304382324e+00
-1.812010645866394043e+00
-1.310753107070922852e+00
-3.439594805240631104e-01
6.509258151054382324e-01
1.249791383743286133e+00
1.261004924774169922e+00
7.650651931762695312e-01
8.296491205692291260e-02
-4.426465034484863281e-01
-5.784422755241394043e-01
-3.446916341781616211e-01
8.161620050668716431e-02
4.457292556762695312e-01
6.078056097030639648e-01
5.395224094390869141e-01
3.428805172443389893e-01
9.017087519168853760e-02
-1.698603481054306030e-01
-4.654974937438964844e-01
-7.594776749610900879e-01
-9.761189818382263184e-01
-9.522660374641418457e-01
-6.186338663101196289e-01
-6.473806221038103104e-03
6.513496637344360352e-01
1.110912799835205078e+00
1.167789816856384277e+00
8.578563928604125977e-01
3.430346548557281494e-01
-1.025789976119995117e-01
-3.339019715785980225e-01
-3.027660548686981201e-01
-1.413833051919937134e-01
4.165586084127426147e-02
1.328671723604202271e-01
1.573366075754165649e-01
