-1.258627921342849731e-01
-7.861165702342987061e-02
-4.792106747627258301e-01
-9.816585779190063477e-01
-1.440512418746948242e+00
-1.695765733718872070e+00
-1.660618543624877930e+00
-1.393552541732788086e+00
-1.079915046691894531e+00
-9.160571694374084473e-01
-9.599100947380065918e-01
-1.063377141952514648e+00
-9.609457254409790039e-01
-4.666535258293151855e-01
3.582671880722045898e-01
1.209305524826049805e+00
1.729521155357360840e+00
1.755412101745605469e+00
1.440124034881591797e+00
1.142247676849365234e+00
1.169174432754516602e+00
1.556245326995849609e+00
2.057657718658447266e+00
2.341811656951904297e+00
2.245367527008056641e+00
1.874834537506103516e+00
1.496922492980957031e+00
1.303160548210144043e+00
1.258886814117431641e+00
1.145969510078430176e+00
7.747892141342163086e-01
1.694568246603012085e-01
-4.122823774814605713e-01
-6.667265295982360840e-01
-4.743561148643493652e-01
-1.744408532977104187e-02
3.323114216327667236e-01
2.434728145599365234e-01
-3.584613800048828125e-01
-1.263870835304260254e+00
-2.109569072723388672e+00
-2.596094131469726562e+00
-2.610496044158935547e+00
-2.243102073669433594e+00
-1.675570726394653320e+00
-1.086614370346069336e+00
-5.809624791145324707e-01
-2.087788283824920654e-01
2.158665098249912262e-02
1.095838025212287903e-01
7.909711450338363647e-02
-3.213724493980407715e-02
-1.601036787033081055e-01
-2.476801127195358276e-01
-2.431815415620803833e-01
-1.368341147899627686e-01
4.605367779731750488e-02
2.236338108777999878e-01
3.001418113708496094e-01
1.963511407375335693e-01
-6.718723475933074951e-02
-3.678145110607147217e-01
-4.996969699859619141e-01
-3.073913156986236572e-01
2.278411090373992920e-01
9.278052449226379395e-01
1.521357178688049316e+00
1.765865683555603027e+00
1.600583791732788086e+00
1.139464378356933594e+00
6.113520264625549316e-01
2.005260586738586426e-01
-8.900043554604053497e-03
-5.854610353708267212e-02
-2.394920773804187775e-02
9.676774032413959503e-03
-2.071282826364040375e-03
-1.047939658164978027e-01
-3.039931058883666992e-01
-5.700558423995971680e-01
-7.832037806510925293e-01
-8.096449971199035645e-01
-5.603467226028442383e-01
-1.182572990655899048e-01
3.036371171474456787e-01
4.492741823196411133e-01
2.302036583423614502e-01
-2.216596156358718872e-01
-5.822570323944091797e-01
-5.719329714775085449e-01
-1.029815897345542908e-01
6.307703256607055664e-01
1.317368149757385254e+00
1.679389595985412598e+00
1.649517774581909180e+00
1.315135121345520020e+00
8.515561223030090332e-01
3.749021887779235840e-01
-3.339943289756774902e-02
-3.255473971366882324e-01
-4.089488983154296875e-01
-2.374531477689743042e-01
1.510418206453323364e-01
5.459448099136352539e-01
6.918731927871704102e-01
4.044826924800872803e-01
-2.502044737339019775e-01
-1.013504505157470703e+00
-1.545209288597106934e+00
-1.669712781906127930e+00
-1.422485828399658203e+00
-1.029298067092895508e+00
-6.918731927871704102e-01
-5.064933896064758301e-01
-4.110525250434875488e-01
-3.333794474601745605e-01
-2.409160733222961426e-01
-1.994904279708862305e-01
-2.416928112506866455e-01
-3.357419967651367188e-01
-3.370041847229003906e-01
-1.381286680698394775e-01
2.680692970752716064e-01
7.009027004241943359e-01
9.298765063285827637e-01
7.679604291915893555e-01
2.345727682113647461e-01
-4.906998276710510254e-01
-1.110628247261047363e+00
-1.391319513320922852e+00
-1.208075642585754395e+00
-6.286343336105346680e-01
1.684535443782806396e-01
9.186462759971618652e-01
1.418149113655090332e+00
1.562006115913391113e+00
1.426757812500000000e+00
1.166811823844909668e+00
9.441489577293395996e-01
7.701288461685180664e-01
5.474659204483032227e-01
1.423683315515518188e-01
-4.052594304084777832e-01
-8.707802295684814453e-01
-9.251190423965454102e-01
-4.346133768558502197e-01
4.076543450355529785e-01
1.099268555641174316e+00
1.184255957603454590e+00
5.522233843803405762e-01
-4.070717990398406982e-01
-1.089171051979064941e+00
-1.066775321960449219e+00
-4.447108805179595947e-01
2.509488463401794434e-01
4.352282881736755371e-01
-5.149079486727714539e-02
-8.520092368125915527e-01
-1.334423899650573730e+00
-1.111534476280212402e+00
-3.020189106464385986e-01
5.426113605499267578e-01
9.029174447059631348e-01
6.507711410522460938e-01
1.433715969324111938e-01
-1.275780797004699707e-01
9.213972091674804688e-02
6.097986102104187012e-01
1.017226338386535645e+00
1.028197765350341797e+00
7.402570247650146484e-01
4.894052743911743164e-01
5.433233380317687988e-01
8.005831837654113770e-01
8.724955320358276367e-01
3.815367519855499268e-01
-6.681504845619201660e-01
-1.862698078155517578e+00
-2.622697114944458008e+00
-2.625286102294921875e+00
-1.978139758110046387e+00
-1.121146559715270996e+00
-4.702135622501373291e-01
-1.868685483932495117e-01
-1.539222002029418945e-01
-2.058013677597045898e-01
-2.962257862091064453e-01
-5.190505385398864746e-01
-9.071894884109497070e-01
-1.302901625633239746e+00
-1.387274026870727539e+00
-9.513013362884521484e-01
-1.097779870033264160e-01
6.834262013435363770e-01
9.430485963821411133e-01
5.021566152572631836e-01
-3.138964176177978516e-01
-9.022378325462341309e-01
-7.877671122550964355e-01
2.404629811644554138e-02
1.065642595291137695e+00
1.728161811828613281e+00
1.699002027511596680e+00
1.146681547164916992e+00
5.816097259521484375e-01
4.651971757411956787e-01
8.995839953422546387e-01
1.568090558052062988e+00
1.979822635650634766e+00
1.788649797439575195e+00
1.008196830749511719e+00
-3.414380177855491638e-02
-9.044709205627441406e-01
-1.307594299316406250e+00
-1.200890898704528809e+00
-7.684135437011718750e-01
-2.795908153057098389e-01
