-7.064853608608245850e-02
-6.528720259666442871e-02
3.724397122859954834e-01
7.154785394668579102e-01
6.006422638893127441e-01
-1.610994040966033936e-01
-1.208980560302734375e+00
-2.042840957641601562e+00
-2.117813110351562500e+00
-1.365324020385742188e+00
-1.833230070769786835e-02
1.326324582099914551e+00
2.207658529281616211e+00
2.304162502288818359e+00
1.740703821182250977e+00
8.189868330955505371e-01
6.442247331142425537e-02
-1.936997771263122559e-01
1.936997771263122559e-01
9.350337982177734375e-01
1.597504258155822754e+00
1.692278861999511719e+00
1.130463004112243652e+00
1.624829769134521484e-01
-6.205310821533203125e-01
-8.062753081321716309e-01
-3.302408158779144287e-01
3.356021642684936523e-01
5.989992618560791016e-01
4.479307308793067932e-02
-1.156404972076416016e+00
-2.431969881057739258e+00
-3.064953088760375977e+00
-2.730388641357421875e+00
-1.592142939567565918e+00
-2.589869797229766846e-01
6.667941808700561523e-01
8.474364876747131348e-01
4.112661182880401611e-01
-2.559604048728942871e-01
-7.030264139175415039e-01
-7.056205868721008301e-01
-2.971216142177581787e-01
2.550092041492462158e-01
6.391227841377258301e-01
6.437923312187194824e-01
2.825076580047607422e-01
-2.250895202159881592e-01
-5.612969994544982910e-01
-5.063865780830383301e-01
-8.630016446113586426e-02
4.395428299903869629e-01
7.340702414512634277e-01
6.392092704772949219e-01
2.820752859115600586e-01
1.124150468967854977e-03
3.934526816010475159e-02
3.571339547634124756e-01
5.897466540336608887e-01
3.866212964057922363e-01
-3.049906790256500244e-01
-1.057825565338134766e+00
-1.276083707809448242e+00
-5.886225104331970215e-01
7.300925254821777344e-01
1.928696274757385254e+00
2.164076089859008789e+00
1.171018958091735840e+00
-6.033229231834411621e-01
-2.155255794525146484e+00
-2.654897451400756836e+00
-1.851648807525634766e+00
-3.061148226261138916e-01
1.123545169830322266e+00
1.714329481124877930e+00
1.398097276687622070e+00
5.718467235565185547e-01
-1.150092408061027527e-01
-3.288572430610656738e-01
-7.134032249450683594e-02
2.800864279270172119e-01
4.287337064743041992e-01
2.241383045911788940e-01
-1.176034361124038696e-01
-3.327485322952270508e-01
-1.414700150489807129e-01
4.071154296398162842e-01
1.109795928001403809e+00
1.542507410049438477e+00
1.453699469566345215e+00
7.577639222145080566e-01
-2.192093431949615479e-01
-1.067424058914184570e+00
-1.349067091941833496e+00
-1.048745870590209961e+00
-4.241506159305572510e-01
-1.962939649820327759e-02
-1.191599518060684204e-01
-7.048423290252685547e-01
-1.273403048515319824e+00
-1.363421559333801270e+00
-7.232611179351806641e-01
3.076713383197784424e-01
1.191772460937500000e+00
1.378727316856384277e+00
8.413833975791931152e-01
-1.182087436318397522e-01
-9.474859237670898438e-01
-1.396194934844970703e+00
-1.445052146911621094e+00
-1.362470388412475586e+00
-1.230425953865051270e+00
-1.009227752685546875e+00
-4.672142267227172852e-01
3.618899881839752197e-01
1.233452439308166504e+00
1.640567898750305176e+00
1.346645832061767578e+00
4.514761269092559814e-01
-4.733538329601287842e-01
-9.185174107551574707e-01
-6.366150379180908203e-01
4.470660164952278137e-02
6.424087882041931152e-01
7.357997298240661621e-01
4.047806560993194580e-01
-1.625694520771503448e-02
-1.028165295720100403e-01
1.880790293216705322e-01
6.240764856338500977e-01
7.722049355506896973e-01
4.687707424163818359e-01
-1.754539459943771362e-01
-7.482518553733825684e-01
-9.432487487792968750e-01
-6.456947326660156250e-01
-8.387891948223114014e-02
4.572698175907135010e-01
7.144408822059631348e-01
6.622976064682006836e-01
3.827300071716308594e-01
6.130943819880485535e-02
-1.853983551263809204e-01
-2.582087218761444092e-01
-1.474366635084152222e-01
1.453613042831420898e-01
5.414081811904907227e-01
9.586409330368041992e-01
1.275391936302185059e+00
1.408560514450073242e+00
1.283693432807922363e+00
8.796045184135437012e-01
2.228412181138992310e-01
-5.472018718719482422e-01
-1.180271506309509277e+00
-1.381062150001525879e+00
-9.768003225326538086e-01
-8.361949771642684937e-02
8.752808570861816406e-01
1.351834177970886230e+00
1.018480300903320312e+00
-1.124150492250919342e-02
-1.186497569084167480e+00
-1.879406690597534180e+00
-1.756528377532958984e+00
-1.019431591033935547e+00
-2.030388712882995605e-01
1.607535183429718018e-01
-5.421864241361618042e-02
-6.092031002044677734e-01
-1.079011559486389160e+00
-1.263199210166931152e+00
-1.207078218460083008e+00
-1.143347501754760742e+00
-1.124842286109924316e+00
-1.037072062492370605e+00
-6.324643492698669434e-01
6.952438503503799438e-02
8.040270209312438965e-01
1.101580977439880371e+00
7.912290096282958984e-01
7.410746067762374878e-02
-4.449906349182128906e-01
-3.221123516559600830e-01
5.062136054039001465e-01
1.509128808975219727e+00
2.081494331359863281e+00
1.820259094238281250e+00
9.553549885749816895e-01
-7.436687592417001724e-03
-4.883136749267578125e-01
-3.811734914779663086e-01
1.441506743431091309e-01
6.712043285369873047e-01
1.041828036308288574e+00
1.205262303352355957e+00
1.315688371658325195e+00
1.318282604217529297e+00
1.170673012733459473e+00
7.496353983879089355e-01
2.537985742092132568e-01
-8.344655483961105347e-02
3.484866395592689514e-02
4.823470413684844971e-01
9.560467600822448730e-01
9.678935408592224121e-01
4.399752020835876465e-01
-4.311549365520477295e-01
-1.098035573959350586e+00
-1.294243097305297852e+00
-1.006374120712280273e+00
-6.731932163238525391e-01
-5.839529633522033691e-01
-8.673253059387207031e-01
-1.183125138282775879e+00
-1.262853384017944336e+00
-9.213710427284240723e-01
