-7.913567423820495605e-01
-8.405320644378662109e-01
-7.179400324821472168e-01
-1.930898576974868774e-01
4.119547307491302490e-01
5.965353846549987793e-01
3.510544896125793457e-01
-1.278360784053802490e-01
-3.585742413997650146e-01
-2.407810240983963013e-01
1.429745554924011230e-01
3.808861970901489258e-01
3.565458953380584717e-01
1.000327169895172119e-01
-1.330801192671060562e-02
1.485649049282073975e-01
5.866904258728027344e-01
9.385859370231628418e-01
1.029960989952087402e+00
7.906146645545959473e-01
5.235144495964050293e-01
3.920174241065979004e-01
4.777032136917114258e-01
5.011035799980163574e-01
3.049464225769042969e-01
-1.674138009548187256e-01
-5.740749835968017578e-01
-6.467990875244140625e-01
-2.430072724819183350e-01
2.967340350151062012e-01
5.634384751319885254e-01
2.004117369651794434e-01
-6.228545308113098145e-01
-1.490744709968566895e+00
-1.847488522529602051e+00
-1.549319744110107422e+00
-7.778013944625854492e-01
-5.110474675893783569e-02
2.905994951725006104e-01
1.284792125225067139e-01
-2.688812017440795898e-01
-6.144937872886657715e-01
-6.533294320106506348e-01
-4.114599823951721191e-01
1.780997961759567261e-02
4.356023967266082764e-01
7.535600066184997559e-01
8.660102486610412598e-01
7.685500979423522949e-01
4.568754434585571289e-01
6.495695561170578003e-02
-2.578489184379577637e-01
-3.322550654411315918e-01
-1.548973470926284790e-01
1.508406251668930054e-01
3.383401334285736084e-01
2.784293293952941895e-01
8.707101456820964813e-03
-2.321728765964508057e-01
-2.309855371713638306e-01
6.327489763498306274e-02
4.405496418476104736e-01
5.967332720756530762e-01
3.278025686740875244e-01
-2.816945016384124756e-01
-9.054395556449890137e-01
-1.165811538696289062e+00
-8.767951726913452148e-01
-1.662759482860565186e-01
6.112780570983886719e-01
1.072259664535522461e+00
1.031247258186340332e+00
5.521588325500488281e-01
-1.010716333985328674e-01
-6.658458709716796875e-01
-9.766795039176940918e-01
-1.040795445442199707e+00
-9.188465476036071777e-01
-6.827158927917480469e-01
-3.112788498401641846e-01
2.026874572038650513e-01
8.422635793685913086e-01
1.444389343261718750e+00
1.825720787048339844e+00
1.821812510490417480e+00
1.490151047706604004e+00
1.027240037918090820e+00
7.384215593338012695e-01
7.400046586990356445e-01
9.422468543052673340e-01
9.874644279479980469e-01
5.828810334205627441e-01
-3.691613078117370605e-01
-1.543284177780151367e+00
-2.446547031402587891e+00
-2.594716072082519531e+00
-1.924467206001281738e+00
-7.408951520919799805e-01
3.285446465015411377e-01
8.030321598052978516e-01
4.885376393795013428e-01
-3.191449344158172607e-01
-1.142609119415283203e+00
-1.468878030776977539e+00
-1.134149432182312012e+00
-2.541879713535308838e-01
7.258061170578002930e-01
1.387397408485412598e+00
1.400458097457885742e+00
8.096614480018615723e-01
-1.232846379280090332e-01
-9.101394414901733398e-01
-1.216124773025512695e+00
-9.110794067382812500e-01
-2.697717249393463135e-01
3.247352838516235352e-01
4.958100318908691406e-01
2.445903867483139038e-01
-1.989770531654357910e-01
-4.473767876625061035e-01
-3.879607021808624268e-01
-1.589045971632003784e-01
-1.340200901031494141e-01
-4.575680494308471680e-01
-9.636188149452209473e-01
-1.135089397430419922e+00
-6.173136830329895020e-01
5.422644019126892090e-01
1.722274422645568848e+00
2.231194734573364258e+00
1.726281762123107910e+00
6.304732561111450195e-01
-2.145607769489288330e-01
-5.120369046926498413e-02
1.113024711608886719e+00
2.541682004928588867e+00
3.168444871902465820e+00
2.440412521362304688e+00
6.525378823280334473e-01
-1.151217222213745117e+00
-1.954348444938659668e+00
-1.367658019065856934e+00
8.024384826421737671e-02
1.410105109214782715e+00
1.794602751731872559e+00
1.099172592163085938e+00
-1.998180747032165527e-01
-1.388634204864501953e+00
-2.042953014373779297e+00
-2.171135425567626953e+00
-2.078572988510131836e+00
-2.007234096527099609e+00
-1.965083837509155273e+00
-1.769817233085632324e+00
-1.285633206367492676e+00
-5.895103216171264648e-01
5.239102244377136230e-02
3.635709285736083984e-01
2.523080408573150635e-01
-1.511374562978744507e-01
-5.747675895690917969e-01
-7.928903698921203613e-01
-7.007237672805786133e-01
-3.622351884841918945e-01
1.045346856117248535e-01
5.529503822326660156e-01
9.206770062446594238e-01
1.176942825317382812e+00
1.376464009284973145e+00
1.531905531883239746e+00
1.649797797203063965e+00
1.617541909217834473e+00
1.346137642860412598e+00
7.712710499763488770e-01
5.229207873344421387e-02
-5.621027350425720215e-01
-7.564788460731506348e-01
-4.720139205455780029e-01
1.419356465339660645e-01
6.850905418395996094e-01
8.994534015655517578e-01
7.090845108032226562e-01
3.780662715435028076e-01
1.272424012422561646e-01
7.059677690267562866e-02
-1.939308829605579376e-02
-3.340855240821838379e-01
-9.519433975219726562e-01
-1.538732767105102539e+00
-1.752699851989746094e+00
-1.378838658332824707e+00
-7.435171604156494141e-01
-3.285941183567047119e-01
-5.679899454116821289e-01
-1.253674149513244629e+00
-1.821070432662963867e+00
-1.553178668022155762e+00
-3.733664155006408691e-01
1.234627366065979004e+00
2.307381868362426758e+00
2.309410095214843750e+00
1.301167368888854980e+00
1.120544523000717163e-01
-5.099096298217773438e-01
-2.004117369651794434e-01
5.633890032768249512e-01
1.134495735168457031e+00
9.813793301582336426e-01
3.170671164989471436e-01
-3.785115480422973633e-01
-5.434022545814514160e-01
-2.345970124006271362e-01
2.194585204124450684e-01
2.886700928211212158e-01
-3.928089886903762817e-02
-5.274721980094909668e-01
-6.648069620132446289e-01
