4.577186107635498047e-01
4.724969565868377686e-01
7.570703625679016113e-01
9.051430225372314453e-01
6.798034906387329102e-01
1.037135496735572815e-01
-5.613116025924682617e-01
-9.107602238655090332e-01
-7.508262991905212402e-01
-1.871279776096343994e-01
3.815848529338836670e-01
6.107093691825866699e-01
3.796079754829406738e-01
-1.027251109480857849e-01
-5.541996955871582031e-01
-7.741630673408508301e-01
-7.929192781448364258e-01
-6.970890760421752930e-01
-5.430135130882263184e-01
-2.431554794311523438e-01
2.421188205480575562e-01
8.311066627502441406e-01
1.240729451179504395e+00
1.233979105949401855e+00
7.635795474052429199e-01
1.005312651395797729e-01
-4.116237163543701172e-01
-5.516201257705688477e-01
-4.259439706802368164e-01
-2.852725386619567871e-01
-3.377561271190643311e-01
-5.232688784599304199e-01
-6.600588560104370117e-01
-6.148318648338317871e-01
-5.183990001678466797e-01
-6.028741598129272461e-01
-9.932103157043457031e-01
-1.461801767349243164e+00
-1.603389263153076172e+00
-1.124624252319335938e+00
-1.936854124069213867e-01
6.809365749359130859e-01
9.940782189369201660e-01
7.203294038772583008e-01
3.243519663810729980e-01
4.306209683418273926e-01
1.226915359497070312e+00
2.288954734802246094e+00
2.826905488967895508e+00
2.353010177612304688e+00
1.055771112442016602e+00
-2.792213857173919678e-01
-9.124718904495239258e-01
-6.763560175895690918e-01
-1.012304052710533142e-01
1.087280586361885071e-01
-3.426259756088256836e-01
-1.064016222953796387e+00
-1.380798101425170898e+00
-9.316620826721191406e-01
-7.888208329677581787e-02
3.796561956405639648e-01
-1.578364968299865723e-01
-1.518528342247009277e+00
-2.849253654479980469e+00
-3.195158481597900391e+00
-2.243510723114013672e+00
-5.164220929145812988e-01
9.952595233917236328e-01
1.575544357299804688e+00
1.201457142829895020e+00
4.780659377574920654e-01
8.948970586061477661e-02
3.495209217071533203e-01
1.067945837974548340e+00
1.848593950271606445e+00
2.394186973571777344e+00
2.648384094238281250e+00
2.634979963302612305e+00
2.325478553771972656e+00
1.630728006362915039e+00
6.174596548080444336e-01
-3.961703479290008545e-01
-9.508762955665588379e-01
-8.134835958480834961e-01
-2.051127105951309204e-01
2.673119008541107178e-01
6.176525354385375977e-02
-8.911120295524597168e-01
-2.088374376296997070e+00
-2.838839054107666016e+00
-2.757401466369628906e+00
-2.042158842086791992e+00
-1.248034238815307617e+00
-8.337103724479675293e-01
-8.020321726799011230e-01
-7.960051298141479492e-01
-4.670243859291076660e-01
1.612839698791503906e-01
7.280922532081604004e-01
8.627366423606872559e-01
5.581534504890441895e-01
1.807392984628677368e-01
1.590178012847900391e-01
5.758970975875854492e-01
1.086509108543395996e+00
1.200010657310485840e+00
7.313469052314758301e-01
-2.249296754598617554e-02
-4.971114397048950195e-01
-3.307888507843017578e-01
3.496655821800231934e-01
1.023393869400024414e+00
1.207532405853271484e+00
8.086137175559997559e-01
1.606330573558807373e-01
-3.002437353134155273e-01
-3.724960684776306152e-01
-1.970123499631881714e-01
-3.090673498809337616e-02
1.509174425154924393e-02
6.945577263832092285e-02
2.900941669940948486e-01
6.267413496971130371e-01
7.697994709014892578e-01
4.084173142910003662e-01
-4.608044624328613281e-01
-1.427760958671569824e+00
-1.941169500350952148e+00
-1.703341960906982422e+00
-9.115799069404602051e-01
-7.758024334907531738e-02
3.651189506053924561e-01
3.957122862339019775e-01
3.472788631916046143e-01
5.747157931327819824e-01
1.094199657440185547e+00
1.571470022201538086e+00
1.612212896347045898e+00
1.140752673149108887e+00
4.811758995056152344e-01
1.111147701740264893e-01
2.456386238336563110e-01
6.676771044731140137e-01
8.896414041519165039e-01
5.679655075073242188e-01
-2.414196878671646118e-01
-1.125660896301269531e+00
-1.664455413818359375e+00
-1.712165594100952148e+00
-1.454979181289672852e+00
-1.153915762901306152e+00
-9.160399436950683594e-01
-6.223295331001281738e-01
-1.414187997579574585e-01
4.689289331436157227e-01
9.105914831161499023e-01
8.924620747566223145e-01
3.747863471508026123e-01
-3.207598328590393066e-01
-7.552863359451293945e-01
-6.727398037910461426e-01
-2.203491032123565674e-01
2.046546638011932373e-01
2.413473576307296753e-01
-1.358739137649536133e-01
-6.529469490051269531e-01
-9.391114711761474609e-01
-8.352050781250000000e-01
-4.414455592632293701e-01
-2.075717598199844360e-02
2.565837502479553223e-01
3.773659169673919678e-01
4.610214531421661377e-01
5.697012543678283691e-01
6.819250583648681641e-01
7.075279355049133301e-01
6.492101550102233887e-01
5.952318906784057617e-01
6.794177889823913574e-01
8.964881896972656250e-01
1.100950002670288086e+00
1.055554151535034180e+00
6.535496711730957031e-01
-2.316799759864807129e-02
-6.976917982101440430e-01
-1.107242226600646973e+00
-1.106133222579956055e+00
-7.621089816093444824e-01
-2.321139127016067505e-01
2.848144769668579102e-01
6.686413884162902832e-01
8.319504857063293457e-01
7.709084749221801758e-01
5.180614590644836426e-01
2.025572359561920166e-01
-5.298986285924911499e-02
-1.633813828229904175e-01
-2.099102437496185303e-01
-3.401669561862945557e-01
-6.858546733856201172e-01
-1.158231139183044434e+00
-1.502978563308715820e+00
-1.415031790733337402e+00
-8.422929048538208008e-01
-3.392026200890541077e-02
5.361426472663879395e-01
5.448216199874877930e-01
1.229519117623567581e-02
-6.368426680564880371e-01
-9.208616018295288086e-01
-5.825509428977966309e-01
1.789553016424179077e-01
9.178962707519531250e-01
1.205386757850646973e+00
9.599168896675109863e-01
3.963149785995483398e-01
