1.018303394317626953e+00
1.153402686119079590e+00
1.155124664306640625e+00
7.970359921455383301e-01
1.935013234615325928e-01
-3.779625296592712402e-01
-8.358510732650756836e-01
-1.121403574943542480e+00
-1.292663455009460449e+00
-1.230028390884399414e+00
-8.787556886672973633e-01
-2.106488198041915894e-01
4.608301520347595215e-01
7.749379873275756836e-01
4.221585988998413086e-01
-3.902312517166137695e-01
-1.128506541252136230e+00
-1.093278884887695312e+00
-7.676915079355239868e-02
1.576924562454223633e+00
2.985459089279174805e+00
3.432872533798217773e+00
2.673145055770874023e+00
1.191213369369506836e+00
-3.172646760940551758e-01
-1.279103279113769531e+00
-1.682105422019958496e+00
-1.773008704185485840e+00
-1.842746734619140625e+00
-1.805653572082519531e+00
-1.435654878616333008e+00
-5.598408579826354980e-01
5.152143239974975586e-01
1.227804183959960938e+00
1.032078742980957031e+00
-3.070766106247901917e-02
-1.385216832160949707e+00
-2.166038036346435547e+00
-1.911982417106628418e+00
-7.845520377159118652e-01
4.538707137107849121e-01
1.077709794044494629e+00
7.814669609069824219e-01
-8.401558548212051392e-02
-9.279022812843322754e-01
-1.276807308197021484e+00
-1.135896444320678711e+00
-7.730725407600402832e-01
-4.802735745906829834e-01
-2.388453334569931030e-01
1.457896530628204346e-01
8.405146002769470215e-01
1.673997998237609863e+00
2.244887828826904297e+00
2.152119159698486328e+00
1.382920980453491211e+00
3.207802772521972656e-01
-4.562383592128753662e-01
-6.075525283813476562e-01
-2.125859856605529785e-01
2.920815348625183105e-01
4.911790788173675537e-01
2.632392644882202148e-01
-1.448569297790527344e-01
-3.679179549217224121e-01
-2.069179862737655640e-01
2.239219844341278076e-01
6.206104755401611328e-01
7.377013564109802246e-01
5.599126219749450684e-01
2.719923853874206543e-01
7.024019211530685425e-02
1.980213634669780731e-02
4.032174125313758850e-02
6.320899724960327148e-02
1.267767250537872314e-01
3.765275776386260986e-01
8.564424514770507812e-01
1.396768093109130859e+00
1.616098284721374512e+00
1.206423640251159668e+00
1.750623732805252075e-01
-1.029137134552001953e+00
-1.796900391578674316e+00
-1.725727558135986328e+00
-9.792730808258056641e-01
-1.704705655574798584e-01
-1.872593350708484650e-02
-7.842650413513183594e-01
-2.123492240905761719e+00
-3.227246046066284180e+00
-3.427204608917236328e+00
-2.563946247100830078e+00
-1.140416502952575684e+00
1.246960684657096863e-01
7.164642810821533203e-01
7.107962965965270996e-01
5.486483573913574219e-01
7.086438536643981934e-01
1.225077867507934570e+00
1.750408411026000977e+00
1.773008704185485840e+00
1.150891542434692383e+00
1.757798343896865845e-01
-5.209540724754333496e-01
-5.261198282241821289e-01
1.421305537223815918e-01
9.446193575859069824e-01
1.316483378410339355e+00
9.660716652870178223e-01
1.621479392051696777e-01
-5.986558794975280762e-01
-8.661999702453613281e-01
-6.488069891929626465e-01
-2.441546022891998291e-01
-7.024019211530685425e-02
-2.214108556509017944e-01
-5.222454667091369629e-01
-5.882526040077209473e-01
-2.581452429294586182e-01
3.858546912670135498e-01
9.742507934570312500e-01
1.238638043403625488e+00
1.081225395202636719e+00
7.176839709281921387e-01
3.798996806144714355e-01
2.598671615123748779e-01
3.166906833648681641e-01
4.850805997848510742e-01
6.622954010963439941e-01
8.776795268058776855e-01
1.098014116287231445e+00
1.269058704376220703e+00
1.184397339820861816e+00
7.263653278350830078e-01
-1.077638044953346252e-01
-1.052454829216003418e+00
-1.795752525329589844e+00
-2.069538593292236328e+00
-1.900215983390808105e+00
-1.477985620498657227e+00
-1.099162101745605469e+00
-8.776077628135681152e-01
-7.806059718132019043e-01
-6.200364828109741211e-01
-3.156144917011260986e-01
9.075979143381118774e-02
3.718640506267547607e-01
3.479005992412567139e-01
-4.046523571014404297e-02
-5.977949500083923340e-01
-1.035594344139099121e+00
-1.067378282546997070e+00
-6.336683630943298340e-01
1.178083643317222595e-01
8.420930504798889160e-01
1.231893777847290039e+00
1.124704003334045410e+00
6.349598169326782227e-01
3.859981894493103027e-02
-3.428065478801727295e-01
-3.547165393829345703e-01
-5.259045958518981934e-02
3.279549479484558105e-01
5.673742890357971191e-01
5.820106267929077148e-01
4.713052213191986084e-01
3.897290229797363281e-01
4.163471162319183350e-01
4.746773242950439453e-01
4.187864959239959717e-01
1.825240403413772583e-01
-1.279246807098388672e-01
-2.944491803646087646e-01
-1.777170002460479736e-01
1.485877782106399536e-01
4.060155451297760010e-01
3.395062088966369629e-01
-8.738768845796585083e-02
-6.003778576850891113e-01
-8.283894062042236328e-01
-5.579754114151000977e-01
5.259045958518981934e-02
6.117855906486511230e-01
7.412887215614318848e-01
4.116835594177246094e-01
-9.305569529533386230e-02
-3.397214412689208984e-01
-1.461483836174011230e-01
3.498377501964569092e-01
7.415039539337158203e-01
7.458087205886840820e-01
3.378560245037078857e-01
-1.841024756431579590e-01
-5.300658941268920898e-01
-5.657958388328552246e-01
-4.578885436058044434e-01
-3.974776864051818848e-01
-4.896724224090576172e-01
-5.690962076187133789e-01
-4.581037759780883789e-01
-5.919117107987403870e-02
4.298355281352996826e-01
7.627410292625427246e-01
7.440150976181030273e-01
5.010083913803100586e-01
2.584322392940521240e-01
2.592931985855102539e-01
4.370819628238677979e-01
5.914812088012695312e-01
4.437544047832489014e-01
1.147949974983930588e-02
-5.282005071640014648e-01
-8.486937880516052246e-01
-8.655542731285095215e-01
-6.540445089340209961e-01
-5.020846128463745117e-01
