-2.084008753299713135e-01
-2.174189090728759766e-01
1.709901839494705200e-01
4.048951566219329834e-01
4.044724404811859131e-01
2.000169456005096436e-01
-5.438995361328125000e-02
-1.590835750102996826e-01
2.233369834721088409e-02
4.550579190254211426e-01
9.333654046058654785e-01
1.182136058807373047e+00
1.032634139060974121e+00
5.239612460136413574e-01
-1.067367568612098694e-01
-5.818033814430236816e-01
-7.357438802719116211e-01
-6.078006625175476074e-01
-3.753047585487365723e-01
-2.285505235195159912e-01
-2.458115816116333008e-01
-3.751638531684875488e-01
-4.861982762813568115e-01
-4.665417969226837158e-01
-2.704702317714691162e-01
6.390114873647689819e-02
4.447012841701507568e-01
7.525822520256042480e-01
8.851753473281860352e-01
7.901338338851928711e-01
5.047979354858398438e-01
1.370316892862319946e-01
-1.895898431539535522e-01
-4.275106787681579590e-01
-6.314730048179626465e-01
-9.114544391632080078e-01
-1.307261109352111816e+00
-1.712438106536865234e+00
-1.898787140846252441e+00
-1.671997904777526855e+00
-1.024743318557739258e+00
-1.808536350727081299e-01
5.375587344169616699e-01
9.026477932929992676e-01
9.132157564163208008e-01
7.452551126480102539e-01
5.864533185958862305e-01
4.902845621109008789e-01
3.788978755474090576e-01
1.691583842039108276e-01
-9.553468227386474609e-02
-2.516592144966125488e-01
-1.542222946882247925e-01
1.724696904420852661e-01
5.221294760704040527e-01
6.569066643714904785e-01
5.007821321487426758e-01
2.025532573461532593e-01
6.340797524899244308e-03
4.494921118021011353e-02
2.255210429430007935e-01
3.240852057933807373e-01
1.876171529293060303e-01
-1.254773437976837158e-01
-4.149699807167053223e-01
-5.276248455047607422e-01
-5.162818431854248047e-01
-5.763785243034362793e-01
-8.420579433441162109e-01
-1.195099472999572754e+00
-1.323042631149291992e+00
-9.626035094261169434e-01
-1.729628741741180420e-01
6.534544229507446289e-01
1.040243029594421387e+00
7.952769398689270020e-01
1.499246358871459961e-01
-3.994702398777008057e-01
-4.779552221298217773e-01
-7.806226611137390137e-02
4.608350694179534912e-01
7.723091244697570801e-01
7.234849929809570312e-01
4.819006323814392090e-01
2.822359502315521240e-01
2.172780036926269531e-01
1.687356680631637573e-01
1.895193941891193390e-02
-1.718356162309646606e-01
-1.397089064121246338e-01
3.078809380531311035e-01
1.051445126533508301e+00
1.611196637153625488e+00
1.495653271675109863e+00
5.855374336242675781e-01
-6.619792580604553223e-01
-1.514746069908142090e+00
-1.448238134384155273e+00
-5.639787316322326660e-01
5.190999507904052734e-01
1.092378497123718262e+00
8.965183496475219727e-01
2.213642895221710205e-01
-3.528301715850830078e-01
-4.675281345844268799e-01
-1.952965706586837769e-01
6.798744201660156250e-02
2.726542949676513672e-02
-2.958334386348724365e-01
-5.961759090423583984e-01
-6.409137248992919922e-01
-4.641463756561279297e-01
-3.504347503185272217e-01
-4.873959720134735107e-01
-7.723091244697570801e-01
-8.260650038719177246e-01
-3.778410851955413818e-01
4.752075672149658203e-01
1.226521611213684082e+00
1.366794109344482422e+00
7.459596395492553711e-01
-2.410207688808441162e-01
-9.785964488983154297e-01
-1.030661463737487793e+00
-4.635827541351318359e-01
3.127422332763671875e-01
8.531895279884338379e-01
1.022418379783630371e+00
9.335063099861145020e-01
7.616002559661865234e-01
4.811256229877471924e-01
-3.114036098122596741e-02
-8.080289959907531738e-01
-1.554270386695861816e+00
-1.815652132034301758e+00
-1.279643416404724121e+00
-1.369612365961074829e-01
1.020304799079895020e+00
1.551874995231628418e+00
1.280700206756591797e+00
5.747580528259277344e-01
8.968705683946609497e-02
2.018487304449081421e-01
7.711114287376403809e-01
1.242655396461486816e+00
1.166636347770690918e+00
5.217067599296569824e-01
-2.466570287942886353e-01
-6.559202671051025391e-01
-5.301611423492431641e-01
-1.438656598329544067e-01
1.101889759302139282e-01
2.966084145009517670e-02
-2.111485600471496582e-01
-3.177444040775299072e-01
-1.506996303796768188e-01
9.208247065544128418e-02
1.218842193484306335e-01
-1.647198349237442017e-01
-4.842255711555480957e-01
-4.271584153175354004e-01
2.002283036708831787e-01
1.087376356124877930e+00
1.634305357933044434e+00
1.354605793952941895e+00
3.111217916011810303e-01
-9.447084069252014160e-01
-1.730403661727905273e+00
-1.764503121376037598e+00
-1.293945431709289551e+00
-8.902480006217956543e-01
-9.404107332229614258e-01
-1.399695873260498047e+00
-1.827488303184509277e+00
-1.791204929351806641e+00
-1.140075445175170898e+00
-9.743692725896835327e-02
9.941666126251220703e-01
1.868421673774719238e+00
2.447125196456909180e+00
2.688568592071533203e+00
2.517367124557495117e+00
1.831011056900024414e+00
7.134101986885070801e-01
-4.916936159133911133e-01
-1.265623211860656738e+00
-1.266257286071777344e+00
-5.713058710098266602e-01
2.980175018310546875e-01
7.329962253570556641e-01
4.094041585922241211e-01
-4.960617423057556152e-01
-1.502205371856689453e+00
-2.159182548522949219e+00
-2.342079401016235352e+00
-2.195747852325439453e+00
-1.912877798080444336e+00
-1.488537430763244629e+00
-7.656160593032836914e-01
3.619890809059143066e-01
1.710676789283752441e+00
2.843495368957519531e+00
3.308557748794555664e+00
2.953613996505737305e+00
1.999042153358459473e+00
8.743959665298461914e-01
-8.989842236042022705e-02
-8.053517341613769531e-01
-1.356860280036926270e+00
-1.771900653839111328e+00
-1.915977716445922852e+00
-1.581183552742004395e+00
-7.377165555953979492e-01
3.317646086215972900e-01
1.132677793502807617e+00
1.274923086166381836e+00
7.375756502151489258e-01
