1.538669466972351074e+00
1.600832939147949219e+00
1.236916422843933105e+00
5.586143136024475098e-01
-3.699829578399658203e-01
-1.168686509132385254e+00
-1.557511210441589355e+00
-1.294440746307373047e+00
-6.026496887207031250e-01
1.464515924453735352e-01
3.933923840522766113e-01
-2.055460959672927856e-02
-9.439418911933898926e-01
-1.740218877792358398e+00
-1.903014183044433594e+00
-1.174967050552368164e+00
2.697792463004589081e-02
1.070837974548339844e+00
1.287732005119323730e+00
6.298417448997497559e-01
-5.110104084014892578e-01
-1.339261293411254883e+00
-1.385152220726013184e+00
-5.733879208564758301e-01
5.601844787597656250e-01
1.467870235443115234e+00
1.735722541809082031e+00
1.494277238845825195e+00
1.022591829299926758e+00
6.714505553245544434e-01
4.135901331901550293e-01
1.267534196376800537e-01
-3.904662132263183594e-01
-9.769148826599121094e-01
-1.349395751953125000e+00
-1.129647016525268555e+00
-3.524259030818939209e-01
6.707368493080139160e-01
1.342401504516601562e+00
1.345898628234863281e+00
6.891503334045410156e-01
-1.405992358922958374e-01
-6.827270388603210449e-01
-6.518951058387756348e-01
-2.605011165142059326e-01
1.320348083972930908e-01
1.637945473194122314e-01
-1.147632300853729248e-01
-4.387124478816986084e-01
-4.189428985118865967e-01
1.855624374002218246e-03
6.177088022232055664e-01
9.821962714195251465e-01
8.804937601089477539e-01
3.998870551586151123e-01
1.427403371781110764e-02
1.264679431915283203e-01
8.519456982612609863e-01
1.760559320449829102e+00
2.221610546112060547e+00
1.723161339759826660e+00
3.624177277088165283e-01
-1.236274123191833496e+00
-2.171722888946533203e+00
-1.915289878845214844e+00
-5.832370519638061523e-01
1.025446653366088867e+00
1.987159609794616699e+00
1.747498631477355957e+00
5.239998102188110352e-01
-9.221739768981933594e-01
-1.724731564521789551e+00
-1.513618588447570801e+00
-5.511918067932128906e-01
4.492752254009246826e-01
8.656488060951232910e-01
5.054435729980468750e-01
-3.049647510051727295e-01
-1.051853537559509277e+00
-1.374803543090820312e+00
-1.285804986953735352e+00
-1.035866618156433105e+00
-8.742132186889648438e-01
-8.304632902145385742e-01
-7.556673884391784668e-01
-4.998766779899597168e-01
-9.249573945999145508e-02
2.697792351245880127e-01
3.846852183341979980e-01
2.287413924932479858e-01
-1.177607849240303040e-02
-9.977550059556961060e-02
5.823805928230285645e-02
3.150279223918914795e-01
4.085942208766937256e-01
1.616534292697906494e-01
-3.537105619907379150e-01
-8.722862005233764648e-01
-1.100670814514160156e+00
-9.245291948318481445e-01
-4.369281828403472900e-01
1.364597678184509277e-01
6.204208731651306152e-01
9.379467964172363281e-01
1.120654463768005371e+00
1.180748105049133301e+00
1.116657733917236328e+00
8.957669734954833984e-01
5.639671087265014648e-01
2.105420082807540894e-01
-4.189429059624671936e-02
-1.714311540126800537e-01
-2.220325917005538940e-01
-2.914757728576660156e-01
-3.821159005165100098e-01
-4.230110049247741699e-01
-2.829113602638244629e-01
5.481228977441787720e-02
4.888856709003448486e-01
7.954919338226318359e-01
8.217561244964599609e-01
5.319218635559082031e-01
6.344807893037796021e-02
-4.290060997009277344e-01
-8.159751296043395996e-01
-1.070695281028747559e+00
-1.154055595397949219e+00
-1.019808411598205566e+00
-5.905881524085998535e-01
7.857855409383773804e-02
7.844295501708984375e-01
1.176394462585449219e+00
1.009102821350097656e+00
2.815553247928619385e-01
-6.693808436393737793e-01
-1.393074393272399902e+00
-1.552872180938720703e+00
-1.157695531845092773e+00
-4.754680693149566650e-01
1.423121243715286255e-01
5.269259810447692871e-01
7.019256353378295898e-01
7.892113327980041504e-01
8.001309633255004883e-01
6.243462562561035156e-01
1.403851211071014404e-01
-5.613263845443725586e-01
-1.158694744110107422e+00
-1.254045248031616211e+00
-7.014973759651184082e-01
2.291696220636367798e-01
9.455834031105041504e-01
9.121107459068298340e-01
1.627239957451820374e-02
-1.314353108406066895e+00
-2.365492820739746094e+00
-2.577533721923828125e+00
-1.883101940155029297e+00
-7.219806313514709473e-01
2.844101190567016602e-01
7.258346080780029297e-01
6.427597403526306152e-01
4.115917682647705078e-01
4.519159197807312012e-01
9.001919627189636230e-01
1.557083010673522949e+00
2.024414777755737305e+00
2.028197526931762695e+00
1.574996948242187500e+00
9.754874706268310547e-01
5.858063697814941406e-01
6.134266257286071777e-01
9.287400245666503906e-01
1.207297801971435547e+00
1.086610794067382812e+00
4.676887094974517822e-01
-4.743261635303497314e-01
-1.318849325180053711e+00
-1.721305727958679199e+00
-1.544593214988708496e+00
-1.009174227714538574e+00
-4.599093794822692871e-01
-2.309538722038269043e-01
-3.546383678913116455e-01
-6.657409667968750000e-01
-8.528021574020385742e-01
-7.873557209968566895e-01
-4.999480545520782471e-01
-2.223180830478668213e-01
-6.351944804191589355e-02
-9.349492378532886505e-03
1.872039586305618286e-01
6.710937023162841797e-01
1.444532275199890137e+00
2.178146123886108398e+00
2.544132471084594727e+00
2.309538602828979492e+00
1.653718233108520508e+00
9.115397930145263672e-01
4.938102066516876221e-01
4.572686851024627686e-01
6.331247687339782715e-01
6.177088022232055664e-01
2.331663519144058228e-01
-5.018750429153442383e-01
-1.227852344512939453e+00
-1.668634533882141113e+00
-1.642727255821228027e+00
-1.327984809875488281e+00
-9.287400245666503906e-01
-6.968583464622497559e-01
-6.017218828201293945e-01
-5.835224986076354980e-01
-4.596239030361175537e-01
-2.611434459686279297e-01
-7.422497496008872986e-03
1.431685537099838257e-01
