-1.089077908545732498e-02
-8.655863814055919647e-03
-4.604990184307098389e-01
-7.180818915367126465e-01
-5.560327768325805664e-01
-1.216787379235029221e-02
6.645503640174865723e-01
1.119337916374206543e+00
1.149385094642639160e+00
7.705137729644775391e-01
2.275002151727676392e-01
-1.891518980264663696e-01
-2.529356777667999268e-01
7.045305520296096802e-02
6.581293940544128418e-01
1.230019450187683105e+00
1.490333914756774902e+00
1.205045223236083984e+00
3.684417903423309326e-01
-7.757995128631591797e-01
-1.781440615653991699e+00
-2.245451688766479492e+00
-2.006350994110107422e+00
-1.280180931091308594e+00
-4.832738935947418213e-01
7.627092767506837845e-03
1.367910206317901611e-01
1.327823698520660400e-01
3.135976791381835938e-01
7.541243433952331543e-01
1.216574549674987793e+00
1.293519496917724609e+00
7.797017097473144531e-01
-1.469368338584899902e-01
-9.753100872039794922e-01
-1.243961095809936523e+00
-8.440176248550415039e-01
-1.292348802089691162e-01
3.713152706623077393e-01
3.067155480384826660e-01
-2.444926649332046509e-01
-8.961302042007446289e-01
-1.239313840866088867e+00
-1.147008299827575684e+00
-7.813690304756164551e-01
-4.288199841976165771e-01
-2.334245145320892334e-01
-1.575792878866195679e-01
-6.779243797063827515e-02
5.895920097827911377e-02
1.217142120003700256e-01
-1.234524790197610855e-02
-2.989110946655273438e-01
-5.118311643600463867e-01
-3.662778437137603760e-01
2.134166955947875977e-01
1.014935493469238281e+00
1.624499797821044922e+00
1.737771034240722656e+00
1.344142079353332520e+00
7.612193226814270020e-01
3.719183206558227539e-01
3.945512771606445312e-01
7.251059412956237793e-01
1.071198582649230957e+00
1.138068675994873047e+00
8.353617787361145020e-01
2.687929272651672363e-01
-3.238499164581298828e-01
-7.417791485786437988e-01
-8.582430481910705566e-01
-6.802302598953247070e-01
-2.916387319564819336e-01
1.190181225538253784e-01
3.559901118278503418e-01
2.686510384082794189e-01
-1.006776243448257446e-01
-5.417718887329101562e-01
-7.441559433937072754e-01
-5.564939975738525391e-01
-9.386645257472991943e-02
2.567669749259948730e-01
1.353010833263397217e-01
-5.484057068824768066e-01
-1.454326987266540527e+00
-2.042925596237182617e+00
-1.883643627166748047e+00
-9.986170530319213867e-01
1.809217333793640137e-01
1.047607779502868652e+00
1.245557427406311035e+00
8.163117766380310059e-01
1.611267626285552979e-01
-3.054384589195251465e-01
-3.603889942169189453e-01
-9.752036631107330322e-02
2.654583156108856201e-01
5.206643939018249512e-01
6.360285878181457520e-01
6.536595821380615234e-01
6.588389277458190918e-01
6.496154665946960449e-01
6.175462007522583008e-01
5.248858928680419922e-01
3.818867504596710205e-01
1.616234183311462402e-01
-1.443116962909698486e-01
-5.572034716606140137e-01
-9.820148348808288574e-01
-1.262443542480468750e+00
-1.197347164154052734e+00
-7.590553760528564453e-01
-9.791059046983718872e-02
4.547875821590423584e-01
6.568523049354553223e-01
4.702191352844238281e-01
1.567278951406478882e-01
2.830892987549304962e-02
2.820959985256195068e-01
7.824332714080810547e-01
1.214907169342041016e+00
1.238462448120117188e+00
7.718617916107177734e-01
-3.838378936052322388e-02
-8.534184694290161133e-01
-1.415907740592956543e+00
-1.579233884811401367e+00
-1.395012974739074707e+00
-9.608008265495300293e-01
-4.494663476943969727e-01
1.348044257611036301e-03
2.328214496374130249e-01
2.117139101028442383e-01
3.973183222115039825e-03
-1.502005159854888916e-01
-5.846255272626876831e-02
3.456314802169799805e-01
8.335880041122436523e-01
1.090213060379028320e+00
8.806986212730407715e-01
3.439996242523193359e-01
-1.349463313817977905e-01
-1.074533239006996155e-01
5.095607638359069824e-01
1.403846263885498047e+00
1.973998069763183594e+00
1.817021846771240234e+00
9.299022555351257324e-01
-2.105077654123306274e-01
-1.058392167091369629e+00
-1.267197132110595703e+00
-9.439857602119445801e-01
-4.142043590545654297e-01
-3.905780985951423645e-02
7.311366498470306396e-02
-5.239635333418846130e-02
-3.056867718696594238e-01
-6.858707666397094727e-01
-1.137075424194335938e+00
-1.527618050575256348e+00
-1.533897042274475098e+00
-9.301860332489013672e-01
2.326085865497589111e-01
1.424563527107238770e+00
1.956083297729492188e+00
1.330129504203796387e+00
-2.833731174468994141e-01
-2.159744262695312500e+00
-3.335629224777221680e+00
-3.269752502441406250e+00
-2.053248882293701172e+00
-3.771685957908630371e-01
1.036184906959533691e+00
1.764483571052551270e+00
1.904893040657043457e+00
1.745575428009033203e+00
1.533542275428771973e+00
1.221257209777832031e+00
6.972936391830444336e-01
-6.140696629881858826e-02
-7.668952941894531250e-01
-1.056334614753723145e+00
-6.828199028968811035e-01
1.825535744428634644e-01
1.112952470779418945e+00
1.609955072402954102e+00
1.493704080581665039e+00
8.810888528823852539e-01
1.292703598737716675e-01
-5.114763975143432617e-01
-9.319598078727722168e-01
-1.201071977615356445e+00
-1.304658532142639160e+00
-1.155167579650878906e+00
-5.882084965705871582e-01
3.530811965465545654e-01
1.392778038978576660e+00
2.025933265686035156e+00
1.890064597129821777e+00
9.522159099578857422e-01
-3.268297910690307617e-01
-1.298379540443420410e+00
-1.416120529174804688e+00
-6.448263525962829590e-01
5.772822499275207520e-01
1.506262183189392090e+00
1.593459367752075195e+00
7.268796563148498535e-01
-6.300688385963439941e-01
-1.780766487121582031e+00
-2.120225429534912109e+00
-1.543936491012573242e+00
-4.208736121654510498e-01
5.747635364532470703e-01
9.325273633003234863e-01
5.210191011428833008e-01
-3.091987967491149902e-01
