-1.559486687183380127e-01
-1.648746728897094727e-01
-1.339722126722335815e-01
-1.025567725300788879e-01
-1.186646223068237305e-01
-2.675750851631164551e-01
-5.450406074523925781e-01
-9.018962979316711426e-01
-1.174703836441040039e+00
-1.221652626991271973e+00
-9.332911968231201172e-01
-3.735586106777191162e-01
2.932450473308563232e-01
8.205977678298950195e-01
1.070649147033691406e+00
1.028994441032409668e+00
8.494072556495666504e-01
6.729800701141357422e-01
5.698487758636474609e-01
4.506711363792419434e-01
2.144294232130050659e-01
-1.701276898384094238e-01
-5.423730611801147461e-01
-6.881850361824035645e-01
-4.595355987548828125e-01
3.927444294095039368e-02
5.328724980354309082e-01
7.131984233856201172e-01
5.008825063705444336e-01
6.574467569589614868e-02
-2.573973834514617920e-01
-2.454755157232284546e-01
9.629829972982406616e-02
5.319901704788208008e-01
8.234500288963317871e-01
8.717325329780578613e-01
7.790251374244689941e-01
6.743959188461303711e-01
5.804778933525085449e-01
3.461650013923645020e-01
-1.884311288595199585e-01
-1.021135449409484863e+00
-1.880946159362792969e+00
-2.371917724609375000e+00
-2.201195001602172852e+00
-1.387389183044433594e+00
-2.431568056344985962e-01
8.024585247039794922e-01
1.448311686515808105e+00
1.626975536346435547e+00
1.465445518493652344e+00
1.139328122138977051e+00
7.740594148635864258e-01
4.278944134712219238e-01
1.397997736930847168e-01
-5.267371609807014465e-02
-1.421184837818145752e-01
-1.878360658884048462e-01
-2.923216819763183594e-01
-5.032422542572021484e-01
-7.375551462173461914e-01
-7.920140624046325684e-01
-4.878525733947753906e-01
1.772684901952743530e-01
9.640295505523681641e-01
1.516867518424987793e+00
1.556757569313049316e+00
1.051196575164794922e+00
1.946896016597747803e-01
-7.118235826492309570e-01
-1.433783888816833496e+00
-1.848750948905944824e+00
-1.931280612945556641e+00
-1.676345586776733398e+00
-1.134895920753479004e+00
-4.385851025581359863e-01
1.684040427207946777e-01
4.645833969116210938e-01
3.929085731506347656e-01
1.752165406942367554e-01
1.625764816999435425e-01
5.938361287117004395e-01
1.333792090415954590e+00
1.935240864753723145e+00
1.910843133926391602e+00
1.144068121910095215e+00
1.005458529107272625e-03
-8.579844236373901367e-01
-9.695492982864379883e-01
-3.738459050655364990e-01
3.876760900020599365e-01
7.120288014411926270e-01
3.558297157287597656e-01
-3.642016947269439697e-01
-8.731483817100524902e-01
-7.697708606719970703e-01
-1.807773411273956299e-01
3.758773207664489746e-01
3.706858754158020020e-01
-2.876842617988586426e-01
-1.208786845207214355e+00
-1.771700024604797363e+00
-1.610334157943725586e+00
-8.131081461906433105e-01
1.438010931015014648e-01
7.924654483795166016e-01
9.433868527412414551e-01
7.818363308906555176e-01
6.235073804855346680e-01
6.895188093185424805e-01
9.337631464004516602e-01
1.161181449890136719e+00
1.162474155426025391e+00
8.903847932815551758e-01
4.299258589744567871e-01
-3.783807158470153809e-02
-3.589487075805664062e-01
-4.164855480194091797e-01
-1.964132487773895264e-01
2.200928181409835815e-01
6.136170029640197754e-01
7.283008098602294922e-01
3.857062160968780518e-01
-3.330940306186676025e-01
-1.107440710067749023e+00
-1.515020847320556641e+00
-1.343107938766479492e+00
-7.292447090148925781e-01
-1.049780771136283875e-01
1.378298997879028320e-01
-6.693480908870697021e-02
-3.795503377914428711e-01
-3.408709466457366943e-01
2.580129802227020264e-01
1.139266610145568848e+00
1.714368343353271484e+00
1.488550543785095215e+00
4.580992162227630615e-01
-8.731278777122497559e-01
-1.821193218231201172e+00
-2.002237319946289062e+00
-1.560697317123413086e+00
-1.012373566627502441e+00
-8.118564486503601074e-01
-1.002647399902343750e+00
-1.203000307083129883e+00
-9.381543397903442383e-01
-4.167522862553596497e-02
1.180018424987792969e+00
2.138979673385620117e+00
2.366377353668212891e+00
1.815324544906616211e+00
8.667668104171752930e-01
4.793369770050048828e-02
-3.033612072467803955e-01
-2.125416249036788940e-01
3.709936887025833130e-02
1.452784985303878784e-01
1.701071672141551971e-02
-2.205852866172790527e-01
-3.379777073860168457e-01
-2.035335302352905273e-01
1.409078240394592285e-01
5.020726323127746582e-01
6.890263557434082031e-01
6.061273217201232910e-01
3.232856988906860352e-01
-1.471252553164958954e-02
-2.524316608905792236e-01
-3.414660394191741943e-01
-3.219108879566192627e-01
-3.122051358222961426e-01
-3.928059637546539307e-01
-5.865927338600158691e-01
-8.105842471122741699e-01
-9.641116261482238770e-01
-9.445359706878662109e-01
-7.228220701217651367e-01
-2.897156774997711182e-01
3.210695683956146240e-01
1.084233164787292480e+00
1.889051318168640137e+00
2.553638935089111328e+00
2.789634466171264648e+00
2.383552312850952148e+00
1.297821283340454102e+00
-1.757910847663879395e-01
-1.562133669853210449e+00
-2.373928546905517578e+00
-2.436985254287719727e+00
-1.924037218093872070e+00
-1.285591602325439453e+00
-8.911030292510986328e-01
-8.648379445075988770e-01
-9.968197941780090332e-01
-1.021730542182922363e+00
-8.045104742050170898e-01
-5.167646408081054688e-01
-4.209793210029602051e-01
-6.847788095474243164e-01
-1.132372021675109863e+00
-1.398469686508178711e+00
-1.119814038276672363e+00
-2.827185094356536865e-01
8.113844990730285645e-01
1.665039300918579102e+00
1.976916074752807617e+00
1.742562174797058105e+00
1.275742173194885254e+00
8.834491968154907227e-01
7.274799942970275879e-01
6.916528940200805664e-01
6.082408428192138672e-01
3.579637408256530762e-01
3.800222650170326233e-02
-2.044158726930618286e-01
-2.351747006177902222e-01
