-3.849279582500457764e-01
-3.675548434257507324e-01
-7.976529002189636230e-02
1.619477123022079468e-01
4.872027635574340820e-01
8.009260892868041992e-01
1.002756476402282715e+00
8.263059854507446289e-01
2.777685225009918213e-01
-5.040219426155090332e-01
-1.067666411399841309e+00
-1.131518959999084473e+00
-5.857511758804321289e-01
1.974996626377105713e-01
7.794237136840820312e-01
7.374261021614074707e-01
1.490563452243804932e-01
-6.381726861000061035e-01
-1.030301690101623535e+00
-7.524827718734741211e-01
1.659762561321258545e-01
1.239030957221984863e+00
2.022181034088134766e+00
2.208350419998168945e+00
1.965126633644104004e+00
1.604269266128540039e+00
1.494843840599060059e+00
1.627131342887878418e+00
1.772159099578857422e+00
1.494491338729858398e+00
6.296623349189758301e-01
-7.139597535133361816e-01
-2.039402961730957031e+00
-2.894059896469116211e+00
-2.995025396347045898e+00
-2.516333103179931641e+00
-1.809674978256225586e+00
-1.288481354713439941e+00
-1.048279047012329102e+00
-9.860379695892333984e-01
-8.383412361145019531e-01
-5.464224219322204590e-01
-2.239873856306076050e-01
-1.649187654256820679e-01
-4.847352802753448486e-01
-1.072953939437866211e+00
-1.536841511726379395e+00
-1.554969906806945801e+00
-1.034531593322753906e+00
-2.797828018665313721e-01
2.888973951339721680e-01
3.523470461368560791e-01
-9.618163108825683594e-03
-4.435433447360992432e-01
-5.139926075935363770e-01
-6.949248909950256348e-02
7.054998278617858887e-01
1.360995292663574219e+00
1.526115417480468750e+00
1.086902737617492676e+00
2.783224582672119141e-01
-5.142947435379028320e-01
-9.417742490768432617e-01
-8.895038366317749023e-01
-4.651968181133270264e-01
6.138503178954124451e-02
4.232495427131652832e-01
4.493847489356994629e-01
1.529338359832763672e-01
-2.805381417274475098e-01
-5.520120859146118164e-01
-3.972150385379791260e-01
2.632657289505004883e-01
1.237570524215698242e+00
2.126570940017700195e+00
2.533051490783691406e+00
2.287964582443237305e+00
1.561919212341308594e+00
7.452817559242248535e-01
2.125060111284255981e-01
7.216139882802963257e-02
1.552502512931823730e-01
1.603866517543792725e-01
-6.596750766038894653e-02
-4.348819851875305176e-01
-6.631497144699096680e-01
-5.376603603363037109e-01
-6.209002807736396790e-02
5.022594928741455078e-01
8.556640148162841797e-01
8.289245367050170898e-01
5.093094110488891602e-01
9.814555197954177856e-02
-2.161820679903030396e-01
-4.206813275814056396e-01
-5.911393761634826660e-01
-8.170402646064758301e-01
-1.049487590789794922e+00
-1.179760813713073730e+00
-1.094909548759460449e+00
-8.385930657386779785e-01
-5.455663800239562988e-01
-3.913736343383789062e-01
-4.145881533622741699e-01
-5.419406890869140625e-01
-6.037285923957824707e-01
-5.098130106925964355e-01
-2.566186487674713135e-01
4.149406403303146362e-02
2.899045348167419434e-01
4.180124104022979736e-01
4.419822990894317627e-01
3.722883760929107666e-01
2.422165721654891968e-01
6.083110347390174866e-02
-1.143101081252098083e-01
-2.341594696044921875e-01
-2.448854893445968628e-01
-1.755440682172775269e-01
-8.716774731874465942e-02
-6.727678328752517700e-02
-1.280575394630432129e-01
-2.376340925693511963e-01
-3.230897188186645508e-01
-3.659434020519256592e-01
-3.712812364101409912e-01
-3.513902723789215088e-01
-2.345623224973678589e-01
9.169986844062805176e-02
7.107369303703308105e-01
1.537445783615112305e+00
2.317725419998168945e+00
2.722947359085083008e+00
2.553093671798706055e+00
1.851924419403076172e+00
8.940863013267517090e-01
6.294609513133764267e-03
-5.964772105216979980e-01
-8.785260319709777832e-01
-9.074308872222900391e-01
-7.368721365928649902e-01
-3.759644329547882080e-01
1.475960016250610352e-01
6.829903125762939453e-01
9.849300980567932129e-01
8.456933498382568359e-01
3.057165741920471191e-01
-3.250032663345336914e-01
-6.054910421371459961e-01
-2.939330637454986572e-01
4.823181331157684326e-01
1.235254168510437012e+00
1.459594011306762695e+00
9.199697375297546387e-01
-1.495599150657653809e-01
-1.259274363517761230e+00
-1.920409798622131348e+00
-1.980686902999877930e+00
-1.586694717407226562e+00
-1.086097121238708496e+00
-7.122476100921630859e-01
-5.483360290527343750e-01
-4.805052876472473145e-01
-4.141852855682373047e-01
-2.586832642555236816e-01
-3.132197633385658264e-02
2.840127646923065186e-01
6.262381076812744141e-01
9.398103356361389160e-01
1.038459420204162598e+00
8.036957383155822754e-01
1.818890273571014404e-01
-6.015128493309020996e-01
-1.252425789833068848e+00
-1.465082883834838867e+00
-1.259828329086303711e+00
-8.478083610534667969e-01
-5.976353883743286133e-01
-6.151595711708068848e-01
-7.879340052604675293e-01
-7.437207102775573730e-01
-3.144283294677734375e-01
4.302994906902313232e-01
1.044300913810729980e+00
1.180415511131286621e+00
7.144129872322082520e-01
2.452379837632179260e-02
-4.226452410221099854e-01
-2.460940480232238770e-01
3.998335897922515869e-01
1.094204545021057129e+00
1.265065431594848633e+00
7.565113306045532227e-01
-2.579782605171203613e-01
-1.211636781692504883e+00
-1.698033809661865234e+00
-1.497814893722534180e+00
-8.538511991500854492e-01
-7.296711206436157227e-02
4.598086178302764893e-01
6.675810813903808594e-01
5.478324294090270996e-01
3.402613997459411621e-01
1.754433512687683105e-01
2.567193508148193359e-01
5.585584640502929688e-01
1.061774730682373047e+00
1.511511921882629395e+00
1.749095678329467773e+00
1.556782841682434082e+00
1.013230681419372559e+00
2.324473410844802856e-01
-4.680168032646179199e-01
-9.772758483886718750e-01
-1.201565384864807129e+00
-1.309177994728088379e+00
-1.348103880882263184e+00
