3.512931764125823975e-01
3.523285984992980957e-01
7.591314911842346191e-01
1.056410551071166992e+00
1.264528870582580566e+00
1.355185151100158691e+00
1.210342168807983398e+00
6.882631182670593262e-01
-2.133529335260391235e-01
-1.240886926651000977e+00
-1.967978119850158691e+00
-2.030735731124877930e+00
-1.384176850318908691e+00
-3.519259393215179443e-01
5.561327338218688965e-01
9.721392989158630371e-01
8.643986582756042480e-01
5.137382149696350098e-01
2.510305345058441162e-01
2.398135364055633545e-01
3.914442658424377441e-01
5.419820547103881836e-01
6.047971844673156738e-01
6.565679311752319336e-01
7.755830883979797363e-01
9.158817529678344727e-01
8.327609896659851074e-01
3.039517104625701904e-01
-6.800373196601867676e-01
-1.777059197425842285e+00
-2.521062135696411133e+00
-2.594173908233642578e+00
-2.112360954284667969e+00
-1.499107837677001953e+00
-1.225700855255126953e+00
-1.401031017303466797e+00
-1.756293296813964844e+00
-1.791957616806030273e+00
-1.231568217277526855e+00
-1.713036000728607178e-01
9.193331599235534668e-01
1.597184658050537109e+00
1.660977602005004883e+00
1.314171314239501953e+00
8.870627284049987793e-01
6.581210494041442871e-01
6.117574572563171387e-01
6.012883186340332031e-01
4.416043460369110107e-01
1.584184467792510986e-01
-1.205682829022407532e-01
-1.848790347576141357e-01
2.128352224826812744e-02
4.640383422374725342e-01
9.577585458755493164e-01
1.358118891716003418e+00
1.497152090072631836e+00
1.329817533493041992e+00
8.459913134574890137e-01
2.256053388118743896e-01
-2.956108748912811279e-01
-4.057675004005432129e-01
-1.374800596386194229e-02
7.561978101730346680e-01
1.470691442489624023e+00
1.725345969200134277e+00
1.277241468429565430e+00
3.026862144470214844e-01
-8.407567143440246582e-01
-1.737828373908996582e+00
-2.264681816101074219e+00
-2.470901966094970703e+00
-2.548903226852416992e+00
-2.511570692062377930e+00
-2.290739774703979492e+00
-1.753992438316345215e+00
-1.021033883094787598e+00
-3.533640205860137939e-01
-9.566080570220947266e-02
-2.809424996376037598e-01
-6.577759385108947754e-01
-7.353169918060302734e-01
-2.663891911506652832e-01
6.432225704193115234e-01
1.463386058807373047e+00
1.723965406417846680e+00
1.257165908813476562e+00
4.463212192058563232e-01
-1.637680828571319580e-01
-1.524935662746429443e-01
3.636606335639953613e-01
9.384307861328125000e-01
1.035127043724060059e+00
5.346766114234924316e-01
-2.854292988777160645e-01
-8.453585505485534668e-01
-7.831186056137084961e-01
-7.805875688791275024e-02
8.465664982795715332e-01
1.541042089462280273e+00
1.694456100463867188e+00
1.400455832481384277e+00
9.187003970146179199e-01
5.791419148445129395e-01
4.761756956577301025e-01
5.526238083839416504e-01
5.832836031913757324e-01
4.321130514144897461e-01
2.962436340749263763e-02
-4.945255517959594727e-01
-9.815155863761901855e-01
-1.221559166908264160e+00
-1.144133210182189941e+00
-7.604545354843139648e-01
-2.639732062816619873e-01
1.519183367490768433e-01
2.985445559024810791e-01
1.765381991863250732e-01
-1.240196675062179565e-01
-4.114047586917877197e-01
-5.976643562316894531e-01
-6.581210494041442871e-01
-6.819931268692016602e-01
-6.890684366226196289e-01
-6.625503301620483398e-01
-4.982070028781890869e-01
-1.860870271921157837e-01
2.047820091247558594e-01
4.850917458534240723e-01
5.424422025680541992e-01
3.799396455287933350e-01
1.729142516851425171e-01
8.024463802576065063e-02
1.588786244392395020e-01
2.666767835617065430e-01
2.336010485887527466e-01
-2.444729022681713104e-02
-3.690677881240844727e-01
-5.784516334533691406e-01
-4.925697445869445801e-01
-1.932198703289031982e-01
7.892160117626190186e-02
8.559427410364151001e-02
-1.679672598838806152e-01
-4.486796855926513672e-01
-4.403963685035705566e-01
-2.807124145328998566e-02
6.079609394073486328e-01
1.089716434478759766e+00
1.133376359939575195e+00
7.464188933372497559e-01
2.288266420364379883e-01
-7.299673557281494141e-02
-2.082333900034427643e-02
2.122024744749069214e-01
3.003277778625488281e-01
4.319979995489120483e-02
-4.531664848327636719e-01
-8.386283516883850098e-01
-7.779415249824523926e-01
-2.015031874179840088e-01
6.239523887634277344e-01
1.284259319305419922e+00
1.482253551483154297e+00
1.236400127410888672e+00
8.178049921989440918e-01
5.541194081306457520e-01
5.792569518089294434e-01
7.934152483940124512e-01
9.429751038551330566e-01
8.507081866264343262e-01
5.104019045829772949e-01
8.898813277482986450e-02
-2.511455714702606201e-01
-4.504053592681884766e-01
-6.160141825675964355e-01
-8.814254999160766602e-01
-1.315379261970520020e+00
-1.805533051490783691e+00
-2.168503284454345703e+00
-2.227004289627075195e+00
-1.974133014678955078e+00
-1.530285358428955078e+00
-1.101623654365539551e+00
-7.988799214363098145e-01
-6.287842988967895508e-01
-4.704233705997467041e-01
-2.350391298532485962e-01
1.160814836621284485e-01
5.010256171226501465e-01
8.442655801773071289e-01
1.088565945625305176e+00
1.276148557662963867e+00
1.438996315002441406e+00
1.593675732612609863e+00
1.660517454147338867e+00
1.578374624252319336e+00
1.322512149810791016e+00
9.995202422142028809e-01
7.344540953636169434e-01
6.293595433235168457e-01
6.194655895233154297e-01
5.750578045845031738e-01
3.490497767925262451e-01
-3.710235655307769775e-02
-4.413742423057556152e-01
-6.442005038261413574e-01
-5.736197233200073242e-01
-3.164917528629302979e-01
-1.251126080751419067e-01
-1.780913174152374268e-01
-5.043619871139526367e-01
-8.990275263786315918e-01
-1.125668287277221680e+00
-1.025175571441650391e+00
-6.683026552200317383e-01
-2.361895889043807983e-01
