-7.121827602386474609e-01
-7.071607708930969238e-01
-8.256642818450927734e-01
-5.357766747474670410e-01
9.253166615962982178e-02
7.332450747489929199e-01
1.200850367546081543e+00
1.361478447914123535e+00
1.346937179565429688e+00
1.235029816627502441e+00
1.144784212112426758e+00
9.887284040451049805e-01
7.337697148323059082e-01
2.841910123825073242e-01
-2.583690881729125977e-01
-8.202300667762756348e-01
-1.223561644554138184e+00
-1.462292671203613281e+00
-1.522106528282165527e+00
-1.544443011283874512e+00
-1.556398391723632812e+00
-1.617149233818054199e+00
-1.617336511611938477e+00
-1.525516986846923828e+00
-1.265124082565307617e+00
-9.421065449714660645e-01
-6.308193802833557129e-01
-4.741263985633850098e-01
-4.146123230457305908e-01
-3.597079515457153320e-01
-7.338072359561920166e-02
5.102920532226562500e-01
1.356381535530090332e+00
2.166117906570434570e+00
2.667490482330322266e+00
2.631287336349487305e+00
2.140033721923828125e+00
1.402778506278991699e+00
7.615404725074768066e-01
3.726001679897308350e-01
2.703618705272674561e-01
2.766580581665039062e-01
2.660144865512847900e-01
1.418519020080566406e-01
-1.236753724515438080e-02
-1.217265501618385315e-01
-9.849056601524353027e-02
-2.960713347420096397e-03
8.413673192262649536e-02
2.705867215991020203e-02
-1.842013448476791382e-01
-5.055324435234069824e-01
-7.644637227058410645e-01
-8.260390758514404297e-01
-5.898565649986267090e-01
-1.353308409452438354e-01
3.692646920680999756e-01
6.694585084915161133e-01
6.400762796401977539e-01
3.081015944480895996e-01
-8.777203410863876343e-02
-3.004936873912811279e-01
-1.931584477424621582e-01
1.005893051624298096e-01
3.087387084960937500e-01
1.763685792684555054e-01
-2.876389324665069580e-01
-8.315857052803039551e-01
-1.098911881446838379e+00
-9.280149936676025391e-01
-4.606720209121704102e-01
-6.802145391702651978e-02
-4.980744421482086182e-02
-4.191470742225646973e-01
-8.776454329490661621e-01
-1.054913401603698730e+00
-7.871749997138977051e-01
-2.427035421133041382e-01
2.208917140960693359e-01
3.389079868793487549e-01
1.155427768826484680e-01
-2.148953229188919067e-01
-4.287038147449493408e-01
-4.767498075962066650e-01
-4.902791678905487061e-01
-5.622732043266296387e-01
-5.951408743858337402e-01
-3.087387084960937500e-01
4.851447641849517822e-01
1.656575441360473633e+00
2.702119588851928711e+00
3.053207635879516602e+00
2.428834438323974609e+00
1.090891718864440918e+00
-3.413440287113189697e-01
-1.234205245971679688e+00
-1.348136544227600098e+00
-8.571827411651611328e-01
-1.870496273040771484e-01
3.505259752273559570e-01
6.421750187873840332e-01
7.572680711746215820e-01
7.210274338722229004e-01
5.218725800514221191e-01
1.517834067344665527e-01
-1.853631436824798584e-01
-1.807534247636795044e-01
4.026570320129394531e-01
1.387712597846984863e+00
2.222409009933471680e+00
2.221134662628173828e+00
1.115701794624328613e+00
-7.446756362915039062e-01
-2.490597248077392578e+00
-3.335599660873413086e+00
-3.015280485153198242e+00
-1.977381825447082520e+00
-9.476156830787658691e-01
-4.487167298793792725e-01
-4.132631421089172363e-01
-3.976350724697113037e-01
2.829542569816112518e-02
8.262264132499694824e-01
1.564231157302856445e+00
1.713091254234313965e+00
1.139837145805358887e+00
1.542569249868392944e-01
-6.726815700531005859e-01
-1.000983476638793945e+00
-8.813182115554809570e-01
-6.956927180290222168e-01
-7.363181710243225098e-01
-1.003456950187683105e+00
-1.173641800880432129e+00
-9.555983543395996094e-01
-2.996691763401031494e-01
4.848074615001678467e-01
1.032352089881896973e+00
1.137963294982910156e+00
9.380589723587036133e-01
7.080227732658386230e-01
6.600142121315002441e-01
7.417149543762207031e-01
7.607159614562988281e-01
5.425975918769836426e-01
1.337567865848541260e-01
-2.762083411216735840e-01
-4.821465611457824707e-01
-4.634828269481658936e-01
-3.371465504169464111e-01
-2.627164721488952637e-01
-2.573197185993194580e-01
-2.194675654172897339e-01
-1.450374815613031387e-02
3.454290628433227539e-01
6.949431300163269043e-01
8.111605048179626465e-01
6.080705523490905762e-01
2.057883292436599731e-01
-1.358930021524429321e-01
-2.051512151956558228e-01
2.615921571850776672e-02
3.837309479713439941e-01
6.135422587394714355e-01
5.495309233665466309e-01
1.942452937364578247e-01
-2.946472167968750000e-01
-7.229762673377990723e-01
-9.422564506530761719e-01
-9.269281625747680664e-01
-7.360933423042297363e-01
-4.857443869113922119e-01
-2.533845901489257812e-01
-7.409279048442840576e-02
9.672912955284118652e-02
2.930731475353240967e-01
5.177125930786132812e-01
6.635370850563049316e-01
6.039855480194091797e-01
2.412794083356857300e-01
-3.304006159305572510e-01
-8.912872076034545898e-01
-1.144709229469299316e+00
-9.787594079971313477e-01
-4.973998665809631348e-01
-3.163091465830802917e-02
1.534698903560638428e-01
-1.499095372855663300e-02
-2.923985719680786133e-01
-3.772473633289337158e-01
-7.184414565563201904e-02
4.761501848697662354e-01
9.704394340515136719e-01
1.105507969856262207e+00
8.920367360115051270e-01
5.285061001777648926e-01
3.196071386337280273e-01
3.088511228561401367e-01
3.566722869873046875e-01
1.736327260732650757e-01
-2.938601672649383545e-01
-8.981080651283264160e-01
-1.285699129104614258e+00
-1.316243290901184082e+00
-1.073689579963684082e+00
-9.229930639266967773e-01
-1.065931797027587891e+00
-1.450974464416503906e+00
-1.635063409805297852e+00
-1.250695347785949707e+00
-1.839390099048614502e-01
1.143809795379638672e+00
2.162819862365722656e+00
2.378389835357666016e+00
1.839839816093444824e+00
9.197700023651123047e-01
1.837141364812850952e-01
