-2.040972709655761719e+00
-2.103411912918090820e+00
-1.908164143562316895e+00
-1.353740334510803223e+00
-4.306780099868774414e-01
5.598214268684387207e-01
1.410315632820129395e+00
1.904565811157226562e+00
2.120204687118530273e+00
2.087485551834106445e+00
1.929688096046447754e+00
1.569645762443542480e+00
1.061135172843933105e+00
4.383413195610046387e-01
-1.839194446802139282e-02
-1.657274067401885986e-01
8.829465508460998535e-02
4.663957059383392334e-01
6.906307935714721680e-01
4.658626019954681396e-01
-1.021552532911300659e-01
-7.675971388816833496e-01
-1.105115890502929688e+00
-9.908326864242553711e-01
-4.731260836124420166e-01
7.010262459516525269e-02
3.685718774795532227e-01
1.943815201520919800e-01
-3.464482426643371582e-01
-1.103916406631469727e+00
-1.751699328422546387e+00
-2.096348524093627930e+00
-1.924357056617736816e+00
-1.286903023719787598e+00
-3.279896676540374756e-01
5.438284873962402344e-01
1.026083946228027344e+00
9.388554096221923828e-01
5.496925711631774902e-01
2.716143727302551270e-01
5.420292615890502930e-01
1.307560563087463379e+00
2.135064840316772461e+00
2.306123256683349609e+00
1.470822453498840332e+00
-1.889172494411468506e-01
-1.862650752067565918e+00
-2.742931842803955078e+00
-2.408878087997436523e+00
-1.224530339241027832e+00
5.630866810679435730e-02
6.947623491287231445e-01
5.619538426399230957e-01
3.098642639815807343e-02
-2.662833631038665771e-01
-5.724159255623817444e-02
4.853207468986511230e-01
8.229061961174011230e-01
6.078670620918273926e-01
-1.268111169338226318e-01
-9.180645346641540527e-01
-1.335281729698181152e+00
-1.235458850860595703e+00
-9.157322049140930176e-01
-7.521372437477111816e-01
-9.205967783927917480e-01
-1.166622281074523926e+00
-1.079260587692260742e+00
-3.980922996997833252e-01
6.717724204063415527e-01
1.614825963973999023e+00
1.919625878334045410e+00
1.492546200752258301e+00
6.794357299804687500e-01
3.858309984207153320e-02
-1.020219773054122925e-01
1.709251254796981812e-01
4.440055191516876221e-01
3.617082238197326660e-01
-9.342574328184127808e-02
-5.727491378784179688e-01
-6.586448550224304199e-01
-2.127068340778350830e-01
4.779239892959594727e-01
8.835462927818298340e-01
6.230604052543640137e-01
-2.557546496391296387e-01
-1.259848117828369141e+00
-1.785284638404846191e+00
-1.478019237518310547e+00
-4.739257395267486572e-01
7.364774346351623535e-01
1.595834374427795410e+00
1.830864667892456055e+00
1.518001794815063477e+00
9.971632361412048340e-01
5.713497400283813477e-01
3.905622661113739014e-01
3.846315145492553711e-01
4.482036828994750977e-01
4.919178485870361328e-01
5.415627956390380859e-01
5.925404429435729980e-01
6.144641637802124023e-01
4.782571792602539062e-01
1.300097256898880005e-01
-3.958266079425811768e-01
-8.862118124961853027e-01
-1.140700340270996094e+00
-1.027749776840209961e+00
-6.478495597839355469e-01
-1.847857236862182617e-01
1.404718011617660522e-01
2.738800346851348877e-01
2.336976379156112671e-01
1.158159375190734863e-01
-1.009557768702507019e-01
-4.476039409637451172e-01
-9.673762917518615723e-01
-1.500742673873901367e+00
-1.805942296981811523e+00
-1.600565552711486816e+00
-8.779487609863281250e-01
1.182815209031105042e-01
8.970071077346801758e-01
1.106248736381530762e+00
6.628429889678955078e-01
-9.189308434724807739e-02
-7.032919526100158691e-01
-7.913866639137268066e-01
-3.711041212081909180e-01
2.904061377048492432e-01
7.849228382110595703e-01
9.267940521240234375e-01
7.502713799476623535e-01
5.251033306121826172e-01
4.459379911422729492e-01
5.892752408981323242e-01
7.961845993995666504e-01
8.989395499229431152e-01
7.551358938217163086e-01
4.142852127552032471e-01
-1.999124325811862946e-02
-3.791672587394714355e-01
-5.912743210792541504e-01
-5.997372865676879883e-01
-4.420063793659210205e-01
-1.446033269166946411e-01
1.916493922472000122e-01
4.926508665084838867e-01
6.639091968536376953e-01
7.188851237297058105e-01
7.092893123626708984e-01
7.476724982261657715e-01
8.459627628326416016e-01
9.410544633865356445e-01
8.717514872550964355e-01
5.602878928184509277e-01
5.770805478096008301e-02
-4.082878232002258301e-01
-6.168631315231323242e-01
-4.795899391174316406e-01
-1.625288128852844238e-01
3.844982385635375977e-02
-1.183481588959693909e-01
-6.062011122703552246e-01
-1.138101458549499512e+00
-1.326752185821533203e+00
-9.721075296401977539e-01
-2.116406261920928955e-01
5.273023843765258789e-01
8.009158372879028320e-01
4.387411475181579590e-01
-3.313215374946594238e-01
-1.013889193534851074e+00
-1.175485134124755859e+00
-7.253489494323730469e-01
-8.263046853244304657e-03
4.324772357940673828e-01
1.907164603471755981e-01
-6.782362461090087891e-01
-1.693125009536743164e+00
-2.188841342926025391e+00
-1.781619668006896973e+00
-5.794795155525207520e-01
8.167089223861694336e-01
1.740837454795837402e+00
1.812006354331970215e+00
1.216533780097961426e+00
4.721265435218811035e-01
1.182148829102516174e-01
2.702149748802185059e-01
6.527140736579895020e-01
7.757934927940368652e-01
4.253470301628112793e-01
-2.395617365837097168e-01
-7.254822254180908203e-01
-7.101556062698364258e-01
-2.308988571166992188e-01
2.108409851789474487e-01
1.441368609666824341e-01
-5.802791714668273926e-01
-1.501409053802490234e+00
-1.969403982162475586e+00
-1.504940748214721680e+00
-3.210593760013580322e-01
9.163319468498229980e-01
1.400786399841308594e+00
8.961408138275146484e-01
-2.378958016633987427e-01
-1.153894543647766113e+00
-1.254517197608947754e+00
-4.361422955989837646e-01
7.310797572135925293e-01
1.595834374427795410e+00
1.714182496070861816e+00
1.257982254028320312e+00
