-1.561622023582458496e-01
-9.775010496377944946e-02
-1.050302386283874512e+00
-1.389992356300354004e+00
-1.004308938980102539e+00
-3.241481184959411621e-01
2.090714573860168457e-01
2.965966463088989258e-01
1.658293902873992920e-01
1.634126007556915283e-01
6.164689064025878906e-01
1.343143701553344727e+00
1.930127739906311035e+00
1.838661313056945801e+00
9.924852252006530762e-01
-3.081229031085968018e-01
-1.373669743537902832e+00
-1.735891699790954590e+00
-1.254800558090209961e+00
-3.607347011566162109e-01
4.198532402515411377e-01
6.249462962150573730e-01
2.907219827175140381e-01
-3.023225963115692139e-01
-6.916498541831970215e-01
-7.136241197586059570e-01
-4.191468060016632080e-01
-1.434461474418640137e-01
-8.109280467033386230e-02
-2.955555617809295654e-01
-5.503230690956115723e-01
-6.649535298347473145e-01
-5.280885100364685059e-01
-3.299112617969512939e-01
-2.632076740264892578e-01
-4.815373122692108154e-01
-8.095895051956176758e-01
-9.672017693519592285e-01
-6.284785270690917969e-01
2.094804495573043823e-01
1.316670536994934082e+00
2.224976778030395508e+00
2.612407922744750977e+00
2.347155094146728516e+00
1.638104438781738281e+00
7.639678120613098145e-01
3.156707435846328735e-02
-4.472931921482086182e-01
-6.232731342315673828e-01
-5.594696998596191406e-01
-2.788239121437072754e-01
1.257105767726898193e-01
5.688766241073608398e-01
8.857743740081787109e-01
9.872054457664489746e-01
8.272879123687744141e-01
5.097208619117736816e-01
1.543403118848800659e-01
-9.406913816928863525e-02
-1.889934539794921875e-01
-1.192038208246231079e-01
4.387414455413818359e-02
2.253197580575942993e-01
3.009468913078308105e-01
1.948309540748596191e-01
-1.047402247786521912e-01
-4.471072852611541748e-01
-6.034553647041320801e-01
-3.808870613574981689e-01
1.719643324613571167e-01
7.447078227996826172e-01
9.107602834701538086e-01
4.492266178131103516e-01
-4.487804472446441650e-01
-1.233681440353393555e+00
-1.357235550880432129e+00
-6.691922545433044434e-01
4.352463781833648682e-01
1.267070412635803223e+00
1.330985426902770996e+00
6.640611886978149414e-01
-2.177719175815582275e-01
-7.654179334640502930e-01
-8.273250460624694824e-01
-7.670167088508605957e-01
-1.093656063079833984e+00
-1.991291284561157227e+00
-3.054309606552124023e+00
-3.576151847839355469e+00
-3.055536746978759766e+00
-1.638662099838256836e+00
1.368278358131647110e-02
1.175529599189758301e+00
1.616427540779113770e+00
1.647027969360351562e+00
1.796311616897583008e+00
2.237767219543457031e+00
2.650964975357055664e+00
2.458922624588012695e+00
1.434461474418640137e+00
-5.841210111975669861e-02
-1.212822675704956055e+00
-1.435093522071838379e+00
-7.444475889205932617e-01
1.812597066164016724e-01
6.005924344062805176e-01
2.141281366348266602e-01
-5.814067721366882324e-01
-1.125929474830627441e+00
-9.844168424606323242e-01
-3.338153064250946045e-01
3.097960650920867920e-01
4.968560934066772461e-01
2.820958793163299561e-01
4.662557318806648254e-02
1.710347980260848999e-01
5.912970304489135742e-01
9.238482117652893066e-01
7.618113160133361816e-01
1.495439112186431885e-01
-4.894197881221771240e-01
-6.291477680206298828e-01
-1.698078066110610962e-01
5.425893068313598633e-01
9.371963143348693848e-01
7.700284123420715332e-01
2.372178286314010620e-01
-1.692129075527191162e-01
-1.939757764339447021e-01
1.732656918466091156e-02
2.082162722945213318e-02
-3.963917493820190430e-01
-1.005164027214050293e+00
-1.223010420799255371e+00
-6.969668269157409668e-01
3.610693216323852539e-01
1.182594060897827148e+00
1.071235537528991699e+00
-7.648230344057083130e-02
-1.570062279701232910e+00
-2.458662509918212891e+00
-2.173294544219970703e+00
-9.789883494377136230e-01
3.160797357559204102e-01
9.509534835815429688e-01
7.974683642387390137e-01
3.063753843307495117e-01
7.317315042018890381e-02
2.623153328895568848e-01
5.375698208808898926e-01
3.906657993793487549e-01
-3.117666840553283691e-01
-1.185494303703308105e+00
-1.608024597167968750e+00
-1.278782606124877930e+00
-4.757741987705230713e-01
1.416986137628555298e-01
9.511022269725799561e-02
-5.221766829490661621e-01
-1.103100061416625977e+00
-1.027435779571533203e+00
-1.615907102823257446e-01
1.028253793716430664e+00
1.830407023429870605e+00
1.818769216537475586e+00
1.115370035171508789e+00
2.474055588245391846e-01
-2.928785085678100586e-01
-3.517739772796630859e-01
-1.365675628185272217e-01
7.607330381870269775e-02
1.627433300018310547e-01
2.259518504142761230e-01
3.797716200351715088e-01
6.229756474494934082e-01
7.881358265876770020e-01
7.615882158279418945e-01
5.721114277839660645e-01
4.231995940208435059e-01
4.398940801620483398e-01
5.730409622192382812e-01
5.609197616577148438e-01
2.374037355184555054e-01
-3.324024081230163574e-01
-7.614023089408874512e-01
-6.843622922897338867e-01
1.710348017513751984e-02
9.932659864425659180e-01
1.714884161949157715e+00
1.725332140922546387e+00
1.027324199676513672e+00
-3.844564780592918396e-02
-9.308011531829833984e-01
-1.335224032402038574e+00
-1.187464833259582520e+00
-7.398742437362670898e-01
-2.564778327941894531e-01
-3.866873681545257568e-03
-5.763129144906997681e-02
-4.439840316772460938e-01
-9.901055693626403809e-01
-1.481495976448059082e+00
-1.579915404319763184e+00
-1.144520282745361328e+00
-2.267698347568511963e-01
7.399486303329467773e-01
1.307784080505371094e+00
1.151398897171020508e+00
4.520524144172668457e-01
-3.521829545497894287e-01
-7.093482613563537598e-01
-4.819835126399993896e-01
1.303582638502120972e-01
6.119327545166015625e-01
6.845853924751281738e-01
3.366782963275909424e-01
-4.993472620844841003e-02
