-6.429213881492614746e-01
-5.907360315322875977e-01
-4.160161912441253662e-01
-3.663457334041595459e-01
-3.015156686305999756e-01
-9.535887837409973145e-02
2.183124423027038574e-01
4.869939386844635010e-01
5.637001991271972656e-01
4.651976227760314941e-01
3.489506244659423828e-01
3.790602684020996094e-01
5.468639135360717773e-01
6.800869107246398926e-01
5.947878956794738770e-01
3.112960755825042725e-01
6.643684208393096924e-02
1.351790577173233032e-01
5.512651205062866211e-01
1.032181262969970703e+00
1.169036984443664551e+00
7.895575165748596191e-01
1.406281441450119019e-01
-2.688910663127899170e-01
-9.647663682699203491e-02
5.020138025283813477e-01
9.262036681175231934e-01
5.910154581069946289e-01
-5.708259344100952148e-01
-1.969492554664611816e+00
-2.746265649795532227e+00
-2.402275085449218750e+00
-1.188318252563476562e+00
7.607752084732055664e-02
6.210552453994750977e-01
2.949488461017608643e-01
-3.507669568061828613e-01
-5.442790985107421875e-01
7.391186058521270752e-02
1.150314450263977051e+00
1.906898021697998047e+00
1.748036503791809082e+00
7.206755876541137695e-01
-5.616742372512817383e-01
-1.405373215675354004e+00
-1.551450490951538086e+00
-1.268936753273010254e+00
-1.027710199356079102e+00
-1.031762123107910156e+00
-1.073678016662597656e+00
-7.771224379539489746e-01
-4.631716758012771606e-02
7.651763558387756348e-01
1.085344672203063965e+00
6.361449956893920898e-01
-2.788111865520477295e-01
-9.222216010093688965e-01
-7.026516795158386230e-01
3.532120585441589355e-01
1.537408590316772461e+00
1.971797943115234375e+00
1.230653405189514160e+00
-3.140904903411865234e-01
-1.766549348831176758e+00
-2.308243751525878906e+00
-1.762078285217285156e+00
-6.248276829719543457e-01
3.219846487045288086e-01
6.060353517532348633e-01
3.185615241527557373e-01
-1.739513501524925232e-02
7.153662294149398804e-02
6.710051298141479492e-01
1.414245486259460449e+00
1.808954358100891113e+00
1.567657947540283203e+00
8.224615454673767090e-01
-2.836315333843231201e-02
-5.683109760284423828e-01
-6.357258558273315430e-01
-3.372839987277984619e-01
4.904170706868171692e-02
2.950187027454376221e-01
3.020046949386596680e-01
1.377638876438140869e-01
-7.621724158525466919e-02
-2.101388275623321533e-01
-2.097196727991104126e-01
-7.775416225194931030e-02
9.962033480405807495e-02
2.095100879669189453e-01
1.200893074274063110e-01
-2.160070687532424927e-01
-7.478511333465576172e-01
-1.288078308105468750e+00
-1.619633793830871582e+00
-1.571220874786376953e+00
-1.143468141555786133e+00
-4.881117045879364014e-01
1.351092010736465454e-01
5.272333025932312012e-01
6.170033812522888184e-01
5.124229788780212402e-01
3.844394683837890625e-01
3.741700649261474609e-01
4.691097736358642578e-01
5.409957170486450195e-01
4.143395423889160156e-01
3.129727020859718323e-02
-5.141694545745849609e-01
-9.818820357322692871e-01
-1.151502132415771484e+00
-9.177505970001220703e-01
-3.690702915191650391e-01
3.107371926307678223e-01
9.380798339843750000e-01
1.438067674636840820e+00
1.803505301475524902e+00
2.039282798767089844e+00
2.064711809158325195e+00
1.762776970863342285e+00
1.066692113876342773e+00
9.549859166145324707e-02
-8.569025397300720215e-01
-1.422558784484863281e+00
-1.370932340621948242e+00
-7.234001159667968750e-01
2.248792797327041626e-01
1.054187178611755371e+00
1.383716702461242676e+00
1.024077415466308594e+00
2.312365360558032990e-02
-1.332579135894775391e+00
-2.599629640579223633e+00
-3.289007902145385742e+00
-3.055396080017089844e+00
-1.870710611343383789e+00
-1.207180470228195190e-01
1.517708063125610352e+00
2.377475023269653320e+00
2.157974958419799805e+00
1.090234875679016113e+00
-1.997995525598526001e-01
-1.076192975044250488e+00
-1.260343909263610840e+00
-9.329102039337158203e-01
-5.113750696182250977e-01
-2.903380990028381348e-01
-2.326337397098541260e-01
-7.579807937145233154e-02
3.561461865901947021e-01
9.236887097358703613e-01
1.233936905860900879e+00
9.774808883666992188e-01
2.398991733789443970e-01
-4.803572297096252441e-01
-6.230112910270690918e-01
-3.283419180661439896e-03
9.897761940956115723e-01
1.653865218162536621e+00
1.473556637763977051e+00
5.283510684967041016e-01
-5.569237470626831055e-01
-1.040773987770080566e+00
-6.031711101531982422e-01
4.643593132495880127e-01
1.478097438812255859e+00
1.867636799812316895e+00
1.515752077102661133e+00
7.699967026710510254e-01
9.871215373277664185e-02
-2.320748567581176758e-01
-2.956474423408508301e-01
-3.147890865802764893e-01
-4.339702129364013672e-01
-5.825623869895935059e-01
-6.072229743003845215e-01
-4.426328539848327637e-01
-2.313762605190277100e-01
-1.970750093460083008e-01
-4.771436750888824463e-01
-9.756644964218139648e-01
-1.447987794876098633e+00
-1.646250486373901367e+00
-1.495003581047058105e+00
-1.071163058280944824e+00
-5.374328494071960449e-01
-8.103758096694946289e-03
4.334811866283416748e-01
7.269629836082458496e-01
7.807551622390747070e-01
5.703368782997131348e-01
1.783525347709655762e-01
-1.652188599109649658e-01
-2.484919577836990356e-01
-9.850257076323032379e-03
3.533518016338348389e-01
5.465844869613647461e-01
3.742399215698242188e-01
-5.777420476078987122e-02
-4.348085224628448486e-01
-4.411657750606536865e-01
-3.912159055471420288e-02
5.314248800277709961e-01
9.121617674827575684e-01
9.384291172027587891e-01
7.171127200126647949e-01
5.344288349151611328e-01
5.502870678901672363e-01
6.744981408119201660e-01
6.087598800659179688e-01
1.570452451705932617e-01
-5.930413603782653809e-01
-1.244276165962219238e+00
-1.389864325523376465e+00
-8.710142374038696289e-01
6.587796658277511597e-02
