6.989142894744873047e-01
7.532639503479003906e-01
7.895511388778686523e-01
7.015120387077331543e-01
2.842091917991638184e-01
-4.020817279815673828e-01
-1.052085399627685547e+00
-1.181688308715820312e+00
-5.553890466690063477e-01
6.611658334732055664e-01
1.814116716384887695e+00
2.204995632171630859e+00
1.445480942726135254e+00
-1.722221523523330688e-01
-1.901019334793090820e+00
-2.892017126083374023e+00
-2.790177583694458008e+00
-1.835020422935485840e+00
-7.515185475349426270e-01
-1.669860929250717163e-01
-3.057217299938201904e-01
-8.013627529144287109e-01
-1.094542264938354492e+00
-7.591088414192199707e-01
1.189684569835662842e-01
1.116095423698425293e+00
1.689303278923034668e+00
1.634831905364990234e+00
1.099900126457214355e+00
5.223490595817565918e-01
2.069263607263565063e-01
2.136236727237701416e-01
2.766594886779785156e-01
1.492077857255935669e-01
-2.559587359428405762e-01
-6.842613816261291504e-01
-8.230782151222229004e-01
-4.567154645919799805e-01
2.472725361585617065e-01
9.202499985694885254e-01
1.145238757133483887e+00
8.352551460266113281e-01
1.949523985385894775e-01
-3.380717337131500244e-01
-4.925561845302581787e-01
-2.427670806646347046e-01
1.227432936429977417e-01
3.364887237548828125e-01
2.711798846721649170e-01
9.627880156040191650e-02
1.408463064581155777e-02
1.488424837589263916e-01
3.547946810722351074e-01
4.445791542530059814e-01
3.105113208293914795e-01
1.533073484897613525e-01
2.585158944129943848e-01
8.147979378700256348e-01
1.585109591484069824e+00
2.061267375946044922e+00
1.703428506851196289e+00
4.477451443672180176e-01
-1.235875606536865234e+00
-2.483441114425659180e+00
-2.651198387145996094e+00
-1.663163542747497559e+00
-1.629677116870880127e-01
9.625850915908813477e-01
1.059675693511962891e+00
1.838308125734329224e-01
-1.043805122375488281e+00
-1.778884887695312500e+00
-1.560349822044372559e+00
-4.861430227756500244e-01
8.324138522148132324e-01
1.749903798103332520e+00
1.890141248703002930e+00
1.370714664459228516e+00
5.789310932159423828e-01
-4.529812186956405640e-02
-3.188728094100952148e-01
-2.930577397346496582e-01
-2.078599333763122559e-01
-2.374904155731201172e-01
-4.476233720779418945e-01
-7.292754054069519043e-01
-9.604338407516479492e-01
-1.038000822067260742e+00
-9.958280324935913086e-01
-8.999957442283630371e-01
-8.350927829742431641e-01
-7.800125479698181152e-01
-6.731398105621337891e-01
-4.268008470535278320e-01
-7.464448362588882446e-02
2.646043598651885986e-01
3.953032195568084717e-01
2.393575459718704224e-01
-1.358943581581115723e-01
-4.817999005317687988e-01
-5.859531164169311523e-01
-3.759825229644775391e-01
-2.914341539144515991e-02
2.130960077047348022e-01
2.121218442916870117e-01
1.121899709105491638e-01
2.153284400701522827e-01
7.655625939369201660e-01
1.658982872962951660e+00
2.474389553070068359e+00
2.685821533203125000e+00
2.066503524780273438e+00
8.482844233512878418e-01
-3.710711598396301270e-01
-1.050542950630187988e+00
-1.015757560729980469e+00
-5.602192282676696777e-01
-1.453923583030700684e-01
-6.782541424036026001e-02
-2.419958859682083130e-01
-3.706652820110321045e-01
-2.331879138946533203e-01
6.392879784107208252e-02
1.992955058813095093e-01
-8.698375523090362549e-02
-6.932723522186279297e-01
-1.206164002418518066e+00
-1.182824850082397461e+00
-5.400867462158203125e-01
3.643332719802856445e-01
9.550353884696960449e-01
8.732065558433532715e-01
2.169520258903503418e-01
-5.355001091957092285e-01
-9.124162197113037109e-01
-7.658873200416564941e-01
-3.465144038200378418e-01
-3.048287518322467804e-02
-1.367873419076204300e-02
-1.636983156204223633e-01
-1.992549151182174683e-01
3.316179662942886353e-02
3.791891038417816162e-01
5.121204257011413574e-01
1.969818919897079468e-01
-4.720583856105804443e-01
-1.130504727363586426e+00
-1.393079638481140137e+00
-1.142072796821594238e+00
-5.827465057373046875e-01
-8.398012071847915649e-02
1.032602339982986450e-01
-1.948306336998939514e-02
-2.387486994266510010e-01
-3.359204828739166260e-01
-2.259629368782043457e-01
1.757534593343734741e-02
2.781207263469696045e-01
4.759144186973571777e-01
6.029602289199829102e-01
6.565386056900024414e-01
6.228085756301879883e-01
4.879695475101470947e-01
3.081571161746978760e-01
1.966571658849716187e-01
2.588812112808227539e-01
4.760361611843109131e-01
7.056115865707397461e-01
7.788760066032409668e-01
6.668078303337097168e-01
5.193859934806823730e-01
5.682154297828674316e-01
8.909848332405090332e-01
1.306461095809936523e+00
1.444303870201110840e+00
1.032074689865112305e+00
1.145035848021507263e-01
-9.107519984245300293e-01
-1.556331396102905273e+00
-1.557224392890930176e+00
-1.056996703147888184e+00
-4.659699201583862305e-01
-1.826131194829940796e-01
-3.127437531948089600e-01
-6.784164905548095703e-01
-9.920126199722290039e-01
-1.113781809806823730e+00
-1.087966680526733398e+00
-1.033292412757873535e+00
-9.282867908477783203e-01
-6.005654335021972656e-01
1.470971256494522095e-01
1.268875122070312500e+00
2.423368215560913086e+00
3.094681501388549805e+00
2.952617645263671875e+00
2.052824735641479492e+00
8.614355325698852539e-01
-6.595828384160995483e-02
-3.716800212860107422e-01
-1.118652522563934326e-01
3.754954636096954346e-01
6.839773058891296387e-01
6.108345985412597656e-01
1.729933619499206543e-01
-4.356899857521057129e-01
-1.036985993385314941e+00
-1.493457913398742676e+00
-1.748848438262939453e+00
-1.742719411849975586e+00
-1.464071035385131836e+00
-9.421684741973876953e-01
-3.261383473873138428e-01
2.072916775941848755e-01
4.910543560981750488e-01
5.124857425689697266e-01
3.582853972911834717e-01
