-1.150360584259033203e+00
-1.170772671699523926e+00
-2.207383811473846436e-01
5.424467921257019043e-01
7.452155947685241699e-01
5.486838221549987793e-01
1.832726150751113892e-01
2.425025589764118195e-02
9.848394989967346191e-02
4.201923608779907227e-01
7.861269712448120117e-01
1.149444699287414551e+00
1.298828005790710449e+00
1.145824551582336426e+00
5.257420539855957031e-01
-3.628379106521606445e-01
-1.184991359710693359e+00
-1.382962346076965332e+00
-7.892673015594482422e-01
3.839042186737060547e-01
1.390159010887145996e+00
1.635714650154113770e+00
9.205501675605773926e-01
-1.850608438253402710e-01
-9.077708125114440918e-01
-6.481709480285644531e-01
3.991260528564453125e-01
1.545474052429199219e+00
1.930643081665039062e+00
1.275144696235656738e+00
-1.156248673796653748e-01
-1.456934452056884766e+00
-2.165207624435424805e+00
-2.039943695068359375e+00
-1.396701335906982422e+00
-6.220888495445251465e-01
-3.349675610661506653e-02
3.296900689601898193e-01
4.632845520973205566e-01
4.000855982303619385e-01
1.048518195748329163e-01
-3.180447220802307129e-01
-6.892132163047790527e-01
-7.712104320526123047e-01
-5.399171113967895508e-01
-1.639509201049804688e-01
6.354787945747375488e-02
4.326664283871650696e-02
-7.405923306941986084e-02
2.337794378399848938e-02
4.490222632884979248e-01
9.736739397048950195e-01
1.118346810340881348e+00
5.757691264152526855e-01
-4.853976368904113770e-01
-1.435868024826049805e+00
-1.619533181190490723e+00
-8.419548869132995605e-01
4.446170926094055176e-01
1.442715764045715332e+00
1.581151485443115234e+00
8.959946036338806152e-01
-2.363963797688484192e-02
-5.301471948623657227e-01
-3.781905770301818848e-01
1.157120987772941589e-01
4.108150303363800049e-01
1.688358634710311890e-01
-4.543869793415069580e-01
-1.002634644508361816e+00
-1.061908245086669922e+00
-6.213037371635437012e-01
-2.268009586259722710e-03
3.723461031913757324e-01
3.526754677295684814e-01
7.746125012636184692e-02
-1.361677944660186768e-01
-1.308903098106384277e-01
4.221986979246139526e-02
1.434952169656753540e-01
3.694238513708114624e-02
-2.568520605564117432e-01
-5.220783352851867676e-01
-6.055585145950317383e-01
-4.735341966152191162e-01
-3.042185902595520020e-01
-2.690644264221191406e-01
-4.678641855716705322e-01
-7.727370262145996094e-01
-9.894627332687377930e-01
-9.065932035446166992e-01
-5.175423026084899902e-01
4.217625409364700317e-02
4.850923418998718262e-01
6.218271255493164062e-01
4.132575094699859619e-01
1.014934256672859192e-01
2.616934012621641159e-03
3.685079216957092285e-01
1.093485832214355469e+00
1.779602408409118652e+00
1.876995921134948730e+00
1.133350491523742676e+00
-2.315114289522171021e-01
-1.512413382530212402e+00
-1.998116374015808105e+00
-1.383354902267456055e+00
-7.458262145519256592e-02
1.102339863777160645e+00
1.378426432609558105e+00
6.030724644660949707e-01
-7.267225980758666992e-01
-1.779558777809143066e+00
-2.010459661483764648e+00
-1.449781417846679688e+00
-6.440274715423583984e-01
-1.650849282741546631e-01
-2.255797088146209717e-01
-5.507337450981140137e-01
-6.839793324470520020e-01
-3.514106273651123047e-01
3.149480223655700684e-01
9.113472700119018555e-01
1.062126278877258301e+00
6.767391562461853027e-01
-2.141524292528629303e-02
-6.623023748397827148e-01
-9.258276224136352539e-01
-6.755179166793823242e-01
3.881785273551940918e-02
9.758110642433166504e-01
1.773147225379943848e+00
2.009500026702880859e+00
1.438005208969116211e+00
1.496450155973434448e-01
-1.307245731353759766e+00
-2.205421209335327148e+00
-1.997898221015930176e+00
-7.644936442375183105e-01
8.481047153472900391e-01
1.936923742294311523e+00
1.999599337577819824e+00
1.163837790489196777e+00
1.404421329498291016e-01
-4.065843224525451660e-01
-2.269754111766815186e-01
2.998134195804595947e-01
6.451178789138793945e-01
4.659450948238372803e-01
-3.397652506828308105e-02
-4.580506980419158936e-01
-4.669918715953826904e-01
-1.984944492578506470e-01
2.298540435731410980e-02
-1.335508674383163452e-01
-5.459360480308532715e-01
-8.928979039192199707e-01
-7.822887897491455078e-01
-2.643975615501403809e-01
3.774927258491516113e-01
6.865962743759155273e-01
5.793455839157104492e-01
1.798269897699356079e-01
-1.474642306566238403e-01
-3.308676779270172119e-01
-4.103788733482360840e-01
-6.232664585113525391e-01
-8.849162459373474121e-01
-1.020429849624633789e+00
-7.061796188354492188e-01
-5.037597939372062683e-02
6.388808488845825195e-01
8.230693340301513672e-01
4.378130733966827393e-01
-2.482161968946456909e-01
-5.502539873123168945e-01
-1.704496294260025024e-01
8.014796376228332520e-01
1.657217025756835938e+00
1.879045844078063965e+00
1.253162503242492676e+00
3.047419786453247070e-01
-4.027461409568786621e-01
-3.826393783092498779e-01
1.750292629003524780e-01
9.363390207290649414e-01
1.412359237670898438e+00
1.578272938728332520e+00
1.440360426902770996e+00
1.208543777465820312e+00
7.885694503784179688e-01
2.785726189613342285e-01
-2.427642494440078735e-01
-3.128980696201324463e-01
2.390569150447845459e-01
1.360500335693359375e+00
2.309008121490478516e+00
2.443911075592041016e+00
1.389199376106262207e+00
-2.417610883712768555e-01
-1.545953750610351562e+00
-1.621103405952453613e+00
-5.987545251846313477e-01
7.766624093055725098e-01
1.347546577453613281e+00
7.571662664413452148e-01
-6.650501489639282227e-01
-1.863300681114196777e+00
-2.259547948837280273e+00
-1.825616836547851562e+00
-1.357578158378601074e+00
-1.369136214256286621e+00
-1.934873819351196289e+00
-2.254357814788818359e+00
-1.679504632949829102e+00
3.764023259282112122e-02
2.120283603668212891e+00
