1.974479407072067261e-01
2.109547853469848633e-01
-5.020371675491333008e-01
-1.039048552513122559e+00
-1.158913731575012207e+00
-8.757919073104858398e-01
-5.094104409217834473e-01
-3.280794024467468262e-01
-3.926773667335510254e-01
-4.465090036392211914e-01
-2.389472424983978271e-01
2.895163595676422119e-01
8.404914140701293945e-01
1.060776948928833008e+00
7.865945100784301758e-01
2.852750718593597412e-01
4.763284698128700256e-03
2.843615710735321045e-01
9.938300251960754395e-01
1.669498682022094727e+00
1.786166548728942871e+00
1.206155061721801758e+00
2.071050107479095459e-01
-6.769737005233764648e-01
-1.093663215637207031e+00
-1.006358146667480469e+00
-6.667293906211853027e-01
-2.995649278163909912e-01
1.331109739840030670e-02
3.286666572093963623e-01
6.054591536521911621e-01
6.616398096084594727e-01
2.732037305831909180e-01
-5.177625417709350586e-01
-1.323083877563476562e+00
-1.565685153007507324e+00
-9.384323358535766602e-01
3.315376639366149902e-01
1.522750377655029297e+00
1.922996759414672852e+00
1.305922985076904297e+00
1.300442069768905640e-01
-8.077356219291687012e-01
-9.232942461967468262e-01
-2.617196738719940186e-01
5.943013429641723633e-01
9.621835350990295410e-01
5.672224164009094238e-01
-3.216848373413085938e-01
-1.129094243049621582e+00
-1.405951976776123047e+00
-1.074153304100036621e+00
-3.828245401382446289e-01
3.650111556053161621e-01
1.007793664932250977e+00
1.535474181175231934e+00
1.930696368217468262e+00
2.065960645675659180e+00
1.753802299499511719e+00
9.317115545272827148e-01
-2.170230895280838013e-01
-1.308467745780944824e+00
-1.957775354385375977e+00
-1.968411087989807129e+00
-1.390161395072937012e+00
-4.457912445068359375e-01
5.805987119674682617e-01
1.406408786773681641e+00
1.773051142692565918e+00
1.517660856246948242e+00
6.898280382156372070e-01
-3.582251071929931641e-01
-1.083745121955871582e+00
-1.056796669960021973e+00
-2.965634167194366455e-01
6.530267596244812012e-01
1.028673768043518066e+00
3.888275921344757080e-01
-1.017124414443969727e+00
-2.355998992919921875e+00
-2.766750812530517578e+00
-1.979699492454528809e+00
-5.183497667312622070e-01
6.781482100486755371e-01
9.383671283721923828e-01
3.209018409252166748e-01
-4.941418468952178955e-01
-7.964473366737365723e-01
-4.190385639667510986e-01
1.505328565835952759e-01
2.242658883333206177e-01
-4.631478786468505859e-01
-1.478380084037780762e+00
-1.987986207008361816e+00
-1.421220660209655762e+00
6.257520616054534912e-02
1.643463730812072754e+00
2.430253982543945312e+00
2.072550773620605469e+00
9.760818481445312500e-01
-5.533240363001823425e-02
-4.106864929199218750e-01
-7.967083156108856201e-02
4.578625857830047607e-01
6.483939886093139648e-01
3.075907528400421143e-01
-3.160732984542846680e-01
-7.886172533035278320e-01
-8.754003643989562988e-01
-6.624228358268737793e-01
-4.448777437210083008e-01
-4.125787615776062012e-01
-5.164574980735778809e-01
-5.133907198905944824e-01
-2.422750145196914673e-01
2.320306897163391113e-01
6.111359596252441406e-01
6.149204969406127930e-01
1.635176986455917358e-01
-4.979263842105865479e-01
-9.867177009582519531e-01
-9.719058275222778320e-01
-4.170157909393310547e-01
4.441599845886230469e-01
1.187297701835632324e+00
1.479619860649108887e+00
1.197281002998352051e+00
5.417746901512145996e-01
-1.336329728364944458e-01
-4.669976532459259033e-01
-3.632493913173675537e-01
9.591819718480110168e-03
2.688319683074951172e-01
1.395055204629898071e-01
-4.054664671421051025e-01
-1.040614604949951172e+00
-1.378612041473388672e+00
-1.176922798156738281e+00
-6.010221242904663086e-01
-3.510475531220436096e-02
1.222793906927108765e-01
-1.622126847505569458e-01
-6.082649230957031250e-01
-7.602332830429077148e-01
-4.195605516433715820e-01
2.931703925132751465e-01
9.478936791419982910e-01
1.227883458137512207e+00
1.048118352890014648e+00
6.606611013412475586e-01
3.022401928901672363e-01
7.751756906509399414e-02
-1.789820641279220581e-01
-5.770752429962158203e-01
-1.071804285049438477e+00
-1.319756150245666504e+00
-1.053142666816711426e+00
-2.525846064090728760e-01
6.261435747146606445e-01
1.040027379989624023e+00
6.465017199516296387e-01
-2.907561361789703369e-01
-1.157413005828857422e+00
-1.305009484291076660e+00
-6.355396509170532227e-01
4.320234060287475586e-01
1.148343086242675781e+00
1.087986469268798828e+00
3.231856226921081543e-01
-5.210903286933898926e-01
-8.556295037269592285e-01
-4.096424877643585205e-01
4.899658262729644775e-01
1.311599850654602051e+00
1.573319435119628906e+00
1.259268999099731445e+00
6.333863735198974609e-01
1.244979053735733032e-01
-1.065540313720703125e-01
-8.867539465427398682e-02
-7.529904693365097046e-02
-1.642354428768157959e-01
-3.423039913177490234e-01
-3.634451627731323242e-01
-7.673455774784088135e-02
5.886898040771484375e-01
1.413455843925476074e+00
2.140737533569335938e+00
2.455245018005371094e+00
2.288399457931518555e+00
1.689856886863708496e+00
9.480241537094116211e-01
2.912781238555908203e-01
-7.490754872560501099e-02
-2.129123061895370483e-01
-2.452112883329391479e-01
-3.988109230995178223e-01
-6.999418735504150391e-01
-1.079895377159118652e+00
-1.267294764518737793e+00
-1.115195870399475098e+00
-5.666351318359375000e-01
1.620821803808212280e-01
8.412091135978698730e-01
1.216268897056579590e+00
1.266381263732910156e+00
1.010207891464233398e+00
5.847747921943664551e-01
5.024286918342113495e-03
-6.645761132240295410e-01
-1.392379879951477051e+00
-1.977415680885314941e+00
-2.243115663528442383e+00
-1.986876964569091797e+00
-1.252417683601379395e+00
-1.843978464603424072e-01
8.919087648391723633e-01
