-8.526068329811096191e-01
-8.524602651596069336e-01
-2.546633481979370117e-01
7.581766843795776367e-01
1.682839632034301758e+00
1.966520786285400391e+00
1.455826282501220703e+00
3.701485097408294678e-01
-7.566623091697692871e-01
-1.503261208534240723e+00
-1.645126223564147949e+00
-1.283575534820556641e+00
-5.788913369178771973e-01
2.538328766822814941e-01
1.093494057655334473e+00
1.745223164558410645e+00
2.043559789657592773e+00
1.812540650367736816e+00
1.123293519020080566e+00
2.173895835876464844e-01
-4.772800505161285400e-01
-6.982358098030090332e-01
-4.180230796337127686e-01
4.025371000170707703e-02
3.200267851352691650e-01
1.885182857513427734e-01
-2.162171453237533569e-01
-5.889548063278198242e-01
-6.107425689697265625e-01
-2.919371128082275391e-01
1.044935509562492371e-01
1.525635272264480591e-01
-3.334609568119049072e-01
-1.230376243591308594e+00
-2.067301750183105469e+00
-2.393092870712280273e+00
-1.977072715759277344e+00
-1.030426621437072754e+00
2.686837455257773399e-03
6.425449848175048828e-01
7.214403152465820312e-01
3.707835674285888672e-01
-3.106961213052272797e-02
-1.975558400154113770e-01
-2.662411704659461975e-02
3.075696229934692383e-01
6.007768511772155762e-01
7.168482542037963867e-01
7.456218600273132324e-01
8.208532929420471191e-01
1.033699631690979004e+00
1.246204137802124023e+00
1.227054238319396973e+00
7.606192827224731445e-01
-1.015624552965164185e-01
-1.087094426155090332e+00
-1.780005455017089844e+00
-1.926804423332214355e+00
-1.514350533485412598e+00
-8.130859136581420898e-01
-1.375660747289657593e-01
2.766465544700622559e-01
4.226639568805694580e-01
3.970657289028167725e-01
3.470905721187591553e-01
3.252050578594207764e-01
3.502659201622009277e-01
3.971145749092102051e-01
4.795272350311279297e-01
5.773280858993530273e-01
6.637465953826904297e-01
6.572493314743041992e-01
5.403963327407836914e-01
3.637000918388366699e-01
2.673647701740264893e-01
3.291131854057312012e-01
5.081542730331420898e-01
6.005814671516418457e-01
4.162155687808990479e-01
-8.583224564790725708e-02
-6.881235241889953613e-01
-1.086703658103942871e+00
-1.079522490501403809e+00
-7.713666558265686035e-01
-4.783059358596801758e-01
-5.194877982139587402e-01
-9.229042530059814453e-01
-1.416109919548034668e+00
-1.595492959022521973e+00
-1.264963150024414062e+00
-5.586179494857788086e-01
1.341464668512344360e-01
5.089358687400817871e-01
5.367813110351562500e-01
4.801622927188873291e-01
5.945727229118347168e-01
8.984784483909606934e-01
1.095106124877929688e+00
8.581759333610534668e-01
1.135310977697372437e-01
-7.962809205055236816e-01
-1.349915981292724609e+00
-1.197205901145935059e+00
-4.681448042392730713e-01
3.313603401184082031e-01
6.516802310943603516e-01
3.319954276084899902e-01
-3.203687369823455811e-01
-7.309175133705139160e-01
-5.100594758987426758e-01
3.056644201278686523e-01
1.273023605346679688e+00
1.888455986976623535e+00
1.878392577171325684e+00
1.339364051818847656e+00
5.560776591300964355e-01
-1.998518556356430054e-01
-8.430319428443908691e-01
-1.385333418846130371e+00
-1.832081198692321777e+00
-2.072284460067749023e+00
-1.982837200164794922e+00
-1.520554661750793457e+00
-8.354110717773437500e-01
-1.475806534290313721e-01
3.683409988880157471e-01
7.304778695106506348e-01
1.058760523796081543e+00
1.466182827949523926e+00
1.875852227210998535e+00
2.089431524276733398e+00
1.899691820144653320e+00
1.314400911331176758e+00
5.509970784187316895e-01
-4.069337621331214905e-02
-2.474821656942367554e-01
-8.470866084098815918e-02
1.797738522291183472e-01
2.459189146757125854e-01
-7.396131008863449097e-02
-7.097647786140441895e-01
-1.430912017822265625e+00
-1.933204054832458496e+00
-2.031542301177978516e+00
-1.675658464431762695e+00
-1.007954835891723633e+00
-2.428412586450576782e-01
3.534901142120361328e-01
6.173864006996154785e-01
4.852428734302520752e-01
8.695583045482635498e-02
-3.648236989974975586e-01
-6.151881217956542969e-01
-5.452325940132141113e-01
-1.701012402772903442e-01
3.269148468971252441e-01
7.604238986968994141e-01
9.784973859786987305e-01
9.827963113784790039e-01
8.252987861633300781e-01
6.212456822395324707e-01
4.194886088371276855e-01
2.792845368385314941e-01
2.053720951080322266e-01
2.499735951423645020e-01
4.028790891170501709e-01
6.434731483459472656e-01
8.302327990531921387e-01
8.315029144287109375e-01
5.088381767272949219e-01
-1.064964681863784790e-01
-8.721474409103393555e-01
-1.490315556526184082e+00
-1.718550086021423340e+00
-1.407463192939758301e+00
-6.819193959236145020e-01
1.837796866893768311e-01
7.978441715240478516e-01
9.392695426940917969e-01
5.980411767959594727e-01
7.630618661642074585e-02
-2.748390436172485352e-01
-1.853917837142944336e-01
2.650687396526336670e-01
7.761541008949279785e-01
9.259330630302429199e-01
5.489453077316284180e-01
-2.428412586450576782e-01
-1.030377745628356934e+00
-1.458122253417968750e+00
-1.353042483329772949e+00
-8.979899287223815918e-01
-3.513894975185394287e-01
5.989205092191696167e-02
3.836315572261810303e-01
7.406878471374511719e-01
1.251431226730346680e+00
1.774094343185424805e+00
2.086940050125122070e+00
1.961391448974609375e+00
1.465254664421081543e+00
8.380001783370971680e-01
4.257416129112243652e-01
3.335586786270141602e-01
4.789898693561553955e-01
5.924720764160156250e-01
5.575920939445495605e-01
3.832895755767822266e-01
2.470913529396057129e-01
1.677075177431106567e-01
3.693180158734321594e-02
-4.021463096141815186e-01
-1.179570555686950684e+00
-2.070183992385864258e+00
-2.556989908218383789e+00
-2.285375118255615234e+00
-1.236287236213684082e+00
