6.970479488372802734e-01
7.402866482734680176e-01
4.481555894017219543e-02
-5.851750373840332031e-01
-1.024989962577819824e+00
-1.080967903137207031e+00
-9.912537932395935059e-01
-8.855222463607788086e-01
-1.024823904037475586e+00
-1.256163477897644043e+00
-1.482689619064331055e+00
-1.424263358116149902e+00
-1.175619959831237793e+00
-8.013685941696166992e-01
-5.786186456680297852e-01
-4.566622376441955566e-01
-3.989829719066619873e-01
-1.435757726430892944e-01
2.735408842563629150e-01
8.210376501083374023e-01
1.222800850868225098e+00
1.462522625923156738e+00
1.521239280700683594e+00
1.612073779106140137e+00
1.716020941734313965e+00
1.808432340621948242e+00
1.658009648323059082e+00
1.287492871284484863e+00
7.917000651359558105e-01
5.066648125648498535e-01
5.255869030952453613e-01
7.886293530464172363e-01
9.076810479164123535e-01
6.522738337516784668e-01
-2.008401043713092804e-02
-7.262610197067260742e-01
-1.092669725418090820e+00
-8.800032734870910645e-01
-3.104307353496551514e-01
2.577724456787109375e-01
4.808128476142883301e-01
4.128840863704681396e-01
3.040403723716735840e-01
4.548779129981994629e-01
8.223655223846435547e-01
1.122380733489990234e+00
9.807968139648437500e-01
3.453702628612518311e-01
-4.938010573387145996e-01
-1.034907460212707520e+00
-9.948224425315856934e-01
-4.816842675209045410e-01
5.216033011674880981e-02
1.890967637300491333e-01
-1.605060994625091553e-01
-6.877113580703735352e-01
-9.554843306541442871e-01
-7.533578276634216309e-01
-2.604696750640869141e-01
8.714136481285095215e-02
-2.879814617335796356e-02
-5.721867680549621582e-01
-1.124289631843566895e+00
-1.223464727401733398e+00
-6.539337038993835449e-01
3.436689376831054688e-01
1.296663522720336914e+00
1.749508142471313477e+00
1.619957923889160156e+00
1.120845437049865723e+00
6.512779593467712402e-01
4.028835892677307129e-01
3.533374965190887451e-01
2.327504307031631470e-01
-9.942414611577987671e-02
-6.089521646499633789e-01
-9.521646499633789062e-01
-8.418685793876647949e-01
-1.398411393165588379e-01
8.596287965774536133e-01
1.719963073730468750e+00
1.961925625801086426e+00
1.503520488739013672e+00
5.347574949264526367e-01
-4.540480077266693115e-01
-1.140846490859985352e+00
-1.362393021583557129e+00
-1.316291093826293945e+00
-1.184126615524291992e+00
-1.154249668121337891e+00
-1.141261458396911621e+00
-1.094329595565795898e+00
-9.193828701972961426e-01
-7.618229985237121582e-01
-6.983758211135864258e-01
-8.238593339920043945e-01
-9.542809128761291504e-01
-9.468531608581542969e-01
-6.423148512840270996e-01
-2.169405072927474976e-01
1.237407401204109192e-01
1.132422760128974915e-01
-1.512940078973770142e-01
-4.511847794055938721e-01
-4.171996712684631348e-01
-1.037397235631942749e-02
6.297416090965270996e-01
1.104952454566955566e+00
1.262429356575012207e+00
1.120720982551574707e+00
1.007022261619567871e+00
1.055157423019409180e+00
1.224294662475585938e+00
1.117484211921691895e+00
4.838835597038269043e-01
-6.981683373451232910e-01
-1.947609543800354004e+00
-2.741093873977661133e+00
-2.678518056869506836e+00
-1.910470724105834961e+00
-8.385903835296630859e-01
2.099691890180110931e-02
5.255454182624816895e-01
7.679644227027893066e-01
1.058186650276184082e+00
1.480116844177246094e+00
1.960141301155090332e+00
2.216585874557495117e+00
2.124547958374023438e+00
1.673446178436279297e+00
1.056900262832641602e+00
3.992734253406524658e-01
-1.846981942653656006e-01
-6.734782457351684570e-01
-9.471436142921447754e-01
-9.274746179580688477e-01
-5.986196994781494141e-01
-2.117950171232223511e-01
-1.194666624069213867e-01
-5.894075632095336914e-01
-1.473311543464660645e+00
-2.271650791168212891e+00
-2.400744676589965820e+00
-1.690044522285461426e+00
-5.460444092750549316e-01
2.632914185523986816e-01
1.880593597888946533e-01
-6.723163723945617676e-01
-1.596886277198791504e+00
-1.766355514526367188e+00
-9.043613672256469727e-01
5.034281015396118164e-01
1.529704451560974121e+00
1.528210520744323730e+00
5.701950192451477051e-01
-5.828097462654113770e-01
-1.131136417388916016e+00
-7.743132710456848145e-01
3.460757061839103699e-02
5.719793438911437988e-01
3.549143373966217041e-01
-3.958707749843597412e-01
-1.067896723747253418e+00
-1.046194314956665039e+00
-3.017165958881378174e-01
7.560550570487976074e-01
1.503064036369323730e+00
1.712078809738159180e+00
1.504516363143920898e+00
1.307120442390441895e+00
1.281890988349914551e+00
1.368409872055053711e+00
1.219771623611450195e+00
7.423199415206909180e-01
3.016751073300838470e-02
-4.957513809204101562e-01
-6.357169747352600098e-01
-3.470716178417205811e-01
3.137088939547538757e-02
3.086464107036590576e-01
3.521755933761596680e-01
3.852063417434692383e-01
4.846304655075073242e-01
7.249331474304199219e-01
8.578444719314575195e-01
8.306232094764709473e-01
6.082882285118103027e-01
4.983656108379364014e-01
5.832247138023376465e-01
8.858541846275329590e-01
1.002872586250305176e+00
7.328173518180847168e-01
-2.651587314903736115e-02
-8.073855042457580566e-01
-1.210352063179016113e+00
-8.612886667251586914e-01
-5.008553713560104370e-02
8.069290518760681152e-01
1.100802898406982422e+00
8.003726601600646973e-01
7.232733070850372314e-02
-5.157523751258850098e-01
-7.792512774467468262e-01
-6.353020668029785156e-01
-4.658743441104888916e-01
-4.035474956035614014e-01
-6.141806244850158691e-01
-8.353952169418334961e-01
-1.014159440994262695e+00
-9.737424850463867188e-01
-9.069756269454956055e-01
-7.751846909523010254e-01
-6.904500722885131836e-01
-4.217641949653625488e-01
-2.904712164308875799e-04
6.687062382698059082e-01
1.299028754234313965e+00
