7.765115797519683838e-02
7.425203174352645874e-02
-5.654383897781372070e-01
-9.689021110534667969e-01
-9.418853521347045898e-01
-5.673771500587463379e-01
-1.011177152395248413e-01
2.157060503959655762e-01
3.322079479694366455e-01
3.489266335964202881e-01
3.887341916561126709e-01
4.364981949329376221e-01
3.717888891696929932e-01
8.334154635667800903e-02
-3.733248114585876465e-01
-7.998522520065307617e-01
-9.810130596160888672e-01
-8.716367483139038086e-01
-5.936637520790100098e-01
-3.235716521739959717e-01
-9.192749112844467163e-02
2.325757890939712524e-01
8.121646046638488770e-01
1.602348208427429199e+00
2.293503999710083008e+00
2.461395502090454102e+00
1.891878247261047363e+00
7.690586447715759277e-01
-3.908743560314178467e-01
-1.088022589683532715e+00
-1.152681589126586914e+00
-8.453501462936401367e-01
-6.047423481941223145e-01
-7.091584801673889160e-01
-1.060174942016601562e+00
-1.308613300323486328e+00
-1.157918691635131836e+00
-6.402947306632995605e-01
-9.575465321540832520e-02
8.243510872125625610e-02
-2.360000908374786377e-01
-8.256604075431823730e-01
-1.259892582893371582e+00
-1.222401380538940430e+00
-6.978532671928405762e-01
4.237577691674232483e-02
6.591283679008483887e-01
9.458132386207580566e-01
9.218431115150451660e-01
7.464230060577392578e-01
6.077638268470764160e-01
6.284607052803039551e-01
8.596768379211425781e-01
1.276384592056274414e+00
1.781796932220458984e+00
2.195583820343017578e+00
2.319463253021240234e+00
2.041238307952880859e+00
1.445661067962646484e+00
7.943884730339050293e-01
3.784360885620117188e-01
3.104787170886993408e-01
4.446812868118286133e-01
4.769100248813629150e-01
1.918366253376007080e-01
-3.604333102703094482e-01
-8.889848589897155762e-01
-1.094166278839111328e+00
-9.097825288772583008e-01
-5.676037669181823730e-01
-4.076937437057495117e-01
-6.029043197631835938e-01
-1.000148892402648926e+00
-1.230232000350952148e+00
-9.967246055603027344e-01
-3.229170143604278564e-01
4.412066042423248291e-01
8.504111170768737793e-01
6.595060825347900391e-01
-2.945909649133682251e-02
-8.616659641265869141e-01
-1.473987102508544922e+00
-1.698329448699951172e+00
-1.601592898368835449e+00
-1.373297452926635742e+00
-1.179094076156616211e+00
-1.083440065383911133e+00
-1.064833045005798340e+00
-1.071857929229736328e+00
-1.051412820816040039e+00
-9.514784812927246094e-01
-7.289741635322570801e-01
-3.773030340671539307e-01
4.481811076402664185e-02
4.326710402965545654e-01
7.072449326515197754e-01
8.824384212493896484e-01
1.058185815811157227e+00
1.331148266792297363e+00
1.686495542526245117e+00
1.979525327682495117e+00
2.038267374038696289e+00
1.812615633010864258e+00
1.433147311210632324e+00
1.115240812301635742e+00
9.723264575004577637e-01
9.026821255683898926e-01
6.606391072273254395e-01
7.543542981147766113e-02
-7.563685774803161621e-01
-1.483479499816894531e+00
-1.720965147018432617e+00
-1.329083681106567383e+00
-5.230626463890075684e-01
2.692359983921051025e-01
7.013530731201171875e-01
7.162840962409973145e-01
5.269904732704162598e-01
3.997120857238769531e-01
4.395196437835693359e-01
5.467306375503540039e-01
5.620896220207214355e-01
4.491379261016845703e-01
3.301936686038970947e-01
3.556241691112518311e-01
5.189585089683532715e-01
6.058502197265625000e-01
3.404162228107452393e-01
-3.815834224224090576e-01
-1.374808192253112793e+00
-2.254779100418090820e+00
-2.679946899414062500e+00
-2.548614740371704102e+00
-2.014070510864257812e+00
-1.325231313705444336e+00
-6.571393013000488281e-01
-6.017712876200675964e-02
4.481307566165924072e-01
7.809934020042419434e-01
7.890253663063049316e-01
3.952806293964385986e-01
-2.725847661495208740e-01
-8.930134773254394531e-01
-1.132815599441528320e+00
-8.645111918449401855e-01
-2.551862597465515137e-01
3.653431534767150879e-01
7.336070537567138672e-01
8.199700117111206055e-01
7.785258889198303223e-01
7.746483683586120605e-01
8.221353888511657715e-01
7.921727299690246582e-01
5.626938939094543457e-01
1.700318604707717896e-01
-1.931459158658981323e-01
-3.282549083232879639e-01
-2.077495753765106201e-01
1.133042154833674431e-03
7.301827520132064819e-02
-6.828467547893524170e-02
-2.868862748146057129e-01
-3.455023169517517090e-01
-1.335227191448211670e-01
2.264070063829421997e-01
4.495155811309814453e-01
3.317295610904693604e-01
-8.039563894271850586e-02
-4.892727732658386230e-01
-5.746789574623107910e-01
-2.191051691770553589e-01
3.932411670684814453e-01
9.212136268615722656e-01
1.088576555252075195e+00
8.622954487800598145e-01
4.194018542766571045e-01
1.334471907466650009e-02
-1.977284401655197144e-01
-1.804810315370559692e-01
1.432668883353471756e-02
3.348768949508666992e-01
7.171149849891662598e-01
1.055265069007873535e+00
1.169148445129394531e+00
8.977218866348266602e-01
2.153535485267639160e-01
-6.603621244430541992e-01
-1.352071762084960938e+00
-1.500777244567871094e+00
-1.003321409225463867e+00
-7.140683382749557495e-02
8.586193323135375977e-01
1.386944293975830078e+00
1.331500768661499023e+00
8.039311766624450684e-01
7.994242012500762939e-02
-5.521440505981445312e-01
-9.436227083206176758e-01
-1.081778287887573242e+00
-1.058412432670593262e+00
-9.767327308654785156e-01
-9.356914162635803223e-01
-9.964476227760314941e-01
-1.194251656532287598e+00
-1.485871553421020508e+00
-1.755560755729675293e+00
-1.812993407249450684e+00
-1.498561620712280273e+00
-7.568218111991882324e-01
2.739947736263275146e-01
1.313447713851928711e+00
2.029983520507812500e+00
2.214417695999145508e+00
1.861311316490173340e+00
1.195183277130126953e+00
5.358785986900329590e-01
1.626545041799545288e-01
