-4.468921422958374023e-01
-4.565847516059875488e-01
-7.558634281158447266e-01
-8.428187370300292969e-01
-6.717285513877868652e-01
-3.711389601230621338e-01
-1.095580905675888062e-01
-2.919695340096950531e-02
-9.541644155979156494e-02
-1.570676863193511963e-01
1.052679307758808136e-02
5.009561777114868164e-01
1.227145910263061523e+00
1.878019571304321289e+00
2.115329265594482422e+00
1.721349120140075684e+00
8.084974288940429688e-01
-2.518882751464843750e-01
-9.561902880668640137e-01
-1.006123065948486328e+00
-4.479249715805053711e-01
2.847795486450195312e-01
6.768926382064819336e-01
4.096710085868835449e-01
-3.651804029941558838e-01
-1.153140664100646973e+00
-1.377778410911560059e+00
-8.187461495399475098e-01
2.707967758178710938e-01
1.250940442085266113e+00
1.544578433036804199e+00
9.461401700973510742e-01
-2.069209963083267212e-01
-1.317318916320800781e+00
-1.849339008331298828e+00
-1.674196958541870117e+00
-1.014782786369323730e+00
-2.715515196323394775e-01
3.085343241691589355e-01
6.778062582015991211e-01
9.349778294563293457e-01
1.083266615867614746e+00
1.021297454833984375e+00
6.059460043907165527e-01
-8.933870494365692139e-02
-7.646026611328125000e-01
-9.975427389144897461e-01
-6.078130602836608887e-01
2.056498378515243530e-01
9.013715386390686035e-01
1.006162762641906738e+00
4.227003753185272217e-01
-4.361667335033416748e-01
-9.850694537162780762e-01
-8.595026731491088867e-01
-2.433079481124877930e-01
3.127450644969940186e-01
2.734582722187042236e-01
-4.082806706428527832e-01
-1.272947430610656738e+00
-1.650164127349853516e+00
-1.209151148796081543e+00
-1.798691153526306152e-01
7.688133716583251953e-01
1.067257881164550781e+00
6.285885572433471680e-01
-6.260462105274200439e-02
-3.702253103256225586e-01
3.773755952715873718e-02
9.082834720611572266e-01
1.647343754768371582e+00
1.753247261047363281e+00
1.232667565345764160e+00
5.382964611053466797e-01
2.180436402559280396e-01
4.245276749134063721e-01
8.092918992042541504e-01
7.645232081413269043e-01
-4.306054115295410156e-02
-1.376864790916442871e+00
-2.498941421508789062e+00
-2.671104192733764648e+00
-1.636022448539733887e+00
1.597291827201843262e-01
1.854026436805725098e+00
2.665820837020874023e+00
2.350692510604858398e+00
1.246769547462463379e+00
6.594141945242881775e-03
-8.509223461151123047e-01
-1.174988746643066406e+00
-1.167878150939941406e+00
-1.109762310981750488e+00
-1.137171626091003418e+00
-1.163468837738037109e+00
-1.029281973838806152e+00
-6.798322200775146484e-01
-2.565359473228454590e-01
7.110550533980131149e-03
-4.047849774360656738e-02
-3.262908458709716797e-01
-5.986368656158447266e-01
-5.908907055854797363e-01
-2.178052961826324463e-01
3.681199550628662109e-01
8.756702542304992676e-01
1.087556719779968262e+00
1.010532379150390625e+00
8.691158294677734375e-01
9.275891780853271484e-01
1.274178862571716309e+00
1.707207441329956055e+00
1.834839820861816406e+00
1.327329277992248535e+00
1.745461374521255493e-01
-1.238864421844482422e+00
-2.301712989807128906e+00
-2.510222911834716797e+00
-1.765362977981567383e+00
-4.407746791839599609e-01
8.175147175788879395e-01
1.452657699584960938e+00
1.283434510231018066e+00
5.588336586952209473e-01
-2.460488826036453247e-01
-7.338167428970336914e-01
-7.994006872177124023e-01
-6.122620701789855957e-01
-4.363653659820556641e-01
-4.091545939445495605e-01
-4.728317558765411377e-01
-4.612324237823486328e-01
-2.805688083171844482e-01
-2.780662151053547859e-03
1.745461374521255493e-01
1.056651622056961060e-01
-1.774459779262542725e-01
-4.496728181838989258e-01
-4.536451697349548340e-01
-7.587235420942306519e-02
5.430235862731933594e-01
1.097845196723937988e+00
1.294914722442626953e+00
1.053434014320373535e+00
5.419510602951049805e-01
9.033180028200149536e-02
-1.755789667367935181e-02
3.060317337512969971e-01
8.923144936561584473e-01
1.413490056991577148e+00
1.525312423706054688e+00
1.045370101928710938e+00
2.709159441292285919e-02
-1.224683046340942383e+00
-2.269417524337768555e+00
-2.685206174850463867e+00
-2.268186092376708984e+00
-1.135582685470581055e+00
2.740144133567810059e-01
1.386160135269165039e+00
1.738033056259155273e+00
1.221942186355590820e+00
1.314458698034286499e-01
-9.758535623550415039e-01
-1.579694271087646484e+00
-1.453809618949890137e+00
-7.727460265159606934e-01
3.205706179141998291e-02
5.231220126152038574e-01
5.113638043403625488e-01
1.160330623388290405e-01
-3.408694565296173096e-01
-5.561721920967102051e-01
-4.109818637371063232e-01
-1.175822876393795013e-02
4.178937971591949463e-01
6.763365268707275391e-01
6.919082403182983398e-01
5.176798701286315918e-01
2.725446224212646484e-01
6.260462105274200439e-02
-4.786711558699607849e-02
-3.249402344226837158e-02
1.134907454252243042e-01
3.704636693000793457e-01
6.769720911979675293e-01
9.289795160293579102e-01
1.009976267814636230e+00
8.530277013778686523e-01
4.820079505443572998e-01
9.057014249265193939e-03
-4.306848645210266113e-01
-7.479584217071533203e-01
-9.415719509124755859e-01
-1.059630870819091797e+00
-1.135344386100769043e+00
-1.126644849777221680e+00
-9.394665956497192383e-01
-5.023067593574523926e-01
1.292610764503479004e-01
7.550689578056335449e-01
1.093753576278686523e+00
9.457826614379882812e-01
3.148901462554931641e-01
-5.446125864982604980e-01
-1.249272108078002930e+00
-1.461476325988769531e+00
-1.081240653991699219e+00
-2.815221846103668213e-01
5.653880834579467773e-01
1.104955673217773438e+00
1.156080126762390137e+00
8.098480105400085449e-01
3.252183198928833008e-01
-6.991379428654909134e-03
-4.993274807929992676e-02
1.487257033586502075e-01
