6.106927990913391113e-01
6.699256300926208496e-01
2.372991852462291718e-02
-6.175297498703002930e-01
-7.997043728828430176e-01
-4.546701312065124512e-01
1.164421588182449341e-01
3.760302960872650146e-01
5.932479724287986755e-02
-6.958630084991455078e-01
-1.359319686889648438e+00
-1.489159703254699707e+00
-9.750114679336547852e-01
-1.830944120883941650e-01
4.187073707580566406e-01
5.357013940811157227e-01
3.234504461288452148e-01
1.547656655311584473e-01
3.855958580970764160e-01
1.007264494895935059e+00
1.733970284461975098e+00
2.150347471237182617e+00
2.072964668273925781e+00
1.584017992019653320e+00
1.014040112495422363e+00
6.434977650642395020e-01
6.033959984779357910e-01
7.637722492218017578e-01
8.989469408988952637e-01
7.529497146606445312e-01
2.196703702211380005e-01
-6.749843358993530273e-01
-1.711374759674072266e+00
-2.596157312393188477e+00
-3.003888845443725586e+00
-2.770207405090332031e+00
-1.931321024894714355e+00
-7.840684056282043457e-01
2.875489592552185059e-01
9.357681870460510254e-01
1.032527327537536621e+00
6.357410550117492676e-01
-5.628957226872444153e-02
-8.598875999450683594e-01
-1.610721826553344727e+00
-2.178737640380859375e+00
-2.398990392684936523e+00
-2.144798278808593750e+00
-1.393872141838073730e+00
-3.412632048130035400e-01
6.741872429847717285e-01
1.309161782264709473e+00
1.445102930068969727e+00
1.242141604423522949e+00
1.049696326255798340e+00
1.144891858100891113e+00
1.549496173858642578e+00
1.988990306854248047e+00
2.090562820434570312e+00
1.621053934097290039e+00
6.636712551116943359e-01
-4.270772039890289307e-01
-1.214610099792480469e+00
-1.427811384201049805e+00
-1.091668248176574707e+00
-5.073419809341430664e-01
-7.250808179378509521e-02
-6.597775965929031372e-02
-4.823243916034698486e-01
-1.020018577575683594e+00
-1.230460643768310547e+00
-7.735524177551269531e-01
3.543851673603057861e-01
1.762881517410278320e+00
2.839956283569335938e+00
3.085962533950805664e+00
2.405674219131469727e+00
1.171626448631286621e+00
-8.737760595977306366e-03
-6.606053709983825684e-01
-7.211565375328063965e-01
-5.054104924201965332e-01
-4.283342361450195312e-01
-6.612492203712463379e-01
-1.028143167495727539e+00
-1.170492053031921387e+00
-8.834949135780334473e-01
-3.011001646518707275e-01
1.843207627534866333e-01
2.434922605752944946e-01
-1.284604072570800781e-01
-5.900900959968566895e-01
-7.307527065277099609e-01
-3.818248212337493896e-01
2.420513033866882324e-01
7.256940007209777832e-01
7.613195776939392090e-01
3.773179650306701660e-01
-1.295334696769714355e-01
-4.380224049091339111e-01
-4.571841657161712646e-01
-3.419376909732818604e-01
-3.218561708927154541e-01
-4.697849452495574951e-01
-6.482805013656616211e-01
-6.391441822052001953e-01
-3.617433011531829834e-01
4.497647285461425781e-02
3.215802609920501709e-01
3.019586205482482910e-01
3.590146452188491821e-02
-2.574113607406616211e-01
-3.766128122806549072e-01
-2.845750749111175537e-01
-1.109542325139045715e-01
-1.609587483108043671e-02
-5.218129232525825500e-02
-1.364623606204986572e-01
-1.460585743188858032e-01
-3.912064060568809509e-02
1.157370060682296753e-01
2.073761820793151855e-01
1.886436492204666138e-01
1.028909608721733093e-01
3.691320493817329407e-02
3.461379557847976685e-02
9.035151451826095581e-02
1.906977891921997070e-01
3.834497332572937012e-01
7.393678426742553711e-01
1.268569588661193848e+00
1.816381216049194336e+00
2.114568710327148438e+00
1.917647242546081543e+00
1.208049058914184570e+00
2.276110053062438965e-01
-6.302837729454040527e-01
-1.078239679336547852e+00
-1.071034789085388184e+00
-8.153097033500671387e-01
-5.615161061286926270e-01
-4.514509737491607666e-01
-4.285488426685333252e-01
-3.731177151203155518e-01
-2.104420661926269531e-01
-1.401107572019100189e-02
1.053743287920951843e-01
7.722953706979751587e-02
-2.323937788605690002e-02
-8.182836323976516724e-02
-1.680102758109569550e-02
9.752567112445831299e-02
1.297480762004852295e-01
-4.261574521660804749e-02
-3.786976039409637451e-01
-7.475537657737731934e-01
-9.667949080467224121e-01
-9.765443801879882812e-01
-8.056828379631042480e-01
-5.879439711570739746e-01
-4.068730473518371582e-01
-3.150499165058135986e-01
-2.649841010570526123e-01
-2.151328623294830322e-01
-7.955960929393768311e-02
1.742340177297592163e-01
5.734730362892150879e-01
1.019006848335266113e+00
1.362354874610900879e+00
1.383999943733215332e+00
1.007938981056213379e+00
3.114321827888488770e-01
-4.036538898944854736e-01
-8.674296736717224121e-01
-9.449351429939270020e-01
-8.108335137367248535e-01
-7.237318754196166992e-01
-8.786508440971374512e-01
-1.134989142417907715e+00
-1.183184742927551270e+00
-7.125107049942016602e-01
2.063644528388977051e-01
1.188642024993896484e+00
1.678477883338928223e+00
1.436089277267456055e+00
6.358943581581115723e-01
-1.488178670406341553e-01
-4.389421641826629639e-01
-8.805210143327713013e-02
5.393190979957580566e-01
9.485222697257995605e-01
7.793162465095520020e-01
1.405399888753890991e-01
-6.040092110633850098e-01
-1.010023832321166992e+00
-9.466214179992675781e-01
-5.234378576278686523e-01
-6.091905385255813599e-02
2.437988519668579102e-01
2.906761765480041504e-01
1.672131419181823730e-01
-6.870639324188232422e-02
-2.944778501987457275e-01
-4.316453635692596436e-01
-3.055150210857391357e-01
1.487872004508972168e-01
8.992535471916198730e-01
1.638713359832763672e+00
2.028815984725952148e+00
1.790505170822143555e+00
1.014407992362976074e+00
9.688183665275573730e-03
-7.810025215148925781e-01
-1.171197175979614258e+00
-1.198268890380859375e+00
-1.137012600898742676e+00
-1.138882756233215332e+00
