-9.227583408355712891e-01
-9.250575304031372070e-01
-1.253551721572875977e+00
-1.075437664985656738e+00
-3.723221719264984131e-01
5.070393085479736328e-01
1.167117238044738770e+00
1.313473820686340332e+00
1.032543778419494629e+00
5.832712054252624512e-01
2.914200425148010254e-01
2.154036760330200195e-01
2.595190405845642090e-01
2.036922723054885864e-01
2.069254778325557709e-02
-2.102305442094802856e-01
-2.871809601783752441e-01
-1.822812408208847046e-01
2.967368997633457184e-02
1.358667016029357910e-01
7.407645136117935181e-02
-1.179762631654739380e-01
-2.427781969308853149e-01
-2.195709347724914551e-01
-4.713302850723266602e-02
1.057619154453277588e-01
1.533260345458984375e-01
4.605529084801673889e-02
-1.243708357214927673e-01
-3.466720283031463623e-01
-6.064784526824951172e-01
-9.509232044219970703e-01
-1.255347967147827148e+00
-1.326622247695922852e+00
-9.167948365211486816e-01
-5.726375430822372437e-02
9.647900462150573730e-01
1.632915139198303223e+00
1.638806700706481934e+00
1.030675768852233887e+00
3.063646852970123291e-01
-1.990220881998538971e-02
2.979583144187927246e-01
9.615568518638610840e-01
1.433461904525756836e+00
1.254270195960998535e+00
4.622054398059844971e-01
-5.303902626037597656e-01
-1.176601290702819824e+00
-1.269142985343933105e+00
-9.696039557456970215e-01
-6.875961422920227051e-01
-6.445584893226623535e-01
-7.698633670806884766e-01
-7.254606485366821289e-01
-2.871091067790985107e-01
5.104880332946777344e-01
1.334741234779357910e+00
1.881728649139404297e+00
2.032539844512939453e+00
1.933819293975830078e+00
1.728761792182922363e+00
1.412266373634338379e+00
7.744617462158203125e-01
-3.056461811065673828e-01
-1.653535842895507812e+00
-2.719633102416992188e+00
-2.926630496978759766e+00
-2.050071239471435547e+00
-4.897955060005187988e-01
9.518572092056274414e-01
1.526650190353393555e+00
1.040303468704223633e+00
-7.350165396928787231e-02
-1.051296472549438477e+00
-1.345015645027160645e+00
-9.323861002922058105e-01
-2.677098512649536133e-01
1.314838975667953491e-01
6.681969016790390015e-02
-2.197864800691604614e-01
-2.963058054447174072e-01
7.946513593196868896e-02
7.391837835311889648e-01
1.210801482200622559e+00
1.077665090560913086e+00
2.934318184852600098e-01
-7.398304343223571777e-01
-1.436407685279846191e+00
-1.382161617279052734e+00
-6.115797758102416992e-01
4.471171200275421143e-01
1.219926357269287109e+00
1.343291282653808594e+00
8.134039640426635742e-01
-2.737451717257499695e-02
-7.485960721969604492e-01
-1.017383575439453125e+00
-7.654805779457092285e-01
-1.199161931872367859e-01
6.476480364799499512e-01
1.285883784294128418e+00
1.569975256919860840e+00
1.395453691482543945e+00
7.436384558677673340e-01
-2.271869331598281860e-01
-1.250390291213989258e+00
-1.957744956016540527e+00
-2.081612825393676758e+00
-1.524063706398010254e+00
-4.887896180152893066e-01
6.644607186317443848e-01
1.509047150611877441e+00
1.800610899925231934e+00
1.478870511054992676e+00
7.164794802665710449e-01
-2.710867524147033691e-01
-1.230272531509399414e+00
-1.991442203521728516e+00
-2.371093034744262695e+00
-2.278838634490966797e+00
-1.676814913749694824e+00
-7.401896715164184570e-01
2.533400058746337891e-01
9.433071613311767578e-01
1.166901707649230957e+00
9.715439081192016602e-01
6.684842705726623535e-01
5.321865081787109375e-01
6.954277157783508301e-01
9.734838008880615234e-01
1.103171467781066895e+00
8.714580535888671875e-01
3.790041506290435791e-01
-1.107195019721984863e-01
-2.827981710433959961e-01
-9.620597958564758301e-02
2.764754295349121094e-01
4.976270496845245361e-01
4.124139845371246338e-01
6.998104602098464966e-02
-2.414849102497100830e-01
-3.135495781898498535e-01
-9.081729501485824585e-02
2.150444388389587402e-01
3.840335905551910400e-01
2.649795711040496826e-01
-4.670193046331405640e-02
-3.904281556606292725e-01
-5.782417654991149902e-01
-5.863606929779052734e-01
-4.366271495819091797e-01
-2.265402972698211670e-01
8.981141261756420135e-03
1.757429689168930054e-01
1.912623792886734009e-01
-7.522603869438171387e-02
-6.039637327194213867e-01
-1.237960457801818848e+00
-1.642974019050598145e+00
-1.587506413459777832e+00
-1.059846520423889160e+00
-3.949546515941619873e-01
-4.957589786499738693e-03
-1.475062519311904907e-01
-6.485102176666259766e-01
-1.059990167617797852e+00
-9.096817970275878906e-01
-1.163237392902374268e-01
9.844048619270324707e-01
1.792492032051086426e+00
1.907019495964050293e+00
1.335747122764587402e+00
5.285940170288085938e-01
9.987028315663337708e-03
8.226724714040756226e-02
6.104301810264587402e-01
1.192479968070983887e+00
1.397249937057495117e+00
1.059559106826782227e+00
3.102445304393768311e-01
-4.947530925273895264e-01
-9.961881637573242188e-01
-9.545156359672546387e-01
-3.601078093051910400e-01
5.894502401351928711e-01
1.523416996002197266e+00
2.045544624328613281e+00
1.892146706581115723e+00
1.101590752601623535e+00
3.053587861359119415e-02
-8.009021878242492676e-01
-1.007037401199340820e+00
-5.712724328041076660e-01
1.347889602184295654e-01
5.951263308525085449e-01
4.950404763221740723e-01
-8.197985589504241943e-02
-7.215089201927185059e-01
-9.959007501602172852e-01
-7.466561198234558105e-01
-1.872388273477554321e-01
2.959465384483337402e-01
3.993374407291412354e-01
1.035345941781997681e-01
-4.072408378124237061e-01
-8.910010457038879395e-01
-1.241265535354614258e+00
-1.445819973945617676e+00
-1.524135470390319824e+00
-1.394735217094421387e+00
-9.669455289840698242e-01
-2.236663252115249634e-01
6.320567727088928223e-01
1.297595262527465820e+00
1.502149701118469238e+00
1.248881459236145020e+00
