-8.395640850067138672e-01
-8.323996663093566895e-01
2.810139954090118408e-01
1.391297578811645508e+00
1.880915760993957520e+00
1.405904650688171387e+00
3.942542970180511475e-01
-5.221017599105834961e-01
-7.549816966056823730e-01
-4.013492166996002197e-01
1.318122595548629761e-01
3.020204901695251465e-01
1.103188619017601013e-01
-1.456542909145355225e-01
1.766771264374256134e-02
5.824780464172363281e-01
1.188675284385681152e+00
1.211559891700744629e+00
4.894790947437286377e-01
-6.862584352493286133e-01
-1.582860112190246582e+00
-1.768997073173522949e+00
-1.268110513687133789e+00
-6.990571022033691406e-01
-5.913814306259155273e-01
-1.109587907791137695e+00
-1.747781872749328613e+00
-1.882863402366638184e+00
-1.106805682182312012e+00
2.898478507995605469e-01
1.670642137527465820e+00
2.349875211715698242e+00
2.178832292556762695e+00
1.427050352096557617e+00
6.426456570625305176e-01
1.002329662442207336e-01
-2.103431522846221924e-01
-5.774003267288208008e-01
-1.113622307777404785e+00
-1.707368731498718262e+00
-1.977392554283142090e+00
-1.684136390686035156e+00
-8.421377539634704590e-01
1.575486958026885986e-01
8.941670656204223633e-01
1.101936578750610352e+00
9.018184542655944824e-01
6.047365665435791016e-01
5.452645421028137207e-01
7.829439640045166016e-01
1.146453619003295898e+00
1.316592335700988770e+00
1.103605985641479492e+00
5.276663899421691895e-01
-1.611656993627548218e-01
-6.797199845314025879e-01
-8.509020805358886719e-01
-7.123426795005798340e-01
-4.384235739707946777e-01
-2.350362092256546021e-01
-1.971271485090255737e-01
-3.026465177536010742e-01
-4.645773470401763916e-01
-6.285949349403381348e-01
-8.006116747856140137e-01
-9.845228195190429688e-01
-1.111535549163818359e+00
-1.011302590370178223e+00
-5.442211627960205078e-01
2.584076821804046631e-01
1.082738637924194336e+00
1.497095108032226562e+00
1.192361831665039062e+00
2.857439517974853516e-01
-7.137338519096374512e-01
-1.158904552459716797e+00
-7.486519217491149902e-01
2.760058343410491943e-01
1.216498494148254395e+00
1.454038739204406738e+00
8.450592160224914551e-01
-1.016936823725700378e-01
-6.617740392684936523e-01
-3.842379450798034668e-01
4.836362302303314209e-01
1.239730834960937500e+00
1.198900341987609863e+00
3.018118143081665039e-01
-8.936105966567993164e-01
-1.550933003425598145e+00
-1.272423028945922852e+00
-3.155843019485473633e-01
5.451254248619079590e-01
7.129687070846557617e-01
1.525405198335647583e-01
-5.330919027328491211e-01
-7.040652632713317871e-01
-1.456542909145355225e-01
6.556529402732849121e-01
1.006920456886291504e+00
5.214757323265075684e-01
-4.235381782054901123e-01
-1.026813983917236328e+00
-6.018151640892028809e-01
7.516428828239440918e-01
2.231696367263793945e+00
2.798802137374877930e+00
2.016623258590698242e+00
3.011857867240905762e-01
-1.271727442741394043e+00
-1.805445432662963867e+00
-1.103605985641479492e+00
1.548359394073486328e-01
1.026535749435424805e+00
8.961842656135559082e-01
-5.008170381188392639e-02
-1.116335034370422363e+00
-1.562618732452392578e+00
-1.197926521301269531e+00
-3.628141283988952637e-01
3.297045528888702393e-01
5.563242435455322266e-01
4.151912331581115723e-01
3.364516794681549072e-01
6.060581803321838379e-01
1.165095210075378418e+00
1.583346962928771973e+00
1.462733507156372070e+00
7.012829780578613281e-01
-3.596144616603851318e-01
-1.228045105934143066e+00
-1.560810208320617676e+00
-1.420303225517272949e+00
-1.135602593421936035e+00
-1.050533294677734375e+00
-1.220741510391235352e+00
-1.413208246231079102e+00
-1.293777346611022949e+00
-7.303581833839416504e-01
1.119186952710151672e-01
8.685002326965332031e-01
1.252251267433166504e+00
1.230062246322631836e+00
1.004555463790893555e+00
8.132016658782958984e-01
7.275758385658264160e-01
6.282471418380737305e-01
3.356169760227203369e-01
-1.681215018033981323e-01
-7.003091573715209961e-01
-9.674115777015686035e-01
-8.186271786689758301e-01
-3.241399228572845459e-01
2.493651509284973145e-01
6.940489411354064941e-01
9.605948925018310547e-01
1.196604967117309570e+00
1.491043567657470703e+00
1.784995436668395996e+00
1.799115657806396484e+00
1.333912253379821777e+00
4.103917479515075684e-01
-5.789305567741394043e-01
-1.195213794708251953e+00
-1.167042851448059082e+00
-6.958574652671813965e-01
-2.163946926593780518e-01
-1.720862984657287598e-01
-5.739223957061767578e-01
-1.103953719139099121e+00
-1.252042531967163086e+00
-8.320518732070922852e-01
-3.477896098047494888e-04
7.318189144134521484e-01
1.011789560317993164e+00
7.302886247634887695e-01
1.971967071294784546e-01
-2.903347611427307129e-01
-5.118767619132995605e-01
-5.815042257308959961e-01
-6.055017113685607910e-01
-6.909188032150268555e-01
-6.796504259109497070e-01
-5.045036077499389648e-01
-1.311166882514953613e-01
1.729209870100021362e-01
2.268979400396347046e-01
-9.849401563405990601e-02
-5.719052553176879883e-01
-9.893918633460998535e-01
-1.149375081062316895e+00
-1.198830723762512207e+00
-1.251903414726257324e+00
-1.416477560997009277e+00
-1.415642857551574707e+00
-1.018258452415466309e+00
-6.566267460584640503e-02
1.062775492668151855e+00
1.868951797485351562e+00
1.844467401504516602e+00
1.108822822570800781e+00
1.142141073942184448e-01
-4.327893853187561035e-01
-3.345040380954742432e-01
2.150730937719345093e-01
5.739223957061767578e-01
4.513613581657409668e-01
-9.230335801839828491e-02
-4.512222409248352051e-01
-2.411573082208633423e-01
5.954158306121826172e-01
1.451395630836486816e+00
1.768092751502990723e+00
1.205021381378173828e+00
1.581747084856033325e-01
-8.234962224960327148e-01
-1.188814401626586914e+00
