-1.802712529897689819e-01
-1.917842775583267212e-01
-2.089643329381942749e-01
-3.901900351047515869e-01
-3.470012843608856201e-01
2.493493817746639252e-02
5.253039598464965820e-01
7.062910795211791992e-01
3.720555305480957031e-01
-3.051249086856842041e-01
-7.756078243255615234e-01
-6.170502305030822754e-01
2.237582653760910034e-01
1.286774039268493652e+00
2.030765771865844727e+00
2.134203910827636719e+00
1.772647380828857422e+00
1.329783797264099121e+00
1.123324871063232422e+00
1.076974630355834961e+00
9.019528031349182129e-01
3.248103857040405273e-01
-5.683137774467468262e-01
-1.440320730209350586e+00
-1.897978305816650391e+00
-1.852105140686035156e+00
-1.483151555061340332e+00
-1.109843373298645020e+00
-8.498757481575012207e-01
-6.227769255638122559e-01
-2.476194500923156738e-01
2.497072964906692505e-01
6.438344120979309082e-01
6.392411589622497559e-01
2.079502195119857788e-01
-3.727713525295257568e-01
-6.763452887535095215e-01
-5.248864293098449707e-01
-1.339208930730819702e-01
1.401844620704650879e-02
-3.777225613594055176e-01
-1.146828174591064453e+00
-1.708639740943908691e+00
-1.535288333892822266e+00
-5.872237682342529297e-01
5.584710240364074707e-01
1.116524457931518555e+00
6.634602546691894531e-01
-5.066922307014465332e-01
-1.593271017074584961e+00
-1.858428359031677246e+00
-1.167945384979248047e+00
-5.064536631107330322e-02
7.331945300102233887e-01
7.746533751487731934e-01
2.809654474258422852e-01
-1.771692931652069092e-01
-1.948862224817276001e-01
9.729398041963577271e-02
1.666107177734375000e-01
-4.240728914737701416e-01
-1.531052947044372559e+00
-2.430798530578613281e+00
-2.293835401535034180e+00
-8.510091304779052734e-01
1.334257841110229492e+00
3.147111415863037109e+00
3.662274360656738281e+00
2.714567661285400391e+00
1.011594891548156738e+00
-4.084438383579254150e-01
-8.272076249122619629e-01
-2.968331277370452881e-01
5.522671341896057129e-01
9.936394095420837402e-01
7.537151575088500977e-01
7.385036349296569824e-02
-5.269742608070373535e-01
-7.347455024719238281e-01
-5.961120724678039551e-01
-4.363017678260803223e-01
-4.716759622097015381e-01
-6.433572173118591309e-01
-6.282650232315063477e-01
-1.956617087125778198e-01
5.947996973991394043e-01
1.332826137542724609e+00
1.589990019798278809e+00
1.188167691230773926e+00
3.922778666019439697e-01
-3.210522532463073730e-01
-5.300762057304382324e-01
-1.874892562627792358e-01
4.574189186096191406e-01
1.008970141410827637e+00
1.251340150833129883e+00
1.169019103050231934e+00
9.243226647377014160e-01
6.150816679000854492e-01
2.749404907226562500e-01
-1.316540837287902832e-01
-5.169525742530822754e-01
-7.189375162124633789e-01
-5.423647165298461914e-01
-1.449566986411809921e-02
6.212259531021118164e-01
9.568931460380554199e-01
7.421424984931945801e-01
-4.175707290414720774e-04
-9.155536890029907227e-01
-1.608363151550292969e+00
-1.824485898017883301e+00
-1.630613684654235840e+00
-1.244420409202575684e+00
-9.066653847694396973e-01
-6.802823543548583984e-01
-5.400382876396179199e-01
-4.319470822811126709e-01
-4.197778999805450439e-01
-5.576955676078796387e-01
-8.214809298515319824e-01
-9.740732312202453613e-01
-7.318822145462036133e-01
6.376901268959045410e-02
1.208807587623596191e+00
2.241042375564575195e+00
2.653960227966308594e+00
2.270212888717651367e+00
1.319225311279296875e+00
3.295826017856597900e-01
-2.596096992492675781e-01
-3.208136260509490967e-01
-9.622022509574890137e-02
7.349245250225067139e-02
-6.382866762578487396e-03
-2.265619486570358276e-01
-3.310142755508422852e-01
-1.183514744043350220e-01
3.609600663185119629e-01
8.732000589370727539e-01
1.157327055931091309e+00
1.131497383117675781e+00
9.083356261253356934e-01
6.988940834999084473e-01
6.323214173316955566e-01
6.901251077651977539e-01
7.278854250907897949e-01
6.034493446350097656e-01
2.601465582847595215e-01
-2.326465547084808350e-01
-7.149407267570495605e-01
-9.971588850021362305e-01
-9.240840077400207520e-01
-4.518115222454071045e-01
2.988016903400421143e-01
1.033308625221252441e+00
1.397847890853881836e+00
1.153926849365234375e+00
3.597073554992675781e-01
-6.338723897933959961e-01
-1.345114588737487793e+00
-1.475575685501098633e+00
-1.068444252014160156e+00
-4.970881342887878418e-01
-1.589751392602920532e-01
-2.273374348878860474e-01
-5.086607933044433594e-01
-6.611337661743164062e-01
-4.470989406108856201e-01
3.251086547970771790e-02
4.576575160026550293e-01
4.986391067504882812e-01
1.181128621101379395e-01
-4.698863923549652100e-01
-9.322564601898193359e-01
-1.134479999542236328e+00
-1.143785834312438965e+00
-1.167587399482727051e+00
-1.255933403968811035e+00
-1.285342335700988770e+00
-1.003840088844299316e+00
-3.458082079887390137e-01
5.195773243904113770e-01
1.196877002716064453e+00
1.408764362335205078e+00
1.104653596878051758e+00
5.410523414611816406e-01
-2.409979701042175293e-02
-4.484113156795501709e-01
-8.349624872207641602e-01
-1.264284849166870117e+00
-1.697126746177673340e+00
-1.840651750564575195e+00
-1.452370643615722656e+00
-4.963722825050354004e-01
6.438940763473510742e-01
1.459469318389892578e+00
1.536362051963806152e+00
9.310037493705749512e-01
2.547181397676467896e-02
-6.302931904792785645e-01
-7.634982466697692871e-01
-3.844633400440216064e-01
1.869523823261260986e-01
6.840404868125915527e-01
9.253367185592651367e-01
9.474083185195922852e-01
7.791273593902587891e-01
5.060957074165344238e-01
1.513395607471466064e-01
-1.322506219148635864e-01
-2.272777855396270752e-01
-2.189263701438903809e-02
3.393060564994812012e-01
6.126359105110168457e-01
4.939265251159667969e-01
-3.191433474421501160e-02
