8.441515564918518066e-01
8.637044429779052734e-01
-6.381352245807647705e-02
-9.781777262687683105e-01
-1.528798937797546387e+00
-1.394061803817749023e+00
-6.940090656280517578e-01
2.133042514324188232e-01
7.669472694396972656e-01
7.222126722335815430e-01
1.283380538225173950e-01
-5.675670504570007324e-01
-9.940570592880249023e-01
-9.274587035179138184e-01
-5.466514229774475098e-01
-9.989748895168304443e-02
1.365147233009338379e-01
1.523347795009613037e-01
-1.949363760650157928e-02
-2.461294084787368774e-01
-5.403115153312683105e-01
-8.456920981407165527e-01
-1.126779675483703613e+00
-1.182179570198059082e+00
-9.042322635650634766e-01
-2.530618011951446533e-01
5.419113039970397949e-01
1.228217720985412598e+00
1.565712451934814453e+00
1.582006573677062988e+00
1.405556559562683105e+00
1.245756030082702637e+00
1.132290005683898926e+00
1.023030877113342285e+00
7.982911467552185059e-01
4.948066174983978271e-01
2.130080014467239380e-01
1.237164661288261414e-01
2.359974533319473267e-01
4.512569904327392578e-01
5.603384375572204590e-01
4.646477699279785156e-01
1.778720468282699585e-01
-1.318338811397552490e-01
-3.270072638988494873e-01
-3.095281720161437988e-01
-1.076593920588493347e-01
2.305463403463363647e-01
6.011032462120056152e-01
8.933300375938415527e-01
9.343911409378051758e-01
6.078578829765319824e-01
-8.840276300907135010e-02
-9.114016890525817871e-01
-1.496388554573059082e+00
-1.521866559982299805e+00
-9.879541993141174316e-01
-2.199996411800384521e-01
2.986851930618286133e-01
2.965521514415740967e-01
-8.502544462680816650e-02
-3.648095130920410156e-01
-9.373536705970764160e-02
7.903515100479125977e-01
1.855746984481811523e+00
2.465797185897827148e+00
2.208884000778198242e+00
1.191541194915771484e+00
-5.776990205049514771e-02
-9.663274884223937988e-01
-1.298489570617675781e+00
-1.229936003684997559e+00
-1.101538658142089844e+00
-1.072683334350585938e+00
-9.720156192779541016e-01
-5.100933909416198730e-01
3.856066763401031494e-01
1.353830218315124512e+00
1.796673536300659180e+00
1.296356558799743652e+00
7.110141450539231300e-04
-1.404845476150512695e+00
-2.103535413742065430e+00
-1.712418317794799805e+00
-5.307128429412841797e-01
6.482671499252319336e-01
1.104738235473632812e+00
6.339283585548400879e-01
-3.490487039089202881e-01
-1.191541194915771484e+00
-1.476539373397827148e+00
-1.305184960365295410e+00
-1.102190494537353516e+00
-1.226499438285827637e+00
-1.598063588142395020e+00
-1.779490709304809570e+00
-1.314191222190856934e+00
-1.826121360063552856e-01
1.119788050651550293e+00
1.871685504913330078e+00
1.668157696723937988e+00
7.181835770606994629e-01
-2.548393309116363525e-01
-5.495547056198120117e-01
2.719629183411598206e-02
9.842805862426757812e-01
1.535672068595886230e+00
1.164167165756225586e+00
3.981679305434226990e-02
-1.106989860534667969e+00
-1.497692108154296875e+00
-8.885307312011718750e-01
2.716073989868164062e-01
1.159841895103454590e+00
1.197821855545043945e+00
4.417175650596618652e-01
-4.886444807052612305e-01
-9.134754538536071777e-01
-5.931635499000549316e-01
1.241312250494956970e-01
6.312028169631958008e-01
5.762769579887390137e-01
1.356259584426879883e-01
-1.489574611186981201e-01
1.385885179042816162e-01
9.176230430603027344e-01
1.629288911819458008e+00
1.681844711303710938e+00
9.075503349304199219e-01
-2.602311968803405762e-01
-1.119077086448669434e+00
-1.191719055175781250e+00
-5.823206305503845215e-01
1.669105738401412964e-01
4.834896326065063477e-01
2.100454419851303101e-01
-3.572253584861755371e-01
-7.338258624076843262e-01
-6.887357234954833984e-01
-3.505299985408782959e-01
-9.758669137954711914e-02
-1.608076989650726318e-01
-4.937400817871093750e-01
-8.102598786354064941e-01
-9.332060813903808594e-01
-9.080243706703186035e-01
-9.908574819564819336e-01
-1.315316915512084961e+00
-1.769951224327087402e+00
-1.992794990539550781e+00
-1.751701951026916504e+00
-1.113566637039184570e+00
-5.085529088973999023e-01
-3.108909428119659424e-01
-5.952966213226318359e-01
-9.496779441833496094e-01
-8.769174814224243164e-01
-1.062373667955398560e-01
1.058937072753906250e+00
2.036936998367309570e+00
2.292131900787353516e+00
1.827365636825561523e+00
1.055204272270202637e+00
5.698186159133911133e-01
5.837426185607910156e-01
9.232519268989562988e-01
1.106338024139404297e+00
8.981886506080627441e-01
3.881544768810272217e-01
3.098836727440357208e-02
1.137622669339179993e-01
6.213079094886779785e-01
1.087377667427062988e+00
1.089569926261901855e+00
4.561156034469604492e-01
-4.414213001728057861e-01
-1.077008724212646484e+00
-9.965456128120422363e-01
-2.812061011791229248e-01
6.786630153656005859e-01
1.287883639335632324e+00
1.302755713462829590e+00
7.991799116134643555e-01
2.509287595748901367e-01
4.485314339399337769e-02
4.039745628833770752e-01
1.094784021377563477e+00
1.744769573211669922e+00
1.886557579040527344e+00
1.405971288681030273e+00
4.203278720378875732e-01
-5.865274667739868164e-01
-1.235920429229736328e+00
-1.279469966888427734e+00
-9.399607181549072266e-01
-5.798320770263671875e-01
-6.302548050880432129e-01
-1.073572158813476562e+00
-1.611454367637634277e+00
-1.658440589904785156e+00
-9.758077263832092285e-01
2.836354076862335205e-01
1.407393336296081543e+00
1.774335861206054688e+00
1.090162515640258789e+00
-1.779312938451766968e-01
-1.286224603652954102e+00
-1.518548488616943359e+00
-8.688592910766601562e-01
1.801828444004058838e-01
8.130447268486022949e-01
6.740414500236511230e-01
-1.041635721921920776e-01
-8.307015299797058105e-01
-9.734969139099121094e-01
-3.329916298389434814e-01
6.630207300186157227e-01
