-1.521606206893920898e+00
-1.516727924346923828e+00
-9.438254833221435547e-01
-2.928700447082519531e-01
2.520462572574615479e-01
5.319074392318725586e-01
6.126992106437683105e-01
5.651997923851013184e-01
5.595512390136718750e-01
6.396583318710327148e-01
8.642319440841674805e-01
1.127318620681762695e+00
1.343590497970581055e+00
1.333234786987304688e+00
1.070832848548889160e+00
5.871950387954711914e-01
1.246965676546096802e-01
-1.303451359272003174e-01
-2.678793855011463165e-02
3.093878328800201416e-01
6.750902533531188965e-01
7.798456549644470215e-01
5.469703078269958496e-01
1.651780121028423309e-02
-5.712763071060180664e-01
-1.049008846282958984e+00
-1.268447399139404297e+00
-1.254325985908508301e+00
-1.029410004615783691e+00
-7.127474546432495117e-01
-3.762293159961700439e-01
-1.603852957487106323e-01
-1.092057824134826660e-01
-2.400644272565841675e-01
-4.042154252529144287e-01
-4.722550809383392334e-01
-3.347208499908447266e-01
-8.721057325601577759e-02
1.359937191009521484e-01
2.013802528381347656e-01
2.024072706699371338e-01
3.150364160537719727e-01
6.946035027503967285e-01
1.184831380844116211e+00
1.400504231452941895e+00
9.115601778030395508e-01
-3.239372074604034424e-01
-1.868651270866394043e+00
-2.935889482498168945e+00
-2.935718297958374023e+00
-1.836300373077392578e+00
-2.619740664958953857e-01
9.478479623794555664e-01
1.245596289634704590e+00
7.396209836006164551e-01
3.337794216349720955e-03
-3.623646199703216553e-01
-1.892272531986236572e-01
2.267988324165344238e-01
4.332285821437835693e-01
2.607758641242980957e-01
-4.698587208986282349e-02
-5.323353782296180725e-02
4.456383287906646729e-01
1.191763639450073242e+00
1.632095813751220703e+00
1.337770819664001465e+00
3.742608726024627686e-01
-7.309769392013549805e-01
-1.338455438613891602e+00
-1.172849535942077637e+00
-4.630975425243377686e-01
2.272267639636993408e-01
4.672056138515472412e-01
2.043756991624832153e-01
-2.145602554082870483e-01
-4.066973924636840820e-01
-1.989838778972625732e-01
2.219205200672149658e-01
5.622899532318115234e-01
6.070505976676940918e-01
4.308322072029113770e-01
2.212358415126800537e-01
1.691149026155471802e-01
2.439157366752624512e-01
3.342073559761047363e-01
2.926988899707794189e-01
1.636375039815902710e-01
5.212093889713287354e-02
1.030436977744102478e-01
2.661677002906799316e-01
4.103775322437286377e-01
3.128112256526947021e-01
-6.701263785362243652e-02
-6.638786792755126953e-01
-1.222916483879089355e+00
-1.562515616416931152e+00
-1.527597188949584961e+00
-1.168484687805175781e+00
-5.593800544738769531e-01
8.575563877820968628e-02
6.055957078933715820e-01
7.771069407463073730e-01
5.480829477310180664e-01
-5.879652872681617737e-02
-7.621296644210815430e-01
-1.280258059501647949e+00
-1.331009626388549805e+00
-9.572622776031494141e-01
-3.752022981643676758e-01
-6.675588432699441910e-03
-5.913886800408363342e-02
-5.228354930877685547e-01
-9.990274906158447266e-01
-1.096251487731933594e+00
-5.351596474647521973e-01
4.864621162414550781e-01
1.546425700187683105e+00
2.083810567855834961e+00
1.906479597091674805e+00
1.152138113975524902e+00
3.616799414157867432e-01
-3.902651742100715637e-02
1.588447690010070801e-01
6.631084680557250977e-01
1.079733610153198242e+00
1.047040343284606934e+00
6.593427062034606934e-01
2.221772819757461548e-01
1.530250310897827148e-01
4.739667773246765137e-01
9.249113202095031738e-01
9.991130828857421875e-01
5.058041810989379883e-01
-3.935173749923706055e-01
-1.104638695716857910e+00
-1.184489011764526367e+00
-5.223219990730285645e-01
4.015623033046722412e-01
1.006730079650878906e+00
8.804073929786682129e-01
2.090828567743301392e-01
-5.365290045738220215e-01
-8.351332545280456543e-01
-6.423969864845275879e-01
-2.402355968952178955e-01
-9.825097024440765381e-02
-3.395991623401641846e-01
-8.010706305503845215e-01
-1.099418044090270996e+00
-1.134507656097412109e+00
-1.071945428848266602e+00
-1.281456232070922852e+00
-1.806345701217651367e+00
-2.320451736450195312e+00
-2.204655885696411133e+00
-1.178754806518554688e+00
4.792730212211608887e-01
1.905880451202392578e+00
2.341077566146850586e+00
1.591100811958312988e+00
3.166625201702117920e-01
-5.173581242561340332e-01
-2.291952073574066162e-01
1.000482439994812012e+00
2.385752677917480469e+00
3.034568548202514648e+00
2.664073228836059570e+00
1.640483021736145020e+00
6.794551014900207520e-01
1.841777712106704712e-01
5.400379747152328491e-02
-1.761328279972076416e-01
-7.739403247833251953e-01
-1.570389389991760254e+00
-2.032288789749145508e+00
-1.788629770278930664e+00
-9.525551199913024902e-01
-1.252100765705108643e-01
1.036427915096282959e-01
-3.983100950717926025e-01
-1.141696810722351074e+00
-1.402986168861389160e+00
-7.408191561698913574e-01
6.486446857452392578e-01
2.092369079589843750e+00
2.893867492675781250e+00
2.779013156890869141e+00
1.985046148300170898e+00
1.009811162948608398e+00
2.565822303295135498e-01
-1.668897122144699097e-01
-3.566304743289947510e-01
-4.442689716815948486e-01
-4.547102749347686768e-01
-3.825625777244567871e-01
-2.602623701095581055e-01
-2.216637730598449707e-01
-3.589412569999694824e-01
-6.460771560668945312e-01
-8.834028840065002441e-01
-8.984657526016235352e-01
-6.521536111831665039e-01
-3.321533203125000000e-01
-1.402729451656341553e-01
-1.633807420730590820e-01
-2.379248142242431641e-01
-1.681734770536422729e-01
1.267505884170532227e-01
4.316024780273437500e-01
4.642101526260375977e-01
6.144964694976806641e-02
-5.467135906219482422e-01
-9.416003227233886719e-01
-7.294363975524902344e-01
5.751276016235351562e-02
1.052004218101501465e+00
