4.810537099838256836e-01
4.815252423286437988e-01
2.631073594093322754e-01
1.584302335977554321e-01
1.555487364530563354e-01
2.528387308120727539e-01
2.880978286266326904e-01
1.848352700471878052e-01
-1.582206785678863525e-01
-6.521101593971252441e-01
-1.217356085777282715e+00
-1.670537829399108887e+00
-1.959369182586669922e+00
-2.009402513504028320e+00
-1.875648498535156250e+00
-1.540503501892089844e+00
-1.074957489967346191e+00
-4.921605885028839111e-01
6.910366564989089966e-02
5.213947296142578125e-01
7.302250862121582031e-01
7.339972257614135742e-01
6.057965755462646484e-01
5.412509441375732422e-01
6.121358871459960938e-01
8.399841189384460449e-01
1.068827748298645020e+00
1.193518280982971191e+00
1.122004628181457520e+00
9.456566572189331055e-01
7.578350901603698730e-01
6.916653513908386230e-01
7.333685159683227539e-01
8.564872741699218750e-01
9.636791348457336426e-01
1.047766685485839844e+00
1.083602070808410645e+00
1.094813704490661621e+00
1.027438998222351074e+00
8.680656552314758301e-01
5.875121355056762695e-01
2.518433034420013428e-01
-1.048866808414459229e-01
-4.479426443576812744e-01
-8.359500169754028320e-01
-1.267861008644104004e+00
-1.666136980056762695e+00
-1.785640835762023926e+00
-1.418013453483581543e+00
-5.353831052780151367e-01
5.206612944602966309e-01
1.206668376922607422e+00
1.048762083053588867e+00
4.091733321547508240e-02
-1.313388705253601074e+00
-2.227767944335937500e+00
-2.167361259460449219e+00
-1.189588904380798340e+00
5.097639560699462891e-02
7.678417563438415527e-01
5.667129158973693848e-01
-2.567156553268432617e-01
-9.499003291130065918e-01
-8.217520713806152344e-01
2.579206526279449463e-01
1.792137265205383301e+00
3.011169910430908203e+00
3.397029161453247070e+00
2.973710298538208008e+00
2.184073925018310547e+00
1.492618203163146973e+00
1.034721255302429199e+00
5.993000864982604980e-01
-1.045723408460617065e-01
-1.108068585395812988e+00
-2.112350702285766602e+00
-2.678906440734863281e+00
-2.588427305221557617e+00
-1.989703536033630371e+00
-1.307154178619384766e+00
-9.019102454185485840e-01
-8.595259189605712891e-01
-9.603785276412963867e-01
-9.435086250305175781e-01
-7.075921893119812012e-01
-4.061346650123596191e-01
-2.447181344032287598e-01
-3.049153387546539307e-01
-4.212232530117034912e-01
-3.547391295433044434e-01
3.206326067447662354e-02
6.030198335647583008e-01
1.088683962821960449e+00
1.248528718948364258e+00
1.096542596817016602e+00
8.207566142082214355e-01
6.578207612037658691e-01
6.445134878158569336e-01
6.448802351951599121e-01
4.362594485282897949e-01
-2.032768912613391876e-02
-5.580683946609497070e-01
-8.427084684371948242e-01
-6.566157937049865723e-01
-2.829111414030194283e-03
8.306585550308227539e-01
1.496914267539978027e+00
1.726753354072570801e+00
1.508125901222229004e+00
9.850022792816162109e-01
4.050344526767730713e-01
-7.109452039003372192e-02
-3.503382802009582520e-01
-4.639218747615814209e-01
-4.555917084217071533e-01
-4.132598340511322021e-01
-3.819824159145355225e-01
-4.122120141983032227e-01
-4.807917475700378418e-01
-5.640409588813781738e-01
-6.083637475967407227e-01
-6.303679347038269043e-01
-6.671987771987915039e-01
-7.949802875518798828e-01
-1.006115794181823730e+00
-1.233335375785827637e+00
-1.329682350158691406e+00
-1.213374376296997070e+00
-8.935276865959167480e-01
-5.142695903778076172e-01
-2.188370078802108765e-01
-8.361595869064331055e-02
-3.059631586074829102e-02
6.889410316944122314e-02
3.123024702072143555e-01
6.493858098983764648e-01
9.402604103088378906e-01
1.034826040267944336e+00
9.145364165306091309e-01
6.830208301544189453e-01
5.067776441574096680e-01
4.671701192855834961e-01
5.222330093383789062e-01
5.336018204689025879e-01
3.939799666404724121e-01
1.033673435449600220e-01
-2.281101942062377930e-01
-4.760241806507110596e-01
-5.881408452987670898e-01
-6.138123869895935059e-01
-6.421558856964111328e-01
-7.078017592430114746e-01
-7.573112249374389648e-01
-6.816586852073669434e-01
-4.236856102943420410e-01
-3.148696199059486389e-02
3.335207998752593994e-01
5.093972086906433105e-01
4.160889387130737305e-01
1.389931887388229370e-01
-1.412983983755111694e-01
-2.154839783906936646e-01
5.448658950626850128e-03
4.778578579425811768e-01
1.001505374908447266e+00
1.357711553573608398e+00
1.359702348709106445e+00
9.869407415390014648e-01
3.374501168727874756e-01
-3.585636615753173828e-01
-8.975093960762023926e-01
-1.119123101234436035e+00
-1.029010653495788574e+00
-7.079589366912841797e-01
-3.317919075489044189e-01
-1.121166348457336426e-02
1.715803593397140503e-01
2.617975771427154541e-01
3.051249086856842041e-01
3.977521061897277832e-01
5.426654815673828125e-01
7.337352633476257324e-01
8.581637740135192871e-01
8.416082262992858887e-01
5.869358181953430176e-01
1.393075436353683472e-01
-4.156174063682556152e-01
-8.611500859260559082e-01
-1.060497641563415527e+00
-9.199851155281066895e-01
-5.701707005500793457e-01
-1.839970201253890991e-01
-4.819967318326234818e-03
-7.905794680118560791e-02
-3.511241674423217773e-01
-5.730522274971008301e-01
-5.880884528160095215e-01
-2.923938930034637451e-01
1.817965954542160034e-01
7.023531198501586914e-01
1.093346714973449707e+00
1.361378908157348633e+00
1.504563331604003906e+00
1.589751005172729492e+00
1.517713427543640137e+00
1.214684247970581055e+00
5.605831742286682129e-01
-3.306393027305603027e-01
-1.267756223678588867e+00
-1.897076368331909180e+00
-2.042146921157836914e+00
-1.638736605644226074e+00
-9.270054697990417480e-01
-1.556011289358139038e-01
3.817204833030700684e-01
6.402174234390258789e-01
6.344544291496276855e-01
