-6.227546930313110352e-01
-6.094259619712829590e-01
-5.531647801399230957e-01
-5.089696049690246582e-01
-4.891870021820068359e-01
-3.136221766471862793e-01
9.189794212579727173e-02
7.251285314559936523e-01
1.277311205863952637e+00
1.449181437492370605e+00
1.018079519271850586e+00
1.719169616699218750e-01
-7.232578396797180176e-01
-1.222733616828918457e+00
-1.220442056655883789e+00
-8.528503179550170898e-01
-4.611265659332275391e-01
-1.846376955509185791e-01
-7.576318923383951187e-03
2.502055764198303223e-01
5.588704347610473633e-01
7.254558801651000977e-01
4.375557899475097656e-01
-3.139495551586151123e-01
-1.203372001647949219e+00
-1.634988307952880859e+00
-1.273336052894592285e+00
-2.541340589523315430e-01
7.727377414703369141e-01
1.178024053573608398e+00
7.583801746368408203e-01
-1.557354442775249481e-02
-4.111322164535522461e-01
6.589526683092117310e-02
1.209498524665832520e+00
2.287814378738403320e+00
2.512718915939331055e+00
1.663843750953674316e+00
2.025496065616607666e-01
-1.004423499107360840e+00
-1.308738946914672852e+00
-6.463722586631774902e-01
4.654759168624877930e-01
1.349847435951232910e+00
1.583731174468994141e+00
1.197151899337768555e+00
5.137398838996887207e-01
-1.322582066059112549e-01
-5.865567326545715332e-01
-8.648695349693298340e-01
-9.979695677757263184e-01
-9.570948481559753418e-01
-6.762098073959350586e-01
-2.016142606735229492e-01
2.758341133594512939e-01
4.768404066562652588e-01
2.566594779491424561e-01
-2.958505749702453613e-01
-8.461158275604248047e-01
-1.060357213020324707e+00
-7.766194343566894531e-01
-1.656033694744110107e-01
4.309615790843963623e-01
6.615248918533325195e-01
4.420454502105712891e-01
-6.505345553159713745e-02
-4.968100786209106445e-01
-6.027849912643432617e-01
-3.240513205528259277e-01
1.049460470676422119e-01
4.170249104499816895e-01
4.274072647094726562e-01
2.543211281299591064e-01
1.333338618278503418e-01
3.055782020092010498e-01
7.006691694259643555e-01
1.038282990455627441e+00
9.193067550659179688e-01
2.488961070775985718e-01
-7.407020926475524902e-01
-1.504881381988525391e+00
-1.666790127754211426e+00
-1.191820383071899414e+00
-5.333354473114013672e-01
-1.759389638900756836e-01
-3.692286312580108643e-01
-8.191777467727661133e-01
-1.053061485290527344e+00
-7.162427306175231934e-01
-2.099856175482273102e-02
5.224853754043579102e-01
4.134705960750579834e-01
-2.552564740180969238e-01
-9.325419664382934570e-01
-9.012078046798706055e-01
-8.745503611862659454e-03
1.265292048454284668e+00
2.006508588790893555e+00
1.695318222045898438e+00
5.227659940719604492e-01
-5.876791477203369141e-01
-8.016867637634277344e-01
9.952102601528167725e-02
1.402086615562438965e+00
2.118609905242919922e+00
1.610388636589050293e+00
2.018481045961380005e-01
-1.193971753120422363e+00
-1.616749048233032227e+00
-8.670208454132080078e-01
5.433436632156372070e-01
1.693494319915771484e+00
2.031903266906738281e+00
1.542435646057128906e+00
7.140914201736450195e-01
-4.742214456200599670e-02
-5.722458958625793457e-01
-1.018126249313354492e+00
-1.444878816604614258e+00
-1.761914968490600586e+00
-1.684281110763549805e+00
-1.151881098747253418e+00
-3.700236678123474121e-01
1.803350895643234253e-01
2.138673216104507446e-01
-2.357077002525329590e-01
-7.438355088233947754e-01
-9.436258077621459961e-01
-7.115192413330078125e-01
-3.062329292297363281e-01
-3.601089818403124809e-03
8.268476277589797974e-02
1.484397202730178833e-01
3.627747297286987305e-01
6.882758140563964844e-01
7.669853568077087402e-01
2.908464670181274414e-01
-7.255026698112487793e-01
-1.761961817741394043e+00
-2.171270132064819336e+00
-1.574190735816955566e+00
-2.039994001388549805e-01
1.304155707359313965e+00
2.309701681137084961e+00
2.603494405746459961e+00
2.386306524276733398e+00
2.010483741760253906e+00
1.602251172065734863e+00
1.044316053390502930e+00
1.856665760278701782e-01
-8.495765924453735352e-01
-1.665106534957885742e+00
-1.869246244430541992e+00
-1.436413884162902832e+00
-7.790045738220214844e-01
-4.440564513206481934e-01
-6.772854924201965332e-01
-1.215812087059020996e+00
-1.524570465087890625e+00
-1.238915205001831055e+00
-4.950796961784362793e-01
2.074134200811386108e-01
4.088873863220214844e-01
1.055540218949317932e-01
-2.983760237693786621e-01
-3.123126924037933350e-01
1.733667552471160889e-01
8.555628061294555664e-01
1.251168251037597656e+00
1.174469709396362305e+00
8.170264959335327148e-01
5.998854637145996094e-01
7.098823785781860352e-01
9.982501268386840820e-01
1.086640477180480957e+00
8.399892449378967285e-01
4.628101885318756104e-01
4.115063548088073730e-01
8.574802875518798828e-01
1.526908874511718750e+00
1.764487266540527344e+00
1.165022730827331543e+00
-1.243545189499855042e-01
-1.321132302284240723e+00
-1.676283955574035645e+00
-9.413342475891113281e-01
2.931380569934844971e-01
1.146923661231994629e+00
9.694882035255432129e-01
-6.603556871414184570e-02
-1.272026538848876953e+00
-1.862324595451354980e+00
-1.663329362869262695e+00
-1.022007942199707031e+00
-5.881935954093933105e-01
-6.087712645530700684e-01
-9.080358147621154785e-01
-9.538679122924804688e-01
-5.015335679054260254e-01
3.243319094181060791e-01
9.790754914283752441e-01
1.094170093536376953e+00
5.990436077117919922e-01
-9.680851548910140991e-02
-6.173296570777893066e-01
-7.347626090049743652e-01
-6.449224352836608887e-01
-5.542404651641845703e-01
-6.300036311149597168e-01
-6.945426464080810547e-01
-5.854811072349548340e-01
-1.635455936193466187e-01
3.771790862083435059e-01
8.429356217384338379e-01
1.029677867889404297e+00
1.049460411071777344e+00
1.032483935356140137e+00
