9.901761412620544434e-01
1.004907608032226562e+00
9.991000592708587646e-02
-7.496555447578430176e-01
-1.285987138748168945e+00
-1.463615417480468750e+00
-1.452330708503723145e+00
-1.340333342552185059e+00
-1.103023409843444824e+00
-6.129167079925537109e-01
7.233560085296630859e-02
7.016364336013793945e-01
9.028257131576538086e-01
5.555959343910217285e-01
-1.240376085042953491e-01
-6.322754621505737305e-01
-6.221711039543151855e-01
-1.184188500046730042e-01
4.413793385028839111e-01
6.391690373420715332e-01
3.818394243717193604e-01
6.416714936494827271e-02
1.715845763683319092e-01
9.096248745918273926e-01
1.903531074523925781e+00
2.509270906448364258e+00
2.224178075790405273e+00
1.146226525306701660e+00
-1.681377738714218140e-01
-1.054720997810363770e+00
-1.279990673065185547e+00
-1.078754186630249023e+00
-9.408821463584899902e-01
-1.101465344429016113e+00
-1.418004393577575684e+00
-1.473105907440185547e+00
-1.041878104209899902e+00
-2.587933540344238281e-01
4.082806110382080078e-01
5.988461971282958984e-01
2.764050960540771484e-01
-2.031251639127731323e-01
-4.573385119438171387e-01
-3.135172128677368164e-01
4.055892676115036011e-02
3.265017271041870117e-01
3.762206435203552246e-01
3.055376410484313965e-01
3.163974285125732422e-01
5.357650518417358398e-01
8.555148243904113770e-01
1.100757002830505371e+00
1.154347658157348633e+00
1.098490595817565918e+00
1.055523633956909180e+00
1.075685143470764160e+00
1.025446772575378418e+00
7.696281075477600098e-01
3.070957660675048828e-01
-1.193159595131874084e-01
-2.402845025062561035e-01
4.060614481568336487e-02
4.913343489170074463e-01
7.523940801620483398e-01
5.962492823600769043e-01
1.638410687446594238e-01
-1.872604340314865112e-01
-1.629439592361450195e-01
1.586944758892059326e-01
4.041727781295776367e-01
1.934457868337631226e-01
-4.854795038700103760e-01
-1.247128009796142578e+00
-1.561731219291687012e+00
-1.201611399650573730e+00
-4.053059816360473633e-01
2.739026248455047607e-01
4.053059816360473633e-01
-4.523335769772529602e-02
-7.151875495910644531e-01
-1.181449890136718750e+00
-1.258129477500915527e+00
-1.084514617919921875e+00
-9.078306555747985840e-01
-8.419165015220642090e-01
-7.785047888755798340e-01
-5.512048006057739258e-01
-1.380136758089065552e-01
2.685199379920959473e-01
4.307084381580352783e-01
2.807017862796783447e-01
-9.112774394452571869e-03
-1.801307499408721924e-01
-1.245569884777069092e-01
2.478863485157489777e-02
3.579006716609001160e-02
-1.724816858768463135e-01
-4.244286417961120605e-01
-4.184793829917907715e-01
-1.808390021324157715e-02
6.021986007690429688e-01
1.068602681159973145e+00
1.139474511146545410e+00
9.126939177513122559e-01
7.612707614898681641e-01
9.718089103698730469e-01
1.455116510391235352e+00
1.734307289123535156e+00
1.323571443557739258e+00
1.387691348791122437e-01
-1.336461544036865234e+00
-2.350576400756835938e+00
-2.367007732391357422e+00
-1.438307404518127441e+00
-1.147831827402114868e-01
9.442817568778991699e-01
1.423245429992675781e+00
1.447845101356506348e+00
1.384338974952697754e+00
1.455730319023132324e+00
1.596435308456420898e+00
1.540342211723327637e+00
1.134327888488769531e+00
4.682455062866210938e-01
-1.613385975360870361e-01
-5.337347388267517090e-01
-6.560253500938415527e-01
-7.706668376922607422e-01
-1.106092453002929688e+00
-1.711785078048706055e+00
-2.375317811965942383e+00
-2.803476572036743164e+00
-2.775807619094848633e+00
-2.285559415817260742e+00
-1.465079188346862793e+00
-5.334514379501342773e-01
3.115341067314147949e-01
8.733153939247131348e-01
1.021433353424072266e+00
7.185871005058288574e-01
1.285703927278518677e-01
-4.399156272411346436e-01
-6.508787274360656738e-01
-3.867971301078796387e-01
1.864577531814575195e-01
6.844024062156677246e-01
8.069291114807128906e-01
5.216000676155090332e-01
1.172384396195411682e-01
-6.336447596549987793e-02
1.440101712942123413e-01
5.768905282020568848e-01
9.176988601684570312e-01
9.309666752815246582e-01
6.649020314216613770e-01
3.621973693370819092e-01
2.600209712982177734e-01
3.650303483009338379e-01
4.861877560615539551e-01
3.892523944377899170e-01
3.078512288630008698e-02
-4.337775111198425293e-01
-7.646231651306152344e-01
-8.640137910842895508e-01
-8.105647563934326172e-01
-7.802045941352844238e-01
-8.357783555984497070e-01
-8.728432655334472656e-01
-6.816166639328002930e-01
-1.626606583595275879e-01
5.792513489723205566e-01
1.264220356941223145e+00
1.632461428642272949e+00
1.581609368324279785e+00
1.208268880844116211e+00
6.852051019668579102e-01
1.574668586254119873e-01
-3.182388544082641602e-01
-7.143376469612121582e-01
-9.865404367446899414e-01
-1.077101588249206543e+00
-9.864460229873657227e-01
-8.050876259803771973e-01
-6.633438467979431152e-01
-6.111224889755249023e-01
-5.489383935928344727e-01
-2.796630263328552246e-01
3.240464925765991211e-01
1.176256179809570312e+00
1.981390953063964844e+00
2.397981643676757812e+00
2.251941204071044922e+00
1.633830785751342773e+00
8.242575526237487793e-01
9.632155299186706543e-02
-4.173461794853210449e-01
-7.420064806938171387e-01
-9.415903687477111816e-01
-1.029035210609436035e+00
-9.467841982841491699e-01
-6.777448654174804688e-01
-3.090316355228424072e-01
-4.646098613739013672e-02
-7.667951285839080811e-02
-4.606436491012573242e-01
-1.055618166923522949e+00
-1.607720017433166504e+00
-1.849609851837158203e+00
-1.641479849815368652e+00
-9.866349101066589355e-01
-5.609314143657684326e-02
8.989067077636718750e-01
1.576982140541076660e+00
1.770333528518676758e+00
1.425653457641601562e+00
7.387485504150390625e-01
4.334469884634017944e-02
