-2.619552910327911377e-01
-2.553914785385131836e-01
-1.166054725646972656e+00
-1.932314515113830566e+00
-2.089504718780517578e+00
-1.570538282394409180e+00
-5.742046236991882324e-01
3.671465814113616943e-01
8.837261199951171875e-01
7.740169167518615723e-01
2.588864862918853760e-01
-3.791660070419311523e-01
-7.886788845062255859e-01
-9.000077843666076660e-01
-7.201426029205322266e-01
-4.413942396640777588e-01
-1.121813058853149414e-01
2.127694040536880493e-01
6.470031142234802246e-01
1.186172366142272949e+00
1.829595327377319336e+00
2.369190692901611328e+00
2.650155544281005859e+00
2.501234054565429688e+00
2.019007682800292969e+00
1.381807684898376465e+00
9.201254248619079590e-01
7.619974613189697266e-01
9.011159539222717285e-01
1.037847518920898438e+00
9.233646988868713379e-01
3.767791688442230225e-01
-4.432696104049682617e-01
-1.287527680397033691e+00
-1.829936265945434570e+00
-1.995480418205261230e+00
-1.828657627105712891e+00
-1.542492985725402832e+00
-1.226578116416931152e+00
-9.432265758514404297e-01
-6.277379393577575684e-01
-3.235868215560913086e-01
-6.435933709144592285e-02
5.574967712163925171e-02
9.547345340251922607e-02
1.435511559247970581e-01
3.318554759025573730e-01
5.927026271820068359e-01
7.555189132690429688e-01
5.800864696502685547e-01
6.018237397074699402e-02
-5.829847455024719238e-01
-9.408397078514099121e-01
-7.673678994178771973e-01
-1.103059351444244385e-01
6.463211774826049805e-01
1.095643162727355957e+00
1.041768789291381836e+00
6.568914651870727539e-01
2.681781053543090820e-01
1.265875697135925293e-01
1.799504011869430542e-01
1.864289641380310059e-01
-7.561156153678894043e-02
-5.706243515014648438e-01
-1.031795263290405273e+00
-1.153523921966552734e+00
-8.359894156455993652e-01
-2.447359710931777954e-01
3.341570794582366943e-01
7.024118304252624512e-01
8.707690238952636719e-01
9.532853960990905762e-01
1.016621828079223633e+00
9.630884528160095215e-01
6.399278640747070312e-01
-8.950635790824890137e-03
-7.913214564323425293e-01
-1.376352071762084961e+00
-1.456907868385314941e+00
-1.006222009658813477e+00
-2.362115532159805298e-01
4.795836210250854492e-01
8.931882381439208984e-01
9.177385568618774414e-01
6.818679571151733398e-01
3.217966854572296143e-01
-2.838630229234695435e-02
-3.539337217807769775e-01
-6.190430521965026855e-01
-8.463891744613647461e-01
-9.991466999053955078e-01
-1.098456144332885742e+00
-1.086351513862609863e+00
-9.167156219482421875e-01
-4.540103673934936523e-01
3.095215260982513428e-01
1.278832793235778809e+00
2.097176551818847656e+00
2.435936927795410156e+00
2.071006774902343750e+00
1.193844318389892578e+00
1.912878751754760742e-01
-4.547775685787200928e-01
-6.051482558250427246e-01
-3.909296989440917969e-01
-2.062056064605712891e-01
-2.536013722419738770e-01
-5.485461354255676270e-01
-8.119505643844604492e-01
-8.865392208099365234e-01
-7.259392142295837402e-01
-5.443691611289978027e-01
-4.370467662811279297e-01
-4.113030433654785156e-01
-2.541128098964691162e-01
5.302186310291290283e-02
3.671465814113616943e-01
2.831810712814331055e-01
-3.459207713603973389e-01
-1.325376152992248535e+00
-1.961979389190673828e+00
-1.686470389366149902e+00
-3.499272465705871582e-01
1.385046958923339844e+00
2.581789731979370117e+00
2.469778776168823242e+00
1.143720865249633789e+00
-6.763271093368530273e-01
-1.965644955635070801e+00
-2.235442638397216797e+00
-1.602590084075927734e+00
-7.418798804283142090e-01
-1.524165421724319458e-01
1.730456389486789703e-02
1.139714345335960388e-01
4.168439209461212158e-01
9.880650043487548828e-01
1.462619185447692871e+00
1.547181367874145508e+00
1.139970064163208008e+00
5.799160003662109375e-01
2.030515670776367188e-01
2.035630345344543457e-01
3.381635546684265137e-01
3.079871237277984619e-01
-1.027192026376724243e-01
-7.013036608695983887e-01
-1.191627979278564453e+00
-1.289744019508361816e+00
-1.066830635070800781e+00
-7.059921026229858398e-01
-4.288633465766906738e-01
-1.799504011869430542e-01
1.368168741464614868e-01
5.915091633796691895e-01
9.470625519752502441e-01
9.347021579742431641e-01
4.019261896610260010e-01
-3.602418005466461182e-01
-8.668478131294250488e-01
-6.886022686958312988e-01
9.555869549512863159e-02
1.020372509956359863e+00
1.477451682090759277e+00
1.268688797950744629e+00
6.535669565200805664e-01
1.979369223117828369e-01
2.120874524116516113e-01
5.721587538719177246e-01
7.608892917633056641e-01
3.905034661293029785e-01
-5.095043182373046875e-01
-1.425793766975402832e+00
-1.808625221252441406e+00
-1.455458641052246094e+00
-7.011331915855407715e-01
-1.096239835023880005e-01
-7.271326333284378052e-02
-4.979963600635528564e-01
-9.614688158035278320e-01
-1.039637684822082520e+00
-6.533111929893493652e-01
-7.109362632036209106e-02
3.379078209400177002e-01
4.029491245746612549e-01
2.461851090192794800e-01
1.114141121506690979e-01
1.384365111589431763e-01
2.401327788829803467e-01
2.260674983263015747e-01
-1.559968013316392899e-02
-3.841101527214050293e-01
-6.666092872619628906e-01
-6.657568216323852539e-01
-3.713235259056091309e-01
1.170402243733406067e-01
6.470031142234802246e-01
1.156081199645996094e+00
1.592616558074951172e+00
1.915436148643493652e+00
1.991729617118835449e+00
1.755347609519958496e+00
1.228453516960144043e+00
6.354099512100219727e-01
1.869404315948486328e-01
1.457674987614154816e-02
-2.881252393126487732e-02
-1.567640006542205811e-01
-5.550246834754943848e-01
-1.108259201049804688e+00
-1.560138463973999023e+00
-1.589888691902160645e+00
-1.166566252708435059e+00
-4.550333023071289062e-01
1.794389486312866211e-01
5.493133068084716797e-01
