2.070353269577026367e+00
2.100782871246337891e+00
1.706273317337036133e+00
9.599394202232360840e-01
-1.269795894622802734e-01
-1.124761819839477539e+00
-1.913661360740661621e+00
-2.206987857818603516e+00
-2.166992902755737305e+00
-1.786442637443542480e+00
-1.404009222984313965e+00
-1.071016669273376465e+00
-1.059538245201110840e+00
-1.222148656845092773e+00
-1.510483145713806152e+00
-1.465884923934936523e+00
-9.417055249214172363e-01
2.198229581117630005e-01
1.535173654556274414e+00
2.535287380218505859e+00
2.571276903152465820e+00
1.682599186897277832e+00
1.860454231500625610e-01
-1.059239387512207031e+00
-1.607331991195678711e+00
-1.280018806457519531e+00
-6.441643238067626953e-01
-1.664963066577911377e-01
-2.365024685859680176e-01
-5.171249508857727051e-01
-6.139140129089355469e-01
-7.102248072624206543e-02
8.775581121444702148e-01
1.805812358856201172e+00
2.078005552291870117e+00
1.670343518257141113e+00
8.586665987968444824e-01
3.076445162296295166e-01
2.378177046775817871e-01
5.769680142402648926e-01
7.732363343238830566e-01
5.844408869743347168e-01
4.962008446455001831e-02
-2.495352178812026978e-01
6.594090908765792847e-02
1.059717655181884766e+00
2.105924129486083984e+00
2.550472259521484375e+00
1.966928243637084961e+00
7.206869125366210938e-01
-4.862768352031707764e-01
-8.978843688964843750e-01
-4.283468723297119141e-01
5.020595788955688477e-01
1.123386740684509277e+00
1.048717498779296875e+00
3.475797176361083984e-01
-4.224881231784820557e-01
-8.214216232299804688e-01
-7.003008127212524414e-01
-3.670690655708312988e-01
-1.433004140853881836e-01
-1.832356154918670654e-01
-2.782909572124481201e-01
-1.923226714134216309e-01
1.495776474475860596e-01
4.678038060665130615e-01
4.113086462020874023e-01
-1.913661360740661621e-01
-1.094810366630554199e+00
-1.836540937423706055e+00
-2.042314767837524414e+00
-1.732817053794860840e+00
-1.262741446495056152e+00
-1.020738959312438965e+00
-1.089370131492614746e+00
-1.174142718315124512e+00
-8.783352971076965332e-01
-6.528329104185104370e-02
9.363250136375427246e-01
1.559445619583129883e+00
1.386492729187011719e+00
5.335055589675903320e-01
-4.472981691360473633e-01
-8.911886811256408691e-01
-5.529351234436035156e-01
2.972422540187835693e-01
1.013146519660949707e+00
1.126017212867736816e+00
5.714679360389709473e-01
-2.235295176506042480e-01
-7.967311739921569824e-01
-8.880799412727355957e-01
-6.840397715568542480e-01
-4.802387356758117676e-01
-5.072009563446044922e-01
-6.238380670547485352e-01
-5.849191546440124512e-01
-1.614745110273361206e-01
5.127608180046081543e-01
1.172050356864929199e+00
1.496015667915344238e+00
1.495537400245666504e+00
1.324019312858581543e+00
1.240262985229492188e+00
1.200387597084045410e+00
1.028690099716186523e+00
4.467601180076599121e-01
-4.701951444149017334e-01
-1.414052844047546387e+00
-1.860693335533142090e+00
-1.617555022239685059e+00
-8.275793194770812988e-01
-5.571797490119934082e-02
2.726713418960571289e-01
4.782658652402460575e-04
-5.063639879226684570e-01
-8.224379420280456543e-01
-6.250337362289428711e-01
-7.592470943927764893e-02
4.988313019275665283e-01
7.170999050140380859e-01
5.711092352867126465e-01
2.179696708917617798e-01
-4.400046169757843018e-02
-1.818008124828338623e-01
-2.653180062770843506e-01
-4.825104773044586182e-01
-7.668395638465881348e-01
-9.467870593070983887e-01
-7.466328144073486328e-01
-1.826377809047698975e-01
5.311740636825561523e-01
9.801461100578308105e-01
9.756026268005371094e-01
5.712885856628417969e-01
1.323003023862838745e-01
-5.888648703694343567e-02
1.018706336617469788e-01
3.814170360565185547e-01
5.084564089775085449e-01
2.881551980972290039e-01
-1.887954473495483398e-01
-7.321054935455322266e-01
-1.128109574317932129e+00
-1.333524823188781738e+00
-1.364432811737060547e+00
-1.272366523742675781e+00
-1.031201004981994629e+00
-6.521753072738647461e-01
-2.274154275655746460e-01
2.791877090930938721e-02
-6.444633007049560547e-02
-4.941682219505310059e-01
-9.903690814971923828e-01
-1.171392679214477539e+00
-8.120356798171997070e-01
-1.715778745710849762e-02
8.019323348999023438e-01
1.219279050827026367e+00
1.039630413055419922e+00
4.553091228008270264e-01
-1.608766764402389526e-01
-4.586569666862487793e-01
-3.832105398178100586e-01
-7.329424470663070679e-02
2.118717879056930542e-01
3.801017999649047852e-01
4.278686046600341797e-01
4.869344532489776611e-01
5.678211450576782227e-01
6.835615038871765137e-01
7.466925978660583496e-01
8.048018813133239746e-01
8.489817380905151367e-01
9.385370016098022461e-01
9.543795585632324219e-01
8.730145692825317383e-01
6.543275117874145508e-01
5.331468582153320312e-01
6.678385138511657715e-01
1.189327716827392578e+00
1.792600274085998535e+00
2.101560115814208984e+00
1.684332847595214844e+00
6.583330035209655762e-01
-5.622613430023193359e-01
-1.237154245376586914e+00
-1.080522179603576660e+00
-2.076271772384643555e-01
6.288598179817199707e-01
8.508349657058715820e-01
1.565125137567520142e-01
-9.588035345077514648e-01
-1.880481600761413574e+00
-1.982890367507934570e+00
-1.385476469993591309e+00
-4.832876622676849365e-01
1.948933489620685577e-02
-3.276121243834495544e-02
-5.424132943153381348e-01
-9.154606461524963379e-01
-8.960909247398376465e-01
-3.513460755348205566e-01
2.886334657669067383e-01
7.681547999382019043e-01
7.706058621406555176e-01
4.939888715744018555e-01
3.031009994447231293e-02
-2.996933460235595703e-01
-5.529351234436035156e-01
-6.051856875419616699e-01
-5.953812599182128906e-01
-3.618679046630859375e-01
-3.216338157653808594e-02
4.602711200714111328e-01
8.266227841377258301e-01
