-1.208762452006340027e-01
-1.401080638170242310e-01
-7.215565443038940430e-01
-1.042615413665771484e+00
-9.446058869361877441e-01
-6.062977910041809082e-01
-1.524005681276321411e-01
2.229172140359878540e-01
5.448353290557861328e-01
7.314698100090026855e-01
7.854642868041992188e-01
5.736500024795532227e-01
1.854449212551116943e-01
-2.562920153141021729e-01
-4.369124472141265869e-01
-2.728141844272613525e-01
1.826691925525665283e-01
5.517085194587707520e-01
5.961201786994934082e-01
2.215293496847152710e-01
-2.484935522079467773e-01
-4.856198430061340332e-01
-2.396376579999923706e-01
3.030828237533569336e-01
8.248531818389892578e-01
9.713718295097351074e-01
7.649106979370117188e-01
4.139796793460845947e-01
2.578781545162200928e-01
3.414142727851867676e-01
5.255374312400817871e-01
4.893208146095275879e-01
1.377949565649032593e-01
-4.519145786762237549e-01
-9.879601001739501953e-01
-1.317676663398742676e+00
-1.406301617622375488e+00
-1.398701429367065430e+00
-1.323095917701721191e+00
-1.117758274078369141e+00
-6.135675907135009766e-01
1.582824587821960449e-01
9.754032492637634277e-01
1.443707823753356934e+00
1.366846680641174316e+00
8.482486009597778320e-01
3.209267556667327881e-01
1.654861271381378174e-01
4.942113757133483887e-01
9.991291165351867676e-01
1.255355000495910645e+00
9.872992038726806641e-01
3.127317726612091064e-01
-4.230338335037231445e-01
-8.775258660316467285e-01
-9.826729893684387207e-01
-8.857869505882263184e-01
-7.951132655143737793e-01
-7.588305473327636719e-01
-6.943940520286560059e-01
-5.239512920379638672e-01
-3.388368189334869385e-01
-3.392994403839111328e-01
-6.512381434440612793e-01
-1.134412646293640137e+00
-1.424211621284484863e+00
-1.189993262290954590e+00
-4.119970202445983887e-01
5.534268617630004883e-01
1.220129728317260742e+00
1.314967036247253418e+00
9.687944054603576660e-01
5.652567148208618164e-01
4.239590764045715332e-01
5.135092735290527344e-01
5.242156386375427246e-01
1.448003649711608887e-01
-5.961201786994934082e-01
-1.331555247306823730e+00
-1.574497342109680176e+00
-1.119476675987243652e+00
-1.652217656373977661e-01
7.970958948135375977e-01
1.369159817695617676e+00
1.442121744155883789e+00
1.224689841270446777e+00
9.623838067054748535e-01
7.758814692497253418e-01
5.842241644859313965e-01
3.334175348281860352e-01
1.013800799846649170e-01
1.324417740106582642e-01
5.766900777816772461e-01
1.335124135017395020e+00
1.994557261466979980e+00
2.121117115020751953e+00
1.511911392211914062e+00
3.981844782829284668e-01
-7.405900955200195312e-01
-1.432406663894653320e+00
-1.525195240974426270e+00
-1.157808065414428711e+00
-6.386812925338745117e-01
-1.802899986505508423e-01
1.197527423501014709e-01
2.542432546615600586e-01
1.481708884239196777e-01
-2.840492725372314453e-01
-1.060393333435058594e+00
-1.953780531883239746e+00
-2.581887483596801758e+00
-2.571709871292114258e+00
-1.870508670806884766e+00
-7.910818457603454590e-01
1.134743094444274902e-01
4.342028200626373291e-01
1.333670169115066528e-01
-4.075690805912017822e-01
-6.860668659210205078e-01
-3.857598006725311279e-01
4.010923802852630615e-01
1.286218404769897461e+00
1.843874931335449219e+00
1.893375396728515625e+00
1.565178871154785156e+00
1.168580532073974609e+00
9.364109039306640625e-01
8.782528638839721680e-01
8.097188472747802734e-01
5.307584404945373535e-01
2.055358886718750000e-02
-5.176067948341369629e-01
-7.762118577957153320e-01
-5.770866274833679199e-01
-3.700967645272612572e-03
6.049760580062866211e-01
8.847295641899108887e-01
6.613497138023376465e-01
9.331725537776947021e-02
-4.700228869915008545e-01
-7.070831060409545898e-01
-5.871981978416442871e-01
-3.485518395900726318e-01
-3.450491428375244141e-01
-7.070170044898986816e-01
-1.265929222106933594e+00
-1.601263284683227539e+00
-1.413108825683593750e+00
-6.888425946235656738e-01
1.972087025642395020e-01
8.261088728904724121e-01
9.518756866455078125e-01
7.177233695983886719e-01
4.082960486412048340e-01
2.570850849151611328e-01
1.740115731954574585e-01
-3.377132862806320190e-02
-4.815223217010498047e-01
-8.799711465835571289e-01
-7.837460041046142578e-01
1.513431370258331299e-01
1.658496141433715820e+00
3.012058973312377930e+00
3.318908929824829102e+00
2.290965080261230469e+00
3.862884938716888428e-01
-1.284830570220947266e+00
-1.828938961029052734e+00
-1.019352197647094727e+00
4.013567268848419189e-01
1.411059975624084473e+00
1.267515301704406738e+00
1.583485454320907593e-01
-1.157543778419494629e+00
-1.774415731430053711e+00
-1.468358874320983887e+00
-6.291645169258117676e-01
-9.219375252723693848e-02
-3.057924509048461914e-01
-1.199642300605773926e+00
-2.097193002700805664e+00
-2.438541173934936523e+00
-1.986097931861877441e+00
-1.140823245048522949e+00
-3.895268440246582031e-01
-1.446020901203155518e-01
-2.788282632827758789e-01
-5.176067948341369629e-01
-4.821832180023193359e-01
-1.894102394580841064e-01
2.352097183465957642e-01
4.801344573497772217e-01
5.269252657890319824e-01
3.950121998786926270e-01
2.985227108001708984e-01
2.134004384279251099e-01
1.446020901203155518e-01
-5.855459719896316528e-02
-2.691793143749237061e-01
-3.667262494564056396e-01
-7.309411466121673584e-02
5.615557432174682617e-01
1.378015637397766113e+00
1.909963726997375488e+00
1.930451154708862305e+00
1.349399209022521973e+00
5.546164512634277344e-01
-8.155346661806106567e-02
-1.583485454320907593e-01
2.344166487455368042e-01
8.391944169998168945e-01
1.122913241386413574e+00
8.734284043312072754e-01
6.443648785352706909e-02
-8.588227629661560059e-01
-1.523410797119140625e+00
-1.581568837165832520e+00
