4.082698523998260498e-01
4.279760718345642090e-01
2.113887518644332886e-01
-3.817933499813079834e-01
-1.163877367973327637e+00
-1.649642229080200195e+00
-1.663061857223510742e+00
-1.163031101226806641e+00
-5.026905536651611328e-01
9.442070871591567993e-02
3.894098699092864990e-01
4.614041447639465332e-01
3.176573812961578369e-01
1.178143173456192017e-01
-1.192046403884887695e-01
-1.951885223388671875e-01
-4.406702890992164612e-02
4.394613206386566162e-01
1.013481259346008301e+00
1.388564825057983398e+00
1.155656337738037109e+00
3.122774660587310791e-01
-8.820055127143859863e-01
-1.781601548194885254e+00
-1.929035663604736328e+00
-1.110198974609375000e+00
3.256970643997192383e-01
1.865685582160949707e+00
2.902741670608520508e+00
3.183162689208984375e+00
2.662579536437988281e+00
1.641360878944396973e+00
4.389777183532714844e-01
-5.244520306587219238e-01
-1.021641731262207031e+00
-9.351398348808288574e-01
-4.850395619869232178e-01
1.275465451180934906e-02
1.721576154232025146e-01
-7.701151818037033081e-02
-5.647107958793640137e-01
-8.808569908142089844e-01
-8.149679899215698242e-01
-4.280969798564910889e-01
-1.241009756922721863e-01
-2.070969045162200928e-01
-6.897185444831848145e-01
-1.132564902305603027e+00
-1.053075075149536133e+00
-2.447563856840133667e-01
9.253471493721008301e-01
1.827300667762756348e+00
1.955451726913452148e+00
1.371034741401672363e+00
5.777677297592163086e-01
1.633321195840835571e-01
2.663365304470062256e-01
5.265073180198669434e-01
3.716380000114440918e-01
-4.227170646190643311e-01
-1.515446424484252930e+00
-2.179413795471191406e+00
-1.879649162292480469e+00
-6.682592630386352539e-01
7.967730164527893066e-01
1.720306634902954102e+00
1.680894255638122559e+00
8.632664680480957031e-01
-1.697396636009216309e-01
-9.077566266059875488e-01
-1.195733785629272461e+00
-1.194887518882751465e+00
-1.109654903411865234e+00
-9.690514802932739258e-01
-6.344684958457946777e-01
-3.614826127886772156e-02
6.721884012222290039e-01
1.137279987335205078e+00
1.095026373863220215e+00
5.746848583221435547e-01
-6.395462155342102051e-02
-4.143146872520446777e-01
-2.891256511211395264e-01
1.339540928602218628e-01
5.083727240562438965e-01
5.701512098312377930e-01
3.474585413932800293e-01
6.026725471019744873e-02
-7.060396671295166016e-02
-4.400657862424850464e-02
-2.490482293069362640e-02
-2.104820162057876587e-01
-5.975344181060791016e-01
-1.009672999382019043e+00
-1.183885812759399414e+00
-1.000968337059020996e+00
-5.193139314651489258e-01
4.920516163110733032e-02
5.232430696487426758e-01
7.944154739379882812e-01
8.594582080841064453e-01
7.219980955123901367e-01
4.005928635597229004e-01
-8.474893867969512939e-02
-6.258847713470458984e-01
-1.080518722534179688e+00
-1.301458358764648438e+00
-1.261260032653808594e+00
-1.016685009002685547e+00
-6.780519485473632812e-01
-2.788493931293487549e-01
2.103006839752197266e-01
8.372130990028381348e-01
1.524815917015075684e+00
2.064198732376098633e+00
2.181166887283325195e+00
1.727500081062316895e+00
7.896400690078735352e-01
-3.033310770988464355e-01
-1.143385291099548340e+00
-1.440006494522094727e+00
-1.159464597702026367e+00
-5.263863801956176758e-01
1.061477437615394592e-01
4.239864647388458252e-01
3.033310770988464355e-01
-1.581939905881881714e-01
-6.894162893295288086e-01
-1.015294671058654785e+00
-9.764866828918457031e-01
-6.397275328636169434e-01
-2.042558193206787109e-01
1.087470278143882751e-01
2.526147067546844482e-01
3.388748466968536377e-01
5.593913197517395020e-01
9.322987198829650879e-01
1.268574357032775879e+00
1.206433176994323730e+00
5.501427054405212402e-01
-5.900387763977050781e-01
-1.718916416168212891e+00
-2.319110631942749023e+00
-2.111832380294799805e+00
-1.325698256492614746e+00
-4.459897577762603760e-01
3.234000131487846375e-02
2.266822569072246552e-02
-2.581759691238403320e-01
-4.158863723278045654e-01
-3.133655488491058350e-01
-2.689962647855281830e-02
1.775375306606292725e-01
2.508616745471954346e-01
2.928130030632019043e-01
5.567920207977294922e-01
1.016443252563476562e+00
1.439704298973083496e+00
1.397390246391296387e+00
7.953222393989562988e-01
-1.202927157282829285e-01
-7.189756631851196289e-01
-5.972926020622253418e-01
2.686940133571624756e-01
1.314152598381042480e+00
1.966876506805419922e+00
1.865443825721740723e+00
1.262166738510131836e+00
5.624137520790100098e-01
1.625462770462036133e-01
-4.430882260203361511e-02
-2.897906005382537842e-01
-8.425930142402648926e-01
-1.490178823471069336e+00
-1.893612861633300781e+00
-1.667293310165405273e+00
-9.621603488922119141e-01
-1.610955148935317993e-01
1.791092008352279663e-01
6.044859765097498894e-04
-4.591675698757171631e-01
-6.476463079452514648e-01
-4.048242568969726562e-01
1.568036675453186035e-01
5.202810764312744141e-01
4.727080464363098145e-01
3.802216798067092896e-02
-2.882189154624938965e-01
-2.194284200668334961e-01
3.556795716285705566e-01
1.036693453788757324e+00
1.531283974647521973e+00
1.603640913963317871e+00
1.489030361175537109e+00
1.331743121147155762e+00
1.297408342361450195e+00
1.150639057159423828e+00
8.033618927001953125e-01
1.840055435895919800e-01
-3.524153232574462891e-01
-6.090196371078491211e-01
-4.433904886245727539e-01
-2.151970118284225464e-01
-1.819502860307693481e-01
-5.496591329574584961e-01
-9.660290479660034180e-01
-1.110319852828979492e+00
-6.999948024749755859e-01
-9.266770631074905396e-02
2.696611881256103516e-01
-8.142426609992980957e-02
-8.945183753967285156e-01
-1.647163867950439453e+00
-1.599469900131225586e+00
-6.898394227027893066e-01
7.175248861312866211e-01
1.769874572753906250e+00
