-1.716704964637756348e-01
-1.090375855565071106e-01
-9.561912417411804199e-01
-1.391670942306518555e+00
-1.396096825599670410e+00
-1.164744019508361816e+00
-9.575994610786437988e-01
-9.063665270805358887e-01
-9.907265305519104004e-01
-1.098624110221862793e+00
-1.132220506668090820e+00
-1.031699419021606445e+00
-7.512595653533935547e-01
-2.410763353109359741e-01
5.005938410758972168e-01
1.355123996734619141e+00
2.079023599624633789e+00
2.417402267456054688e+00
2.279730558395385742e+00
1.811458945274353027e+00
1.306975722312927246e+00
9.689994454383850098e-01
7.619889974594116211e-01
4.388997554779052734e-01
-1.829363703727722168e-01
-9.992429614067077637e-01
-1.573534369468688965e+00
-1.440288662910461426e+00
-4.633762240409851074e-01
9.409688711166381836e-01
2.030674219131469727e+00
2.168882369995117188e+00
1.300605177879333496e+00
-3.413292020559310913e-02
-1.008094787597656250e+00
-1.097148776054382324e+00
-3.580939173698425293e-01
6.073514223098754883e-01
1.151265263557434082e+00
9.677253365516662598e-01
3.098115921020507812e-01
-3.106833696365356445e-01
-4.561338722705841064e-01
-1.133293509483337402e-01
4.199221134185791016e-01
7.295995950698852539e-01
6.570419669151306152e-01
2.968021929264068604e-01
-5.807290971279144287e-02
-2.323586940765380859e-01
-2.035234123468399048e-01
-1.372022777795791626e-01
-1.378728598356246948e-01
-2.367845773696899414e-01
-3.073304295539855957e-01
-2.872798442840576172e-01
-1.624834388494491577e-01
-7.208819687366485596e-02
-9.837523847818374634e-02
-2.849998474121093750e-01
-5.103173851966857910e-01
-6.768243312835693359e-01
-6.807137131690979004e-01
-5.658420324325561523e-01
-3.603739142417907715e-01
-1.471269726753234863e-01
7.792230695486068726e-02
2.427528053522109985e-01
3.027033507823944092e-01
1.556434482336044312e-01
-1.369340419769287109e-01
-4.183797538280487061e-01
-3.830397725105285645e-01
9.133406728506088257e-02
8.812865614891052246e-01
1.478109717369079590e+00
1.383422732353210449e+00
3.632574379444122314e-01
-1.164811134338378906e+00
-2.390444517135620117e+00
-2.451669216156005859e+00
-1.128934621810913086e+00
1.053158283233642578e+00
2.965674877166748047e+00
3.671803712844848633e+00
2.885941982269287109e+00
1.244141697883605957e+00
-2.718563079833984375e-01
-8.938265442848205566e-01
-6.695148944854736328e-01
-2.226351648569107056e-01
-3.189986348152160645e-01
-1.128666400909423828e+00
-2.192017555236816406e+00
-2.663709163665771484e+00
-2.086735248565673828e+00
-6.451055407524108887e-01
8.478242158889770508e-01
1.656150817871093750e+00
1.525050878524780273e+00
9.190406799316406250e-01
4.896632432937622070e-01
6.476537585258483887e-01
1.157904028892517090e+00
1.476835608482360840e+00
1.123972296714782715e+00
1.828693151473999023e-01
-8.803477287292480469e-01
-1.496618032455444336e+00
-1.525922656059265137e+00
-1.203302860260009766e+00
-9.677253365516662598e-01
-9.594771265983581543e-01
-1.012386441230773926e+00
-7.799607515335083008e-01
-2.168010622262954712e-01
3.830397725105285645e-01
5.064949989318847656e-01
-3.614468500018119812e-02
-9.584041833877563477e-01
-1.560525059700012207e+00
-1.315827488899230957e+00
-2.012434154748916626e-01
1.181441664695739746e+00
2.103365898132324219e+00
2.131061077117919922e+00
1.446390986442565918e+00
5.543749928474426270e-01
-6.772937625646591187e-02
-3.533998131752014160e-01
-5.033432245254516602e-01
-7.509242892265319824e-01
-1.030492305755615234e+00
-1.099361777305603027e+00
-7.497842907905578613e-01
-1.297587454319000244e-01
3.725786209106445312e-01
3.865268528461456299e-01
-6.109055504202842712e-02
-5.833443999290466309e-01
-6.939913630485534668e-01
-2.585116326808929443e-01
4.170385897159576416e-01
7.879407405853271484e-01
5.509549975395202637e-01
-1.412928551435470581e-01
-7.742607593536376953e-01
-9.155536293983459473e-01
-5.170232653617858887e-01
6.041996553540229797e-02
4.026879966259002686e-01
3.702986240386962891e-01
1.915198862552642822e-01
1.927269548177719116e-01
4.822197258472442627e-01
8.290477991104125977e-01
8.930218815803527832e-01
5.555149912834167480e-01
6.927172839641571045e-02
-1.423657983541488647e-01
1.337822824716567993e-01
6.799761056900024414e-01
9.843559265136718750e-01
6.593890190124511719e-01
-2.275975197553634644e-01
-1.165548801422119141e+00
-1.587616801261901855e+00
-1.287595748901367188e+00
-5.783820152282714844e-01
-1.227175816893577576e-02
3.024351224303245544e-02
-3.696950972080230713e-01
-7.992736697196960449e-01
-8.421912789344787598e-01
-4.217997491359710693e-01
2.021822333335876465e-01
6.449714303016662598e-01
7.186019420623779297e-01
4.909373819828033447e-01
2.024504691362380981e-01
1.354587450623512268e-02
-4.117409512400627136e-02
-3.158468753099441528e-02
2.950586564838886261e-02
1.566493213176727295e-01
3.513880372047424316e-01
4.540550410747528076e-01
2.642786800861358643e-01
-3.207421600818634033e-01
-1.075488805770874023e+00
-1.559854388236999512e+00
-1.349558115005493164e+00
-4.341385662555694580e-01
7.530031204223632812e-01
1.526257991790771484e+00
1.468855619430541992e+00
6.738737225532531738e-01
-2.540857493877410889e-01
-6.839995980262756348e-01
-3.297280371189117432e-01
5.177608728408813477e-01
1.296246290206909180e+00
1.524179100990295410e+00
1.164744019508361816e+00
5.234608650207519531e-01
2.635410241782665253e-02
-1.498763859272003174e-01
-8.677406609058380127e-02
-4.566703364253044128e-02
-1.619469672441482544e-01
-4.131491780281066895e-01
-6.126490831375122070e-01
-6.449714303016662598e-01
-4.873832464218139648e-01
-2.545551657676696777e-01
-2.621998451650142670e-02
1.467916816473007202e-01
