1.945440918207168579e-01
1.892373710870742798e-01
4.863071739673614502e-01
4.686888754367828369e-01
-1.581400446593761444e-02
-5.583015680313110352e-01
-6.457208395004272461e-01
8.161724358797073364e-02
1.279413104057312012e+00
2.219196557998657227e+00
2.091481685638427734e+00
7.690134644508361816e-01
-1.225673794746398926e+00
-2.855542182922363281e+00
-3.393218278884887695e+00
-2.673415660858154297e+00
-1.280085206031799316e+00
6.516643613576889038e-02
7.984480261802673340e-01
9.254199266433715820e-01
6.901556849479675293e-01
4.472851455211639404e-01
2.676352262496948242e-01
1.312880814075469971e-01
-8.303236961364746094e-02
-3.100535273551940918e-01
-4.960361421108245850e-01
-5.500230789184570312e-01
-5.643512010574340820e-01
-5.918753743171691895e-01
-6.735987663269042969e-01
-6.416876912117004395e-01
-3.666584789752960205e-01
2.240847945213317871e-01
9.276133775711059570e-01
1.490761756896972656e+00
1.669774889945983887e+00
1.492565989494323730e+00
1.103513240814208984e+00
7.298852801322937012e-01
4.240417182445526123e-01
1.749800145626068115e-01
-9.322125464677810669e-02
-3.122116029262542725e-01
-3.945364058017730713e-01
-2.482834011316299438e-01
2.458776906132698059e-02
2.616916894912719727e-01
2.962560951709747314e-01
1.724681705236434937e-01
3.902202844619750977e-02
7.174675911664962769e-02
2.434719800949096680e-01
4.023903310298919678e-01
3.697009980678558350e-01
1.796145439147949219e-01
2.380945160984992981e-02
1.190118789672851562e-01
4.311881065368652344e-01
6.980096101760864258e-01
6.008967757225036621e-01
1.209930554032325745e-01
-3.905740678310394287e-01
-4.022134542465209961e-01
3.326955139636993408e-01
1.518392086029052734e+00
2.401393651962280273e+00
2.280153036117553711e+00
9.937350153923034668e-01
-9.014335870742797852e-01
-2.480216026306152344e+00
-3.026595115661621094e+00
-2.475440025329589844e+00
-1.383530735969543457e+00
-5.214729905128479004e-01
-3.687811493873596191e-01
-8.779779672622680664e-01
-1.607474088668823242e+00
-2.059146165847778320e+00
-1.964438915252685547e+00
-1.348400354385375977e+00
-4.327801167964935303e-01
5.098335742950439453e-01
1.220119357109069824e+00
1.501552104949951172e+00
1.265120387077331543e+00
6.327016949653625488e-01
-6.566172838211059570e-02
-4.139235913753509521e-01
-1.967729032039642334e-01
4.264120757579803467e-01
9.500077366828918457e-01
8.767043352127075195e-01
7.935304194688796997e-02
-1.022002100944519043e+00
-1.725990653038024902e+00
-1.503887057304382324e+00
-4.091475605964660645e-01
9.672368764877319336e-01
1.865274190902709961e+00
1.889012813568115234e+00
1.209046125411987305e+00
3.983218669891357422e-01
-4.542545974254608154e-02
-2.168676629662513733e-02
1.411231756210327148e-01
4.344428703188896179e-02
-4.414123594760894775e-01
-1.009690523147583008e+00
-1.171580672264099121e+00
-6.071940660476684570e-01
5.425229668617248535e-01
1.748066544532775879e+00
2.382218837738037109e+00
2.113592863082885742e+00
1.064526557922363281e+00
-2.598166465759277344e-01
-1.285144329071044922e+00
-1.646460771560668945e+00
-1.359190702438354492e+00
-7.396142482757568359e-01
-2.128699421882629395e-01
-6.003661081194877625e-02
-2.960438132286071777e-01
-6.899434328079223633e-01
-9.410216808319091797e-01
-8.792515397071838379e-01
-5.746462345123291016e-01
-2.639912664890289307e-01
-1.608641594648361206e-01
-2.694041132926940918e-01
-3.674014210700988770e-01
-1.835415065288543701e-01
3.660570383071899414e-01
1.052038073539733887e+00
1.469110369682312012e+00
1.311890125274658203e+00
6.328077912330627441e-01
-1.895557790994644165e-01
-6.959223151206970215e-01
-6.992478370666503906e-01
-3.885575234889984131e-01
-1.769258081912994385e-01
-3.261859416961669922e-01
-7.491663098335266113e-01
-1.052002787590026855e+00
-9.087215065956115723e-01
-3.296176195144653320e-01
2.644865512847900391e-01
3.959515392780303955e-01
-1.234341412782669067e-01
-9.511398077011108398e-01
-1.479122400283813477e+00
-1.207666277885437012e+00
-1.785178184509277344e-01
1.095199346542358398e+00
1.901996612548828125e+00
1.869484186172485352e+00
1.110164284706115723e+00
1.784824430942535400e-01
-4.006568193435668945e-01
-3.775902986526489258e-01
3.658093884587287903e-02
4.691134095191955566e-01
5.753892064094543457e-01
3.356319069862365723e-01
-8.126346021890640259e-02
-3.867886066436767578e-01
-4.748092889785766602e-01
-3.651018440723419189e-01
-2.557128071784973145e-01
-2.484249174594879150e-01
-3.754676282405853271e-01
-4.516720175743103027e-01
-3.096997737884521484e-01
2.050160020589828491e-01
9.774257540702819824e-01
1.777041196823120117e+00
2.217887639999389648e+00
2.109807491302490234e+00
1.447175979614257812e+00
5.814388394355773926e-01
-1.110164299607276917e-01
-3.048175871372222900e-01
-6.686457991600036621e-02
3.464576005935668945e-01
5.220036506652832031e-01
3.230019211769104004e-01
-1.831523478031158447e-01
-6.401310563087463379e-01
-8.308189511299133301e-01
-6.672660708427429199e-01
-3.890528082847595215e-01
-1.935535073280334473e-01
-2.423398792743682861e-01
-3.864348232746124268e-01
-4.759767651557922363e-01
-3.196763694286346436e-01
3.785455133765935898e-03
4.003030359745025635e-01
6.670891642570495605e-01
8.027995228767395020e-01
7.774688005447387695e-01
6.792238354682922363e-01
4.427213668823242188e-01
1.027025803923606873e-01
-3.624131083488464355e-01
-7.728343009948730469e-01
-1.045245528221130371e+00
-1.062227010726928711e+00
-9.514936208724975586e-01
-7.820325493812561035e-01
-6.757214069366455078e-01
-5.063311457633972168e-01
-2.076339870691299438e-01
3.202070593833923340e-01
8.822587132453918457e-01
