-3.768161535263061523e-01
-4.367960989475250244e-01
-2.351865321397781372e-01
2.094491273164749146e-01
7.470500469207763672e-01
1.208991885185241699e+00
1.346184015274047852e+00
1.070024728775024414e+00
3.770380318164825439e-01
-4.967021048069000244e-01
-1.265125989913940430e+00
-1.581000804901123047e+00
-1.327176809310913086e+00
-5.963235497474670410e-01
2.127032876014709473e-01
6.989772915840148926e-01
5.985423326492309570e-01
4.393106698989868164e-02
-6.154047250747680664e-01
-9.755063652992248535e-01
-9.499908685684204102e-01
-7.395063042640686035e-01
-7.173928618431091309e-01
-1.013890624046325684e+00
-1.425836801528930664e+00
-1.474723100662231445e+00
-8.586527109146118164e-01
3.038195669651031494e-01
1.429017066955566406e+00
1.909448385238647461e+00
1.527085304260253906e+00
6.972762942314147949e-01
1.473243981599807739e-01
4.166795313358306885e-01
1.391520261764526367e+00
2.383001565933227539e+00
2.584611177444458008e+00
1.686464905738830566e+00
1.016922891139984131e-01
-1.287165522575378418e+00
-1.728399157524108887e+00
-1.070394515991210938e+00
1.894065141677856445e-01
1.295966506004333496e+00
1.732244968414306641e+00
1.473761677742004395e+00
8.693765997886657715e-01
2.888061106204986572e-01
-1.232140734791755676e-01
-4.648261964321136475e-01
-8.505913019180297852e-01
-1.247597932815551758e+00
-1.446027398109436035e+00
-1.270968675613403320e+00
-7.376573681831359863e-01
-1.187765896320343018e-01
2.625510096549987793e-01
2.095970511436462402e-01
-1.863742321729660034e-01
-6.620722413063049316e-01
-9.132337570190429688e-01
-8.118372559547424316e-01
-3.950098156929016113e-01
1.345296502113342285e-01
5.765027999877929688e-01
7.478635907173156738e-01
6.049766540527343750e-01
1.958408504724502563e-01
-2.757155299186706543e-01
-5.847861170768737793e-01
-5.326457023620605469e-01
-1.411119103431701660e-01
3.974504470825195312e-01
7.509698271751403809e-01
7.261199355125427246e-01
3.280038535594940186e-01
-1.740232408046722412e-01
-5.169666409492492676e-01
-5.612674951553344727e-01
-4.507002234458923340e-01
-4.007045924663543701e-01
-5.805705189704895020e-01
-8.940786123275756836e-01
-1.128599524497985840e+00
-1.043843626976013184e+00
-6.284213662147521973e-01
-1.028016582131385803e-02
5.722132325172424316e-01
9.986552596092224121e-01
1.197750210762023926e+00
1.175562858581542969e+00
8.624985218048095703e-01
2.705384790897369385e-01
-4.773990809917449951e-01
-1.003906250000000000e+00
-9.352732300758361816e-01
-1.130078658461570740e-01
1.087330937385559082e+00
1.947536706924438477e+00
1.752879261970520020e+00
3.926431834697723389e-01
-1.529599905014038086e+00
-2.920454502105712891e+00
-2.941310882568359375e+00
-1.495949029922485352e+00
6.138516068458557129e-01
2.261192798614501953e+00
2.629651546478271484e+00
1.752509474754333496e+00
3.353996574878692627e-01
-7.048199772834777832e-01
-8.974066972732543945e-01
-3.697161674499511719e-01
3.140997588634490967e-01
6.685066223144531250e-01
5.451446175575256348e-01
1.794221699237823486e-01
-1.284651011228561401e-01
-2.195074260234832764e-01
-1.854127794504165649e-01
-1.799398809671401978e-01
-2.853300571441650391e-01
-4.196378588676452637e-01
-4.776948988437652588e-01
-4.231878221035003662e-01
-3.469371199607849121e-01
-3.336986303329467773e-01
-3.686807751655578613e-01
-3.007872998714447021e-01
1.064995583146810532e-02
5.520226955413818359e-01
1.098794460296630859e+00
1.342855930328369141e+00
1.098572492599487305e+00
4.382752776145935059e-01
-3.433871269226074219e-01
-9.236618280410766602e-01
-1.130522370338439941e+00
-1.023209333419799805e+00
-7.875050902366638184e-01
-6.046808362007141113e-01
-5.294654965400695801e-01
-5.357519388198852539e-01
-5.706601142883300781e-01
-6.565993428230285645e-01
-8.286257386207580566e-01
-1.096501708030700684e+00
-1.324810147285461426e+00
-1.309944629669189453e+00
-8.426777720451354980e-01
7.861738651990890503e-02
1.238870978355407715e+00
2.198624134063720703e+00
2.561536312103271484e+00
2.115421533584594727e+00
1.053014397621154785e+00
-1.698076277971267700e-01
-9.647824764251708984e-01
-9.993948340415954590e-01
-2.896935939788818359e-01
7.198334932327270508e-01
1.502753138542175293e+00
1.653257727622985840e+00
1.202705502510070801e+00
4.520314633846282959e-01
-1.493212580680847168e-01
-4.055858254432678223e-01
-3.507829308509826660e-01
-2.609978914260864258e-01
-2.740884423255920410e-01
-3.766682446002960205e-01
-3.186851441860198975e-01
1.190724223852157593e-02
5.476592183113098145e-01
9.051722884178161621e-01
7.898717522621154785e-01
1.215130388736724854e-01
-7.122897505760192871e-01
-1.230587601661682129e+00
-1.056416511535644531e+00
-3.464193940162658691e-01
4.569866657257080078e-01
7.921644449234008789e-01
5.527623295783996582e-01
1.516139600425958633e-02
-2.160314023494720459e-01
1.644826531410217285e-01
1.060336232185363770e+00
1.841998696327209473e+00
1.945687770843505859e+00
1.115213155746459961e+00
-2.195813804864883423e-01
-1.379317164421081543e+00
-1.700221061706542969e+00
-1.135773420333862305e+00
-9.681105613708496094e-02
6.537889838218688965e-01
6.796002984046936035e-01
-4.326544702053070068e-02
-9.560554027557373047e-01
-1.484485507011413574e+00
-1.230143904685974121e+00
-4.019618928432464600e-01
5.217738747596740723e-01
9.198160171508789062e-01
5.997996330261230469e-01
-2.825196683406829834e-01
-1.155150413513183594e+00
-1.577894568443298340e+00
-1.313790440559387207e+00
-6.253151297569274902e-01
1.204776242375373840e-01
5.244363546371459961e-01
5.840465426445007324e-01
4.708907604217529297e-01
5.481029152870178223e-01
9.084264636039733887e-01
