9.888072609901428223e-01
1.014409422874450684e+00
6.990652084350585938e-01
4.722358658909797668e-02
-7.117882370948791504e-01
-1.117208600044250488e+00
-1.086688876152038574e+00
-6.831418871879577637e-01
-3.059776127338409424e-01
-1.133366078138351440e-01
-1.936557292938232422e-01
-2.961426377296447754e-01
-3.379803895950317383e-01
-2.411915361881256104e-01
-2.358837723731994629e-01
-4.088547825813293457e-01
-8.641526103019714355e-01
-1.385641455650329590e+00
-1.814010143280029297e+00
-1.865292668342590332e+00
-1.490079760551452637e+00
-6.202291250228881836e-01
5.416272282600402832e-01
1.775840997695922852e+00
2.617435693740844727e+00
2.769877910614013672e+00
2.072373867034912109e+00
8.921745419502258301e-01
-2.103596180677413940e-01
-5.787035822868347168e-01
-8.008495718240737915e-02
9.704642295837402344e-01
1.809014678001403809e+00
1.904242396354675293e+00
1.134458899497985840e+00
8.039718493819236755e-03
-8.828078508377075195e-01
-1.116193890571594238e+00
-8.346475958824157715e-01
-4.004247784614562988e-01
-1.994318366050720215e-01
-2.181651592254638672e-01
-2.564904093742370605e-01
-5.659024789929389954e-02
3.179201185703277588e-01
6.425529718399047852e-01
6.472363471984863281e-01
3.780228495597839355e-01
7.711885124444961548e-02
5.776108056306838989e-02
3.391512036323547363e-01
6.972699165344238281e-01
7.896096110343933105e-01
5.216450095176696777e-01
6.322496384382247925e-02
-2.539926469326019287e-01
-2.889615297317504883e-01
-1.640726923942565918e-01
-1.750004589557647705e-01
-4.577955901622772217e-01
-8.664162158966064453e-01
-1.058510899543762207e+00
-8.346475958824157715e-01
-3.358728885650634766e-01
2.724137529730796814e-02
-8.578301221132278442e-02
-6.419285535812377930e-01
-1.226330161094665527e+00
-1.343335390090942383e+00
-8.128701448440551758e-01
1.033454984426498413e-01
8.771879076957702637e-01
1.129307150840759277e+00
8.426092863082885742e-01
3.474251031875610352e-01
-2.013832330703735352e-02
-1.159124374389648438e-01
-7.774329185485839844e-02
-7.157690823078155518e-02
-1.636043637990951538e-01
-2.200385034084320068e-01
-1.440904736518859863e-01
5.549747124314308167e-02
1.751565784215927124e-01
8.180218189954757690e-02
-2.159015536308288574e-01
-4.691917002201080322e-01
-4.830855727195739746e-01
-2.102034986019134521e-01
1.082630008459091187e-01
2.576612532138824463e-01
1.632140874862670898e-01
8.351939916610717773e-02
2.836537361145019531e-01
8.807003498077392578e-01
1.573755264282226562e+00
1.938664793968200684e+00
1.632531046867370605e+00
7.778232097625732422e-01
-2.291709929704666138e-01
-8.746901154518127441e-01
-9.855289459228515625e-01
-6.635499596595764160e-01
-2.496215403079986572e-01
9.717911481857299805e-02
3.551526069641113281e-01
6.739313006401062012e-01
1.014955878257751465e+00
1.229296326637268066e+00
1.040401935577392578e+00
4.373450577259063721e-01
-3.787253499031066895e-01
-9.834994673728942871e-01
-1.173798799514770508e+00
-1.004184246063232422e+00
-8.708654046058654785e-01
-1.061164736747741699e+00
-1.632453083992004395e+00
-2.220523357391357422e+00
-2.420579671859741211e+00
-1.950607299804687500e+00
-9.628148078918457031e-01
1.955290585756301880e-01
1.090357542037963867e+00
1.547528624534606934e+00
1.545186996459960938e+00
1.248888254165649414e+00
7.548748850822448730e-01
1.972462832927703857e-01
-3.372778892517089844e-01
-6.613643765449523926e-01
-6.754924058914184570e-01
-3.556209206581115723e-01
9.881827980279922485e-02
4.669280946254730225e-01
5.632485747337341309e-01
4.454628229141235352e-01
2.648423612117767334e-01
1.943582296371459961e-01
1.984951794147491455e-01
1.442465931177139282e-01
-1.237960457801818848e-01
-5.310897231101989746e-01
-8.279348611831665039e-01
-6.982846260070800781e-01
-6.033691391348838806e-02
8.556445837020874023e-01
1.555490255355834961e+00
1.597562193870544434e+00
8.308228850364685059e-01
-4.562344849109649658e-01
-1.687013864517211914e+00
-2.250106334686279297e+00
-1.812917351722717285e+00
-4.744214117527008057e-01
1.258020758628845215e+00
2.681441068649291992e+00
3.213155269622802734e+00
2.642959833145141602e+00
1.253571629524230957e+00
-3.401659429073333740e-01
-1.475795626640319824e+00
-1.812839388847351074e+00
-1.436221480369567871e+00
-7.933562397956848145e-01
-3.243206739425659180e-01
-2.446259856224060059e-01
-4.060447812080383301e-01
-5.399880409240722656e-01
-4.381256103515625000e-01
-1.803862899541854858e-01
4.246219992637634277e-02
3.208081796765327454e-02
-1.556427031755447388e-01
-3.647534251213073730e-01
-3.932436704635620117e-01
-2.735065221786499023e-01
-1.215324401855468750e-01
-1.202835515141487122e-01
-2.226923853158950806e-01
-3.177640140056610107e-01
-2.277659922838211060e-01
-2.685109712183475494e-02
1.550182551145553589e-01
1.245766058564186096e-01
-3.434442682191729546e-03
-1.732832379639148712e-02
3.616312146186828613e-01
1.016438961029052734e+00
1.612392783164978027e+00
1.632296919822692871e+00
9.731181263923645020e-01
-1.099021658301353455e-01
-9.576631188392639160e-01
-1.169271588325500488e+00
-6.871227025985717773e-01
-3.512498224154114723e-03
4.613080918788909912e-01
4.903447329998016357e-01
4.097133874893188477e-01
5.199277997016906738e-01
9.632831215858459473e-01
1.301341533660888672e+00
1.070297241210937500e+00
-2.536804229021072388e-02
-1.536288619041442871e+00
-2.746617555618286133e+00
-2.898669719696044922e+00
-1.979643940925598145e+00
-4.677086472511291504e-01
7.540943026542663574e-01
1.258020758628845215e+00
1.022293090820312500e+00
5.913485884666442871e-01
3.193251192569732666e-01
3.839550912380218506e-01
4.709089100360870361e-01
