1.313905477523803711e+00
1.343994855880737305e+00
1.476669907569885254e+00
1.376078605651855469e+00
9.940072298049926758e-01
5.579156875610351562e-01
1.780731678009033203e-01
-1.183635219931602478e-01
-5.843685865402221680e-01
-1.335666060447692871e+00
-2.326153993606567383e+00
-3.109007358551025391e+00
-3.291714191436767578e+00
-2.662475347518920898e+00
-1.565002679824829102e+00
-5.134560465812683105e-01
-6.862503476440906525e-03
-7.097118999809026718e-03
-1.689231544733047485e-01
3.484040126204490662e-02
7.064272761344909668e-01
1.601544022560119629e+00
2.144150972366333008e+00
2.031418323516845703e+00
1.286807417869567871e+00
3.896376788616180420e-01
-2.563174366950988770e-01
-4.245954155921936035e-01
-3.201328516006469727e-01
-1.699202805757522583e-01
-1.566645056009292603e-01
-1.296250671148300171e-01
4.698175564408302307e-02
4.581454098224639893e-01
8.437946438789367676e-01
9.250302910804748535e-01
4.727502465248107910e-01
-3.392540216445922852e-01
-1.184984207153320312e+00
-1.645593166351318359e+00
-1.626589298248291016e+00
-1.220997691154479980e+00
-7.369859218597412109e-01
-3.079915046691894531e-01
3.061732277274131775e-02
4.487021565437316895e-01
9.843879938125610352e-01
1.613978743553161621e+00
2.110894203186035156e+00
2.338178157806396484e+00
2.198933839797973633e+00
1.815396070480346680e+00
1.298538088798522949e+00
8.115350008010864258e-01
3.745049834251403809e-01
2.662885934114456177e-02
-2.858789861202239990e-01
-5.506426095962524414e-01
-8.268436789512634277e-01
-1.093894720077514648e+00
-1.359596848487854004e+00
-1.503592133522033691e+00
-1.430567979812622070e+00
-1.022923588752746582e+00
-3.499290049076080322e-01
4.289944469928741455e-01
1.019521713256835938e+00
1.241467952728271484e+00
1.031780362129211426e+00
5.692358613014221191e-01
8.862600475549697876e-02
-1.565471887588500977e-01
-9.331831336021423340e-02
2.377241551876068115e-01
6.305291652679443359e-01
8.878437280654907227e-01
8.218581080436706543e-01
4.023655951023101807e-01
-2.946184277534484863e-01
-1.039463996887207031e+00
-1.609521031379699707e+00
-1.831760525703430176e+00
-1.730347990989685059e+00
-1.445055484771728516e+00
-1.183400630950927734e+00
-1.029962062835693359e+00
-9.413946866989135742e-01
-7.564003467559814453e-01
-3.867636620998382568e-01
1.172490939497947693e-01
5.380319952964782715e-01
6.642551422119140625e-01
4.150934815406799316e-01
-5.812599137425422668e-02
-4.795540869235992432e-01
-5.831955075263977051e-01
-2.834155261516571045e-01
3.143847584724426270e-01
9.659706950187683105e-01
1.420948743820190430e+00
1.504589200019836426e+00
1.186978459358215332e+00
5.773887634277343750e-01
-8.493081480264663696e-02
-5.142185091972351074e-01
-5.011973381042480469e-01
-5.132213979959487915e-02
5.726377964019775391e-01
9.694312214851379395e-01
8.443225622177124023e-01
2.309789657592773438e-01
-4.936310052871704102e-01
-8.392196297645568848e-01
-5.520502924919128418e-01
1.942029744386672974e-01
8.965244889259338379e-01
1.096416831016540527e+00
7.094772458076477051e-01
1.002981290221214294e-01
-2.201279997825622559e-01
1.395962201058864594e-02
5.924627780914306641e-01
1.013011097908020020e+00
8.721244931221008301e-01
2.080452889204025269e-01
-5.443079471588134766e-01
-9.010995030403137207e-01
-7.522359490394592285e-01
-4.345079064369201660e-01
-4.620165824890136719e-01
-1.036003351211547852e+00
-1.836570143699645996e+00
-2.197467327117919922e+00
-1.640079617500305176e+00
-2.693972587585449219e-01
1.204985260963439941e+00
1.943261504173278809e+00
1.523475766181945801e+00
2.414780110120773315e-01
-1.128559231758117676e+00
-1.842200875282287598e+00
-1.675447940826416016e+00
-9.639177918434143066e-01
-3.032405376434326172e-01
-7.032599300146102905e-02
-2.174885720014572144e-01
-3.711030781269073486e-01
-1.943789422512054443e-01
3.612492084503173828e-01
1.022454380989074707e+00
1.436257481575012207e+00
1.416667103767395020e+00
1.056414961814880371e+00
6.071262359619140625e-01
2.788991630077362061e-01
1.001808196306228638e-01
-4.868271574378013611e-02
-2.970818877220153809e-01
-6.544599533081054688e-01
-9.956495165824890137e-01
-1.154425621032714844e+00
-1.041458249092102051e+00
-7.100051641464233398e-01
-3.098097741603851318e-01
-3.225963097065687180e-03
1.298596858978271484e-01
1.119702458381652832e-01
4.522213712334632874e-02
3.882886469364166260e-02
1.735568195581436157e-01
4.567963778972625732e-01
8.504225611686706543e-01
1.262055397033691406e+00
1.595971941947937012e+00
1.741022944450378418e+00
1.631340265274047852e+00
1.235661149024963379e+00
6.335204839706420898e-01
-3.173174709081649780e-02
-5.480031371116638184e-01
-7.713571190834045410e-01
-6.643724441528320312e-01
-3.797251880168914795e-01
-1.353731453418731689e-01
-1.278067976236343384e-01
-3.445915281772613525e-01
-6.152791380882263184e-01
-6.710590124130249023e-01
-3.996088504791259766e-01
1.205923706293106079e-01
6.006743311882019043e-01
8.174003958702087402e-01
7.085974812507629395e-01
4.806098639965057373e-01
3.536828756332397461e-01
4.403146505355834961e-01
5.562146902084350586e-01
4.507550299167633057e-01
-4.792021587491035461e-02
-7.626177072525024414e-01
-1.349918961524963379e+00
-1.457372784614562988e+00
-1.094305396080017090e+00
-5.423137545585632324e-01
-2.356712669134140015e-01
-3.189011216163635254e-01
-6.303532123565673828e-01
-7.278359532356262207e-01
-3.657655715942382812e-01
3.949165344238281250e-01
1.093308210372924805e+00
1.325108289718627930e+00
9.282562136650085449e-01
2.199520319700241089e-01
-3.728626966476440430e-01
-5.014906525611877441e-01
-2.501001358032226562e-01
