-9.894967079162597656e-01
-9.760746359825134277e-01
-2.456099353730678558e-02
7.947384119033813477e-01
1.066984891891479492e+00
6.926200389862060547e-01
1.531083881855010986e-01
-6.468881666660308838e-02
2.936249375343322754e-01
8.454516530036926270e-01
1.053147792816162109e+00
5.213157534599304199e-01
-4.473560154438018799e-01
-1.196362495422363281e+00
-1.037926793098449707e+00
1.909530721604824066e-02
1.382472634315490723e+00
2.105672836303710938e+00
1.722590446472167969e+00
4.211345613002777100e-01
-9.519979357719421387e-01
-1.657071471214294434e+00
-1.419002771377563477e+00
-7.024444341659545898e-01
-1.537310630083084106e-01
-2.281059026718139648e-01
-7.357920408248901367e-01
-1.181072473526000977e+00
-1.053632020950317383e+00
-3.584521412849426270e-01
5.359139442443847656e-01
1.072381377220153809e+00
1.037996053695678711e+00
5.532104372978210449e-01
3.293248638510704041e-02
-2.781273126602172852e-01
-3.617038726806640625e-01
-4.794582724571228027e-01
-7.882349491119384766e-01
-1.265410065650939941e+00
-1.600823283195495605e+00
-1.539040327072143555e+00
-9.891507625579833984e-01
-1.984251588582992554e-01
5.130134224891662598e-01
8.875858783721923828e-01
9.674956202507019043e-01
9.389218091964721680e-01
1.032807111740112305e+00
1.262711882591247559e+00
1.491855502128601074e+00
1.482238650321960449e+00
1.139284133911132812e+00
5.227686762809753418e-01
-1.434915512800216675e-01
-6.684049367904663086e-01
-9.439724087715148926e-01
-1.011912941932678223e+00
-9.432113766670227051e-01
-8.177773356437683105e-01
-6.579579114913940430e-01
-5.179256200790405273e-01
-4.738542139530181885e-01
-6.300067901611328125e-01
-9.906728863716125488e-01
-1.405649900436401367e+00
-1.571903586387634277e+00
-1.213935732841491699e+00
-2.788191735744476318e-01
9.344938993453979492e-01
1.884277939796447754e+00
2.073017120361328125e+00
1.368981361389160156e+00
1.339439004659652710e-01
-9.540735483169555664e-01
-1.301386713981628418e+00
-7.719762325286865234e-01
2.310809046030044556e-01
1.029071092605590820e+00
1.137762069702148438e+00
5.814383029937744141e-01
-1.216979920864105225e-01
-3.608736395835876465e-01
1.331136673688888550e-01
1.057852387428283691e+00
1.772819399833679199e+00
1.739056706428527832e+00
9.344938993453979492e-01
-1.558758318424224854e-01
-8.626789450645446777e-01
-8.423383235931396484e-01
-2.683029174804687500e-01
3.019272685050964355e-01
3.999636769294738770e-01
-3.653015568852424622e-02
-6.204591393470764160e-01
-8.910451531410217285e-01
-6.684049367904663086e-01
-2.341942638158798218e-01
-3.936677426099777222e-02
-3.304318487644195557e-01
-8.493952751159667969e-01
-1.028171658515930176e+00
-3.934602141380310059e-01
9.646589756011962891e-01
2.395630836486816406e+00
3.040166854858398438e+00
2.451256275177001953e+00
8.794219493865966797e-01
-8.294005393981933594e-01
-1.823048472404479980e+00
-1.739264249801635742e+00
-9.305503368377685547e-01
-1.178235858678817749e-01
9.831316024065017700e-02
-3.332684636116027832e-01
-9.871444106101989746e-01
-1.295575141906738281e+00
-1.010529279708862305e+00
-3.128586411476135254e-01
3.509800732135772705e-01
6.796130537986755371e-01
7.019601464271545410e-01
7.341315746307373047e-01
1.031285047531127930e+00
1.557028651237487793e+00
1.952080130577087402e+00
1.839514613151550293e+00
1.118182539939880371e+00
1.048858240246772766e-01
-6.927583813667297363e-01
-9.218329191207885742e-01
-6.590648889541625977e-01
-3.323690593242645264e-01
-4.064671397209167480e-01
-1.013504266738891602e+00
-1.840898394584655762e+00
-2.336615324020385742e+00
-2.094326257705688477e+00
-1.129736542701721191e+00
1.261950731277465820e-01
1.104552865028381348e+00
1.442456841468811035e+00
1.146894693374633789e+00
5.298947691917419434e-01
-4.192665591835975647e-02
-3.333376646041870117e-01
-3.320923149585723877e-01
-1.419002711772918701e-01
9.775967150926589966e-02
3.089842200279235840e-01
4.320659339427947998e-01
4.552432000637054443e-01
3.873718380928039551e-01
3.306394219398498535e-01
4.090962111949920654e-01
7.264519333839416504e-01
1.201413154602050781e+00
1.609955906867980957e+00
1.643372654914855957e+00
1.183701515197753906e+00
3.614271283149719238e-01
-4.210653901100158691e-01
-8.065000176429748535e-01
-6.445358395576477051e-01
-1.637630164623260498e-01
2.705168724060058594e-01
3.332684636116027832e-01
3.500806540250778198e-02
-4.035613536834716797e-01
-6.477875709533691406e-01
-5.825452804565429688e-01
-2.686488330364227295e-01
3.860573098063468933e-02
1.888775080442428589e-01
9.706781804561614990e-02
-1.532467603683471680e-01
-5.418639779090881348e-01
-1.004510045051574707e+00
-1.519045591354370117e+00
-1.894240736961364746e+00
-1.948966741561889648e+00
-1.505692720413208008e+00
-7.092246413230895996e-01
1.361578404903411865e-01
5.904324650764465332e-01
5.215232968330383301e-01
5.604057759046554565e-02
-3.752643167972564697e-01
-5.232529640197753906e-01
-3.707672357559204102e-01
-2.688564062118530273e-01
-4.580798447132110596e-01
-9.575328230857849121e-01
-1.336256384849548340e+00
-1.204249739646911621e+00
-3.965735733509063721e-01
6.651532053947448730e-01
1.412499308586120605e+00
1.387523174285888672e+00
7.822157740592956543e-01
1.326985508203506470e-01
7.610448449850082397e-02
6.592724323272705078e-01
1.454149246215820312e+00
1.697752714157104492e+00
1.078400611877441406e+00
-1.793990284204483032e-01
-1.262019991874694824e+00
-1.536687970161437988e+00
-8.132802248001098633e-01
3.493887782096862793e-01
1.254202008247375488e+00
1.353968024253845215e+00
7.719762325286865234e-01
-8.025564253330230713e-02
-6.565741896629333496e-01
