1.734189838171005249e-01
2.289014458656311035e-01
1.308838278055191040e-01
2.703161835670471191e-01
5.076001882553100586e-01
5.920895338058471680e-01
4.102050065994262695e-01
5.162316933274269104e-02
-2.316817939281463623e-01
-2.691542506217956543e-01
-1.024993807077407837e-01
1.290579233318567276e-02
-1.437481194734573364e-01
-5.776067972183227539e-01
-1.015490770339965820e+00
-1.143096327781677246e+00
-8.494999408721923828e-01
-3.742264807224273682e-01
-1.231237500905990601e-01
-3.706576824188232422e-01
-9.993066787719726562e-01
-1.562181830406188965e+00
-1.573012709617614746e+00
-8.719086647033691406e-01
2.670378684997558594e-01
1.308091282844543457e+00
1.815940380096435547e+00
1.700950264930725098e+00
1.211899518966674805e+00
6.822226047515869141e-01
2.764163315296173096e-01
-8.378390222787857056e-02
-5.559865236282348633e-01
-1.146167159080505371e+00
-1.616170406341552734e+00
-1.615921378135681152e+00
-9.667724967002868652e-01
1.625880897045135498e-01
1.289334297180175781e+00
1.903002619743347168e+00
1.764317274093627930e+00
1.060847878456115723e+00
2.578668594360351562e-01
-1.853288412094116211e-01
-1.140772402286529541e-01
2.808150947093963623e-01
6.118839383125305176e-01
6.035844087600708008e-01
2.579498589038848877e-01
-1.398473232984542847e-01
-2.697767019271850586e-01
8.756020106375217438e-03
5.215433835983276367e-01
9.358566999435424805e-01
9.763584733009338379e-01
6.715991497039794922e-01
3.025599122047424316e-01
2.272415310144424438e-01
5.528326630592346191e-01
1.057735443115234375e+00
1.280619740486145020e+00
8.961433768272399902e-01
-6.577388942241668701e-02
-1.146748065948486328e+00
-1.797100424766540527e+00
-1.704270005226135254e+00
-1.061262845993041992e+00
-3.834389746189117432e-01
-1.923834532499313354e-01
-5.891432166099548340e-01
-1.233021855354309082e+00
-1.532344937324523926e+00
-1.122554898262023926e+00
-7.079511880874633789e-02
1.112678527832031250e+00
1.859637498855590820e+00
1.825650930404663086e+00
1.105872869491577148e+00
5.037823691964149475e-02
-9.188011288642883301e-01
-1.563551306724548340e+00
-1.790336370468139648e+00
-1.643932342529296875e+00
-1.167206525802612305e+00
-4.877642393112182617e-01
2.142527550458908081e-01
6.623036861419677734e-01
6.949623823165893555e-01
3.301558792591094971e-01
-1.350750923156738281e-01
-3.689562678337097168e-01
-1.804735958576202393e-01
2.624731063842773438e-01
6.028374433517456055e-01
4.949848651885986328e-01
-5.739135295152664185e-02
-7.527686953544616699e-01
-1.128240108489990234e+00
-9.580164551734924316e-01
-3.262551128864288330e-01
3.780442774295806885e-01
8.205760121345520020e-01
8.593348860740661621e-01
6.580709218978881836e-01
4.448971152305603027e-01
4.007850289344787598e-01
5.185140371322631836e-01
7.556320428848266602e-01
1.062383294105529785e+00
1.475783586502075195e+00
1.942964911460876465e+00
2.306153059005737305e+00
2.274739265441894531e+00
1.692484736442565918e+00
6.513897776603698730e-01
-4.183800518512725830e-01
-1.048730492591857910e+00
-9.815871715545654297e-01
-4.237332642078399658e-01
1.381874233484268188e-01
2.096050083637237549e-01
-3.147187530994415283e-01
-1.145503163337707520e+00
-1.757179617881774902e+00
-1.816811919212341309e+00
-1.342119455337524414e+00
-7.097355723381042480e-01
-3.098220229148864746e-01
-3.318572938442230225e-01
-6.259931921958923340e-01
-9.141118526458740234e-01
-9.810062050819396973e-01
-8.617832660675048828e-01
-7.287830114364624023e-01
-7.517312765121459961e-01
-8.897526860237121582e-01
-9.485135078430175781e-01
-6.927214860916137695e-01
-8.552680909633636475e-02
6.810191273689270020e-01
1.242773890495300293e+00
1.312656044960021973e+00
8.232318758964538574e-01
1.290579233318567276e-02
-7.405683994293212891e-01
-1.092012643814086914e+00
-9.385540485382080078e-01
-4.294599592685699463e-01
1.182270199060440063e-01
4.354771077632904053e-01
4.279660284519195557e-01
2.240877151489257812e-01
4.510802775621414185e-02
6.863723695278167725e-02
3.038048446178436279e-01
6.233373284339904785e-01
8.649370670318603516e-01
9.583069682121276855e-01
9.406288862228393555e-01
8.984672427177429199e-01
8.638166189193725586e-01
7.911540865898132324e-01
6.224658489227294922e-01
3.879622220993041992e-01
2.383629232645034790e-01
3.459250330924987793e-01
7.536401748657226562e-01
1.280121803283691406e+00
1.612850546836853027e+00
1.499105334281921387e+00
9.446957111358642578e-01
2.082770764827728271e-01
-3.756374120712280273e-01
-6.587348580360412598e-01
-7.656329870223999023e-01
-9.867743849754333496e-01
-1.488232851028442383e+00
-2.147258281707763672e+00
-2.573647260665893555e+00
-2.417864799499511719e+00
-1.627831220626831055e+00
-5.678963661193847656e-01
2.140452563762664795e-01
3.018129467964172363e-01
-2.965012490749359131e-01
-1.196628332138061523e+00
-1.847063660621643066e+00
-1.880137443542480469e+00
-1.233519792556762695e+00
-1.567369103431701660e-01
1.003995895385742188e+00
1.921054124832153320e+00
2.404129266738891602e+00
2.356448173522949219e+00
1.819011211395263672e+00
9.402969479560852051e-01
2.029238641262054443e-02
-6.208474636077880859e-01
-7.445106506347656250e-01
-3.709066510200500488e-01
2.684487700462341309e-01
8.109900355339050293e-01
1.021342039108276367e+00
8.468440771102905273e-01
4.418677687644958496e-01
-2.933889068663120270e-02
-4.527401626110076904e-01
-8.325273394584655762e-01
-1.138863563537597656e+00
-1.298961758613586426e+00
-1.159529447555541992e+00
-6.767033934593200684e-01
4.701692238450050354e-02
7.119764685630798340e-01
1.042381286621093750e+00
9.034884572029113770e-01
4.386309385299682617e-01
