1.079859137535095215e+00
1.108989119529724121e+00
1.413724720478057861e-01
-7.430715560913085938e-01
-1.210176110267639160e+00
-1.103114962577819824e+00
-6.023015379905700684e-01
-3.301602974534034729e-02
2.232196927070617676e-01
9.157731197774410248e-03
-6.106459498405456543e-01
-1.283528327941894531e+00
-1.623087286949157715e+00
-1.332630634307861328e+00
-4.762020111083984375e-01
5.927220582962036133e-01
1.327147960662841797e+00
1.376340627670288086e+00
7.367153763771057129e-01
-1.565851420164108276e-01
-7.845222949981689453e-01
-8.167250156402587891e-01
-4.045969843864440918e-01
8.645621128380298615e-03
-3.093746677041053772e-02
-5.671467185020446777e-01
-1.236564755439758301e+00
-1.461621999740600586e+00
-9.311966300010681152e-01
2.205386459827423096e-01
1.440233945846557617e+00
2.182281255722045898e+00
2.202765703201293945e+00
1.715598464012145996e+00
1.133480072021484375e+00
8.021147847175598145e-01
7.590975761413574219e-01
8.427823781967163086e-01
8.556754589080810547e-01
7.769913077354431152e-01
7.022232413291931152e-01
7.346970438957214355e-01
8.143451809883117676e-01
7.710869908332824707e-01
4.398723244667053223e-01
-1.624292284250259399e-01
-8.462767601013183594e-01
-1.353054761886596680e+00
-1.530696630477905273e+00
-1.388781905174255371e+00
-1.059977173805236816e+00
-6.917701959609985352e-01
-3.883600831031799316e-01
-2.160802781581878662e-01
-2.172852456569671631e-01
-3.850765526294708252e-01
-5.985360145568847656e-01
-6.354681849479675293e-01
-2.750030457973480225e-01
5.014460086822509766e-01
1.435805678367614746e+00
2.072659492492675781e+00
2.066213130950927734e+00
1.405802011489868164e+00
4.750271737575531006e-01
-2.377696335315704346e-01
-4.527353346347808838e-01
-3.227497637271881104e-01
-2.373177707195281982e-01
-5.152127146720886230e-01
-1.060218214988708496e+00
-1.458127617835998535e+00
-1.248614430427551270e+00
-3.795939683914184570e-01
7.524099946022033691e-01
1.483974099159240723e+00
1.403874158859252930e+00
5.623871088027954102e-01
-5.084348320960998535e-01
-1.248463869094848633e+00
-1.353476524353027344e+00
-9.964153766632080078e-01
-5.435293912887573242e-01
-3.453428447246551514e-01
-4.309857189655303955e-01
-6.423063874244689941e-01
-6.986986994743347168e-01
-4.738523364067077637e-01
7.353296130895614624e-02
8.210930228233337402e-01
1.642216086387634277e+00
2.280817270278930664e+00
2.498795270919799805e+00
2.058923006057739258e+00
1.034251213073730469e+00
-2.340945005416870117e-01
-1.128057718276977539e+00
-1.229636192321777344e+00
-5.076214671134948730e-01
4.762622416019439697e-01
1.029973626136779785e+00
6.723702549934387207e-01
-3.918544948101043701e-01
-1.532775163650512695e+00
-2.015935897827148438e+00
-1.646975755691528320e+00
-7.533438801765441895e-01
-3.337752074003219604e-02
1.169116869568824768e-01
-2.523798346519470215e-01
-6.096819639205932617e-01
-5.553380846977233887e-01
-3.536571189761161804e-02
4.828293025493621826e-01
5.491023659706115723e-01
1.807446824386715889e-04
-7.325883507728576660e-01
-1.077389001846313477e+00
-6.267020702362060547e-01
3.897458016872406006e-01
1.396493673324584961e+00
1.739215731620788574e+00
1.275726199150085449e+00
2.946439683437347412e-01
-5.845584273338317871e-01
-9.973793029785156250e-01
-8.900470733642578125e-01
-6.025726795196533203e-01
-4.045367240905761719e-01
-4.316785633563995361e-01
-5.074105858802795410e-01
-4.952404499053955078e-01
-3.159417212009429932e-01
-1.383299380540847778e-01
-6.467647105455398560e-02
-1.381491869688034058e-01
-1.463730782270431519e-01
6.982769817113876343e-02
5.944994091987609863e-01
1.205476760864257812e+00
1.644234418869018555e+00
1.657308340072631836e+00
1.295427322387695312e+00
7.283709645271301270e-01
2.426497489213943481e-01
-6.973732262849807739e-02
-2.042414993047714233e-01
-3.116641044616699219e-01
-4.250512719154357910e-01
-5.458188652992248535e-01
-5.420231819152832031e-01
-3.870346248149871826e-01
-8.928787708282470703e-02
1.818291544914245605e-01
3.021749854087829590e-01
1.388119161128997803e-01
-2.839197814464569092e-01
-9.164358377456665039e-01
-1.585341811180114746e+00
-2.145891427993774414e+00
-2.395047903060913086e+00
-2.239065170288085938e+00
-1.646072030067443848e+00
-7.828353643417358398e-01
1.241414770483970642e-01
7.920835018157958984e-01
1.105404376983642578e+00
1.079527735710144043e+00
9.162852168083190918e-01
7.959694862365722656e-01
8.449814319610595703e-01
1.003253579139709473e+00
1.155591130256652832e+00
1.149355530738830566e+00
9.439692497253417969e-01
5.529281497001647949e-01
7.362333685159683228e-02
-4.162550270557403564e-01
-8.053380846977233887e-01
-9.970479607582092285e-01
-8.741415739059448242e-01
-4.140258431434631348e-01
2.799735367298126221e-01
9.242982268333435059e-01
1.202102780342102051e+00
9.220991730690002441e-01
2.094529718160629272e-01
-5.400651097297668457e-01
-8.495602607727050781e-01
-4.884324073791503906e-01
3.597421944141387939e-01
1.169388055801391602e+00
1.418604850769042969e+00
9.437583684921264648e-01
7.055068016052246094e-02
-6.040487289428710938e-01
-6.462225317955017090e-01
-1.090492978692054749e-01
4.872876703739166260e-01
5.580492019653320312e-01
-8.519099652767181396e-02
-1.023918628692626953e+00
-1.516237020492553711e+00
-1.030817031860351562e+00
2.838595211505889893e-01
1.651524424552917480e+00
2.142487287521362305e+00
1.358085513114929199e+00
-2.911796867847442627e-01
-1.800397872924804688e+00
-2.279642343521118164e+00
-1.507470965385437012e+00
-9.687915444374084473e-02
1.003675222396850586e+00
1.122514843940734863e+00
3.353115320205688477e-01
-7.136101722717285156e-01
