2.920774519443511963e-01
3.108493089675903320e-01
8.304163068532943726e-02
-8.929891884326934814e-02
-4.698268324136734009e-02
2.033618390560150146e-01
5.111885666847229004e-01
6.184108853340148926e-01
3.776113986968994141e-01
-1.836354732513427734e-01
-8.134473562240600586e-01
-1.224625349044799805e+00
-1.203679442405700684e+00
-7.676312923431396484e-01
-9.847273677587509155e-02
5.118779540061950684e-01
8.465898036956787109e-01
8.036372065544128418e-01
4.730085134506225586e-01
3.086221404373645782e-02
-2.954712212085723877e-01
-3.771341443061828613e-01
-1.869232058525085449e-01
1.595077961683273315e-01
5.264605879783630371e-01
8.001374006271362305e-01
9.764550328254699707e-01
1.079063892364501953e+00
1.116713643074035645e+00
9.799548387527465820e-01
5.310209989547729492e-01
-2.936152517795562744e-01
-1.311750173568725586e+00
-2.139143943786621094e+00
-2.340808868408203125e+00
-1.748434543609619141e+00
-6.016010642051696777e-01
4.925757944583892822e-01
9.147835969924926758e-01
3.775053322315216064e-01
-8.486578464508056641e-01
-2.097357988357543945e+00
-2.654574632644653320e+00
-2.184800863265991211e+00
-8.737930655479431152e-01
6.694767475128173828e-01
1.783539056777954102e+00
2.051223754882812500e+00
1.485840678215026855e+00
4.339800179004669189e-01
-5.932226777076721191e-01
-1.175786733627319336e+00
-1.097517609596252441e+00
-4.271394014358520508e-01
5.589136481285095215e-01
1.461553812026977539e+00
1.940872669219970703e+00
1.826438546180725098e+00
1.207815527915954590e+00
3.448401689529418945e-01
-4.438431859016418457e-01
-9.573119282722473145e-01
-1.137341499328613281e+00
-1.045338153839111328e+00
-7.339586019515991211e-01
-2.391556501388549805e-01
3.969135284423828125e-01
1.011135220527648926e+00
1.350036263465881348e+00
1.172180891036987305e+00
4.809626936912536621e-01
-4.083145260810852051e-01
-9.575771093368530273e-01
-7.505033016204833984e-01
2.401631772518157959e-01
1.550004363059997559e+00
2.493582010269165039e+00
2.543110132217407227e+00
1.678490877151489258e+00
3.604303598403930664e-01
-7.287088632583618164e-01
-1.119948387145996094e+00
-7.697523832321166992e-01
-5.228547006845474243e-02
5.443309545516967773e-01
6.714387536048889160e-01
2.956303060054779053e-01
-3.884290754795074463e-01
-1.085056066513061523e+00
-1.578268170356750488e+00
-1.751298069953918457e+00
-1.616077065467834473e+00
-1.242548823356628418e+00
-7.831154465675354004e-01
-4.026405513286590576e-01
-2.649271786212921143e-01
-4.104356467723846436e-01
-7.493366599082946777e-01
-1.047565340995788574e+00
-1.073761105537414551e+00
-6.875592470169067383e-01
3.844519704580307007e-02
8.781413435935974121e-01
1.501059651374816895e+00
1.649749755859375000e+00
1.200762867927551270e+00
2.731995284557342529e-01
-8.365144729614257812e-01
-1.696732401847839355e+00
-1.952697873115539551e+00
-1.445380330085754395e+00
-3.542791306972503662e-01
9.054507017135620117e-01
1.833703398704528809e+00
2.144234418869018555e+00
1.849505662918090820e+00
1.260313153266906738e+00
7.200652956962585449e-01
4.442143738269805908e-01
3.946863710880279541e-01
4.444795250892639160e-01
4.916212856769561768e-01
5.927454233169555664e-01
8.173183798789978027e-01
1.145613908767700195e+00
1.333120346069335938e+00
1.110085248947143555e+00
3.659452497959136963e-01
-6.176154613494873047e-01
-1.328878164291381836e+00
-1.299235582351684570e+00
-5.174458622932434082e-01
5.474596023559570312e-01
1.151553034782409668e+00
8.221439123153686523e-01
-3.680133521556854248e-01
-1.754904031753540039e+00
-2.562253236770629883e+00
-2.324635267257690430e+00
-1.228708505630493164e+00
9.921512752771377563e-02
9.372674226760864258e-01
9.644706845283508301e-01
3.285076022148132324e-01
-4.481384456157684326e-01
-8.919286131858825684e-01
-7.707599401473999023e-01
-2.316787242889404297e-01
4.253364503383636475e-01
8.778762221336364746e-01
1.006309747695922852e+00
8.273406624794006348e-01
5.009011626243591309e-01
1.451372504234313965e-01
-1.402586847543716431e-01
-3.679072856903076172e-01
-5.449143052101135254e-01
-7.124292850494384766e-01
-8.201819062232971191e-01
-8.225151300430297852e-01
-6.397811174392700195e-01
-3.205003738403320312e-01
2.110508829355239868e-02
1.686816215515136719e-01
2.057480998337268829e-02
-3.847701549530029297e-01
-7.734113335609436035e-01
-8.683842420578002930e-01
-5.004239082336425781e-01
1.714920997619628906e-01
8.176895976066589355e-01
1.071533918380737305e+00
8.517864942550659180e-01
3.390071094036102295e-01
-8.415521681308746338e-02
-1.850142031908035278e-01
4.342981800436973572e-02
3.398025333881378174e-01
4.835610389709472656e-01
4.118673801422119141e-01
3.357193768024444580e-01
4.653725028038024902e-01
8.699750900268554688e-01
1.297644734382629395e+00
1.413563609123229980e+00
9.752883911132812500e-01
1.122069507837295532e-01
-8.156214952468872070e-01
-1.373421549797058105e+00
-1.410063862800598145e+00
-1.052549958229064941e+00
-6.529850363731384277e-01
-4.421463012695312500e-01
-4.577895104885101318e-01
-4.929469823837280273e-01
-3.799446225166320801e-01
-7.917059212923049927e-02
2.012407332658767700e-01
2.467916607856750488e-01
-6.103506684303283691e-02
-5.618832111358642578e-01
-9.904013276100158691e-01
-1.080654740333557129e+00
-8.186971545219421387e-01
-3.679072856903076172e-01
-2.333225868642330170e-02
6.426976621150970459e-02
-8.426126837730407715e-02
-2.268001586198806763e-01
-1.375012397766113281e-01
3.015164136886596680e-01
9.335024356842041016e-01
1.469826221466064453e+00
1.577844023704528809e+00
1.145242691040039062e+00
2.833808958530426025e-01
-6.537804603576660156e-01
