-7.529699206352233887e-01
-7.833007574081420898e-01
-7.039441466331481934e-01
-2.655563652515411377e-01
5.558583140373229980e-01
1.388003826141357422e+00
1.895560383796691895e+00
1.739613890647888184e+00
1.051597952842712402e+00
1.419575810432434082e-01
-4.340437352657318115e-01
-4.540832638740539551e-01
6.353183835744857788e-02
6.424291729927062988e-01
8.889544010162353516e-01
5.210024118423461914e-01
-2.259168326854705811e-01
-9.948149919509887695e-01
-1.337168097496032715e+00
-1.238392472267150879e+00
-8.944620490074157715e-01
-7.677087187767028809e-01
-1.027550578117370605e+00
-1.625634193420410156e+00
-2.117340087890625000e+00
-2.177019119262695312e+00
-1.623513817787170410e+00
-7.431440949440002441e-01
1.113681793212890625e-01
5.581596493721008301e-01
6.141152381896972656e-01
4.497133493423461914e-01
4.216838479042053223e-01
6.361716985702514648e-01
1.079834342002868652e+00
1.481064915657043457e+00
1.686425089836120605e+00
1.564015746116638184e+00
1.219852685928344727e+00
7.216306328773498535e-01
2.361564040184020996e-01
-1.860445886850357056e-01
-4.047213196754455566e-01
-3.944300413131713867e-01
-1.173671185970306396e-01
2.489041388034820557e-01
5.216747522354125977e-01
4.649692773818969727e-01
1.027576401829719543e-01
-4.074105024337768555e-01
-7.269055843353271484e-01
-6.933943033218383789e-01
-3.064628839492797852e-01
1.556879132986068726e-01
4.601856470108032227e-01
4.611164927482604980e-01
2.840703129768371582e-01
7.405583560466766357e-02
-4.545745626091957092e-02
-1.594113856554031372e-01
-3.477314412593841553e-01
-6.441875100135803223e-01
-8.603043556213378906e-01
-8.088996410369873047e-01
-4.008944332599639893e-01
1.427333056926727295e-01
4.974979758262634277e-01
4.028337299823760986e-01
-4.124268516898155212e-02
-4.875169992446899414e-01
-5.341897606849670410e-01
-1.050848141312599182e-01
5.272599458694458008e-01
8.808351755142211914e-01
6.851974725723266602e-01
4.465587437152862549e-02
-5.892661809921264648e-01
-8.048917651176452637e-01
-4.977565705776214600e-01
2.120313607156276703e-02
3.105483651161193848e-01
9.712070971727371216e-02
-5.019713044166564941e-01
-1.113242268562316895e+00
-1.349993348121643066e+00
-1.077377915382385254e+00
-4.167450666427612305e-01
3.700981736183166504e-01
1.061191082000732422e+00
1.507206916809082031e+00
1.605775594711303711e+00
1.264534354209899902e+00
4.947312474250793457e-01
-4.814921915531158447e-01
-1.220809340476989746e+00
-1.274748086929321289e+00
-5.068066716194152832e-01
7.179847359657287598e-01
1.684408187866210938e+00
1.774728417396545410e+00
9.132087230682373047e-01
-3.265283107757568359e-01
-1.085290312767028809e+00
-8.020474314689636230e-01
3.725287616252899170e-01
1.675901055335998535e+00
2.251902341842651367e+00
1.749336361885070801e+00
5.326641798019409180e-01
-5.977215766906738281e-01
-9.909363389015197754e-01
-5.603833794593811035e-01
2.166340053081512451e-01
7.246559858322143555e-01
6.632186174392700195e-01
2.391041517257690430e-01
-7.351282238960266113e-02
6.562629342079162598e-02
5.693559050559997559e-01
1.002106785774230957e+00
8.969185352325439453e-01
1.144969388842582703e-01
-1.062820196151733398e+00
-2.102109909057617188e+00
-2.547039747238159180e+00
-2.240007877349853516e+00
-1.357181787490844727e+00
-2.520070374011993408e-01
7.247077226638793945e-01
1.346968054771423340e+00
1.523988366127014160e+00
1.276196122169494629e+00
7.027546763420104980e-01
-3.077040612697601318e-02
-7.159678936004638672e-01
-1.158673882484436035e+00
-1.241236805915832520e+00
-9.732239842414855957e-01
-4.756742715835571289e-01
5.119781941175460815e-02
4.054194986820220947e-01
4.225629866123199463e-01
4.783634468913078308e-02
-6.449373364448547363e-01
-1.417455554008483887e+00
-1.954696536064147949e+00
-1.964160323143005371e+00
-1.363852977752685547e+00
-3.268127441406250000e-01
7.421097755432128906e-01
1.446415901184082031e+00
1.571721315383911133e+00
1.241986632347106934e+00
7.856279015541076660e-01
5.728725790977478027e-01
7.487551569938659668e-01
1.220318078994750977e+00
1.691958546638488770e+00
1.924365639686584473e+00
1.808782696723937988e+00
1.464024901390075684e+00
1.053925156593322754e+00
7.385414242744445801e-01
5.105818510055541992e-01
3.032824397087097168e-01
-2.097041904926300049e-02
-4.813112020492553711e-01
-1.034997463226318359e+00
-1.486003756523132324e+00
-1.666954398155212402e+00
-1.422471880912780762e+00
-8.176912069320678711e-01
-3.945852071046829224e-02
5.452050566673278809e-01
6.801810860633850098e-01
2.526017725467681885e-01
-4.888874292373657227e-01
-1.172895431518554688e+00
-1.380582809448242188e+00
-1.029722571372985840e+00
-2.986797988414764404e-01
3.500586152076721191e-01
6.020398139953613281e-01
3.517393469810485840e-01
-1.058346778154373169e-01
-4.475930333137512207e-01
-4.180896580219268799e-01
-1.659274697303771973e-01
2.047912776470184326e-02
-2.222192138433456421e-01
-8.936087489128112793e-01
-1.765962719917297363e+00
-2.350858926773071289e+00
-2.381267309188842773e+00
-1.798491358757019043e+00
-9.575543403625488281e-01
-2.141516804695129395e-01
9.929274022579193115e-02
3.307172283530235291e-02
-2.471716850996017456e-01
-4.030664563179016113e-01
-3.320617973804473877e-01
-8.662257343530654907e-03
3.370264470577239990e-01
5.930672287940979004e-01
6.390935778617858887e-01
6.264492273330688477e-01
6.573489308357238770e-01
9.200609922409057617e-01
1.332177519798278809e+00
1.786312580108642578e+00
1.968685388565063477e+00
1.762471914291381836e+00
1.093616366386413574e+00
2.225553691387176514e-01
-6.191574335098266602e-01
-1.109958291053771973e+00
