1.015313386917114258e+00
1.050535559654235840e+00
1.329247593879699707e+00
1.325508475303649902e+00
8.634313941001892090e-01
2.486496865749359131e-01
-4.413625597953796387e-01
-8.990275263786315918e-01
-1.238163232803344727e+00
-1.369181156158447266e+00
-1.485541701316833496e+00
-1.442467331886291504e+00
-1.343979597091674805e+00
-1.062425971031188965e+00
-8.194596171379089355e-01
-6.056582927703857422e-01
-6.141086220741271973e-01
-6.512004733085632324e-01
-6.888905167579650879e-01
-4.647692739963531494e-01
-9.699207544326782227e-02
3.914082646369934082e-01
6.772993206977844238e-01
7.431073784828186035e-01
4.895220696926116943e-01
1.710261255502700806e-01
-1.538262963294982910e-01
-2.747485637664794922e-01
-2.885084152221679688e-01
-1.461237519979476929e-01
-6.057330872863531113e-03
1.911424398422241211e-01
3.283671438694000244e-01
4.785291254520416260e-01
5.440380573272705078e-01
6.300371885299682617e-01
6.971164941787719727e-01
8.698626160621643066e-01
1.069081544876098633e+00
1.318254709243774414e+00
1.477240920066833496e+00
1.583954572677612305e+00
1.592704057693481445e+00
1.600107550621032715e+00
1.519118785858154297e+00
1.313543438911437988e+00
8.273117542266845703e-01
1.220439970493316650e-01
-6.760280132293701172e-01
-1.242650151252746582e+00
-1.403431177139282227e+00
-1.105724573135375977e+00
-5.952636003494262695e-01
-1.253343969583511353e-01
8.353134244680404663e-02
6.857496500015258789e-02
-6.633151322603225708e-02
-1.896467953920364380e-01
-3.369670808315277100e-01
-5.685665011405944824e-01
-9.009718894958496094e-01
-1.148649454116821289e+00
-1.064370274543762207e+00
-5.062732100486755371e-01
3.448191583156585693e-01
1.056817293167114258e+00
1.198827981948852539e+00
6.599499583244323730e-01
-2.371332794427871704e-01
-9.509261846542358398e-01
-1.083663940429687500e+00
-6.884418129920959473e-01
-1.857581436634063721e-01
-6.618195027112960815e-02
-4.545241594314575195e-01
-1.052180767059326172e+00
-1.304719090461730957e+00
-8.998501300811767578e-01
4.681344702839851379e-02
9.770998358726501465e-01
1.367685437202453613e+00
1.013593316078186035e+00
2.547818124294281006e-01
-3.863230943679809570e-01
-4.763604700565338135e-01
-6.857496500015258789e-02
4.913168251514434814e-01
7.244866490364074707e-01
4.853342771530151367e-01
-1.045450419187545776e-01
-6.611464619636535645e-01
-9.783710837364196777e-01
-1.016808986663818359e+00
-1.019725441932678223e+00
-1.121129631996154785e+00
-1.354149937629699707e+00
-1.456451535224914551e+00
-1.220365166664123535e+00
-5.075445175170898438e-01
4.670127332210540771e-01
1.407095551490783691e+00
1.925483345985412598e+00
1.914266109466552734e+00
1.404104232788085938e+00
6.975651979446411133e-01
3.043621778488159180e-02
-3.395096659660339355e-01
-3.851265907287597656e-01
-8.255917578935623169e-02
4.306687414646148682e-01
1.101387262344360352e+00
1.765973687171936035e+00
2.337381839752197266e+00
2.603829622268676758e+00
2.455013751983642578e+00
1.758645057678222656e+00
6.301867365837097168e-01
-7.286744713783264160e-01
-1.904095768928527832e+00
-2.600838422775268555e+00
-2.627236366271972656e+00
-2.152745485305786133e+00
-1.469239234924316406e+00
-9.705190062522888184e-01
-7.793017625808715820e-01
-8.246195912361145020e-01
-7.814704775810241699e-01
-4.423347115516662598e-01
2.305524796247482300e-01
9.361941218376159668e-01
1.324536323547363281e+00
1.123447895050048828e+00
4.237140417098999023e-01
-4.579641222953796387e-01
-1.087178707122802734e+00
-1.251100540161132812e+00
-9.990856647491455078e-01
-6.453674435615539551e-01
-4.750891625881195068e-01
-6.027417778968811035e-01
-8.541584014892578125e-01
-9.346237182617187500e-01
-6.164268851280212402e-01
6.707932800054550171e-02
8.305273652076721191e-01
1.287594079971313477e+00
1.177889108657836914e+00
5.250434279441833496e-01
-3.902117609977722168e-01
-1.161960601806640625e+00
-1.504685878753662109e+00
-1.334108471870422363e+00
-8.142997026443481445e-01
-1.621270775794982910e-01
4.101785123348236084e-01
8.532610535621643066e-01
1.143339872360229492e+00
1.315712094306945801e+00
1.302251338958740234e+00
1.110211491584777832e+00
7.574654817581176758e-01
4.593849778175354004e-01
3.846778869628906250e-01
6.793184280395507812e-01
1.155903220176696777e+00
1.530709981918334961e+00
1.401711225509643555e+00
7.154380679130554199e-01
-3.502782285213470459e-01
-1.247062325477600098e+00
-1.598387479782104492e+00
-1.203838467597961426e+00
-3.979142904281616211e-01
4.027751088142395020e-01
7.096050977706909180e-01
5.057497024536132812e-01
-5.436641350388526917e-02
-4.996176064014434814e-01
-6.323554515838623047e-01
-3.234315514564514160e-01
1.628748923540115356e-01
6.889653205871582031e-01
9.986369609832763672e-01
1.154781460762023926e+00
1.084561347961425781e+00
9.367923736572265625e-01
6.359449625015258789e-01
3.478852212429046631e-01
3.918569535017013550e-02
-1.010302975773811340e-01
-1.953302174806594849e-01
-2.190360724925994873e-01
-4.198253750801086426e-01
-7.031738758087158203e-01
-1.072521448135375977e+00
-1.167868375778198242e+00
-9.492809772491455078e-01
-3.232820034027099609e-01
3.079517185688018799e-01
7.357787489891052246e-01
6.251015663146972656e-01
2.038553506135940552e-01
-3.547651469707489014e-01
-5.804567933082580566e-01
-5.074697136878967285e-01
-1.658661663532257080e-01
-3.851265832781791687e-02
-2.228499501943588257e-01
-8.484002351760864258e-01
-1.465874075889587402e+00
-1.834623456001281738e+00
-1.543273329734802246e+00
-7.742165923118591309e-01
3.468382656574249268e-01
1.289239287376403809e+00
1.939392805099487305e+00
2.076542854309082031e+00
