3.696463704109191895e-01
3.991335630416870117e-01
-3.639854788780212402e-01
-1.325995445251464844e+00
-2.128909587860107422e+00
-2.425387144088745117e+00
-2.051516056060791016e+00
-1.167744517326354980e+00
-1.686432361602783203e-01
5.168289542198181152e-01
7.019478678703308105e-01
5.263764262199401855e-01
3.560433685779571533e-01
4.802445471286773682e-01
8.990644216537475586e-01
1.289410948753356934e+00
1.266091585159301758e+00
6.828529834747314453e-01
-1.864707469940185547e-01
-8.138134479522705078e-01
-7.599084377288818359e-01
-1.833445951342582703e-02
9.736696481704711914e-01
1.616727590560913086e+00
1.597125768661499023e+00
1.098039746284484863e+00
6.687430739402770996e-01
7.768910527229309082e-01
1.440057754516601562e+00
2.162452220916748047e+00
2.303298234939575195e+00
1.547276258468627930e+00
1.742196083068847656e-01
-1.133863806724548340e+00
-1.758080363273620605e+00
-1.580058693885803223e+00
-1.003494858741760254e+00
-6.141621470451354980e-01
-6.889362931251525879e-01
-1.013042211532592773e+00
-1.085535168647766113e+00
-6.015730500221252441e-01
2.492472529411315918e-01
8.715205192565917969e-01
7.460519671440124512e-01
-1.363678276538848877e-01
-1.189205169677734375e+00
-1.645961284637451172e+00
-1.126259684562683105e+00
3.447216376662254333e-02
1.005184650421142578e+00
1.026053786277770996e+00
-3.886567428708076477e-02
-1.621121048927307129e+00
-2.835335493087768555e+00
-3.088722705841064453e+00
-2.412882328033447266e+00
-1.361819386482238770e+00
-5.353324413299560547e-01
-1.797959953546524048e-01
-8.736327290534973145e-02
1.090773567557334900e-01
5.957431793212890625e-01
1.205258369445800781e+00
1.603631496429443359e+00
1.578791260719299316e+00
1.251643657684326172e+00
9.559265971183776855e-01
9.838929772377014160e-01
1.333430528640747070e+00
1.737549066543579102e+00
1.864707469940185547e+00
1.592816710472106934e+00
1.060526013374328613e+00
5.649041533470153809e-01
3.103339672088623047e-01
3.197124004364013672e-01
4.465327858924865723e-01
5.494423508644104004e-01
5.650731325149536133e-01
5.314458608627319336e-01
4.725559055805206299e-01
3.784333765506744385e-01
1.955112367868423462e-01
-6.725451350212097168e-02
-3.482702374458312988e-01
-5.507097244262695312e-01
-6.648564934730529785e-01
-7.507834434509277344e-01
-9.064996242523193359e-01
-1.122711062431335449e+00
-1.293635487556457520e+00
-1.264232754707336426e+00
-1.013887166976928711e+00
-6.590266227722167969e-01
-3.987956047058105469e-01
-2.970689237117767334e-01
-2.431639283895492554e-01
-8.956003002822399139e-03
4.685003459453582764e-01
9.901452660560607910e-01
1.132849931716918945e+00
6.138241887092590332e-01
-4.734852910041809082e-01
-1.588338732719421387e+00
-2.114715099334716797e+00
-1.747012019157409668e+00
-7.739338874816894531e-01
1.568145453929901123e-01
4.577700495719909668e-01
7.299987226724624634e-02
-5.375291705131530762e-01
-7.049050331115722656e-01
-1.092463433742523193e-01
1.037037611007690430e+00
2.102717399597167969e+00
2.553559303283691406e+00
2.254547119140625000e+00
1.552937150001525879e+00
9.023595452308654785e-01
5.615245103836059570e-01
3.994715511798858643e-01
1.445634067058563232e-01
-3.759831488132476807e-01
-1.010254025459289551e+00
-1.463884115219116211e+00
-1.494723081588745117e+00
-1.162590622901916504e+00
-6.990751624107360840e-01
-3.499600589275360107e-01
-1.223423853516578674e-01
1.148227229714393616e-01
5.033105015754699707e-01
9.411407709121704102e-01
1.176278114318847656e+00
9.517865777015686035e-01
3.076302707195281982e-01
-4.567561745643615723e-01
-9.115690588951110840e-01
-8.598607778549194336e-01
-3.922053575515747070e-01
1.512381732463836670e-01
5.154771208763122559e-01
6.354537606239318848e-01
6.717002391815185547e-01
7.268726229667663574e-01
7.616827487945556641e-01
5.552722215652465820e-01
-6.083322688937187195e-03
-8.116166591644287109e-01
-1.469122529029846191e+00
-1.624500632286071777e+00
-1.167659997940063477e+00
-3.995560407638549805e-01
2.378410249948501587e-01
4.041185081005096436e-01
1.537728905677795410e-01
-2.158734798431396484e-01
-3.551139831542968750e-01
-1.973700374364852905e-01
8.896859735250473022e-02
2.168028652667999268e-01
1.068806052207946777e-01
-1.134708672761917114e-01
-1.748110502958297729e-01
2.357287704944610596e-02
3.797852396965026855e-01
6.157674789428710938e-01
5.850129127502441406e-01
3.427783548831939697e-01
1.544488072395324707e-01
1.917936503887176514e-01
4.251566827297210693e-01
5.632988214492797852e-01
3.612817823886871338e-01
-2.137612104415893555e-01
-8.508203029632568359e-01
-1.163519978523254395e+00
-9.211164712905883789e-01
-2.933513522148132324e-01
3.192054629325866699e-01
5.011982321739196777e-01
1.683052629232406616e-01
-4.602202773094177246e-01
-9.830480813980102539e-01
-1.167744517326354980e+00
-1.025377869606018066e+00
-8.028296232223510742e-01
-6.880913972854614258e-01
-7.109038829803466797e-01
-6.847118139266967773e-01
-4.545594155788421631e-01
-1.377196703106164932e-02
3.952470123767852783e-01
4.935940504074096680e-01
1.284257024526596069e-01
-5.385430455207824707e-01
-1.159971356391906738e+00
-1.354975700378417969e+00
-9.927644729614257812e-01
-2.072554379701614380e-01
6.450012326240539551e-01
1.247841596603393555e+00
1.435495257377624512e+00
1.300479292869567871e+00
1.040332674980163574e+00
8.708445429801940918e-01
8.576640486717224121e-01
9.556731581687927246e-01
1.014732003211975098e+00
9.293120503425598145e-01
6.509155631065368652e-01
2.513595223426818848e-01
-1.705020219087600708e-01
-4.973116517066955566e-01
-6.917245388031005859e-01
-7.578806281089782715e-01
