6.091070771217346191e-01
6.680375337600708008e-01
1.244219899177551270e+00
1.037068605422973633e+00
2.268941700458526611e-01
-5.815505385398864746e-01
-8.900406956672668457e-01
-5.065155625343322754e-01
2.554647028446197510e-01
9.444380402565002441e-01
1.147593021392822266e+00
8.287840485572814941e-01
1.496523320674896240e-01
-5.511309504508972168e-01
-1.060688495635986328e+00
-1.210877656936645508e+00
-1.024065732955932617e+00
-5.551272630691528320e-01
-4.413819313049316406e-02
2.834984362125396729e-01
1.924783140420913696e-01
-2.545700073242187500e-01
-8.011081814765930176e-01
-9.934076070785522461e-01
-6.172785758972167969e-01
2.352446466684341431e-01
1.061762094497680664e+00
1.395482659339904785e+00
1.022097349166870117e+00
2.520052194595336914e-01
-4.208039939403533936e-01
-5.754069685935974121e-01
-2.728217542171478271e-01
1.360529959201812744e-01
2.125790864229202271e-01
-9.620933234691619873e-02
-5.295390486717224121e-01
-6.263447999954223633e-01
-2.171718329191207886e-01
5.474328994750976562e-01
1.214217782020568848e+00
1.472247362136840820e+00
1.248275876045227051e+00
7.759374976158142090e-01
2.413285523653030396e-01
-2.876140177249908447e-01
-9.434837102890014648e-01
-1.729740023612976074e+00
-2.470903873443603516e+00
-2.776650190353393555e+00
-2.427481412887573242e+00
-1.514953970909118652e+00
-5.270935297012329102e-01
7.157544791698455811e-02
1.050966158509254456e-01
-9.626898169517517090e-02
-4.270668327808380127e-02
5.800593495368957520e-01
1.548534870147705078e+00
2.310157299041748047e+00
2.317434072494506836e+00
1.513224244117736816e+00
3.169599473476409912e-01
-6.047528982162475586e-01
-8.626630902290344238e-01
-5.165957808494567871e-01
-2.564786933362483978e-02
1.918818503618240356e-01
-2.624433021992444992e-03
-3.600841462612152100e-01
-5.511309504508972168e-01
-3.828690052032470703e-01
1.765527762472629547e-02
3.896686732769012451e-01
5.063366293907165527e-01
3.717151582241058350e-01
1.197695806622505188e-01
-8.612912148237228394e-02
-2.262380570173263550e-01
-3.695082664489746094e-01
-6.054090261459350586e-01
-9.092468023300170898e-01
-1.174970626831054688e+00
-1.269032716751098633e+00
-1.149084210395812988e+00
-8.570563793182373047e-01
-4.910075664520263672e-01
-1.276428848505020142e-01
1.830542087554931641e-01
4.109027087688446045e-01
5.255427360534667969e-01
5.349071621894836426e-01
5.110486745834350586e-01
5.904378294944763184e-01
8.762624263763427734e-01
1.333987474441528320e+00
1.753240585327148438e+00
1.854579567909240723e+00
1.478927731513977051e+00
7.303081750869750977e-01
-4.503288492560386658e-02
-4.723383188247680664e-01
-3.885950446128845215e-01
4.378031566739082336e-02
4.590372145175933838e-01
5.426611900329589844e-01
2.671553492546081543e-01
-1.170855015516281128e-01
-2.768180370330810547e-01
-8.308716863393783569e-02
2.805161178112030029e-01
4.231301844120025635e-01
6.221099570393562317e-02
-7.595347762107849121e-01
-1.647428274154663086e+00
-2.132173061370849609e+00
-1.964686393737792969e+00
-1.317823290824890137e+00
-6.391687393188476562e-01
-3.511372208595275879e-01
-5.268549323081970215e-01
-8.726240396499633789e-01
-9.277967810630798340e-01
-4.484201967716217041e-01
4.270668327808380127e-01
1.246426820755004883e+00
1.604483008384704590e+00
1.410334587097167969e+00
9.681772589683532715e-01
6.901066303253173828e-01
7.795759439468383789e-01
1.027286648750305176e+00
1.011420726776123047e+00
4.270071983337402344e-01
-5.805365443229675293e-01
-1.490677952766418457e+00
-1.727294564247131348e+00
-1.107808947563171387e+00
3.769640251994132996e-02
1.065639138221740723e+00
1.497179388999938965e+00
1.297841787338256836e+00
8.634981513023376465e-01
6.199626922607421875e-01
6.890926361083984375e-01
7.861966490745544434e-01
5.260198712348937988e-01
-2.157999724149703979e-01
-1.118247032165527344e+00
-1.654645442962646484e+00
-1.489962220191955566e+00
-7.966347336769104004e-01
-1.247798651456832886e-01
-8.648700080811977386e-03
-5.320441722869873047e-01
-1.273923635482788086e+00
-1.606331944465637207e+00
-1.169960379600524902e+00
-1.087350323796272278e-01
1.054962515830993652e+00
1.819925069808959961e+00
2.011031627655029297e+00
1.820104002952575684e+00
1.543703436851501465e+00
1.330348968505859375e+00
1.103156566619873047e+00
7.347219586372375488e-01
2.385251820087432861e-01
-1.943273395299911499e-01
-3.569228947162628174e-01
-2.357218116521835327e-01
-4.115588217973709106e-02
-2.725831605494022369e-02
-2.504544258117675781e-01
-5.059787631034851074e-01
-5.032947063446044922e-01
-1.487576365470886230e-01
3.378957509994506836e-01
5.616286993026733398e-01
2.877333164215087891e-01
-3.776797950267791748e-01
-1.045180439949035645e+00
-1.382778048515319824e+00
-1.352418065071105957e+00
-1.229487299919128418e+00
-1.286687970161437988e+00
-1.530044555664062500e+00
-1.620527744293212891e+00
-1.198590517044067383e+00
-2.048847228288650513e-01
9.347156882286071777e-01
1.608538866043090820e+00
1.416597366333007812e+00
5.270935297012329102e-01
-4.819413423538208008e-01
-9.875026345252990723e-01
-8.055220246315002441e-01
-2.239715009927749634e-01
2.278485149145126343e-01
2.790845930576324463e-01
5.994443967938423157e-02
2.027971111238002777e-02
4.765135347843170166e-01
1.384328842163085938e+00
2.284926891326904297e+00
2.693562984466552734e+00
2.350955247879028320e+00
1.439382314682006836e+00
3.416534662246704102e-01
-5.448084473609924316e-01
-1.077628016471862793e+00
-1.277144551277160645e+00
-1.287523031234741211e+00
-1.161132693290710449e+00
-9.505219459533691406e-01
-6.533645391464233398e-01
-3.608595430850982666e-01
