3.945928812026977539e-01
3.953647315502166748e-01
4.256388843059539795e-01
4.315564930438995361e-01
2.944223880767822266e-01
-8.919291198253631592e-03
-5.550543665885925293e-01
-1.205648064613342285e+00
-1.804527044296264648e+00
-2.059069871902465820e+00
-1.865589857101440430e+00
-1.202903628349304199e+00
-3.059145510196685791e-01
6.309540867805480957e-01
1.380431890487670898e+00
1.916618466377258301e+00
2.188056468963623047e+00
2.232652902603149414e+00
1.995262622833251953e+00
1.550841808319091797e+00
9.875542521476745605e-01
5.460492968559265137e-01
3.328439295291900635e-01
3.696360290050506592e-01
4.228087067604064941e-01
3.032559156417846680e-01
-1.110623329877853394e-01
-6.387584805488586426e-01
-1.054020047187805176e+00
-1.149730920791625977e+00
-1.023231387138366699e+00
-8.824952840805053711e-01
-9.643126130104064941e-01
-1.209421634674072266e+00
-1.393210411071777344e+00
-1.209164261817932129e+00
-6.475062370300292969e-01
5.051406472921371460e-02
4.523967504501342773e-01
3.592587709426879883e-01
-1.205819547176361084e-01
-5.511093139648437500e-01
-5.680044889450073242e-01
-6.020521745085716248e-02
6.864423751831054688e-01
1.283177256584167480e+00
1.440208315849304199e+00
1.193469762802124023e+00
7.510215044021606445e-01
3.510255813598632812e-01
4.905610159039497375e-02
-2.013701498508453369e-01
-4.774393737316131592e-01
-7.319822311401367188e-01
-8.709173202514648438e-01
-8.204032778739929199e-01
-6.417601704597473145e-01
-4.493950605392456055e-01
-3.222093880176544189e-01
-2.020562589168548584e-01
1.783858239650726318e-02
3.754678666591644287e-01
7.448465824127197266e-01
9.222890138626098633e-01
7.957894802093505859e-01
4.692061841487884521e-01
1.902210414409637451e-01
1.377344429492950439e-01
2.573730051517486572e-01
2.974240481853485107e-01
6.869569420814514160e-02
-3.417632281780242920e-01
-5.498228669166564941e-01
-1.838746219873428345e-01
7.768359780311584473e-01
1.842777013778686523e+00
2.305293798446655273e+00
1.688661932945251465e+00
1.517994850873947144e-01
-1.598182678222656250e+00
-2.702716827392578125e+00
-2.733591318130493164e+00
-1.872022032737731934e+00
-7.619132995605468750e-01
1.706672087311744690e-02
2.537709772586822510e-01
1.957955956459045410e-01
1.904783248901367188e-01
4.210934638977050781e-01
7.224625945091247559e-01
8.249486684799194336e-01
5.400459170341491699e-01
-1.389351114630699158e-02
-5.934759378433227539e-01
-9.579662084579467773e-01
-1.106335163116455078e+00
-1.145014047622680664e+00
-1.218941211700439453e+00
-1.277431249618530273e+00
-1.198787093162536621e+00
-8.349828720092773438e-01
-2.514553964138031006e-01
3.750390410423278809e-01
7.796661257743835449e-01
8.737475275993347168e-01
6.975057125091552734e-01
4.650038182735443115e-01
3.259829580783843994e-01
3.873888254165649414e-01
5.987932085990905762e-01
9.092531204223632812e-01
1.206334114074707031e+00
1.437378168106079102e+00
1.497583270072937012e+00
1.352301836013793945e+00
9.613966941833496094e-01
4.065996110439300537e-01
-2.411639094352722168e-01
-8.615692257881164551e-01
-1.425371408462524414e+00
-1.869449138641357422e+00
-2.160612583160400391e+00
-2.170046329498291016e+00
-1.842176675796508789e+00
-1.173487186431884766e+00
-3.680065274238586426e-01
3.267548084259033203e-01
6.623431444168090820e-01
6.234070062637329102e-01
3.376466333866119385e-01
6.715197116136550903e-02
-4.296696931123733521e-02
4.931338876485824585e-02
2.283853143453598022e-01
4.182633161544799805e-01
5.608004331588745117e-01
6.852416992187500000e-01
7.583970427513122559e-01
7.383286356925964355e-01
5.505946874618530273e-01
2.474245727062225342e-01
-4.228087142109870911e-02
-1.355903744697570801e-01
-2.487110206857323647e-03
2.341313958168029785e-01
3.190361857414245605e-01
1.101189404726028442e-01
-3.418489992618560791e-01
-7.629424333572387695e-01
-8.957026600837707520e-01
-6.411598324775695801e-01
-1.575455665588378906e-01
2.964806854724884033e-01
5.185195803642272949e-01
4.925335645675659180e-01
3.196365237236022949e-01
1.145785897970199585e-01
-8.318954706192016602e-02
-2.531706690788269043e-01
-3.279554843902587891e-01
-1.807014197111129761e-01
2.444228827953338623e-01
7.955321669578552246e-01
1.114654183387756348e+00
8.523926734924316406e-01
-3.421920537948608398e-02
-1.160451292991638184e+00
-1.887802362442016602e+00
-1.751783132553100586e+00
-7.908152341842651367e-01
4.217795729637145996e-01
1.177861094474792480e+00
1.077862024307250977e+00
3.149195909500122070e-01
-5.429618358612060547e-01
-9.495614767074584961e-01
-7.996487617492675781e-01
-3.984521925449371338e-01
-2.110613137483596802e-01
-4.185205996036529541e-01
-8.516207933425903320e-01
-1.096644043922424316e+00
-8.992189168930053711e-01
-2.707519531250000000e-01
5.001664161682128906e-01
1.178204059600830078e+00
1.665420413017272949e+00
2.063443660736083984e+00
2.394743919372558594e+00
2.580333948135375977e+00
2.395944595336914062e+00
1.783772468566894531e+00
8.828383088111877441e-01
7.598549872636795044e-02
-3.791556358337402344e-01
-4.343866407871246338e-01
-3.696360290050506592e-01
-4.227229654788970947e-01
-6.612282395362854004e-01
-7.916728854179382324e-01
-5.270957946777343750e-01
2.471672892570495605e-01
1.178204059600830078e+00
1.776225447654724121e+00
1.625197768211364746e+00
8.219469785690307617e-01
-2.210955172777175903e-01
-9.314656257629394531e-01
-1.104276895523071289e+00
-8.635417819023132324e-01
-6.546245217323303223e-01
-7.290663123130798340e-01
-1.104191064834594727e+00
-1.424856781959533691e+00
-1.406246304512023926e+00
-8.992189168930053711e-01
-1.401357948780059814e-01
