-1.149574756622314453e+00
-1.228775739669799805e+00
-1.145114541053771973e+00
-6.251823306083679199e-01
2.259564697742462158e-01
9.863719940185546875e-01
1.411244511604309082e+00
1.358743309974670410e+00
1.088338851928710938e+00
8.464927077293395996e-01
9.113835692405700684e-01
1.191637754440307617e+00
1.514481306076049805e+00
1.531114459037780762e+00
1.156327128410339355e+00
3.959116637706756592e-01
-4.593157470226287842e-01
-1.226669430732727051e+00
-1.703950285911560059e+00
-1.943845033645629883e+00
-1.944588422775268555e+00
-1.814744830131530762e+00
-1.506118297576904297e+00
-1.095586895942687988e+00
-6.105315685272216797e-01
-2.616696655750274658e-01
-1.294409930706024170e-01
-2.733778953552246094e-01
-4.595945179462432861e-01
-4.664088189601898193e-01
-4.627538844943046570e-02
7.004805207252502441e-01
1.523277997970581055e+00
1.985288500785827637e+00
1.902804255485534668e+00
1.308162450790405273e+00
5.880443453788757324e-01
7.517427206039428711e-02
-8.363021537661552429e-03
1.829953044652938843e-01
4.128854870796203613e-01
4.226423501968383789e-01
2.535544335842132568e-01
5.702342092990875244e-02
6.603690236806869507e-02
2.675237655639648438e-01
5.069849491119384766e-01
4.981573522090911865e-01
1.510919332504272461e-01
-4.527492225170135498e-01
-1.011770725250244141e+00
-1.309556365013122559e+00
-1.253833770751953125e+00
-9.968102574348449707e-01
-7.119100093841552734e-01
-5.541895627975463867e-01
-5.083168745040893555e-01
-5.346758961677551270e-01
-5.656809806823730469e-01
-6.207220554351806641e-01
-6.867899298667907715e-01
-7.306183576583862305e-01
-6.284965872764587402e-01
-3.094008266925811768e-01
2.148677110671997070e-01
7.756237983703613281e-01
1.179278969764709473e+00
1.285923004150390625e+00
1.119158148765563965e+00
7.930312752723693848e-01
4.344435036182403564e-01
8.465236425399780273e-02
-2.656653225421905518e-01
-6.092926263809204102e-01
-8.581699728965759277e-01
-8.794181942939758301e-01
-6.063810586929321289e-01
-1.218213513493537903e-01
3.500389158725738525e-01
5.866195559501647949e-01
4.918386042118072510e-01
1.714419424533843994e-01
-1.721853315830230713e-01
-3.459193706512451172e-01
-2.984050214290618896e-01
-7.650616019964218140e-02
2.150845378637313843e-01
5.251668095588684082e-01
8.108414411544799805e-01
1.037974953651428223e+00
1.097011685371398926e+00
8.949672579765319824e-01
3.794643878936767578e-01
-3.334987163543701172e-01
-1.041753768920898438e+00
-1.473843216896057129e+00
-1.467648386955261230e+00
-9.562960863113403320e-01
-6.328020244836807251e-02
9.958810210227966309e-01
1.862909555435180664e+00
2.206351041793823242e+00
1.783894538879394531e+00
7.036398649215698242e-01
-6.009605526924133301e-01
-1.421527862548828125e+00
-1.235125422477722168e+00
9.478091262280941010e-03
1.665015697479248047e+00
2.765124797821044922e+00
2.496795654296875000e+00
8.121733069419860840e-01
-1.582655429840087891e+00
-3.552580833435058594e+00
-4.304664134979248047e+00
-3.748863935470581055e+00
-2.543659687042236328e+00
-1.481060266494750977e+00
-1.008270740509033203e+00
-9.101445674896240234e-01
-6.752985119819641113e-01
8.703737705945968628e-02
1.213226675987243652e+00
2.181912422180175781e+00
2.448197126388549805e+00
1.947221279144287109e+00
1.046895503997802734e+00
3.293791711330413818e-01
7.421407848596572876e-02
1.761500239372253418e-01
2.386248856782913208e-01
2.735017985105514526e-02
-3.950133919715881348e-01
-6.780862212181091309e-01
-5.857832431793212891e-01
-1.453617066144943237e-01
2.980023622512817383e-01
4.589750468730926514e-01
2.935110926628112793e-01
1.021527647972106934e-01
2.004647403955459595e-01
6.822057962417602539e-01
1.258851647377014160e+00
1.530494928359985352e+00
1.257148027420043945e+00
6.045225858688354492e-01
-3.286357969045639038e-02
-2.988696396350860596e-01
-1.887874752283096313e-01
1.914202794432640076e-02
-2.078365907073020935e-02
-3.850707113742828369e-01
-8.518822193145751953e-01
-1.057364702224731445e+00
-8.323374986648559570e-01
-3.229984939098358154e-01
1.024005562067031860e-01
1.624594479799270630e-01
-1.319189220666885376e-01
-4.882765710353851318e-01
-5.751900672912597656e-01
-2.766301929950714111e-01
2.257086634635925293e-01
5.964692831039428711e-01
6.131953597068786621e-01
3.024626374244689941e-01
-8.728516846895217896e-02
-3.137062489986419678e-01
-2.887720465660095215e-01
-1.470652967691421509e-01
-7.644421607255935669e-02
-1.836147904396057129e-01
-3.653711378574371338e-01
-4.358373284339904785e-01
-2.359920889139175415e-01
1.742296218872070312e-01
5.850708484649658203e-01
7.100515365600585938e-01
4.409171044826507568e-01
-1.350163370370864868e-01
-6.999539732933044434e-01
-9.739823341369628906e-01
-7.995977997779846191e-01
-3.245472013950347900e-01
1.834289431571960449e-01
4.181201159954071045e-01
3.210471272468566895e-01
7.774513214826583862e-03
-2.270715385675430298e-01
-2.321822643280029297e-01
3.221312072128057480e-03
2.403594404458999634e-01
3.076662719249725342e-01
1.323215961456298828e-01
-6.191733479499816895e-02
-5.367821082472801208e-02
3.221312165260314941e-01
8.738738298416137695e-01
1.307543039321899414e+00
1.286573529243469238e+00
8.354349136352539062e-01
1.847918033599853516e-01
-2.368593662977218628e-01
-2.747097909450531006e-01
4.336381796747446060e-03
2.134119272232055664e-01
1.157194450497627258e-01
-3.498530983924865723e-01
-8.492493629455566406e-01
-1.088091135025024414e+00
-8.610815405845642090e-01
-3.787209987640380859e-01
8.366119116544723511e-02
2.151774615049362183e-01
8.582938462495803833e-02
-1.278613060712814331e-01
-1.177327632904052734e-01
