-6.129036545753479004e-01
-6.083324551582336426e-01
-4.225370883941650391e-01
3.886220455169677734e-01
1.553013682365417480e+00
2.426768064498901367e+00
2.517158985137939453e+00
1.675476431846618652e+00
3.382655978202819824e-01
-8.691833019256591797e-01
-1.389852762222290039e+00
-1.183044791221618652e+00
-5.639480352401733398e-01
-6.716651469469070435e-02
4.762850329279899597e-02
-1.960436403751373291e-01
-4.661105275154113770e-01
-5.437464714050292969e-01
-3.840509057044982910e-01
-2.406492829322814941e-01
-3.128293156623840332e-01
-6.729184985160827637e-01
-1.082848072052001953e+00
-1.290393352508544922e+00
-1.121850371360778809e+00
-7.259292006492614746e-01
-3.500621318817138672e-01
-2.551000416278839111e-01
-4.205464124679565430e-01
-6.815447211265563965e-01
-7.627196311950683594e-01
-5.758183002471923828e-01
-1.501846164464950562e-01
3.420257270336151123e-01
8.272318840026855469e-01
1.264735817909240723e+00
1.676729798316955566e+00
1.939055204391479492e+00
1.878524184226989746e+00
1.306244850158691406e+00
2.934387624263763428e-01
-8.627689480781555176e-01
-1.687346696853637695e+00
-1.880809783935546875e+00
-1.426938176155090332e+00
-6.486618518829345703e-01
9.938579052686691284e-02
6.109867095947265625e-01
9.746148586273193359e-01
1.348712444305419922e+00
1.787985801696777344e+00
2.072945833206176758e+00
1.913397669792175293e+00
1.174639821052551270e+00
1.174492388963699341e-01
-7.585908174514770508e-01
-1.003442645072937012e+00
-5.954300165176391602e-01
5.817165598273277283e-02
3.724755346775054932e-01
5.234711617231369019e-02
-7.094877362251281738e-01
-1.341929435729980469e+00
-1.350555658340454102e+00
-6.664304137229919434e-01
2.823057770729064941e-01
9.106186628341674805e-01
8.893111348152160645e-01
3.760145008563995361e-01
-1.588108241558074951e-01
-3.171055614948272705e-01
-8.899009972810745239e-02
1.657412946224212646e-01
2.949133329093456268e-02
-6.261010169982910156e-01
-1.522858738899230957e+00
-2.192312002182006836e+00
-2.311014652252197266e+00
-1.923940896987915039e+00
-1.347311615943908691e+00
-9.095126986503601074e-01
-6.940048336982727051e-01
-5.551006197929382324e-01
-2.893837094306945801e-01
1.243797019124031067e-01
5.229550600051879883e-01
7.008615136146545410e-01
6.579516530036926270e-01
6.168112158775329590e-01
8.848874568939208984e-01
1.546746730804443359e+00
2.371988058090209961e+00
2.898334503173828125e+00
2.783170938491821289e+00
2.011603832244873047e+00
9.569937586784362793e-01
8.714689314365386963e-02
-2.907108068466186523e-01
-2.371840476989746094e-01
-2.425662241876125336e-02
5.595980584621429443e-02
-5.168356373906135559e-02
-2.225121110677719116e-01
-2.583440840244293213e-01
-1.349965780973434448e-01
1.946428045630455017e-02
-2.116003260016441345e-02
-3.353901803493499756e-01
-8.263471722602844238e-01
-1.217697143554687500e+00
-1.290467023849487305e+00
-9.639979600906372070e-01
-4.006397724151611328e-01
1.487100422382354736e-01
4.159752726554870605e-01
2.986734807491302490e-01
-1.667734980583190918e-01
-7.633831501007080078e-01
-1.235170722007751465e+00
-1.324824452400207520e+00
-9.488099217414855957e-01
-2.025317400693893433e-01
5.932181477546691895e-01
1.092064023017883301e+00
1.051882147789001465e+00
5.475803613662719727e-01
-1.107399538159370422e-01
-4.972238838672637939e-01
-3.928245604038238525e-01
1.252644360065460205e-01
6.808074116706848145e-01
9.001492261886596680e-01
6.073002815246582031e-01
-1.990664936602115631e-02
-6.401831507682800293e-01
-9.372345805168151855e-01
-8.741968274116516113e-01
-6.269119977951049805e-01
-4.678800106048583984e-01
-5.013526678085327148e-01
-6.383399367332458496e-01
-6.482195258140563965e-01
-3.931194841861724854e-01
9.599429368972778320e-02
6.073002815246582031e-01
9.449760317802429199e-01
1.032639026641845703e+00
9.797021150588989258e-01
9.390040636062622070e-01
1.006391763687133789e+00
1.122735023498535156e+00
1.167709350585937500e+00
1.048564314842224121e+00
8.110854029655456543e-01
5.819377303123474121e-01
4.859434366226196289e-01
5.281897783279418945e-01
6.087748408317565918e-01
5.929970145225524902e-01
4.236429929733276367e-01
1.431066989898681641e-01
-1.577049046754837036e-01
-4.398632347583770752e-01
-7.545357942581176758e-01
-1.182971119880676270e+00
-1.732615828514099121e+00
-2.261985301971435547e+00
-2.539793729782104492e+00
-2.375821828842163086e+00
-1.782308697700500488e+00
-9.863376617431640625e-01
-3.263953328132629395e-01
-2.698457054793834686e-02
-7.785712182521820068e-02
-2.208163589239120483e-01
-1.551244109869003296e-01
2.771448194980621338e-01
9.429116845130920410e-01
1.526176452636718750e+00
1.692802548408508301e+00
1.345468401908874512e+00
6.455652713775634766e-01
-3.642179816961288452e-02
-3.844195306301116943e-01
-2.548788487911224365e-01
2.238392233848571777e-01
8.090209960937500000e-01
1.230968236923217773e+00
1.369135141372680664e+00
1.196905732154846191e+00
8.068828582763671875e-01
2.783981859683990479e-01
-2.565746009349822998e-01
-6.932675242424011230e-01
-8.820120692253112793e-01
-7.741475105285644531e-01
-3.906864523887634277e-01
6.841989606618881226e-02
4.032202661037445068e-01
4.403056204319000244e-01
2.289264798164367676e-01
-8.567232638597488403e-02
-2.842227220535278320e-01
-3.305241167545318604e-01
-3.063412308692932129e-01
-4.299099147319793701e-01
-7.684704065322875977e-01
-1.239520788192749023e+00
-1.529051899909973145e+00
-1.401723027229309082e+00
-7.706085443496704102e-01
1.104450449347496033e-01
8.961678743362426758e-01
1.242543578147888184e+00
1.120375752449035645e+00
6.841251850128173828e-01
2.559110522270202637e-01
