-1.036445856094360352e+00
-1.037826538085937500e+00
-5.544363856315612793e-01
-4.820094257593154907e-02
3.642686009407043457e-01
6.720517277717590332e-01
9.145627021789550781e-01
1.057973027229309082e+00
1.047554612159729004e+00
8.648554682731628418e-01
6.289972066879272461e-01
4.933693110942840576e-01
5.431392788887023926e-01
6.628257632255554199e-01
6.448758840560913086e-01
3.298752009868621826e-01
-2.010883092880249023e-01
-7.019262313842773438e-01
-9.020103812217712402e-01
-7.441020607948303223e-01
-3.784527182579040527e-01
-6.539763510227203369e-02
5.943527817726135254e-02
1.845192350447177887e-02
-4.776161164045333862e-02
-7.343112677335739136e-02
-8.315917849540710449e-02
-1.532011777162551880e-01
-2.542474269866943359e-01
-2.754608690738677979e-01
-1.087031736969947815e-01
1.663811206817626953e-01
3.119881451129913330e-01
7.606711238622665405e-02
-5.337250232696533203e-01
-1.212743282318115234e+00
-1.508413434028625488e+00
-1.173203468322753906e+00
-3.230969607830047607e-01
6.175118088722229004e-01
1.260504841804504395e+00
1.479919672012329102e+00
1.445965528488159180e+00
1.358538627624511719e+00
1.228370904922485352e+00
8.553784489631652832e-01
9.602531790733337402e-02
-8.959852457046508789e-01
-1.651949286460876465e+00
-1.732033133506774902e+00
-1.101153135299682617e+00
-2.484105974435806274e-01
1.447283625602722168e-01
-2.790382802486419678e-01
-1.225609421730041504e+00
-1.946866273880004883e+00
-1.796238303184509277e+00
-7.383279800415039062e-01
6.100432276725769043e-01
1.447911143302917480e+00
1.392743706703186035e+00
7.406501770019531250e-01
1.845819950103759766e-01
2.339754104614257812e-01
7.984536886215209961e-01
1.297597050666809082e+00
1.144521355628967285e+00
2.575110197067260742e-01
-8.760270476341247559e-01
-1.544250249862670898e+00
-1.355651497840881348e+00
-4.629926681518554688e-01
5.763401985168457031e-01
1.261571884155273438e+00
1.427576422691345215e+00
1.277638792991638184e+00
1.071027517318725586e+00
9.210898876190185547e-01
7.197505831718444824e-01
3.709213137626647949e-01
-8.654831349849700928e-02
-4.361934363842010498e-01
-5.386204719543457031e-01
-4.466746449470520020e-01
-4.467374086380004883e-01
-7.565288543701171875e-01
-1.357848167419433594e+00
-1.886112928390502930e+00
-1.936385035514831543e+00
-1.311467409133911133e+00
-2.632223367691040039e-01
7.096459269523620605e-01
1.096508741378784180e+00
7.527632117271423340e-01
-1.262764334678649902e-01
-1.072157144546508789e+00
-1.695317625999450684e+00
-1.759522795677185059e+00
-1.313538432121276855e+00
-5.093735456466674805e-01
3.773857653141021729e-01
1.126634359359741211e+00
1.518957376480102539e+00
1.516948938369750977e+00
1.187952399253845215e+00
7.844578027725219727e-01
4.939969182014465332e-01
4.120302200317382812e-01
3.723020851612091064e-01
1.816949695348739624e-01
-3.099797666072845459e-01
-9.498975276947021484e-01
-1.461593270301818848e+00
-1.530254483222961426e+00
-1.150546550750732422e+00
-5.426999330520629883e-01
-1.208789274096488953e-01
-8.736421167850494385e-02
-4.079506993293762207e-01
-7.249597907066345215e-01
-7.339347004890441895e-01
-2.759001851081848145e-01
4.318001270294189453e-01
1.080692768096923828e+00
1.349375367164611816e+00
1.238036274909973145e+00
9.205878376960754395e-01
7.426585555076599121e-01
8.572613000869750977e-01
1.245504856109619141e+00
1.580401062965393066e+00
1.554166674613952637e+00
9.397301077842712402e-01
-1.042470932006835938e-01
-1.214877128601074219e+00
-1.862953901290893555e+00
-1.794731974601745605e+00
-1.054019093513488770e+00
-1.158579960465431213e-01
5.308380126953125000e-01
5.457125306129455566e-01
7.248970121145248413e-02
-5.132019519805908203e-01
-7.484953999519348145e-01
-5.316538810729980469e-01
-3.702937066555023193e-02
3.202099204063415527e-01
3.380969762802124023e-01
2.912140451371669769e-02
-3.112977743148803711e-01
-5.024069547653198242e-01
-4.993944168090820312e-01
-5.038505196571350098e-01
-6.022607684135437012e-01
-7.504410147666931152e-01
-6.735579967498779297e-01
-2.499796301126480103e-01
4.360679090023040771e-01
9.782029986381530762e-01
1.075860142707824707e+00
6.799596548080444336e-01
1.843309551477432251e-01
5.711309611797332764e-03
3.519673049449920654e-01
9.101066589355468750e-01
1.208914875984191895e+00
8.967384099960327148e-01
1.690171062946319580e-01
-4.810680150985717773e-01
-5.571351051330566406e-01
-8.610897511243820190e-02
4.895408451557159424e-01
5.603987574577331543e-01
-4.920513182878494263e-02
-1.034562945365905762e+00
-1.755066633224487305e+00
-1.837974786758422852e+00
-1.354647397994995117e+00
-8.047925829887390137e-01
-5.747711658477783203e-01
-6.970308423042297363e-01
-7.611732482910156250e-01
-3.876159191131591797e-01
5.078044533729553223e-01
1.538852810859680176e+00
2.244482040405273438e+00
2.370507478713989258e+00
2.098059177398681641e+00
1.745840668678283691e+00
1.526425957679748535e+00
1.321509242057800293e+00
9.426171779632568359e-01
3.696660995483398438e-01
-5.435158684849739075e-02
6.809638440608978271e-02
8.516755104064941406e-01
1.851845145225524902e+00
2.357578516006469727e+00
1.855045914649963379e+00
5.074279308319091797e-01
-9.577426910400390625e-01
-1.705171108245849609e+00
-1.430463433265686035e+00
-5.095617771148681641e-01
2.713185846805572510e-01
3.456283807754516602e-01
-3.000006675720214844e-01
-1.171195030212402344e+00
-1.747409701347351074e+00
-1.833769798278808594e+00
-1.642409563064575195e+00
-1.461718678474426270e+00
-1.365630626678466797e+00
-1.135985851287841797e+00
-5.388714671134948730e-01
3.968418836593627930e-01
1.309710025787353516e+00
