-1.214309185743331909e-01
-9.551305323839187622e-02
-3.983192741870880127e-01
-6.772472262382507324e-01
-8.336995840072631836e-01
-8.487727642059326172e-01
-6.315800547599792480e-01
-2.156008183956146240e-01
3.547911942005157471e-01
8.725017905235290527e-01
1.179039001464843750e+00
1.114219427108764648e+00
7.269438505172729492e-01
1.298380494117736816e-01
-4.291122853755950928e-01
-8.061898350715637207e-01
-8.796652555465698242e-01
-6.996828317642211914e-01
-3.180285990238189697e-01
1.317781656980514526e-01
6.001901030540466309e-01
1.016219019889831543e+00
1.405534267425537109e+00
1.731721282005310059e+00
1.982293844223022461e+00
2.019802570343017578e+00
1.737044095993041992e+00
1.027760267257690430e+00
2.885290188714861870e-03
-1.094121932983398438e+00
-1.874344110488891602e+00
-2.099844455718994141e+00
-1.746595382690429688e+00
-1.125860095024108887e+00
-6.163576841354370117e-01
-5.051247477531433105e-01
-7.200291156768798828e-01
-9.623934626579284668e-01
-8.519565463066101074e-01
-2.714162468910217285e-01
6.035230755805969238e-01
1.350614190101623535e+00
1.629442691802978516e+00
1.320119738578796387e+00
6.154622435569763184e-01
-1.902301609516143799e-01
-8.251929879188537598e-01
-1.196350693702697754e+00
-1.292958140373229980e+00
-1.156454086303710938e+00
-7.941512465476989746e-01
-2.791766822338104248e-01
2.391805946826934814e-01
5.143278241157531738e-01
3.764806091785430908e-01
-1.546117514371871948e-01
-7.976832389831542969e-01
-1.180531382560729980e+00
-1.039948105812072754e+00
-4.144370853900909424e-01
4.072238802909851074e-01
1.054822206497192383e+00
1.321512579917907715e+00
1.243012785911560059e+00
1.032585620880126953e+00
8.978724479675292969e-01
9.159801006317138672e-01
1.022735834121704102e+00
1.102926969528198242e+00
1.073725938796997070e+00
9.034440517425537109e-01
5.770082473754882812e-01
7.904700189828872681e-02
-5.626813173294067383e-01
-1.219582319259643555e+00
-1.653072237968444824e+00
-1.638198018074035645e+00
-1.114169716835021973e+00
-2.879320383071899414e-01
4.593580961227416992e-01
7.701237201690673828e-01
5.456182956695556641e-01
-2.134119719266891479e-02
-5.645716786384582520e-01
-8.113137483596801758e-01
-7.095823884010314941e-01
-4.243366420269012451e-01
-1.290421187877655029e-01
1.228238120675086975e-01
4.446331560611724854e-01
9.343365430831909180e-01
1.540993690490722656e+00
1.987467408180236816e+00
1.961151599884033203e+00
1.308379530906677246e+00
2.121683210134506226e-01
-9.282674789428710938e-01
-1.700828790664672852e+00
-1.962793231010437012e+00
-1.857529878616333008e+00
-1.692123174667358398e+00
-1.638795018196105957e+00
-1.629840731620788574e+00
-1.389665126800537109e+00
-7.323164939880371094e-01
2.650984525680541992e-01
1.201176166534423828e+00
1.626706600189208984e+00
1.314349174499511719e+00
4.836840629577636719e-01
-3.591688573360443115e-01
-7.148554921150207520e-01
-4.667205512523651123e-01
8.292721956968307495e-02
3.991649746894836426e-01
1.593874096870422363e-01
-5.287542939186096191e-01
-1.150385022163391113e+00
-1.192321300506591797e+00
-5.063683986663818359e-01
5.106963515281677246e-01
1.214358925819396973e+00
1.141032695770263672e+00
3.988167345523834229e-01
-4.098106920719146729e-01
-5.793960690498352051e-01
1.566016077995300293e-01
1.440356731414794922e+00
2.496870279312133789e+00
2.695955276489257812e+00
1.956326127052307129e+00
7.985786795616149902e-01
-8.242975175380706787e-02
-3.060894906520843506e-01
-6.790380924940109253e-02
8.755362778902053833e-02
-2.702720761299133301e-01
-1.073974609375000000e+00
-1.813205838203430176e+00
-1.927721977233886719e+00
-1.279178380966186523e+00
-2.824599444866180420e-01
3.817537128925323486e-01
2.709187865257263184e-01
-4.991054534912109375e-01
-1.350664019584655762e+00
-1.679686546325683594e+00
-1.291018128395080566e+00
-4.918922185897827148e-01
1.875936090946197510e-01
4.385640919208526611e-01
3.842907845973968506e-01
4.444839060306549072e-01
9.195618629455566406e-01
1.702818632125854492e+00
2.288880825042724609e+00
2.162574768066406250e+00
1.182123303413391113e+00
-2.354993671178817749e-01
-1.392699718475341797e+00
-1.726846098899841309e+00
-1.204061388969421387e+00
-2.860914468765258789e-01
3.581739366054534912e-01
3.312114179134368896e-01
-3.063879609107971191e-01
-1.071288347244262695e+00
-1.453937530517578125e+00
-1.193266391754150391e+00
-4.671682715415954590e-01
3.173819184303283691e-01
7.384850382804870605e-01
6.729192733764648438e-01
2.598750889301300049e-01
-1.656554490327835083e-01
-3.731973469257354736e-01
-2.940011024475097656e-01
-9.213029593229293823e-02
6.909772008657455444e-02
8.660844713449478149e-02
6.501851975917816162e-02
1.366533041000366211e-01
4.170238971710205078e-01
8.027573227882385254e-01
1.113324046134948730e+00
1.123770713806152344e+00
8.246457576751708984e-01
3.359373211860656738e-01
-7.914648950099945068e-02
-3.001696765422821045e-01
-3.165859580039978027e-01
-2.968864142894744873e-01
-3.043483495712280273e-01
-3.134022057056427002e-01
-1.230725497007369995e-01
3.334499895572662354e-01
9.589610099792480469e-01
1.368871212005615234e+00
1.254504203796386719e+00
5.230832099914550781e-01
-4.424443244934082031e-01
-1.111881375312805176e+00
-1.033779501914978027e+00
-2.948965430259704590e-01
6.337191462516784668e-01
1.078750252723693848e+00
7.579358816146850586e-01
-1.525721549987792969e-01
-1.016119599342346191e+00
-1.320915699005126953e+00
-8.990166187286376953e-01
-1.485924422740936279e-01
4.136411547660827637e-01
4.030451774597167969e-01
-4.477174207568168640e-02
-5.500457286834716797e-01
-6.620745658874511719e-01
