-4.706246852874755859e-01
-4.588178694248199463e-01
-5.900107026100158691e-01
-8.556362986564636230e-01
-1.220494031906127930e+00
-1.515938639640808105e+00
-1.527965068817138672e+00
-1.071508646011352539e+00
-1.947848051786422729e-01
7.963826060295104980e-01
1.417310595512390137e+00
1.333015561103820801e+00
5.816635489463806152e-01
-3.470101952552795410e-01
-8.250484466552734375e-01
-4.764457046985626221e-01
5.236729383468627930e-01
1.573435068130493164e+00
2.042522192001342773e+00
1.735655069351196289e+00
9.993498325347900391e-01
4.516788721084594727e-01
4.857264161109924316e-01
9.841382503509521484e-01
1.419507265090942383e+00
1.295288681983947754e+00
5.402024388313293457e-01
-4.364673197269439697e-01
-1.067444920539855957e+00
-1.062777042388916016e+00
-5.949530601501464844e-01
-1.185622736811637878e-01
2.405292913317680359e-02
-1.475026756525039673e-01
-3.162026703357696533e-01
-2.126322984695434570e-01
1.264700889587402344e-01
3.408047556877136230e-01
7.034657895565032959e-02
-7.474530339241027832e-01
-1.744496345520019531e+00
-2.383985757827758789e+00
-2.280140876770019531e+00
-1.468382000923156738e+00
-3.152691125869750977e-01
6.930319070816040039e-01
1.252399802207946777e+00
1.281834483146667480e+00
9.135171175003051758e-01
3.277348875999450684e-01
-2.420669347047805786e-01
-5.801259279251098633e-01
-4.729860424995422363e-01
1.091168299317359924e-01
9.692012667655944824e-01
1.646307706832885742e+00
1.710339069366455078e+00
9.836440086364746094e-01
-2.337197959423065186e-01
-1.363493561744689941e+00
-1.822476267814636230e+00
-1.431423902511596680e+00
-4.268022179603576660e-01
6.573918461799621582e-01
1.397650957107543945e+00
1.610667705535888672e+00
1.428238868713378906e+00
1.035648822784423828e+00
5.985225439071655273e-01
1.529392898082733154e-01
-2.321272492408752441e-01
-4.832552075386047363e-01
-4.795209765434265137e-01
-2.453069388866424561e-01
9.703545272350311279e-02
3.225179314613342285e-01
3.534902036190032959e-01
2.420120090246200562e-01
1.814403682947158813e-01
2.302601188421249390e-01
3.026934862136840820e-01
1.548064202070236206e-01
-2.973117828369140625e-01
-9.132425189018249512e-01
-1.295288681983947754e+00
-1.164041042327880859e+00
-5.227942466735839844e-01
2.150485664606094360e-01
5.897909998893737793e-01
3.551925718784332275e-01
-2.518418729305267334e-01
-7.791392207145690918e-01
-8.331210017204284668e-01
-4.699107706546783447e-01
-6.161503866314888000e-02
-7.342184334993362427e-02
-6.013232469558715820e-01
-1.361956000328063965e+00
-1.812536478042602539e+00
-1.613358497619628906e+00
-7.687602043151855469e-01
3.331165909767150879e-01
1.281724572181701660e+00
1.808088421821594238e+00
1.935876488685607910e+00
1.767011642456054688e+00
1.416102528572082520e+00
8.797990679740905762e-01
2.148289084434509277e-01
-4.585982263088226318e-01
-8.879265189170837402e-01
-9.204913377761840820e-01
-5.623333454132080078e-01
-6.474521756172180176e-02
3.013206124305725098e-01
3.635946214199066162e-01
1.985190510749816895e-01
-2.690852805972099304e-02
-1.506877541542053223e-01
-1.832525730133056641e-01
-1.998370140790939331e-01
-2.732039391994476318e-01
-3.257030248641967773e-01
-2.397055625915527344e-01
6.727132201194763184e-02
4.869894683361053467e-01
8.144497871398925781e-01
8.471243977546691895e-01
5.846838951110839844e-01
1.960478574037551880e-01
-6.474521756172180176e-02
-7.029166817665100098e-02
1.289961934089660645e-01
3.258677721023559570e-01
3.361918628215789795e-01
8.775475621223449707e-02
-3.317437171936035156e-01
-7.743066549301147461e-01
-1.096275448799133301e+00
-1.227413296699523926e+00
-1.139713525772094727e+00
-8.393264412879943848e-01
-3.443193435668945312e-01
2.818805575370788574e-01
9.300466179847717285e-01
1.453884243965148926e+00
1.720278739929199219e+00
1.654545068740844727e+00
1.267995834350585938e+00
6.546460390090942383e-01
-3.882516175508499146e-02
-6.543715000152587891e-01
-1.091607570648193359e+00
-1.347568154335021973e+00
-1.541364431381225586e+00
-1.816984653472900391e+00
-2.238954305648803711e+00
-2.661198616027832031e+00
-2.779706001281738281e+00
-2.279866218566894531e+00
-1.106324911117553711e+00
4.444300532341003418e-01
1.797819256782531738e+00
2.455485582351684570e+00
2.263940811157226562e+00
1.551578760147094727e+00
8.676627874374389648e-01
6.517355442047119141e-01
9.079706668853759766e-01
1.285129427909851074e+00
1.323130846023559570e+00
8.570091724395751953e-01
9.017103165388107300e-02
-5.136234164237976074e-01
-6.259253025054931641e-01
-2.271299511194229126e-01
3.463512063026428223e-01
7.086827754974365234e-01
6.240032911300659180e-01
1.902817338705062866e-01
-3.289979398250579834e-01
-6.175232529640197754e-01
-5.415204167366027832e-01
-9.961647540330886841e-02
5.315807461738586426e-01
1.141800284385681152e+00
1.453664660453796387e+00
1.291005373001098633e+00
5.968201756477355957e-01
-3.883614540100097656e-01
-1.267336845397949219e+00
-1.598641157150268555e+00
-1.265414714813232422e+00
-5.151061415672302246e-01
8.506389707326889038e-02
1.028015613555908203e-01
-5.234532356262207031e-01
-1.332301616668701172e+00
-1.734501838684082031e+00
-1.351302385330200195e+00
-3.812224566936492920e-01
6.188961863517761230e-01
1.038120031356811523e+00
7.202699184417724609e-01
-4.459127783775329590e-02
-6.799071431159973145e-01
-8.256525397300720215e-01
-4.754572212696075439e-01
1.158714201301336288e-02
3.149945437908172607e-01
3.125782608985900879e-01
2.023082077503204346e-01
2.000017613172531128e-01
4.098882973194122314e-01
6.688142418861389160e-01
7.853446602821350098e-01
6.394894123077392578e-01
