2.999989986419677734e-01
2.769108414649963379e-01
5.321031808853149414e-01
4.285490214824676514e-01
1.663128263317048550e-03
-5.429135560989379883e-01
-8.260855674743652344e-01
-7.174931168556213379e-01
-3.049883842468261719e-01
5.356251448392868042e-02
1.476760059595108032e-01
-2.440885268151760101e-02
-1.299685835838317871e-01
1.119676604866981506e-01
7.920892834663391113e-01
1.587847232818603516e+00
2.070007801055908203e+00
1.884764552116394043e+00
1.088419556617736816e+00
1.565297134220600128e-03
-9.080191254615783691e-01
-1.380592107772827148e+00
-1.367923021316528320e+00
-1.062690019607543945e+00
-6.586477160453796387e-01
-3.373215496540069580e-01
-1.651877611875534058e-01
-1.894009560346603394e-01
-3.539528250694274902e-01
-5.491747260093688965e-01
-5.700127482414245605e-01
-2.875744402408599854e-01
2.795522809028625488e-01
8.772023320198059082e-01
1.198381781578063965e+00
1.065037965774536133e+00
6.061124205589294434e-01
1.444475799798965454e-01
-3.781171143054962158e-02
3.908351436257362366e-02
7.616148889064788818e-02
-2.536270618438720703e-01
-9.701907634735107422e-01
-1.696341872215270996e+00
-1.900808811187744141e+00
-1.320328116416931152e+00
-2.232994288206100464e-01
7.340265512466430664e-01
9.555160999298095703e-01
3.577193319797515869e-01
-5.784751176834106445e-01
-1.146335601806640625e+00
-9.595271944999694824e-01
-2.007004469633102417e-01
5.178688168525695801e-01
6.680395007133483887e-01
1.630844026803970337e-01
-5.772033333778381348e-01
-1.024193525314331055e+00
-9.062092304229736328e-01
-4.136787056922912598e-01
6.897090375423431396e-02
2.659048438072204590e-01
2.766662836074829102e-01
3.893187642097473145e-01
8.327381014823913574e-01
1.479792833328247070e+00
1.979709625244140625e+00
1.968948245048522949e+00
1.416740655899047852e+00
5.731922388076782227e-01
-1.664595752954483032e-01
-6.128627657890319824e-01
-7.884695529937744141e-01
-8.798926472663879395e-01
-9.402055144309997559e-01
-8.976979255676269531e-01
-5.826329588890075684e-01
-1.521273236721754074e-02
6.113463640213012695e-01
9.726854562759399414e-01
9.439720511436462402e-01
6.310104131698608398e-01
3.636870086193084717e-01
3.395227491855621338e-01
5.246191620826721191e-01
5.960358381271362305e-01
2.929551601409912109e-01
-4.246357679367065430e-01
-1.222105741500854492e+00
-1.690814495086669922e+00
-1.548714756965637207e+00
-9.033232331275939941e-01
-7.425378262996673584e-02
5.560228824615478516e-01
8.492715358734130859e-01
8.386079668998718262e-01
6.847686171531677246e-01
4.252716898918151855e-01
4.554036632180213928e-02
-5.049061775207519531e-01
-1.093751430511474609e+00
-1.501364588737487793e+00
-1.485418081283569336e+00
-1.051977515220642090e+00
-4.292827546596527100e-01
-1.027226215228438377e-03
2.240331657230854034e-02
-2.942269444465637207e-01
-5.752466917037963867e-01
-4.470390975475311279e-01
2.463875561952590942e-01
1.246954917907714844e+00
2.062719345092773438e+00
2.201443672180175781e+00
1.524550557136535645e+00
3.019067049026489258e-01
-8.769088387489318848e-01
-1.464824676513671875e+00
-1.217556595802307129e+00
-3.576703965663909912e-01
5.952042341232299805e-01
1.096001505851745605e+00
9.126171469688415527e-01
2.163534164428710938e-01
-5.247169733047485352e-01
-8.690334558486938477e-01
-6.552725434303283691e-01
-8.829254657030105591e-02
4.405822455883026123e-01
6.334562301635742188e-01
4.791766107082366943e-01
2.293649464845657349e-01
1.691499203443527222e-01
3.902970552444458008e-01
7.022803425788879395e-01
7.942415475845336914e-01
4.569689333438873291e-01
-2.300986796617507935e-01
-9.735659360885620117e-01
-1.428235888481140137e+00
-1.438703775405883789e+00
-1.052417755126953125e+00
-4.681706130504608154e-01
1.635246425867080688e-01
7.497284412384033203e-01
1.269211411476135254e+00
1.616267204284667969e+00
1.665818572044372559e+00
1.296163916587829590e+00
6.009762883186340332e-01
-1.705195605754852295e-01
-6.519951820373535156e-01
-6.667676568031311035e-01
-2.654646039009094238e-01
2.127336710691452026e-01
4.515882432460784912e-01
2.543607950210571289e-01
-2.593501806259155273e-01
-8.679572939872741699e-01
-1.293228983879089355e+00
-1.454112172126770020e+00
-1.336568117141723633e+00
-1.061026930809020996e+00
-6.730777621269226074e-01
-2.895310521125793457e-01
2.949606813490390778e-02
1.318762898445129395e-01
7.386246230453252792e-03
-3.037654757499694824e-01
-5.454082489013671875e-01
-5.332771539688110352e-01
-1.390668749809265137e-01
4.506588280200958252e-01
9.923005700111389160e-01
1.181016683578491211e+00
1.002572894096374512e+00
5.566588044166564941e-01
1.306533962488174438e-01
-1.640627086162567139e-01
-2.519639432430267334e-01
-2.342565059661865234e-01
-6.378585845232009888e-02
2.797479629516601562e-01
9.100246429443359375e-01
1.664400100708007812e+00
2.269240617752075195e+00
2.247179746627807617e+00
1.410724043846130371e+00
-1.472846865653991699e-01
-1.822543978691101074e+00
-2.988054513931274414e+00
-3.128344297409057617e+00
-2.329455614089965820e+00
-1.018030166625976562e+00
8.535761386156082153e-02
5.757358670234680176e-01
3.530234396457672119e-01
-1.718892008066177368e-01
-5.772522687911987305e-01
-4.906717538833618164e-01
-3.864327445626258850e-03
6.411848664283752441e-01
1.035052776336669922e+00
1.093360066413879395e+00
8.972576856613159180e-01
8.242757320404052734e-01
1.050754666328430176e+00
1.597581386566162109e+00
2.062523603439331055e+00
2.070350170135498047e+00
1.314262628555297852e+00
7.337330607697367668e-04
-1.445845484733581543e+00
-2.396665573120117188e+00
-2.584892511367797852e+00
-2.025445699691772461e+00
