-7.049761246889829636e-03
-4.866207018494606018e-02
-1.111117303371429443e-01
-1.229653060436248779e-01
-4.410779848694801331e-02
1.030637696385383606e-01
3.360178470611572266e-01
5.664764046669006348e-01
7.392891645431518555e-01
7.877016663551330566e-01
8.038599491119384766e-01
8.890185952186584473e-01
1.131081223487854004e+00
1.368277549743652344e+00
1.328599333763122559e+00
7.301182150840759277e-01
-3.486200571060180664e-01
-1.491055727005004883e+00
-2.054100751876831055e+00
-1.686702251434326172e+00
-5.438922047615051270e-01
6.565012335777282715e-01
1.152417659759521484e+00
5.720912814140319824e-01
-7.170168757438659668e-01
-1.914914846420288086e+00
-2.244506835937500000e+00
-1.534040570259094238e+00
-2.310200631618499756e-01
8.536450266838073730e-01
1.158344388008117676e+00
6.180706620216369629e-01
-3.075068593025207520e-01
-1.072250008583068848e+00
-1.323982596397399902e+00
-1.107186913490295410e+00
-6.425265073776245117e-01
-1.702548563480377197e-01
2.442461550235748291e-01
5.845063328742980957e-01
8.251340389251708984e-01
8.336811065673828125e-01
5.332863926887512207e-01
-1.235267892479896545e-02
-5.103278756141662598e-01
-6.435247063636779785e-01
-2.487380504608154297e-01
4.875565171241760254e-01
1.163085818290710449e+00
1.368277549743652344e+00
9.926438331604003906e-01
2.537290155887603760e-01
-4.201158881187438965e-01
-7.145214080810546875e-01
-5.928662419319152832e-01
-3.264102041721343994e-01
-2.462425529956817627e-01
-5.227429270744323730e-01
-1.003499269485473633e+00
-1.340078592300415039e+00
-1.203887104988098145e+00
-5.545604228973388672e-01
3.212320506572723389e-01
9.510315656661987305e-01
9.897740483283996582e-01
4.375219345092773438e-01
-3.282194137573242188e-01
-7.961239218711853027e-01
-6.311720013618469238e-01
1.001939550042152405e-01
9.923942685127258301e-01
1.564485549926757812e+00
1.582453131675720215e+00
1.167889714241027832e+00
6.592462658882141113e-01
3.154924213886260986e-01
1.249617040157318115e-01
-1.372519880533218384e-01
-6.385337114334106445e-01
-1.247932553291320801e+00
-1.546954751014709473e+00
-1.124592900276184082e+00
5.384021252393722534e-02
1.506402969360351562e+00
2.471783638000488281e+00
2.387997627258300781e+00
1.270017623901367188e+00
-2.818656861782073975e-01
-1.478952646255493164e+00
-1.841672182083129883e+00
-1.470218420028686523e+00
-8.832165598869323730e-01
-6.020995378494262695e-01
-7.714185714721679688e-01
-1.116170644760131836e+00
-1.206756949424743652e+00
-8.282533884048461914e-01
-1.291416436433792114e-01
5.013440847396850586e-01
7.517042160034179688e-01
5.952993035316467285e-01
2.857336997985839844e-01
1.230900809168815613e-01
2.426240891218185425e-01
5.307285189628601074e-01
7.596274018287658691e-01
7.649303078651428223e-01
5.701572299003601074e-01
3.352691829204559326e-01
2.325797379016876221e-01
3.071325421333312988e-01
4.528068006038665771e-01
4.658457338809967041e-01
1.761816442012786865e-01
-4.558013975620269775e-01
-1.274259924888610840e+00
-1.972810268402099609e+00
-2.207635879516601562e+00
-1.780095934867858887e+00
-7.720424532890319824e-01
4.397678673267364502e-01
1.353866100311279297e+00
1.609841108322143555e+00
1.198397040367126465e+00
4.560509324073791504e-01
-1.599609553813934326e-01
-3.722024559974670410e-01
-2.323301881551742554e-01
-1.728127337992191315e-02
4.098843783140182495e-02
-3.643416613340377808e-02
-1.372519973665475845e-02
3.127473890781402588e-01
8.654986023902893066e-01
1.277628898620605469e+00
1.158406853675842285e+00
4.434487223625183105e-01
-4.888666570186614990e-01
-1.024648547172546387e+00
-7.604384422302246094e-01
2.018852084875106812e-01
1.288297176361083984e+00
1.862447142601013184e+00
1.637353897094726562e+00
8.633774518966674805e-01
8.615682274103164673e-02
-2.360734343528747559e-01
-5.421453714370727539e-02
3.251624405384063721e-01
4.863711595535278320e-01
2.301466315984725952e-01
-3.682720661163330078e-01
-1.049603462219238281e+00
-1.608219027519226074e+00
-1.943924903869628906e+00
-2.058717489242553711e+00
-1.925520658493041992e+00
-1.527053236961364746e+00
-8.965050578117370605e-01
-2.350752353668212891e-01
2.037568241357803345e-01
2.407524734735488892e-01
-1.759321056306362152e-02
-2.660193145275115967e-01
-1.618949621915817261e-01
3.546092510223388672e-01
1.045049190521240234e+00
1.484005928039550781e+00
1.431787848472595215e+00
9.621988534927368164e-01
4.595446288585662842e-01
2.648339569568634033e-01
4.817544817924499512e-01
8.468447923660278320e-01
9.978219866752624512e-01
6.737201213836669922e-01
-5.040891468524932861e-02
-9.078595638275146484e-01
-1.549263119697570801e+00
-1.805300474166870117e+00
-1.641908168792724609e+00
-1.191035389900207520e+00
-5.782675743103027344e-01
1.784275844693183899e-02
4.755781590938568115e-01
6.729714870452880859e-01
6.570627093315124512e-01
5.693462491035461426e-01
6.626775860786437988e-01
1.014978528022766113e+00
1.503158926963806152e+00
1.738483667373657227e+00
1.417002081871032715e+00
4.849986433982849121e-01
-6.535690426826477051e-01
-1.449256300926208496e+00
-1.457616209983825684e+00
-7.314283251762390137e-01
3.090041577816009521e-01
1.057651400566101074e+00
1.191347241401672363e+00
7.125250101089477539e-01
-3.936636820435523987e-02
-7.630587220191955566e-01
-1.242816805839538574e+00
-1.462607145309448242e+00
-1.361914038658142090e+00
-9.038043618202209473e-01
-4.585464298725128174e-02
9.830362200736999512e-01
1.791949510574340820e+00
1.900877714157104492e+00
1.188976526260375977e+00
-6.506992131471633911e-02
-1.188415050506591797e+00
-1.639412641525268555e+00
-1.246996760368347168e+00
