4.380347430706024170e-01
4.414350688457489014e-01
3.778004050254821777e-01
3.399110734462738037e-01
3.273420035839080811e-01
3.872727453708648682e-01
4.683947861194610596e-01
5.869811177253723145e-01
6.736894249916076660e-01
7.226905226707458496e-01
6.552305221557617188e-01
4.988762736320495605e-01
2.633430361747741699e-01
7.189258933067321777e-02
-2.963140420615673065e-02
1.420850120484828949e-02
1.130000874400138855e-01
2.026229351758956909e-01
1.728700995445251465e-01
4.505430534482002258e-02
-1.607867926359176636e-01
-3.376644253730773926e-01
-4.622013270854949951e-01
-4.917720258235931396e-01
-4.753775894641876221e-01
-4.159933328628540039e-01
-3.790755271911621094e-01
-3.745822310447692871e-01
-4.609869122505187988e-01
-6.178269386291503906e-01
-8.394552469253540039e-01
-1.036370515823364258e+00
-1.180459260940551758e+00
-1.241543650627136230e+00
-1.292912840843200684e+00
-1.370027422904968262e+00
-1.498996853828430176e+00
-1.575929284095764160e+00
-1.490253210067749023e+00
-1.128786444664001465e+00
-5.376156568527221680e-01
1.493107080459594727e-01
7.055067420005798340e-01
1.002185106277465820e+00
1.016636490821838379e+00
9.021791219711303711e-01
8.398195505142211914e-01
9.988455176353454590e-01
1.385632514953613281e+00
1.890580773353576660e+00
2.276760578155517578e+00
2.333533763885498047e+00
1.930109500885009766e+00
1.146152377128601074e+00
2.215676158666610718e-01
-4.860036075115203857e-01
-7.074497938156127930e-01
-3.740964829921722412e-01
2.887240350246429443e-01
8.895493149757385254e-01
1.040985226631164551e+00
5.946318507194519043e-01
-3.020217418670654297e-01
-1.264799475669860840e+00
-1.899506568908691406e+00
-1.976438999176025391e+00
-1.530571341514587402e+00
-7.915471196174621582e-01
-5.895920842885971069e-02
4.405849874019622803e-01
6.013717651367187500e-01
4.461105167865753174e-01
7.960403710603713989e-02
-3.502334952354431152e-01
-6.970059275627136230e-01
-8.673257827758789062e-01
-8.500812649726867676e-01
-7.168613672256469727e-01
-5.588070154190063477e-01
-4.153254330158233643e-01
-2.292790561914443970e-01
9.326606243848800659e-02
5.841879844665527344e-01
1.115428090095520020e+00
1.442405700683593750e+00
1.332077383995056152e+00
7.502574324607849121e-01
-9.265885502099990845e-02
-8.267647624015808105e-01
-1.164429187774658203e+00
-1.056590318679809570e+00
-7.290053963661193848e-01
-4.897682368755340576e-01
-5.318472981452941895e-01
-7.776421904563903809e-01
-9.658137559890747070e-01
-8.220893144607543945e-01
-2.807089686393737793e-01
4.883717000484466553e-01
1.146941781044006348e+00
1.412106394767761230e+00
1.173233628273010254e+00
5.662148594856262207e-01
-1.415992528200149536e-01
-6.588129997253417969e-01
-8.301043510437011719e-01
-6.607560515403747559e-01
-3.240631222724914551e-01
-2.944924309849739075e-02
6.867442280054092407e-02
-1.493714191019535065e-02
-1.388668417930603027e-01
-1.101462468504905701e-01
1.373488456010818481e-01
5.023980140686035156e-01
7.404207587242126465e-01
6.665244102478027344e-01
2.777944207191467285e-01
-1.976438909769058228e-01
-4.793851077556610107e-01
-4.226118326187133789e-01
-1.567185521125793457e-01
2.914564311504364014e-02
-1.068673580884933472e-01
-5.425947308540344238e-01
-1.012871861457824707e+00
-1.183009505271911621e+00
-9.132301807403564453e-01
-3.324424922466278076e-01
2.674112915992736816e-01
6.739322543144226074e-01
8.786804080009460449e-01
1.030602097511291504e+00
1.233589410781860352e+00
1.421275138854980469e+00
1.406155824661254883e+00
1.084885835647583008e+00
5.957854986190795898e-01
2.658325433731079102e-01
3.536945283412933350e-01
8.022338151931762695e-01
1.216587781906127930e+00
1.118767619132995605e+00
3.196305632591247559e-01
-9.104370474815368652e-01
-1.986336350440979004e+00
-2.406640768051147461e+00
-2.066608190536499023e+00
-1.311311125755310059e+00
-6.367715597152709961e-01
-3.584306836128234863e-01
-4.098606109619140625e-01
-4.940793812274932861e-01
-3.327460885047912598e-01
9.387326240539550781e-02
5.931745767593383789e-01
9.128658175468444824e-01
9.534875750541687012e-01
7.624621987342834473e-01
4.730094969272613525e-01
1.443316489458084106e-01
-2.021371871232986450e-01
-5.558924078941345215e-01
-8.063020706176757812e-01
-8.463773131370544434e-01
-6.291208863258361816e-01
-3.017788529396057129e-01
-6.831010431051254272e-02
-9.332677721977233887e-02
-3.104618191719055176e-01
-5.459950566291809082e-01
-6.210451126098632812e-01
-5.738655924797058105e-01
-5.466022491455078125e-01
-6.659779548645019531e-01
-7.812246680259704590e-01
-5.918387174606323242e-01
1.805815547704696655e-01
1.403666377067565918e+00
2.589529752731323242e+00
3.085309267044067383e+00
2.608960151672363281e+00
1.393343925476074219e+00
1.386239677667617798e-01
-5.468451380729675293e-01
-4.417386651039123535e-01
1.200436204671859741e-01
6.833438873291015625e-01
9.622312784194946289e-01
1.106380820274353027e+00
1.358308434486389160e+00
1.805815458297729492e+00
2.094660997390747070e+00
1.790939092636108398e+00
6.908732056617736816e-01
-7.705379724502563477e-01
-1.843401193618774414e+00
-1.866596341133117676e+00
-8.948926925659179688e-01
4.101642072200775146e-01
1.125993371009826660e+00
8.618609905242919922e-01
-8.112204074859619141e-02
-8.380587100982666016e-01
-7.771564126014709473e-01
1.199828982353210449e-01
1.110995531082153320e+00
1.369845271110534668e+00
4.797494411468505859e-01
-1.130243778228759766e+00
-2.614850044250488281e+00
-3.157687664031982422e+00
-2.613210439682006836e+00
-1.386482596397399902e+00
-2.141597568988800049e-01
4.695484638214111328e-01
5.990644097328186035e-01
