1.073087811470031738e+00
1.128400325775146484e+00
1.506250858306884766e+00
1.697365403175354004e+00
1.425567984580993652e+00
8.544779419898986816e-01
1.585967689752578735e-01
-2.507413029670715332e-01
-3.403745591640472412e-01
-1.502902507781982422e-01
-7.681930810213088989e-02
-2.681914567947387695e-01
-8.215737938880920410e-01
-1.409792065620422363e+00
-1.820611119270324707e+00
-1.800134539604187012e+00
-1.498523831367492676e+00
-1.034130811691284180e+00
-6.624618768692016602e-01
-3.364466726779937744e-01
-7.095965743064880371e-02
2.423059940338134766e-01
4.278185069561004639e-01
3.834526240825653076e-01
-6.046381220221519470e-02
-7.129449844360351562e-01
-1.334389328956604004e+00
-1.539605736732482910e+00
-1.282425284385681152e+00
-6.716055274009704590e-01
-1.088219881057739258e-01
1.922736316919326782e-01
1.273024082183837891e-01
-7.533829659223556519e-02
-2.415976822376251221e-01
-2.017392218112945557e-01
-5.151336640119552612e-02
1.406314820051193237e-01
2.676119208335876465e-01
4.169363081455230713e-01
6.317470073699951172e-01
9.725723266601562500e-01
1.315200567245483398e+00
1.564589738845825195e+00
1.621447563171386719e+00
1.560017824172973633e+00
1.454029083251953125e+00
1.379205942153930664e+00
1.253706574440002441e+00
9.853863120079040527e-01
5.116565227508544922e-01
-5.576321855187416077e-02
-5.339360237121582031e-01
-7.594357728958129883e-01
-7.459135055541992188e-01
-6.449473500251770020e-01
-6.412126421928405762e-01
-7.843554019927978516e-01
-9.498420953750610352e-01
-9.432097077369689941e-01
-6.462995409965515137e-01
-1.399231851100921631e-01
3.728923797607421875e-01
6.744387149810791016e-01
7.197061181068420410e-01
6.017404794692993164e-01
5.227962732315063477e-01
5.838395953178405762e-01
7.914384603500366211e-01
9.785607457160949707e-01
9.960108995437622070e-01
6.886693239212036133e-01
6.825520843267440796e-02
-8.062485456466674805e-01
-1.711596012115478516e+00
-2.445790290832519531e+00
-2.754162073135375977e+00
-2.583395242691040039e+00
-1.980817675590515137e+00
-1.251002073287963867e+00
-6.499698758125305176e-01
-4.048950672149658203e-01
-4.177089929580688477e-01
-5.040583014488220215e-01
-3.468137383460998535e-01
1.075985431671142578e-01
7.942717075347900391e-01
1.388993501663208008e+00
1.708955883979797363e+00
1.618292331695556641e+00
1.285194039344787598e+00
8.383800387382507324e-01
4.939487874507904053e-01
2.273027300834655762e-01
6.033502891659736633e-02
-1.386997401714324951e-01
-3.283333182334899902e-01
-5.569882392883300781e-01
-7.068277597427368164e-01
-7.909233570098876953e-01
-6.890556812286376953e-01
-4.501624107360839844e-01
-3.335490450263023376e-02
3.900849521160125732e-01
7.636856436729431152e-01
9.315547943115234375e-01
1.003995537757873535e+00
1.052224874496459961e+00
1.296655774116516113e+00
1.672445774078369141e+00
2.070451021194458008e+00
2.142376422882080078e+00
1.785903930664062500e+00
1.002385735511779785e+00
1.702516674995422363e-01
-4.385719299316406250e-01
-5.881538391113281250e-01
-4.564084112644195557e-01
-2.374122291803359985e-01
-2.177727520465850830e-01
-3.559573590755462646e-01
-6.010321974754333496e-01
-7.720565795898437500e-01
-9.521601796150207520e-01
-1.177144765853881836e+00
-1.560726165771484375e+00
-1.904706716537475586e+00
-2.023960113525390625e+00
-1.683585524559020996e+00
-1.034323930740356445e+00
-3.374125361442565918e-01
1.983264647424221039e-02
2.556350827217102051e-02
-1.368967741727828979e-01
-6.278191506862640381e-02
3.239546716213226318e-01
8.437889218330383301e-01
1.000131964683532715e+00
5.609805583953857422e-01
-3.719264864921569824e-01
-1.218033552169799805e+00
-1.477145791053771973e+00
-9.412779808044433594e-01
4.571811296045780182e-03
8.150702118873596191e-01
1.048361420631408691e+00
7.844197750091552734e-01
3.738582432270050049e-01
2.211855202913284302e-01
3.414692282676696777e-01
4.853202998638153076e-01
3.123641610145568848e-01
-1.788157671689987183e-01
-6.813286542892456055e-01
-7.351601123809814453e-01
-1.687706708908081055e-01
7.992942333221435547e-01
1.648620843887329102e+00
1.969291567802429199e+00
1.688736915588378906e+00
1.106893420219421387e+00
6.081796884536743164e-01
4.112054407596588135e-01
4.622680544853210449e-01
5.698665976524353027e-01
6.058615446090698242e-01
5.686431527137756348e-01
5.241484642028808594e-01
4.432081282138824463e-01
2.153258621692657471e-01
-2.845469415187835693e-01
-9.866097569465637207e-01
-1.677339553833007812e+00
-2.059826374053955078e+00
-2.040637493133544922e+00
-1.698910832405090332e+00
-1.285709261894226074e+00
-9.068927764892578125e-01
-5.670333504676818848e-01
-1.274955868721008301e-01
3.543475568294525146e-01
7.056043148040771484e-01
6.133310198783874512e-01
7.450120151042938232e-02
-6.418565511703491211e-01
-9.521601796150207520e-01
-5.515149831771850586e-01
4.689004123210906982e-01
1.424151420593261719e+00
1.673025369644165039e+00
9.022566080093383789e-01
-3.960734009742736816e-01
-1.435935020446777344e+00
-1.467873334884643555e+00
-5.399244427680969238e-01
7.591138482093811035e-01
1.485903024673461914e+00
1.254414796829223633e+00
2.566009461879730225e-01
-6.485532522201538086e-01
-8.285281062126159668e-01
-6.799764186143875122e-02
1.020093441009521484e+00
1.721319079399108887e+00
1.443211317062377930e+00
3.927250206470489502e-01
-8.918895125389099121e-01
-1.620674848556518555e+00
-1.561949610710144043e+00
-8.137180209159851074e-01
2.105608768761157990e-02
5.790102481842041016e-01
6.088879704475402832e-01
3.651009798049926758e-01
1.996142975986003876e-02
-1.548620611429214478e-01
-2.680626809597015381e-01
