3.617478609085083008e-01
3.903398811817169189e-01
-4.641307890415191650e-01
-1.225775361061096191e+00
-1.605226755142211914e+00
-1.485453605651855469e+00
-9.491768479347229004e-01
-2.295195311307907104e-01
4.122734963893890381e-01
7.799747586250305176e-01
8.102901577949523926e-01
5.689421296119689941e-01
2.097792923450469971e-01
-1.131147444248199463e-01
-3.087155222892761230e-01
-4.038917124271392822e-01
-4.812076687812805176e-01
-6.141409873962402344e-01
-7.673629522323608398e-01
-8.026916980743408203e-01
-5.473218560218811035e-01
7.191089540719985962e-02
9.729905128479003906e-01
1.916683912277221680e+00
2.648953199386596680e+00
2.982892274856567383e+00
2.884660959243774414e+00
2.411130189895629883e+00
1.679644346237182617e+00
7.950149178504943848e-01
-1.139764264225959778e-01
-9.152581095695495605e-01
-1.457018256187438965e+00
-1.665465831756591797e+00
-1.556502819061279297e+00
-1.268467545509338379e+00
-9.447901248931884766e-01
-6.869136095046997070e-01
-4.791709780693054199e-01
-2.723684012889862061e-01
-2.874869294464588165e-02
1.959924548864364624e-01
3.217973709106445312e-01
2.751884460449218750e-01
7.817764580249786377e-02
-2.131476700305938721e-01
-5.159097909927368164e-01
-8.024566769599914551e-01
-1.025317788124084473e+00
-1.127387404441833496e+00
-9.987624883651733398e-01
-6.129660010337829590e-01
-6.227577850222587585e-02
3.846998214721679688e-01
4.788576662540435791e-01
1.412367671728134155e-01
-3.766313791275024414e-01
-6.612982749938964844e-01
-3.609645068645477295e-01
4.946811795234680176e-01
1.524777412414550781e+00
2.170408725738525391e+00
2.108054637908935547e+00
1.398189187049865723e+00
4.688308537006378174e-01
-2.373529672622680664e-01
-4.884927868843078613e-01
-3.929249048233032227e-01
-1.749205142259597778e-01
-1.535352505743503571e-02
1.081796884536743164e-01
2.543515264987945557e-01
4.312303960323333740e-01
4.732959270477294922e-01
2.433063685894012451e-01
-2.498864531517028809e-01
-7.289007902145385742e-01
-8.815743327140808105e-01
-5.489668846130371094e-01
6.070909276604652405e-02
5.665920972824096680e-01
6.460230946540832520e-01
3.494493663311004639e-01
7.833431009203195572e-04
-1.974024623632431030e-02
3.383258879184722900e-01
7.912548780441284180e-01
8.825926780700683594e-01
4.143101871013641357e-01
-4.266870021820068359e-01
-1.129737496376037598e+00
-1.291811108589172363e+00
-8.536090254783630371e-01
-1.831456273794174194e-01
2.732300758361816406e-01
2.597565948963165283e-01
-8.123268187046051025e-02
-4.329537451267242432e-01
-5.302449464797973633e-01
-4.263736605644226074e-01
-3.543844223022460938e-01
-5.515518784523010254e-01
-9.692304730415344238e-01
-1.335051655769348145e+00
-1.300584554672241211e+00
-7.587461471557617188e-01
1.163264513015747070e-01
9.216815233230590820e-01
1.333171725273132324e+00
1.238230466842651367e+00
8.164002299308776855e-01
3.257924020290374756e-01
-2.099359594285488129e-02
-2.205110937356948853e-01
-3.828981220722198486e-01
-6.517415046691894531e-01
-1.019129395484924316e+00
-1.351971864700317383e+00
-1.415187716484069824e+00
-1.084538578987121582e+00
-4.129001498222351074e-01
3.210923373699188232e-01
8.077051043510437012e-01
8.660641312599182129e-01
6.395213007926940918e-01
4.779959619045257568e-01
7.366558909416198730e-01
1.438766360282897949e+00
2.224616050720214844e+00
2.513043165206909180e+00
1.955224394798278809e+00
7.144089341163635254e-01
-5.322033166885375977e-01
-1.062213301658630371e+00
-5.997275114059448242e-01
4.007583558559417725e-01
1.076861739158630371e+00
7.471526861190795898e-01
-5.286782979965209961e-01
-1.972458004951477051e+00
-2.603675842285156250e+00
-1.988438248634338379e+00
-5.448935031890869141e-01
7.208323478698730469e-01
9.680554270744323730e-01
9.548952430486679077e-02
-1.200786709785461426e+00
-2.001990079879760742e+00
-1.823309421539306641e+00
-9.332749843597412109e-01
-3.047204762697219849e-02
3.430259525775909424e-01
2.305378764867782593e-01
1.237682104110717773e-01
4.714159071445465088e-01
1.211910128593444824e+00
1.797772526741027832e+00
1.637187123298645020e+00
6.349779367446899414e-01
-6.911436319351196289e-01
-1.560341119766235352e+00
-1.513732314109802246e+00
-7.236523628234863281e-01
1.919973939657211304e-01
6.887935996055603027e-01
6.873052716255187988e-01
5.483402013778686523e-01
6.500964760780334473e-01
9.934357404708862305e-01
1.167494654655456543e+00
7.333658337593078613e-01
-3.301791250705718994e-01
-1.496185421943664551e+00
-2.046875476837158203e+00
-1.624418616294860840e+00
-5.403500795364379883e-01
4.239453077316284180e-01
5.876640081405639648e-01
-1.250998973846435547e-01
-1.131930828094482422e+00
-1.630763769149780273e+00
-1.179636359214782715e+00
3.055038163438439369e-03
1.229927062988281250e+00
1.842109680175781250e+00
1.642357230186462402e+00
9.523885846138000488e-01
3.082455098628997803e-01
6.110076233744621277e-02
1.889423578977584839e-01
4.050667285919189453e-01
4.465055763721466064e-01
2.787918150424957275e-01
9.431451559066772461e-02
1.129580810666084290e-01
4.031867086887359619e-01
8.220402598381042480e-01
1.137022495269775391e+00
1.183083176612854004e+00
9.647653698921203613e-01
6.134359836578369141e-01
2.796534895896911621e-01
2.522364817559719086e-02
-1.918407380580902100e-01
-4.655408263206481934e-01
-8.394305109977722168e-01
-1.254759073257446289e+00
-1.552351117134094238e+00
-1.560419559478759766e+00
-1.195225000381469727e+00
-5.438751578330993652e-01
1.593319922685623169e-01
6.276928186416625977e-01
6.902819871902465820e-01
3.860314786434173584e-01
-4.480722546577453613e-02
-3.134155869483947754e-01
