-4.232975542545318604e-01
-4.004497230052947998e-01
7.542746067047119141e-01
1.346418142318725586e+00
1.257476329803466797e+00
7.751797437667846680e-01
4.666704535484313965e-01
6.045177578926086426e-01
1.077354192733764648e+00
1.391607046127319336e+00
1.204263210296630859e+00
5.100433826446533203e-01
-2.616311013698577881e-01
-6.758908629417419434e-01
-5.495308637619018555e-01
-1.555427461862564087e-01
1.000490784645080566e-01
-9.198264777660369873e-02
-6.363189220428466797e-01
-1.215032458305358887e+00
-1.463487029075622559e+00
-1.278634786605834961e+00
-7.726457715034484863e-01
-2.078689634799957275e-01
2.376007288694381714e-01
4.594486951828002930e-01
4.545919299125671387e-01
2.155975252389907837e-01
-1.848521828651428223e-01
-6.073051095008850098e-01
-8.121755123138427734e-01
-6.343339681625366211e-01
-8.425407856702804565e-02
5.630453228950500488e-01
9.544150233268737793e-01
8.599406480789184570e-01
3.508263826370239258e-01
-2.879420220851898193e-01
-7.657196521759033203e-01
-9.815706014633178711e-01
-1.038162231445312500e+00
-1.074524521827697754e+00
-1.100370883941650391e+00
-9.881166219711303711e-01
-6.404154896736145020e-01
-1.643271297216415405e-01
1.378472745418548584e-01
-2.618422498926520348e-03
-5.674797296524047852e-01
-1.169083356857299805e+00
-1.322936892509460449e+00
-7.710831761360168457e-01
2.498481869697570801e-01
1.186187624931335449e+00
1.507704615592956543e+00
1.112871766090393066e+00
3.425487875938415527e-01
-2.485389709472656250e-01
-3.359182775020599365e-01
3.936080262064933777e-02
4.948818385601043701e-01
6.822257637977600098e-01
4.560278356075286865e-01
-2.491724677383899689e-02
-5.350872874259948730e-01
-8.700764775276184082e-01
-1.001926660537719727e+00
-9.253589510917663574e-01
-6.878004670143127441e-01
-2.922919690608978271e-01
1.381006687879562378e-01
4.550564885139465332e-01
4.788756966590881348e-01
2.391633391380310059e-01
-9.168702363967895508e-02
-2.212144732475280762e-01
-5.329756811261177063e-02
3.112966418266296387e-01
5.539230704307556152e-01
5.159559249877929688e-01
2.348133772611618042e-01
4.983449354767799377e-02
2.035612314939498901e-01
7.198972702026367188e-01
1.227997899055480957e+00
1.347093939781188965e+00
8.526766300201416016e-01
-1.921584270894527435e-02
-8.470174670219421387e-01
-1.189650654792785645e+00
-9.694075584411621094e-01
-3.391279578208923340e-01
3.555141985416412354e-01
9.153920412063598633e-01
1.197125911712646484e+00
1.210260272026062012e+00
8.898835778236389160e-01
3.156466186046600342e-01
-3.751523792743682861e-01
-8.354035019874572754e-01
-8.441456556320190430e-01
-3.938614130020141602e-01
9.151808917522430420e-02
1.606951206922531128e-01
-4.162869453430175781e-01
-1.256631612777709961e+00
-1.696315407752990723e+00
-1.153752923011779785e+00
2.183004170656204224e-01
1.667681694030761719e+00
2.215987920761108398e+00
1.500144958496093750e+00
-2.770460024476051331e-02
-1.281211018562316895e+00
-1.442159533500671387e+00
-4.662481248378753662e-01
7.897500395774841309e-01
1.329229474067687988e+00
6.664729714393615723e-01
-7.087900638580322266e-01
-1.829432725906372070e+00
-1.880365252494812012e+00
-8.747220635414123535e-01
5.110569596290588379e-01
1.406599640846252441e+00
1.457321047782897949e+00
8.951203823089599609e-01
3.175893127918243408e-01
7.192215323448181152e-02
1.288939565420150757e-01
1.634824723005294800e-01
3.125213831663131714e-02
-1.246284618973731995e-01
3.986759483814239502e-02
6.025750637054443359e-01
1.274833917617797852e+00
1.493007659912109375e+00
9.501072764396667480e-01
-1.646227538585662842e-01
-1.184456110000610352e+00
-1.502509951591491699e+00
-9.568644762039184570e-01
-4.645588342100381851e-04
7.168987393379211426e-01
7.788117527961730957e-01
3.155621290206909180e-01
-2.111208736896514893e-01
-3.901027143001556396e-01
-2.076155692338943481e-01
3.564433380961418152e-02
1.461248658597469330e-02
-2.601107060909271240e-01
-4.782844185829162598e-01
-2.895468473434448242e-01
3.335109949111938477e-01
1.021142482757568359e+00
1.251943826675415039e+00
7.658885717391967773e-01
-2.042791843414306641e-01
-1.061347961425781250e+00
-1.232896924018859863e+00
-5.567526221275329590e-01
6.211996078491210938e-01
1.653533816337585449e+00
2.013271331787109375e+00
1.556525468826293945e+00
5.961557030677795410e-01
-3.272605836391448975e-01
-7.216287851333618164e-01
-4.070380032062530518e-01
4.439493119716644287e-01
1.358707904815673828e+00
1.847297072410583496e+00
1.565267682075500488e+00
5.473347902297973633e-01
-8.596027493476867676e-01
-2.096638441085815430e+00
-2.731225728988647461e+00
-2.622983694076538086e+00
-2.059135913848876953e+00
-1.505043864250183105e+00
-1.394816756248474121e+00
-1.775755047798156738e+00
-2.368743181228637695e+00
-2.640679121017456055e+00
-2.229122161865234375e+00
-1.061516880989074707e+00
4.816208183765411377e-01
1.876310825347900391e+00
2.618084669113159180e+00
2.576570034027099609e+00
1.920317292213439941e+00
1.107423782348632812e+00
5.020614266395568848e-01
3.035680651664733887e-01
3.485880494117736816e-01
3.664946854114532471e-01
7.264010608196258545e-02
-5.030750036239624023e-01
-1.132425546646118164e+00
-1.405881762504577637e+00
-1.127568721771240234e+00
-3.346935212612152100e-01
5.837815403938293457e-01
1.258447647094726562e+00
1.432572722434997559e+00
1.225041627883911133e+00
8.671624064445495605e-01
6.373324990272521973e-01
5.255427360534667969e-01
4.262115955352783203e-01
1.364535987377166748e-01
-2.877308428287506104e-01
-7.062560915946960449e-01
-8.628546595573425293e-01
-7.464615702629089355e-01
-4.712315797805786133e-01
