-9.271265268325805664e-01
-9.146056771278381348e-01
-2.907042205333709717e-01
5.003797411918640137e-01
1.220296025276184082e+00
1.602344036102294922e+00
1.610907435417175293e+00
1.273882627487182617e+00
8.049671649932861328e-01
3.705651760101318359e-01
1.846338361501693726e-01
2.588506639003753662e-01
5.071915984153747559e-01
6.109913587570190430e-01
3.300832509994506836e-01
-4.521777331829071045e-01
-1.451574802398681641e+00
-2.231759786605834961e+00
-2.332575321197509766e+00
-1.719832420349121094e+00
-7.090821266174316406e-01
9.990727156400680542e-02
3.510378301143646240e-01
4.164965450763702393e-02
-3.907412290573120117e-01
-5.446892976760864258e-01
-2.542445659637451172e-01
1.880722045898437500e-01
4.127338230609893799e-01
1.978034228086471558e-01
-2.163576334714889526e-01
-4.146151840686798096e-01
-4.606114700436592102e-02
7.670802474021911621e-01
1.588006615638732910e+00
1.873196482658386230e+00
1.454429388046264648e+00
5.447541475296020508e-01
-3.518812060356140137e-01
-8.947539925575256348e-01
-1.020740985870361328e+00
-9.819458127021789551e-01
-9.822701811790466309e-01
-1.048572301864624023e+00
-9.338086247444152832e-01
-4.168858230113983154e-01
5.338551998138427734e-01
1.599489569664001465e+00
2.333937644958496094e+00
2.355087041854858398e+00
1.622260570526123047e+00
3.918441236019134521e-01
-8.617975711822509766e-01
-1.724373579025268555e+00
-1.948710799217224121e+00
-1.581713795661926270e+00
-8.672470450401306152e-01
-1.821685880422592163e-01
1.778219789266586304e-01
9.316028654575347900e-02
-2.798701226711273193e-01
-6.376549601554870605e-01
-6.770339608192443848e-01
-3.222334086894989014e-01
2.595642805099487305e-01
7.482016682624816895e-01
9.173952937126159668e-01
7.548838257789611816e-01
4.513343572616577148e-01
2.018256634473800659e-01
5.066725984215736389e-02
-1.327339559793472290e-01
-4.912972748279571533e-01
-1.007895708084106445e+00
-1.462798237800598145e+00
-1.591315269470214844e+00
-1.301324725151062012e+00
-7.673397660255432129e-01
-3.145132958889007568e-01
-1.710101068019866943e-01
-3.138645291328430176e-01
-5.054399967193603516e-01
-5.201017260551452637e-01
-3.081555664539337158e-01
-4.670989234000444412e-03
2.680628895759582520e-01
5.522796511650085449e-01
1.059017062187194824e+00
1.928729414939880371e+00
3.023232936859130859e+00
3.875234603881835938e+00
3.966773033142089844e+00
3.054113388061523438e+00
1.394420146942138672e+00
-4.149395525455474854e-01
-1.751491308212280273e+00
-2.332705020904541016e+00
-2.247654199600219727e+00
-1.815133571624755859e+00
-1.286144018173217773e+00
-7.730487585067749023e-01
-2.811676263809204102e-01
1.097682490944862366e-01
2.675438821315765381e-01
8.323443681001663208e-02
-3.254122734069824219e-01
-6.682109832763671875e-01
-6.316864490509033203e-01
-1.780166029930114746e-01
4.305744171142578125e-01
7.641608715057373047e-01
5.920479297637939453e-01
2.127895131707191467e-02
-5.489709973335266113e-01
-7.901757359504699707e-01
-6.593880057334899902e-01
-4.486096203327178955e-01
-4.641795754432678223e-01
-7.749301195144653320e-01
-1.090416550636291504e+00
-1.037932753562927246e+00
-4.597680866718292236e-01
3.678404092788696289e-01
9.482757449150085449e-01
8.924833536148071289e-01
2.667653858661651611e-01
-4.744298160076141357e-01
-7.642257809638977051e-01
-3.580443263053894043e-01
5.440405011177062988e-01
1.412001132965087891e+00
1.778544068336486816e+00
1.481806516647338867e+00
7.445687055587768555e-01
-5.546800047159194946e-02
-5.960701704025268555e-01
-7.871266007423400879e-01
-7.092767953872680664e-01
-5.257458090782165527e-01
-3.469507098197937012e-01
-2.240128666162490845e-01
-1.447357982397079468e-01
-8.291006088256835938e-02
8.174231275916099548e-03
1.617978811264038086e-01
3.851619958877563477e-01
6.158570051193237305e-01
7.514454126358032227e-01
7.028541564941406250e-01
4.875345230102539062e-01
2.396477162837982178e-01
1.492121666669845581e-01
3.279423713684082031e-01
7.249116301536560059e-01
1.139851212501525879e+00
1.338238477706909180e+00
1.194410920143127441e+00
7.538458108901977539e-01
1.996199190616607666e-01
-2.698145210742950439e-01
-5.303519368171691895e-01
-5.915288925170898438e-01
-5.499441623687744141e-01
-5.483871102333068848e-01
-6.785909533500671387e-01
-9.602775573730468750e-01
-1.291463732719421387e+00
-1.518979787826538086e+00
-1.479600787162780762e+00
-1.145689964294433594e+00
-6.350599527359008789e-01
-2.023446708917617798e-01
-4.742351919412612915e-02
-2.190823853015899658e-01
-5.208802223205566406e-01
-6.898791790008544922e-01
-5.294436812400817871e-01
-1.015940234065055847e-01
3.839942514896392822e-01
6.842350959777832031e-01
7.637716531753540039e-01
7.337994575500488281e-01
7.820014953613281250e-01
9.155787825584411621e-01
1.007895708084106445e+00
8.580996990203857422e-01
4.807226657867431641e-01
7.032433897256851196e-02
-5.994436517357826233e-02
1.631602495908737183e-01
5.516957640647888184e-01
6.961072087287902832e-01
3.983964622020721436e-01
-2.110379040241241455e-01
-6.370061635971069336e-01
-4.979144930839538574e-01
2.333548516035079956e-01
1.054865121841430664e+00
1.387154102325439453e+00
9.164870381355285645e-01
-3.911953791975975037e-02
-8.612136840820312500e-01
-9.903146624565124512e-01
-4.621035754680633545e-01
2.437997013330459595e-01
4.789710342884063721e-01
5.313250422477722168e-02
-7.405464649200439453e-01
-1.250787138938903809e+00
-1.110138535499572754e+00
-3.908709883689880371e-01
3.484428524971008301e-01
6.375900506973266602e-01
3.233362734317779541e-01
-2.199257463216781616e-01
-5.500090122222900391e-01
-3.808802664279937744e-01
