-5.693424344062805176e-01
-5.300466418266296387e-01
-3.694650828838348389e-01
-2.359019815921783447e-01
-2.744330652058124542e-02
1.720941662788391113e-01
4.372661709785461426e-01
6.475090980529785156e-01
8.297564387321472168e-01
8.356189727783203125e-01
7.125064134597778320e-01
4.169598221778869629e-01
1.589247882366180420e-01
3.254113346338272095e-02
2.394704669713973999e-01
6.751223206520080566e-01
1.222034335136413574e+00
1.532661914825439453e+00
1.494683146476745605e+00
1.067145347595214844e+00
5.687476396560668945e-01
2.413396686315536499e-01
3.149608075618743896e-01
6.047723293304443359e-01
8.353215456008911133e-01
5.987823605537414551e-01
-1.488140970468521118e-01
-1.238602280616760254e+00
-2.168106079101562500e+00
-2.605074882507324219e+00
-2.388459682464599609e+00
-1.804758548736572266e+00
-1.206655859947204590e+00
-9.722407460212707520e-01
-1.118633389472961426e+00
-1.505558490753173828e+00
-1.795794844627380371e+00
-1.825617074966430664e+00
-1.512567996978759766e+00
-9.963704347610473633e-01
-3.807652592658996582e-01
1.715419143438339233e-01
5.975078940391540527e-01
7.678602933883666992e-01
6.497181653976440430e-01
2.367091327905654907e-01
-2.811452150344848633e-01
-6.792005896568298340e-01
-7.241889238357543945e-01
-4.182767868041992188e-01
7.396098226308822632e-02
4.667486250400543213e-01
6.386728882789611816e-01
6.656063795089721680e-01
8.079632520675659180e-01
1.220292568206787109e+00
1.821198940277099609e+00
2.260886669158935547e+00
2.197588682174682617e+00
1.546680927276611328e+00
6.093178987503051758e-01
-1.265960633754730225e-01
-3.089708387851715088e-01
2.621133066713809967e-02
4.987799823284149170e-01
6.943241357803344727e-01
4.728235304355621338e-01
7.604259997606277466e-02
-1.163579225540161133e-01
1.018715947866439819e-01
5.359091758728027344e-01
7.652689218521118164e-01
4.427463412284851074e-01
-3.647495806217193604e-01
-1.247438430786132812e+00
-1.697959065437316895e+00
-1.549824595451354980e+00
-1.036813259124755859e+00
-6.703643798828125000e-01
-7.720660567283630371e-01
-1.308569908142089844e+00
-1.848684787750244141e+00
-1.981355786323547363e+00
-1.526119709014892578e+00
-7.240189909934997559e-01
7.837910205125808716e-02
6.000568270683288574e-01
8.952635526657104492e-01
1.121607065200805664e+00
1.432659506797790527e+00
1.691501736640930176e+00
1.679097056388854980e+00
1.185032606124877930e+00
3.453353643417358398e-01
-5.198934674263000488e-01
-9.735152125358581543e-01
-8.722383379936218262e-01
-3.134739398956298828e-01
3.165326416492462158e-01
7.297540307044982910e-01
7.455148696899414062e-01
4.730359315872192383e-01
4.333153739571571350e-02
-3.366265594959259033e-01
-5.919427871704101562e-01
-6.012887954711914062e-01
-3.664063811302185059e-01
1.060348227620124817e-01
5.862501859664916992e-01
8.288643360137939453e-01
5.634799003601074219e-01
-1.520851999521255493e-01
-1.034901499748229980e+00
-1.554370164871215820e+00
-1.389455437660217285e+00
-5.063842535018920898e-01
6.572799086570739746e-01
1.588525652885437012e+00
1.866229772567749023e+00
1.527479171752929688e+00
8.584317564964294434e-01
3.071016371250152588e-01
7.442829012870788574e-02
1.714144647121429443e-01
3.747753202915191650e-01
5.515425205230712891e-01
6.272877454757690430e-01
6.917327642440795898e-01
7.462370395660400391e-01
7.567300796508789062e-01
5.571076273918151855e-01
9.473463147878646851e-02
-5.933021903038024902e-01
-1.267744779586791992e+00
-1.710363745689392090e+00
-1.752718210220336914e+00
-1.452880978584289551e+00
-9.628947377204895020e-01
-5.159426331520080566e-01
-2.362418323755264282e-01
-1.704798638820648193e-01
-2.248142063617706299e-01
-2.919356226921081543e-01
-2.448656708002090454e-01
-4.647519811987876892e-02
2.844587862491607666e-01
6.363788247108459473e-01
8.967503905296325684e-01
9.776784181594848633e-01
8.905480504035949707e-01
7.097451090812683105e-01
5.355268120765686035e-01
4.102052152156829834e-01
3.019188642501831055e-01
1.492813974618911743e-01
-7.345120608806610107e-02
-3.014515638351440430e-01
-4.334852993488311768e-01
-3.968659043312072754e-01
-2.485191076993942261e-01
-1.261712461709976196e-01
-1.937174648046493530e-01
-4.729084968566894531e-01
-8.532489538192749023e-01
-1.084945201873779297e+00
-9.819691181182861328e-01
-4.584646522998809814e-01
3.456327319145202637e-01
1.211286425590515137e+00
1.835685372352600098e+00
2.035222768783569336e+00
1.694942831993103027e+00
9.276772141456604004e-01
-5.603362619876861572e-02
-8.705390691757202148e-01
-1.226622343063354492e+00
-9.438628554344177246e-01
-2.126218974590301514e-01
6.127589344978332520e-01
1.041953563690185547e+00
8.804373741149902344e-01
1.866654604673385620e-01
-6.077460646629333496e-01
-1.149475216865539551e+00
-1.212730765342712402e+00
-9.917399287223815918e-01
-7.292442917823791504e-01
-6.915203332901000977e-01
-7.809022665023803711e-01
-8.419912457466125488e-01
-6.474241614341735840e-01
-3.372637927532196045e-01
-1.404026746749877930e-01
-4.026859104633331299e-01
-1.049812674522399902e+00
-1.786491274833679199e+00
-2.018569946289062500e+00
-1.487121343612670898e+00
-2.227325886487960815e-01
1.204871654510498047e+00
2.291940927505493164e+00
2.638295888900756836e+00
2.405325174331665039e+00
1.862661361694335938e+00
1.421614289283752441e+00
1.095353245735168457e+00
8.383377790451049805e-01
4.026009440422058105e-01
-1.294423490762710571e-01
-6.523945331573486328e-01
-8.453897833824157715e-01
-7.170094847679138184e-01
-3.372637927532196045e-01
-8.547358214855194092e-02
-8.466642349958419800e-02
-4.173421859741210938e-01
-7.859576344490051270e-01
