6.854153871536254883e-01
6.898501515388488770e-01
9.632576107978820801e-01
1.115589976310729980e+00
1.254190444946289062e+00
1.349137663841247559e+00
1.326108813285827637e+00
9.976138472557067871e-01
3.727894425392150879e-01
-3.769036531448364258e-01
-8.653182387351989746e-01
-8.493956923484802246e-01
-3.043975234031677246e-01
4.407005012035369873e-01
1.020161867141723633e+00
1.172173619270324707e+00
9.680129885673522949e-01
6.073523759841918945e-01
3.107024133205413818e-01
8.265805989503860474e-02
-1.522789150476455688e-01
-4.767131209373474121e-01
-7.855988740921020508e-01
-9.233978986740112305e-01
-7.845302224159240723e-01
-5.126723051071166992e-01
-3.795752227306365967e-01
-6.258395910263061523e-01
-1.199209809303283691e+00
-1.795234799385070801e+00
-2.021034955978393555e+00
-1.718400716781616211e+00
-1.058311700820922852e+00
-4.575847685337066650e-01
-2.735677361488342285e-01
-5.972539186477661133e-01
-1.208880782127380371e+00
-1.762748599052429199e+00
-2.004043817520141602e+00
-1.892426133155822754e+00
-1.555382132530212402e+00
-1.150854587554931641e+00
-7.643332481384277344e-01
-3.801095187664031982e-01
4.830180108547210693e-02
5.530128479003906250e-01
1.099133133888244629e+00
1.613942742347717285e+00
1.975190997123718262e+00
2.075321197509765625e+00
1.832690000534057617e+00
1.293408989906311035e+00
6.110925674438476562e-01
4.023369029164314270e-02
-2.438065409660339355e-01
-2.054963856935501099e-01
-1.661710254848003387e-02
1.353946477174758911e-01
1.556985080242156982e-01
1.825209707021713257e-01
4.041535556316375732e-01
9.152229428291320801e-01
1.493829369544982910e+00
1.762481451034545898e+00
1.377135634422302246e+00
3.798423707485198975e-01
-8.444266319274902344e-01
-1.716210007667541504e+00
-1.912409305572509766e+00
-1.483570575714111328e+00
-8.625397682189941406e-01
-4.522950649261474609e-01
-4.356779754161834717e-01
-6.172906160354614258e-01
-7.198784947395324707e-01
-5.459065437316894531e-01
-2.009012997150421143e-01
1.166937351226806641e-01
2.174649685621261597e-01
1.519583165645599365e-01
4.717974737286567688e-02
5.620961636304855347e-02
1.407912075519561768e-01
2.251590639352798462e-01
2.182664424180984497e-01
2.114806771278381348e-01
3.143891692161560059e-01
6.269082427024841309e-01
1.029138207435607910e+00
1.341657280921936035e+00
1.364205241203308105e+00
1.104743361473083496e+00
6.556541919708251953e-01
1.803302913904190063e-01
-2.999627292156219482e-01
-7.797748446464538574e-01
-1.268189430236816406e+00
-1.602401614189147949e+00
-1.619339227676391602e+00
-1.210857748985290527e+00
-5.470820069313049316e-01
9.708448499441146851e-02
4.566764235496520996e-01
5.683476328849792480e-01
6.520208716392517090e-01
9.677458405494689941e-01
1.465404033660888672e+00
1.832476258277893066e+00
1.646909713745117188e+00
8.117267489433288574e-01
-3.696904480457305908e-01
-1.295332431793212891e+00
-1.539993882179260254e+00
-1.086256265640258789e+00
-3.708125054836273193e-01
1.161059886217117310e-01
1.216628327965736389e-01
-2.029316872358322144e-01
-5.687216520309448242e-01
-7.907282710075378418e-01
-9.568992853164672852e-01
-1.213529348373413086e+00
-1.548649787902832031e+00
-1.665022969245910645e+00
-1.235756754875183105e+00
-2.119081169366836548e-01
9.926981925964355469e-01
1.753184437751770020e+00
1.670205712318420410e+00
9.227567315101623535e-01
1.648352444171905518e-01
6.192675605416297913e-02
7.820724248886108398e-01
1.859512448310852051e+00
2.535096406936645508e+00
2.307639837265014648e+00
1.292393803596496582e+00
9.916830062866210938e-02
-6.046274304389953613e-01
-5.530663132667541504e-01
4.151603952050209045e-02
7.094059586524963379e-01
1.120078206062316895e+00
1.218658685684204102e+00
1.165227532386779785e+00
1.057884216308593750e+00
8.648373484611511230e-01
4.496769309043884277e-01
-1.841773390769958496e-01
-8.820956349372863770e-01
-1.373715996742248535e+00
-1.548436045646667480e+00
-1.473899483680725098e+00
-1.386539578437805176e+00
-1.398721814155578613e+00
-1.470266222953796387e+00
-1.375586152076721191e+00
-1.003437876701354980e+00
-3.940016329288482666e-01
1.883983910083770752e-01
5.542952418327331543e-01
6.278165578842163086e-01
5.681873559951782227e-01
4.868116378784179688e-01
4.358916878700256348e-01
2.726593911647796631e-01
-5.001159757375717163e-02
-4.856361448764801025e-01
-7.528989911079406738e-01
-6.712561249732971191e-01
-1.971076875925064087e-01
3.802698254585266113e-01
7.728822231292724609e-01
7.633714675903320312e-01
4.832317233085632324e-01
1.272731125354766846e-01
-8.864235132932662964e-02
-2.430050820112228394e-01
-4.482877254486083984e-01
-8.393506407737731934e-01
-1.239122867584228516e+00
-1.419773697853088379e+00
-1.129001140594482422e+00
-4.825371205806732178e-01
2.539050281047821045e-01
6.746222972869873047e-01
6.875526309013366699e-01
3.779188394546508789e-01
7.779581844806671143e-02
-8.094826340675354004e-02
-6.849879026412963867e-02
-9.708448499441146851e-02
-2.129767537117004395e-01
-3.996119201183319092e-01
-4.116339385509490967e-01
-1.697509139776229858e-01
3.365631103515625000e-01
8.489148616790771484e-01
1.218177795410156250e+00
1.312323570251464844e+00
1.254350781440734863e+00
1.084065556526184082e+00
8.936901688575744629e-01
6.016886830329895020e-01
2.854294478893280029e-01
1.875435002148151398e-02
4.568367078900337219e-02
3.812315762042999268e-01
9.211003780364990234e-01
1.253549337387084961e+00
1.113132119178771973e+00
3.774913847446441650e-01
-6.336939930915832520e-01
-1.558160543441772461e+00
-2.027874231338500977e+00
-2.073344230651855469e+00
-1.851123809814453125e+00
