1.156442519277334213e-02
-3.395038098096847534e-02
-2.396832406520843506e-01
-4.854086935520172119e-01
-7.168953418731689453e-01
-7.394546270370483398e-01
-5.808709263801574707e-01
-2.460721582174301147e-01
4.863497242331504822e-02
2.362411469221115112e-01
2.210365384817123413e-01
1.581131815910339355e-01
1.292392611503601074e-01
2.782643437385559082e-01
4.975179135799407959e-01
6.947569847106933594e-01
6.767541170120239258e-01
4.990284740924835205e-01
2.645207643508911133e-01
2.365630716085433960e-01
4.587387144565582275e-01
8.596553206443786621e-01
1.104439735412597656e+00
9.724270105361938477e-01
3.681548535823822021e-01
-4.340993165969848633e-01
-1.098843336105346680e+00
-1.295413732528686523e+00
-1.049391150474548340e+00
-5.867398381233215332e-01
-3.078068792819976807e-01
-3.902436494827270508e-01
-8.053495287895202637e-01
-1.230732202529907227e+00
-1.384734749794006348e+00
-1.094509720802307129e+00
-4.861763715744018555e-01
2.143999934196472168e-01
7.390831708908081055e-01
1.000285625457763672e+00
1.011899590492248535e+00
9.079436063766479492e-01
7.683037519454956055e-01
6.648925542831420898e-01
6.044703125953674316e-01
6.269800662994384766e-01
7.368049621582031250e-01
9.348859786987304688e-01
1.129401087760925293e+00
1.214660882949829102e+00
1.093197226524353027e+00
7.816264033317565918e-01
3.837556838989257812e-01
5.797070637345314026e-02
-1.055160984396934509e-01
-1.135393828153610229e-01
-5.693065002560615540e-02
-1.867146976292133331e-02
-8.889997377991676331e-03
2.087539806962013245e-02
1.077943146228790283e-01
1.898348778486251831e-01
1.327556371688842773e-01
-1.858232319355010986e-01
-7.238042354583740234e-01
-1.265425443649291992e+00
-1.490721344947814941e+00
-1.225457668304443359e+00
-5.551419258117675781e-01
1.447162777185440063e-01
4.562623798847198486e-01
1.430819034576416016e-01
-6.390892863273620605e-01
-1.482202768325805664e+00
-1.920016527175903320e+00
-1.777529001235961914e+00
-1.187099456787109375e+00
-5.279024243354797363e-01
-8.575504273176193237e-02
5.549438297748565674e-02
8.345206081867218018e-02
1.849565207958221436e-01
4.344707429409027100e-01
6.578845381736755371e-01
6.667993068695068359e-01
3.685510456562042236e-01
-4.702536016702651978e-02
-3.057020008563995361e-01
-1.756950765848159790e-01
2.602862417697906494e-01
7.310103774070739746e-01
8.847404718399047852e-01
6.281439065933227539e-01
1.066304370760917664e-01
-3.081783056259155273e-01
-3.553027212619781494e-01
3.880397230386734009e-02
6.553339362144470215e-01
1.242742419242858887e+00
1.576402068138122559e+00
1.641677856445312500e+00
1.469003915786743164e+00
1.141832232475280762e+00
6.472363471984863281e-01
1.750759966671466827e-02
-6.984219551086425781e-01
-1.319112181663513184e+00
-1.700713396072387695e+00
-1.744420528411865234e+00
-1.538439989089965820e+00
-1.222114562988281250e+00
-9.674000740051269531e-01
-8.041608929634094238e-01
-7.086739540100097656e-01
-5.759430527687072754e-01
-3.749894797801971436e-01
-8.062905818223953247e-02
2.651645839214324951e-01
6.417389512062072754e-01
9.621750712394714355e-01
1.110407710075378418e+00
9.066063761711120605e-01
2.672199308872222900e-01
-7.257357835769653320e-01
-1.746302485466003418e+00
-2.392870187759399414e+00
-2.369221448898315430e+00
-1.712550282478332520e+00
-7.554764151573181152e-01
4.826352372765541077e-02
4.244416356086730957e-01
4.111933112144470215e-01
3.067668080329895020e-01
4.140906333923339844e-01
8.205294013023376465e-01
1.346673607826232910e+00
1.691204309463500977e+00
1.674266338348388672e+00
1.354127287864685059e+00
9.802769422531127930e-01
7.900953888893127441e-01
8.563370108604431152e-01
1.017471313476562500e+00
1.037504792213439941e+00
7.353934645652770996e-01
1.426361650228500366e-01
-5.615803599357604980e-01
-1.099140405654907227e+00
-1.301084518432617188e+00
-1.118430972099304199e+00
-7.167714834213256836e-01
-3.176130950450897217e-01
-1.767598837614059448e-01
-3.624840676784515381e-01
-7.897734642028808594e-01
-1.160776138305664062e+00
-1.219068765640258789e+00
-8.301870822906494141e-01
-1.933264881372451782e-01
3.646137118339538574e-01
4.859782457351684570e-01
1.520214229822158813e-01
-3.998517692089080811e-01
-7.048851847648620605e-01
-5.280509591102600098e-01
9.870620816946029663e-02
7.507714033126831055e-01
1.058974504470825195e+00
8.108222484588623047e-01
2.296293675899505615e-01
-3.920018374919891357e-01
-7.643911838531494141e-01
-9.423149228096008301e-01
-1.022597312927246094e+00
-1.113428831100463867e+00
-9.836447834968566895e-01
-4.115152359008789062e-01
7.516876459121704102e-01
2.119657754898071289e+00
3.116278409957885742e+00
3.126158952713012695e+00
2.155192852020263672e+00
6.808896064758300781e-01
-4.183994233608245850e-01
-6.597418189048767090e-01
-4.026500135660171509e-02
7.862075567245483398e-01
1.245268225669860840e+00
1.036439895629882812e+00
5.283481478691101074e-01
1.666564941406250000e-01
3.002788424491882324e-01
6.545167565345764160e-01
8.219161629676818848e-01
3.887826204299926758e-01
-4.283789992332458496e-01
-1.178655147552490234e+00
-1.272928714752197266e+00
-7.114969491958618164e-01
1.610600054264068604e-01
6.726186871528625488e-01
6.196253895759582520e-01
1.546215713024139404e-01
-1.007615551352500916e-01
1.453105956315994263e-01
8.255068063735961914e-01
1.251459002494812012e+00
8.952400684356689453e-01
-4.480162262916564941e-01
-2.164206743240356445e+00
-3.461948156356811523e+00
-3.582990884780883789e+00
-2.551577806472778320e+00
-8.332577347755432129e-01
7.103330492973327637e-01
1.631128787994384766e+00
1.795333743095397949e+00
