-9.621119499206542969e-02
-1.258663237094879150e-01
-6.146000027656555176e-01
-1.131357312202453613e+00
-1.449358105659484863e+00
-1.345085263252258301e+00
-8.459867238998413086e-01
-1.161732226610183716e-01
5.272181630134582520e-01
8.736744523048400879e-01
8.051509857177734375e-01
4.332622885704040527e-01
-6.161355599761009216e-02
-3.918986618518829346e-01
-3.784147202968597412e-01
6.631615012884140015e-02
7.681060433387756348e-01
1.425989151000976562e+00
1.657711744308471680e+00
1.307848453521728516e+00
4.823036193847656250e-01
-4.046148657798767090e-01
-9.678222537040710449e-01
-1.031019330024719238e+00
-8.282320499420166016e-01
-7.489597797393798828e-01
-1.091577172279357910e+00
-1.720668911933898926e+00
-2.179459571838378906e+00
-1.941546797752380371e+00
-8.812561631202697754e-01
6.390246748924255371e-01
1.906949162483215332e+00
2.365451812744140625e+00
1.910452008247375488e+00
9.814981818199157715e-01
1.861842572689056396e-01
-5.628715083003044128e-02
2.123364359140396118e-01
6.579310297966003418e-01
9.103354811668395996e-01
8.732905387878417969e-01
6.909931302070617676e-01
5.983328819274902344e-01
6.676241159439086914e-01
7.930585741996765137e-01
7.940182685852050781e-01
6.247249841690063477e-01
4.032232761383056641e-01
3.260623812675476074e-01
4.578309357166290283e-01
6.833634376525878906e-01
7.669544219970703125e-01
5.649348497390747070e-01
1.298491209745407104e-01
-3.126744031906127930e-01
-5.390706062316894531e-01
-4.769292175769805908e-01
-2.372889667749404907e-01
4.318707156926393509e-03
1.406938731670379639e-01
1.967890858650207520e-01
2.616656720638275146e-01
3.665142655372619629e-01
4.240490496158599854e-01
2.742379009723663330e-01
-1.911267787218093872e-01
-9.286180138587951660e-01
-1.725755333900451660e+00
-2.299519538879394531e+00
-2.425194025039672852e+00
-2.057096242904663086e+00
-1.335152268409729004e+00
-5.383508205413818359e-01
6.425276398658752441e-02
3.189605176448822021e-01
2.856584787368774414e-01
1.774988621473312378e-01
2.441509068012237549e-01
5.792346000671386719e-01
1.040424466133117676e+00
1.301130533218383789e+00
1.082363963127136230e+00
3.473680019378662109e-01
-5.995325446128845215e-01
-1.289229989051818848e+00
-1.353098869323730469e+00
-7.814460396766662598e-01
1.007218435406684875e-01
8.233854770660400391e-01
1.092584848403930664e+00
9.030896425247192383e-01
4.872461259365081787e-01
5.931024253368377686e-02
-3.111388385295867920e-01
-6.978070735931396484e-01
-1.120464563369750977e+00
-1.431891322135925293e+00
-1.346332907676696777e+00
-6.870103478431701660e-01
4.403161704540252686e-01
1.610445857048034668e+00
2.341603040695190430e+00
2.371785879135131836e+00
1.830076098442077637e+00
1.080828428268432617e+00
4.676679968833923340e-01
7.552938908338546753e-02
-2.324904054403305054e-01
-6.275561451911926270e-01
-1.085483074188232422e+00
-1.405643224716186523e+00
-1.368454337120056152e+00
-9.714211821556091309e-01
-4.392604827880859375e-01
-7.466564327478408813e-02
9.837054647505283356e-03
-4.616218060255050659e-02
1.833051256835460663e-02
3.122425079345703125e-01
6.733824014663696289e-01
7.808701992034912109e-01
4.593184888362884521e-01
-1.347436606884002686e-01
-5.735722780227661133e-01
-4.961714446544647217e-01
8.527047187089920044e-02
7.409941554069519043e-01
9.244432449340820312e-01
3.935781717300415039e-01
-5.704532265663146973e-01
-1.332753062248229980e+00
-1.350123763084411621e+00
-5.598964095115661621e-01
5.573531389236450195e-01
1.324691414833068848e+00
1.313654780387878418e+00
6.241971254348754883e-01
-2.483736425638198853e-01
-7.828376293182373047e-01
-8.175312280654907227e-01
-6.011640429496765137e-01
-5.779389739036560059e-01
-9.877842664718627930e-01
-1.686743021011352539e+00
-2.204172134399414062e+00
-2.101243019104003906e+00
-1.262118101119995117e+00
-3.752476722002029419e-02
9.802025556564331055e-01
1.261494398117065430e+00
6.965594887733459473e-01
-3.898832798004150391e-01
-1.369126081466674805e+00
-1.701570630073547363e+00
-1.169265985488891602e+00
-2.711188420653343201e-02
1.210533618927001953e+00
1.992507457733154297e+00
2.066021442413330078e+00
1.507132768630981445e+00
6.956477165222167969e-01
1.199640892446041107e-02
-2.889694869518280029e-01
-2.263482362031936646e-01
6.247729435563087463e-02
3.790385127067565918e-01
6.574511528015136719e-01
8.718509674072265625e-01
1.067632436752319336e+00
1.197193622589111328e+00
1.220706582069396973e+00
1.068975925445556641e+00
7.902274131774902344e-01
4.443949460983276367e-01
1.473638862371444702e-01
-9.400385618209838867e-02
-2.681437134742736816e-01
-4.185307025909423828e-01
-4.765933156013488770e-01
-3.941060006618499756e-01
-1.075837910175323486e-01
2.666081786155700684e-01
5.567772984504699707e-01
5.334082841873168945e-01
1.800421029329299927e-01
-3.602281510829925537e-01
-7.505432963371276855e-01
-7.834134697914123535e-01
-4.240490496158599854e-01
3.584526851773262024e-02
2.712148129940032959e-01
2.317706122994422913e-02
-6.102333068847656250e-01
-1.342446088790893555e+00
-1.754690647125244141e+00
-1.673354983329772949e+00
-1.144937276840209961e+00
-5.203082561492919922e-01
-1.050405502319335938e-01
-9.352400153875350952e-02
-3.217436671257019043e-01
-4.959795176982879639e-01
-2.534601092338562012e-01
4.650287926197052002e-01
1.464953422546386719e+00
2.236562490463256836e+00
2.359165668487548828e+00
1.621530532836914062e+00
3.093154132366180420e-01
-1.043975472450256348e+00
-1.802100539207458496e+00
-1.696292161941528320e+00
-8.400844931602478027e-01
2.318186014890670776e-01
1.019694685935974121e+00
1.213508725166320801e+00
