-3.849880397319793701e-01
-3.457227051258087158e-01
-5.810891985893249512e-01
-6.395174860954284668e-01
-3.879188299179077148e-01
7.420957833528518677e-02
4.908353090286254883e-01
5.417111515998840332e-01
1.605932861566543579e-01
-4.330833554267883301e-01
-7.848555445671081543e-01
-5.808261632919311523e-01
1.802823096513748169e-01
1.105703949928283691e+00
1.740487098693847656e+00
1.812329411506652832e+00
1.451576948165893555e+00
9.836996793746948242e-01
7.032437920570373535e-01
5.882283449172973633e-01
4.036625325679779053e-01
-1.221921816468238831e-01
-9.782137870788574219e-01
-1.888718366622924805e+00
-2.428889036178588867e+00
-2.361142158508300781e+00
-1.718430876731872559e+00
-8.169065713882446289e-01
4.771957639604806900e-03
4.858754873275756836e-01
5.607238411903381348e-01
2.518241107463836670e-01
-3.024744987487792969e-01
-9.023133516311645508e-01
-1.225416183471679688e+00
-9.860668182373046875e-01
-7.702766358852386475e-02
1.214294195175170898e+00
2.308049440383911133e+00
2.587002277374267578e+00
1.851519584655761719e+00
4.670882523059844971e-01
-7.688863873481750488e-01
-1.173826456069946289e+00
-5.961941480636596680e-01
4.384565055370330811e-01
1.137942910194396973e+00
9.741933345794677734e-01
9.363558143377304077e-02
-8.385118842124938965e-01
-1.104313731193542480e+00
-4.974108338356018066e-01
5.589954257011413574e-01
1.299550652503967285e+00
1.198325037956237793e+00
3.038647472858428955e-01
-8.051081895828247070e-01
-1.483177065849304199e+00
-1.446842551231384277e+00
-9.436828494071960449e-01
-4.777593910694122314e-01
-4.085848033428192139e-01
-6.597701311111450195e-01
-8.174326419830322266e-01
-4.605127274990081787e-01
4.751667678356170654e-01
1.623855948448181152e+00
2.403676509857177734e+00
2.396424531936645508e+00
1.606721997261047363e+00
4.569807052612304688e-01
-4.686287939548492432e-01
-7.552468776702880859e-01
-3.636457324028015137e-01
3.866412937641143799e-01
1.026985406875610352e+00
1.196033000946044922e+00
8.264880776405334473e-01
1.412048637866973877e-01
-4.895953536033630371e-01
-7.794448137283325195e-01
-6.826153993606567383e-01
-4.193311035633087158e-01
-3.151746690273284912e-01
-5.896937251091003418e-01
-1.178372979164123535e+00
-1.762130022048950195e+00
-1.945267915725708008e+00
-1.529919743537902832e+00
-6.480469107627868652e-01
2.801176905632019043e-01
8.153660297393798828e-01
7.419455051422119141e-01
2.134229987859725952e-01
-3.873176574707031250e-01
-6.737478375434875488e-01
-5.171750187873840332e-01
-6.519170850515365601e-02
3.608652055263519287e-01
5.221724510192871094e-01
3.718745410442352295e-01
7.721553742885589600e-02
-1.613072007894515991e-01
-2.169549912214279175e-01
-1.383116245269775391e-01
-4.584085568785667419e-02
-6.090821698307991028e-02
-1.831379681825637817e-01
-3.376441895961761475e-01
-3.902484476566314697e-01
-2.667411565780639648e-01
6.120881438255310059e-02
5.343841314315795898e-01
1.078161835670471191e+00
1.569523215293884277e+00
1.900328874588012695e+00
1.955037355422973633e+00
1.698892116546630859e+00
1.159585714340209961e+00
4.800890088081359863e-01
-1.818604469299316406e-01
-6.680740714073181152e-01
-9.163286089897155762e-01
-9.064089655876159668e-01
-6.790082454681396484e-01
-2.548676431179046631e-01
2.971389293670654297e-01
8.748840093612670898e-01
1.272233963012695312e+00
1.288165569305419922e+00
7.892141938209533691e-01
-1.254235804080963135e-01
-1.160825729370117188e+00
-1.899051308631896973e+00
-2.055098056793212891e+00
-1.594660520553588867e+00
-8.046572804450988770e-01
-8.818728476762771606e-02
2.178192138671875000e-01
6.098336726427078247e-02
-3.762331902980804443e-01
-7.788060903549194336e-01
-9.406017065048217773e-01
-8.194991946220397949e-01
-5.476103425025939941e-01
-2.580990493297576904e-01
-3.599634394049644470e-02
1.313603520393371582e-01
2.328490018844604492e-01
2.229293435811996460e-01
1.341408584266901016e-02
-3.782621920108795166e-01
-7.870348691940307617e-01
-9.091519117355346680e-01
-5.234875082969665527e-01
3.459105789661407471e-01
1.333893775939941406e+00
1.935385823249816895e+00
1.774679899215698242e+00
8.909658789634704590e-01
-2.797419428825378418e-01
-1.122574925422668457e+00
-1.229060888290405273e+00
-6.100966930389404297e-01
3.137844204902648926e-01
1.012669563293457031e+00
1.158157944679260254e+00
8.164556622505187988e-01
3.482401967048645020e-01
1.678451597690582275e-01
4.576570689678192139e-01
1.076320767402648926e+00
1.641778945922851562e+00
1.767691016197204590e+00
1.271858215332031250e+00
2.789904475212097168e-01
-8.455758690834045410e-01
-1.673416614532470703e+00
-1.925203204154968262e+00
-1.602663874626159668e+00
-9.831736087799072266e-01
-4.602121114730834961e-01
-3.108536005020141602e-01
-5.260425806045532227e-01
-8.098801374435424805e-01
-7.868845462799072266e-01
-2.746317982673645020e-01
5.400578975677490234e-01
1.194417238235473633e+00
1.245706439018249512e+00
6.123135685920715332e-01
-3.335109949111938477e-01
-9.649875760078430176e-01
-8.299073576927185059e-01
4.396213218569755554e-02
1.128737092018127441e+00
1.756418704986572266e+00
1.528942823410034180e+00
5.814273357391357422e-01
-5.717707276344299316e-01
-1.380335807800292969e+00
-1.629041194915771484e+00
-1.465441942214965820e+00
-1.221207857131958008e+00
-1.073277235031127930e+00
-9.536401033401489258e-01
-6.370375752449035645e-01
-3.595876693725585938e-02
6.969688534736633301e-01
1.211663961410522461e+00
1.266334772109985352e+00
8.768002986907958984e-01
3.517721891403198242e-01
1.818604394793510437e-02
2.833115123212337494e-02
2.342768311500549316e-01
3.840486705303192139e-01
