8.883985877037048340e-01
9.367944598197937012e-01
1.235572814941406250e+00
9.069944620132446289e-01
5.057445168495178223e-02
-8.075572848320007324e-01
-1.150841116905212402e+00
-7.071864604949951172e-01
2.540393769741058350e-01
1.190522551536560059e+00
1.525247693061828613e+00
1.104779481887817383e+00
1.789557486772537231e-01
-6.867232322692871094e-01
-1.069455146789550781e+00
-8.372794985771179199e-01
-2.803380787372589111e-01
2.140466421842575073e-01
3.174519538879394531e-01
3.244545683264732361e-02
-4.669189155101776123e-01
-8.986691236495971680e-01
-1.154109001159667969e+00
-1.240785837173461914e+00
-1.312290310859680176e+00
-1.422620415687561035e+00
-1.556837201118469238e+00
-1.544699430465698242e+00
-1.269185304641723633e+00
-6.708506345748901367e-01
1.064397692680358887e-01
8.569646477699279785e-01
1.317503333091735840e+00
1.371734738349914551e+00
1.017402410507202148e+00
4.547810256481170654e-01
-8.807735145092010498e-02
-3.670149147510528564e-01
-3.156623840332031250e-01
1.703969947993755341e-02
4.280932843685150146e-01
7.601729035377502441e-01
9.105735421180725098e-01
9.518111944198608398e-01
9.661276340484619141e-01
1.032885909080505371e+00
1.065331339836120605e+00
9.409960508346557617e-01
5.333659648895263672e-01
-8.037447929382324219e-02
-6.902245879173278809e-01
-9.861240386962890625e-01
-8.267756104469299316e-01
-2.793265879154205322e-01
3.329355120658874512e-01
6.875791549682617188e-01
5.886866450309753418e-01
1.398189067840576172e-01
-3.973595798015594482e-01
-7.109990119934082031e-01
-6.825994849205017090e-01
-3.647585213184356689e-01
2.030758745968341827e-02
2.904529571533203125e-01
3.201752007007598877e-01
1.305598914623260498e-01
-2.240059226751327515e-01
-6.278234720230102539e-01
-9.849569201469421387e-01
-1.152086019515991211e+00
-1.043701052665710449e+00
-6.208208799362182617e-01
-1.649505272507667542e-02
5.557743310928344727e-01
8.354899287223815918e-01
7.223588228225708008e-01
2.792487740516662598e-01
-2.393338680267333984e-01
-5.896202921867370605e-01
-6.050260663032531738e-01
-3.159736096858978271e-01
1.684518307447433472e-01
6.832997798919677734e-01
1.129833221435546875e+00
1.396399497985839844e+00
1.402312874794006348e+00
1.042300581932067871e+00
3.278780579566955566e-01
-6.085273623466491699e-01
-1.456622004508972168e+00
-1.930699229240417480e+00
-1.873666763305664062e+00
-1.423865318298339844e+00
-8.802288770675659180e-01
-5.595090389251708984e-01
-5.396683216094970703e-01
-6.776198744773864746e-01
-6.762193441390991211e-01
-3.811757564544677734e-01
1.573254466056823730e-01
6.563785672187805176e-01
8.700361847877502441e-01
7.097541093826293945e-01
3.710608780384063721e-01
1.393520683050155640e-01
2.556733191013336182e-01
7.095206379890441895e-01
1.325750946998596191e+00
1.829083442687988281e+00
2.070751428604125977e+00
2.022044420242309570e+00
1.811265707015991211e+00
1.547656059265136719e+00
1.321004748344421387e+00
1.098321437835693359e+00
8.389134407043457031e-01
4.572708606719970703e-01
-5.236401036381721497e-02
-6.722511649131774902e-01
-1.270819306373596191e+00
-1.719842553138732910e+00
-1.868375897407531738e+00
-1.708871841430664062e+00
-1.325828671455383301e+00
-9.300252795219421387e-01
-6.566119790077209473e-01
-5.433252453804016113e-01
-4.360295832157135010e-01
-1.972403675317764282e-01
2.246283739805221558e-01
6.321806311607360840e-01
7.785353660583496094e-01
4.820912480354309082e-01
-1.091630086302757263e-01
-6.633033752441406250e-01
-8.035113215446472168e-01
-4.887048304080963135e-01
4.979638382792472839e-03
1.785667240619659424e-01
-2.297636270523071289e-01
-1.105012893676757812e+00
-1.905956625938415527e+00
-2.121870517730712891e+00
-1.542987585067749023e+00
-4.959408640861511230e-01
4.887048304080963135e-01
9.707960486412048340e-01
9.761647582054138184e-01
8.182946443557739258e-01
8.706586360931396484e-01
1.129132986068725586e+00
1.298362851142883301e+00
9.727412462234497070e-01
1.384183913469314575e-01
-8.072460889816284180e-01
-1.188655257225036621e+00
-6.440851092338562012e-01
6.592574119567871094e-01
1.986486673355102539e+00
2.623880386352539062e+00
2.268147468566894531e+00
1.331819891929626465e+00
5.289309620857238770e-01
4.466113150119781494e-01
1.005420088768005371e+00
1.631142854690551758e+00
1.574265956878662109e+00
5.760040879249572754e-01
-1.034286499023437500e+00
-2.440800905227661133e+00
-3.001087903976440430e+00
-2.537281274795532227e+00
-1.522602200508117676e+00
-6.119508743286132812e-01
-3.012681305408477783e-01
-5.300202369689941406e-01
-9.048158526420593262e-01
-9.127521514892578125e-01
-3.958812654018402100e-01
4.755554795265197754e-01
1.237829208374023438e+00
1.558626770973205566e+00
1.302175402641296387e+00
6.725624203681945801e-01
-8.597657084465026855e-02
-7.106877565383911133e-01
-1.140881896018981934e+00
-1.322560787200927734e+00
-1.278366565704345703e+00
-9.405292272567749023e-01
-3.617240488529205322e-01
3.608681559562683105e-01
9.357829689979553223e-01
1.145161271095275879e+00
8.556419014930725098e-01
2.651657462120056152e-01
-3.088153898715972900e-01
-4.847366809844970703e-01
-1.857249438762664795e-01
4.145548939704895020e-01
8.613218069076538086e-01
8.250638246536254883e-01
1.967735290527343750e-01
-6.998726129531860352e-01
-1.424098730087280273e+00
-1.558471202850341797e+00
-1.092486023902893066e+00
-2.889746427536010742e-01
3.675595521926879883e-01
6.096944808959960938e-01
4.116760492324829102e-01
9.259015321731567383e-02
-5.905539914965629578e-02
1.255024522542953491e-01
4.673079252243041992e-01
7.136444449424743652e-01
6.168527007102966309e-01
