-6.150838136672973633e-01
-6.191579699516296387e-01
-1.189658716320991516e-01
4.867473542690277100e-01
9.752989411354064941e-01
1.121852755546569824e+00
9.117418527603149414e-01
4.425134658813476562e-01
-5.779506266117095947e-02
-4.395451247692108154e-01
-5.952367782592773438e-01
-5.684636235237121582e-01
-4.190578460693359375e-01
-2.647630870342254639e-01
-1.358445882797241211e-01
-5.377909168601036072e-02
5.127638578414916992e-02
2.069680243730545044e-01
4.330846667289733887e-01
6.350472569465637207e-01
7.183350324630737305e-01
6.032105088233947754e-01
3.717974424362182617e-01
1.889834553003311157e-01
2.590592503547668457e-01
6.036761403083801270e-01
1.064290523529052734e+00
1.315085053443908691e+00
1.138847947120666504e+00
5.324363112449645996e-01
-2.222170680761337280e-01
-8.079668283462524414e-01
-1.064348697662353516e+00
-1.151244997978210449e+00
-1.363800525665283203e+00
-1.898390293121337891e+00
-2.590243101119995117e+00
-2.998650074005126953e+00
-2.672134160995483398e+00
-1.533577203750610352e+00
2.392121963202953339e-02
1.313571810722351074e+00
1.801133990287780762e+00
1.412283182144165039e+00
5.715483427047729492e-01
-1.200135126709938049e-01
-2.754723429679870605e-01
4.778423532843589783e-02
4.654452204704284668e-01
5.753315091133117676e-01
2.514929175376892090e-01
-2.910706102848052979e-01
-6.823076605796813965e-01
-6.641485095024108887e-01
-2.429371476173400879e-01
3.675486743450164795e-01
9.066200256347656250e-01
1.228363394737243652e+00
1.320265054702758789e+00
1.237442970275878906e+00
1.002363085746765137e+00
6.204966306686401367e-01
1.088968366384506226e-01
-4.153910875320434570e-01
-7.945802807807922363e-01
-8.896831274032592773e-01
-7.067527174949645996e-01
-3.678396642208099365e-01
-6.204384192824363708e-02
1.248443201184272766e-01
2.239049375057220459e-01
3.830305337905883789e-01
6.799795627593994141e-01
1.067317128181457520e+00
1.316947460174560547e+00
1.196410179138183594e+00
5.828978419303894043e-01
-3.773848712444305420e-01
-1.364498972892761230e+00
-1.991339683532714844e+00
-2.066653728485107422e+00
-1.630367875099182129e+00
-9.776270389556884766e-01
-4.059040844440460205e-01
-1.130292192101478577e-01
-3.340822458267211914e-02
-1.047644671052694321e-02
1.389293223619461060e-01
3.957186639308929443e-01
6.458729505538940430e-01
7.093718051910400391e-01
5.776014328002929688e-01
3.548023104667663574e-01
2.390957921743392944e-01
2.655779123306274414e-01
3.379817903041839600e-01
2.171534597873687744e-01
-1.658188700675964355e-01
-6.813764572143554688e-01
-9.537640213966369629e-01
-7.236314415931701660e-01
2.665673568844795227e-02
9.028368592262268066e-01
1.429511070251464844e+00
1.269919872283935547e+00
5.452990531921386719e-01
-3.553261458873748779e-01
-9.709337949752807617e-01
-1.164864420890808105e+00
-1.070809245109558105e+00
-9.932835102081298828e-01
-1.015982508659362793e+00
-1.013887166976928711e+00
-7.154248952865600586e-01
-1.006902903318405151e-01
5.767865777015686035e-01
8.449254035949707031e-01
4.903559088706970215e-01
-2.940971255302429199e-01
-8.805453181266784668e-01
-7.345153093338012695e-01
2.674986124038696289e-01
1.597890853881835938e+00
2.509923696517944336e+00
2.448403835296630859e+00
1.523275256156921387e+00
3.226745426654815674e-01
-4.185340404510498047e-01
-4.065443277359008789e-01
1.641310006380081177e-01
7.327110171318054199e-01
9.063872098922729492e-01
6.246871948242187500e-01
2.031848579645156860e-01
-6.448835134506225586e-02
-7.921357452869415283e-02
-5.703843012452125549e-02
-2.145925462245941162e-01
-6.273645162582397461e-01
-1.073835730552673340e+00
-1.299777746200561523e+00
-1.160673856735229492e+00
-8.119245767593383789e-01
-5.120654106140136719e-01
-4.795302450656890869e-01
-6.685718894004821777e-01
-8.974240422248840332e-01
-9.490496516227722168e-01
-7.967919707298278809e-01
-5.285949110984802246e-01
-2.876948714256286621e-01
-7.193826884031295776e-02
2.057457715272903442e-01
6.585028767585754395e-01
1.220098614692687988e+00
1.688744902610778809e+00
1.794149637222290039e+00
1.433701634407043457e+00
7.184514403343200684e-01
-3.794801607728004456e-02
-5.338331460952758789e-01
-6.009405851364135742e-01
-2.934569120407104492e-01
1.968989968299865723e-01
6.307984590530395508e-01
8.371262550354003906e-01
7.278802394866943359e-01
3.269233405590057373e-01
-2.651704847812652588e-01
-8.715239167213439941e-01
-1.310312390327453613e+00
-1.441791892051696777e+00
-1.241167902946472168e+00
-7.925431728363037109e-01
-2.404344379901885986e-01
2.854249477386474609e-01
7.114670872688293457e-01
9.938655495643615723e-01
1.086116433143615723e+00
9.167472720146179199e-01
4.626515209674835205e-01
-2.045817226171493530e-01
-8.735610246658325195e-01
-1.301174640655517578e+00
-1.319741249084472656e+00
-9.642986655235290527e-01
-4.111423194408416748e-01
1.129710152745246887e-01
5.145681500434875488e-01
8.278720974922180176e-01
1.182674407958984375e+00
1.617737889289855957e+00
2.053150653839111328e+00
2.289278030395507812e+00
2.184455394744873047e+00
1.713888406753540039e+00
1.024014472961425781e+00
2.709907591342926025e-01
-4.215023517608642578e-01
-1.063301086425781250e+00
-1.666395187377929688e+00
-2.222287178039550781e+00
-2.591290712356567383e+00
-2.633604049682617188e+00
-2.235033512115478516e+00
-1.473512172698974609e+00
-5.203883647918701172e-01
3.491566777229309082e-01
9.521343708038330078e-01
1.168938636779785156e+00
1.045723915100097656e+00
6.782916784286499023e-01
2.587682306766510010e-01
-6.239305809140205383e-02
-1.424796730279922485e-01
9.428801946341991425e-03
3.174363374710083008e-01
