1.903675943613052368e-01
2.109329253435134888e-01
-1.951706111431121826e-01
-6.878620386123657227e-01
-8.333061337471008301e-01
-5.546352267265319824e-01
8.214700967073440552e-03
4.426980316638946533e-01
5.782310962677001953e-01
4.057414233684539795e-01
2.080930471420288086e-01
9.998682141304016113e-02
1.117847338318824768e-01
5.203279107809066772e-02
-6.230593100190162659e-02
-1.254123747348785400e-01
1.422420293092727661e-01
7.111148238182067871e-01
1.310768961906433105e+00
1.394402623176574707e+00
7.329952716827392578e-01
-4.746610522270202637e-01
-1.480666518211364746e+00
-1.633219718933105469e+00
-7.044248580932617188e-01
7.397042512893676758e-01
1.850308895111083984e+00
1.910079956054687500e+00
9.655418395996093750e-01
-3.927617967128753662e-01
-1.325387597084045410e+00
-1.464599251747131348e+00
-9.660945534706115723e-01
-4.394960105419158936e-01
-3.155893683433532715e-01
-6.750921010971069336e-01
-1.128158569335937500e+00
-1.288278579711914062e+00
-9.603385329246520996e-01
-3.692231774330139160e-01
1.632838547229766846e-01
3.590262532234191895e-01
2.588869631290435791e-01
2.689313888549804688e-02
-1.092116832733154297e-01
-1.069626435637474060e-01
8.309998549520969391e-03
1.293195933103561401e-01
2.540648877620697021e-01
3.763133585453033447e-01
5.271322131156921387e-01
6.536500453948974609e-01
7.351871132850646973e-01
7.420486211776733398e-01
7.316992282867431641e-01
7.195010781288146973e-01
6.961339712142944336e-01
5.534726381301879883e-01
2.296685427427291870e-01
-2.791664004325866699e-01
-8.400532007217407227e-01
-1.311054825782775879e+00
-1.589859127998352051e+00
-1.699852228164672852e+00
-1.700652718544006348e+00
-1.649477601051330566e+00
-1.528582334518432617e+00
-1.327236413955688477e+00
-1.076106786727905273e+00
-8.729310631752014160e-01
-7.702187299728393555e-01
-6.967819929122924805e-01
-4.521516263484954834e-01
1.313970983028411865e-01
1.013934254646301270e+00
1.883034348487854004e+00
2.327714681625366211e+00
2.129151344299316406e+00
1.469535589218139648e+00
8.601801991462707520e-01
8.024104237556457520e-01
1.430749297142028809e+00
2.372847795486450195e+00
2.994915962219238281e+00
2.808627128601074219e+00
1.826465368270874023e+00
5.180217027664184570e-01
-4.802073836326599121e-01
-8.150851130485534668e-01
-5.693111419677734375e-01
-1.721275299787521362e-01
-2.460598386824131012e-02
-2.596874535083770752e-01
-6.682687401771545410e-01
-9.405165314674377441e-01
-8.711585402488708496e-01
-5.379580855369567871e-01
-1.686396151781082153e-01
-1.753485947847366333e-02
-1.662762165069580078e-01
-5.749337673187255859e-01
-1.091259121894836426e+00
-1.597787857055664062e+00
-1.961369395256042480e+00
-2.070600032806396484e+00
-1.771306753158569336e+00
-1.000516295433044434e+00
1.710983067750930786e-01
1.433989405632019043e+00
2.384264469146728516e+00
2.653634309768676758e+00
2.167175292968750000e+00
1.148685812950134277e+00
7.019662111997604370e-02
-6.445966958999633789e-01
-7.758603692054748535e-01
-4.559254348278045654e-01
-6.232499144971370697e-03
2.070638239383697510e-01
3.369742631912231445e-02
-4.629203081130981445e-01
-1.017098069190979004e+00
-1.394555091857910156e+00
-1.459148168563842773e+00
-1.273774147033691406e+00
-9.646460413932800293e-01
-6.767884492874145508e-01
-4.472342431545257568e-01
-2.701321542263031006e-01
-8.035540580749511719e-02
1.503042429685592651e-01
4.705822765827178955e-01
9.049512743949890137e-01
1.478722333908081055e+00
2.112950563430786133e+00
2.623596191406250000e+00
2.727242469787597656e+00
2.242155790328979492e+00
1.220045089721679688e+00
3.825267776846885681e-02
-7.954727411270141602e-01
-9.079245328903198242e-01
-3.370314538478851318e-01
4.890701174736022949e-01
1.004633069038391113e+00
8.990618586540222168e-01
3.041345179080963135e-01
-3.109959959983825684e-01
-5.118463635444641113e-01
-2.210917174816131592e-01
2.270764410495758057e-01
3.613515496253967285e-01
-4.884983226656913757e-02
-8.113493919372558594e-01
-1.454897880554199219e+00
-1.590125918388366699e+00
-1.175712347030639648e+00
-5.278564691543579102e-01
-3.179146349430084229e-02
1.208952367305755615e-01
4.149281606078147888e-02
-6.118141487240791321e-02
-7.661971449851989746e-02
-1.229155585169792175e-01
-3.432829976081848145e-01
-7.367690801620483398e-01
-1.031926512718200684e+00
-9.247351288795471191e-01
-3.087660074234008789e-01
5.199276804924011230e-01
1.086132049560546875e+00
1.023749947547912598e+00
4.185113608837127686e-01
-3.185054957866668701e-01
-6.990309953689575195e-01
-6.012741923332214355e-01
-2.590203881263732910e-01
-1.125661805272102356e-01
-3.338866233825683594e-01
-7.604983448982238770e-01
-9.444047212600708008e-01
-6.405751109123229980e-01
5.969476327300071716e-02
6.707084178924560547e-01
7.836366891860961914e-01
2.687789201736450195e-01
-5.196989178657531738e-01
-1.134028911590576172e+00
-1.235635876655578613e+00
-9.270223379135131836e-01
-4.859634041786193848e-01
-2.478704899549484253e-01
-2.412758618593215942e-01
-3.562245070934295654e-01
-3.582066893577575684e-01
-2.147448509931564331e-01
4.928820580244064331e-02
2.759262621402740479e-01
4.560016691684722900e-01
5.456010103225708008e-01
5.785741209983825684e-01
4.402584135532379150e-01
1.260222792625427246e-01
-3.374698162078857422e-01
-6.610642075538635254e-01
-6.287962794303894043e-01
-9.935785084962844849e-02
6.676397919654846191e-01
1.331887006759643555e+00
1.522769212722778320e+00
1.273507356643676758e+00
7.953393459320068359e-01
4.545722007751464844e-01
2.930037081241607666e-01
1.832011640071868896e-01
-2.004691958427429199e-01
-8.779819011688232422e-01
