2.879013717174530029e-01
3.036624193191528320e-01
3.962671756744384766e-01
4.039725661277770996e-01
3.128388226032257080e-01
8.349840342998504639e-02
-2.687779963016510010e-01
-6.610524058341979980e-01
-9.110572934150695801e-01
-8.489938378334045410e-01
-4.074750244617462158e-01
2.759230136871337891e-01
9.309511780738830566e-01
1.275732398033142090e+00
1.194545507431030273e+00
7.620630264282226562e-01
1.798858195543289185e-01
-3.970377147197723389e-01
-9.236660599708557129e-01
-1.424866676330566406e+00
-1.850414276123046875e+00
-2.014749288558959961e+00
-1.681946516036987305e+00
-7.816767692565917969e-01
4.417990446090698242e-01
1.483427643775939941e+00
1.867786526679992676e+00
1.462412953376770020e+00
6.001097559928894043e-01
-1.333732903003692627e-01
-2.904231548309326172e-01
1.294505447149276733e-01
6.991590261459350586e-01
8.897624015808105469e-01
4.679273068904876709e-01
-3.373559713363647461e-01
-1.018862724304199219e+00
-1.168207168579101562e+00
-7.650751471519470215e-01
-1.547382324934005737e-01
2.401980161666870117e-01
2.387970387935638428e-01
4.202939744573086500e-04
-1.470328420400619507e-01
-3.432400990277528763e-03
3.549382686614990234e-01
6.482334136962890625e-01
6.472527384757995605e-01
3.485638201236724854e-01
-2.921043150126934052e-02
-2.492343336343765259e-01
-2.299708575010299683e-01
-1.067546755075454712e-01
-6.892821192741394043e-02
-2.067146003246307373e-01
-4.092963039875030518e-01
-4.864202439785003662e-01
-3.032421171665191650e-01
8.854193240404129028e-02
5.105171203613281250e-01
7.603818774223327637e-01
7.438502907752990723e-01
4.708693623542785645e-01
3.593513742089271545e-02
-4.595214128494262695e-01
-8.763830065727233887e-01
-1.069508075714111328e+00
-8.945957422256469727e-01
-3.505252003669738770e-01
3.755326867103576660e-01
9.097963571548461914e-01
9.328424930572509766e-01
3.746920824050903320e-01
-4.432700574398040771e-01
-1.005553364753723145e+00
-9.078350067138671875e-01
-1.852095574140548706e-01
7.097364664077758789e-01
1.174721717834472656e+00
9.207240343093872070e-01
1.634943634271621704e-01
-4.732510447502136230e-01
-4.414487779140472412e-01
3.533271551132202148e-01
1.407284379005432129e+00
1.983227252960205078e+00
1.584928631782531738e+00
3.512256741523742676e-01
-1.056338906288146973e+00
-1.851254940032958984e+00
-1.682646989822387695e+00
-8.036020994186401367e-01
1.019212901592254639e-01
4.504150450229644775e-01
1.159310936927795410e-01
-5.020411610603332520e-01
-8.630036711692810059e-01
-6.831879019737243652e-01
-1.800959706306457520e-01
1.733012199401855469e-01
2.703891322016716003e-02
-4.856497049331665039e-01
-8.582403063774108887e-01
-5.792351365089416504e-01
3.777742385864257812e-01
1.478314042091369629e+00
1.929569721221923828e+00
1.294715642929077148e+00
-1.740017086267471313e-01
-1.616940975189208984e+00
-2.177893400192260742e+00
-1.566225528717041016e+00
-2.942057847976684570e-01
7.313815951347351074e-01
8.355444669723510742e-01
7.971575856208801270e-02
-8.570494651794433594e-01
-1.192233920097351074e+00
-6.643446683883666992e-01
3.325226008892059326e-01
1.082607269287109375e+00
1.187120318412780762e+00
8.588007092475891113e-01
7.564591169357299805e-01
1.368267059326171875e+00
2.572409391403198242e+00
3.633721828460693359e+00
3.761701345443725586e+00
2.683296918869018555e+00
8.850690722465515137e-01
-7.745317816734313965e-01
-1.668286919593811035e+00
-1.826947927474975586e+00
-1.771819353103637695e+00
-2.002350568771362305e+00
-2.505652666091918945e+00
-2.773730278015136719e+00
-2.257959365844726562e+00
-9.261177778244018555e-01
6.216148138046264648e-01
1.527278304100036621e+00
1.323155522346496582e+00
2.665364444255828857e-01
-8.537572026252746582e-01
-1.332472085952758789e+00
-1.044080257415771484e+00
-4.701688885688781738e-01
-2.384467869997024536e-01
-5.814767479896545410e-01
-1.156228780746459961e+00
-1.363293647766113281e+00
-8.747718930244445801e-01
7.845487445592880249e-02
8.990088701248168945e-01
1.116791129112243652e+00
7.707491517066955566e-01
3.538174927234649658e-01
3.796655833721160889e-01
9.413884878158569336e-01
1.621564269065856934e+00
1.843549489974975586e+00
1.338706374168395996e+00
3.818370997905731201e-01
-4.325525760650634766e-01
-6.378661990165710449e-01
-2.460120767354965210e-01
3.075151145458221436e-01
5.171017050743103027e-01
2.057339102029800415e-01
-3.862501680850982666e-01
-8.102567791938781738e-01
-7.767733335494995117e-01
-3.225055932998657227e-01
2.505652606487274170e-01
6.548880934715270996e-01
7.758626937866210938e-01
7.044126987457275391e-01
5.550682544708251953e-01
3.700688481330871582e-01
9.806859493255615234e-02
-2.698287367820739746e-01
-6.433299779891967773e-01
-8.340734243392944336e-01
-7.307511568069458008e-01
-3.631339967250823975e-01
7.201036810874938965e-02
3.833781778812408447e-01
4.642847478389739990e-01
3.601219058036804199e-01
1.457019150257110596e-01
-1.239867284893989563e-01
-4.551783800125122070e-01
-8.050731420516967773e-01
-1.062573194503784180e+00
-1.047932982444763184e+00
-7.014706730842590332e-01
-1.412187814712524414e-01
3.276191651821136475e-01
4.465623497962951660e-01
1.611827462911605835e-01
-2.831380367279052734e-01
-5.578702092170715332e-01
-4.624634981155395508e-01
-1.257379502058029175e-01
1.309916228055953979e-01
1.043730042874813080e-02
-4.613426923751831055e-01
-9.684974551200866699e-01
-1.076162815093994141e+00
-5.893222093582153320e-01
3.300708830356597900e-01
1.216751098632812500e+00
1.643279433250427246e+00
1.438596248626708984e+00
8.124983310699462891e-01
1.367356479167938232e-01
-2.546281218528747559e-01
