-3.692778050899505615e-01
-4.566680192947387695e-01
-9.972917288541793823e-02
3.573204576969146729e-01
7.639967203140258789e-01
8.912022709846496582e-01
6.620414257049560547e-01
1.439967155456542969e-01
-3.975174427032470703e-01
-7.239905595779418945e-01
-6.790869832038879395e-01
-3.232929706573486328e-01
1.985042989253997803e-01
6.748892068862915039e-01
9.868608713150024414e-01
1.045248270034790039e+00
8.585104346275329590e-01
4.491629004478454590e-01
-5.851456522941589355e-02
-5.311468839645385742e-01
-7.995506525039672852e-01
-8.174230456352233887e-01
-6.306216716766357422e-01
-4.133545160293579102e-01
-2.881842255592346191e-01
-3.034489154815673828e-01
-3.481616675853729248e-01
-3.097455799579620361e-01
-1.122589185833930969e-01
1.739536225795745850e-01
4.485904574394226074e-01
6.068342328071594238e-01
6.535186767578125000e-01
6.025092005729675293e-01
4.754308462142944336e-01
2.216557115316390991e-01
-1.623779237270355225e-01
-6.096963286399841309e-01
-9.279646873474121094e-01
-9.716597795486450195e-01
-7.402728796005249023e-01
-4.728231430053710938e-01
-4.562864005565643311e-01
-8.354862332344055176e-01
-1.401169419288635254e+00
-1.733621239662170410e+00
-1.447853922843933105e+00
-5.481924414634704590e-01
5.579236745834350586e-01
1.273836612701416016e+00
1.255964279174804688e+00
6.252790093421936035e-01
-8.465531468391418457e-02
-3.462535738945007324e-01
1.596429944038391113e-02
6.878641843795776367e-01
1.145422577857971191e+00
1.026867032051086426e+00
4.225769340991973877e-01
-2.289700359106063843e-01
-4.471276104450225830e-01
-7.091710716485977173e-02
6.649671792984008789e-01
1.286811590194702148e+00
1.417706131935119629e+00
9.647271037101745605e-01
1.346471011638641357e-01
-7.456790804862976074e-01
-1.393791556358337402e+00
-1.654435753822326660e+00
-1.464199781417846680e+00
-8.262638449668884277e-01
1.752892881631851196e-01
1.313652038574218750e+00
2.221709012985229492e+00
2.503214836120605469e+00
1.936068892478942871e+00
6.277595162391662598e-01
-9.858432412147521973e-01
-2.327480554580688477e+00
-2.958483695983886719e+00
-2.775943756103515625e+00
-2.035670757293701172e+00
-1.174870729446411133e+00
-5.689269304275512695e-01
-3.392572700977325439e-01
-3.406565487384796143e-01
-2.904103398323059082e-01
9.794829413294792175e-03
5.471748113632202148e-01
1.086081266403198242e+00
1.342591285705566406e+00
1.169464468955993652e+00
6.948604583740234375e-01
2.398461103439331055e-01
1.323574036359786987e-01
4.623286724090576172e-01
1.031764388084411621e+00
1.467507123947143555e+00
1.510884284973144531e+00
1.191725492477416992e+00
8.329421281814575195e-01
7.865120768547058105e-01
1.172326564788818359e+00
1.732667207717895508e+00
2.014681816101074219e+00
1.657933950424194336e+00
6.789597868919372559e-01
-5.610402226448059082e-01
-1.561575651168823242e+00
-2.026957273483276367e+00
-1.968506336212158203e+00
-1.644132137298583984e+00
-1.288656115531921387e+00
-9.853979945182800293e-01
-6.557447314262390137e-01
-2.611530423164367676e-01
1.123225241899490356e-01
2.526302635669708252e-01
3.873409703373908997e-02
-4.406401216983795166e-01
-8.706585764884948730e-01
-9.464095234870910645e-01
-5.637751221656799316e-01
6.932704150676727295e-02
6.149753928184509277e-01
8.118895888328552246e-01
6.700553894042968750e-01
3.927472233772277832e-01
2.226097583770751953e-01
2.311961352825164795e-01
3.327697813510894775e-01
3.634263277053833008e-01
2.617890834808349609e-01
7.307960093021392822e-02
-8.834427595138549805e-02
-1.844480931758880615e-01
-2.486869096755981445e-01
-3.563028275966644287e-01
-5.026528239250183105e-01
-6.179646849632263184e-01
-6.074702143669128418e-01
-4.747312068939208984e-01
-3.039577305316925049e-01
-2.086171507835388184e-01
-1.972322463989257812e-01
-1.742080450057983398e-01
7.950348779559135437e-03
4.001887440681457520e-01
9.261202216148376465e-01
1.415543675422668457e+00
1.737182974815368652e+00
1.847152233123779297e+00
1.775471806526184082e+00
1.538615107536315918e+00
1.128695130348205566e+00
5.698173642158508301e-01
1.119409035891294479e-02
-3.035125136375427246e-01
-1.868013888597488403e-01
2.881206274032592773e-01
7.490500211715698242e-01
7.187750935554504395e-01
-3.809807077050209045e-02
-1.285539507865905762e+00
-2.402022838592529297e+00
-2.767802476882934570e+00
-2.188253879547119141e+00
-1.032718420028686523e+00
1.723635569214820862e-02
4.488448798656463623e-01
2.495773434638977051e-01
-1.398625373840332031e-01
-2.183483690023422241e-01
1.701374650001525879e-01
7.098070979118347168e-01
8.910750746726989746e-01
4.225769340991973877e-01
-5.058965682983398438e-01
-1.367968797683715820e+00
-1.669191598892211914e+00
-1.315750837326049805e+00
-6.355826854705810547e-01
-1.335022598505020142e-01
-9.852071851491928101e-02
-4.454739391803741455e-01
-7.961161136627197266e-01
-7.991054654121398926e-01
-3.369039595127105713e-01
4.018424153327941895e-01
1.114193677902221680e+00
1.541540741920471191e+00
1.606670022010803223e+00
1.346471071243286133e+00
8.718670010566711426e-01
2.670045197010040283e-01
-3.625994920730590820e-01
-9.282826781272888184e-01
-1.324273705482482910e+00
-1.525258421897888184e+00
-1.552162408828735352e+00
-1.487796425819396973e+00
-1.358619213104248047e+00
-1.157189130783081055e+00
-8.182498812675476074e-01
-3.597373664379119873e-01
1.425338536500930786e-01
5.361714959144592285e-01
7.549651265144348145e-01
8.228293061256408691e-01
8.822342753410339355e-01
1.012938022613525391e+00
1.200502634048461914e+00
1.276762366294860840e+00
1.107769727706909180e+00
6.559355854988098145e-01
9.006154537200927734e-02
