1.248395144939422607e-01
9.777321666479110718e-02
6.148206815123558044e-02
-8.028655499219894409e-02
-1.382206082344055176e-01
4.561736248433589935e-03
3.810063600540161133e-01
8.013957142829895020e-01
1.023146748542785645e+00
8.162973523139953613e-01
2.072041928768157959e-01
-5.783267617225646973e-01
-1.142360091209411621e+00
-1.236636042594909668e+00
-8.575050234794616699e-01
-3.504934012889862061e-01
-1.161722168326377869e-01
-3.931709825992584229e-01
-9.706867933273315430e-01
-1.355139732360839844e+00
-1.028620839118957520e+00
9.011963009834289551e-02
1.569541335105895996e+00
2.607792615890502930e+00
2.588633298873901367e+00
1.423869967460632324e+00
-2.990978360176086426e-01
-1.730469346046447754e+00
-2.201950073242187500e+00
-1.658495187759399414e+00
-5.542002916336059570e-01
4.411198794841766357e-01
9.260831475257873535e-01
8.923769593238830566e-01
6.553187370300292969e-01
5.019937157630920410e-01
5.312902331352233887e-01
6.018450856208801270e-01
5.508043169975280762e-01
3.026458621025085449e-01
-5.570386722683906555e-02
-4.117220342159271240e-01
-6.784315705299377441e-01
-8.465569019317626953e-01
-8.891837596893310547e-01
-7.709841132164001465e-01
-4.702136218547821045e-01
-8.565927296876907349e-02
1.946340799331665039e-01
1.999054253101348877e-01
-2.782659046351909637e-02
-2.230182141065597534e-01
-5.048321560025215149e-02
5.869433879852294922e-01
1.407751798629760742e+00
1.880296945571899414e+00
1.595999479293823242e+00
6.005272269248962402e-01
-5.943435430526733398e-01
-1.338160037994384766e+00
-1.294570088386535645e+00
-6.453843116760253906e-01
8.160439133644104004e-02
4.415760636329650879e-01
3.701088726520538330e-01
1.578867584466934204e-01
1.018787771463394165e-01
2.251977175474166870e-01
2.491721659898757935e-01
-7.719471305608749390e-02
-6.919646859169006348e-01
-1.166081190109252930e+00
-1.070842266082763672e+00
-3.589579463005065918e-01
4.767014384269714355e-01
7.739238739013671875e-01
1.910860687494277954e-01
-9.280598759651184082e-01
-1.805281758308410645e+00
-1.748665571212768555e+00
-7.230352163314819336e-01
6.693080663681030273e-01
1.586470484733581543e+00
1.611610770225524902e+00
9.577111601829528809e-01
2.781138420104980469e-01
5.874502658843994141e-02
3.123268783092498779e-01
5.894269943237304688e-01
4.828851222991943359e-01
-5.281476676464080811e-02
-6.033149361610412598e-01
-7.263804674148559570e-01
-2.834865748882293701e-01
3.724404275417327881e-01
7.539029717445373535e-01
5.630702972412109375e-01
-2.478543296456336975e-02
-6.259208917617797852e-01
-9.173144698143005371e-01
-9.650099873542785645e-01
-1.012198567390441895e+00
-1.256910443305969238e+00
-1.515915632247924805e+00
-1.415304064750671387e+00
-6.343854665756225586e-01
6.701697111129760742e-01
1.977867484092712402e+00
2.633642435073852539e+00
2.376715183258056641e+00
1.404051780700683594e+00
2.870345711708068848e-01
-5.213050842285156250e-01
-8.503583073616027832e-01
-9.056566953659057617e-01
-9.046936631202697754e-01
-9.481315612792968750e-01
-8.797561526298522949e-01
-5.528317689895629883e-01
8.449349552392959595e-02
8.387512564659118652e-01
1.505778431892395020e+00
1.916131973266601562e+00
2.094090461730957031e+00
2.063526630401611328e+00
1.845931887626647949e+00
1.342417597770690918e+00
5.416301488876342773e-01
-4.766507446765899658e-01
-1.439227819442749023e+00
-2.130381584167480469e+00
-2.433838367462158203e+00
-2.471143245697021484e+00
-2.374941349029541016e+00
-2.224910736083984375e+00
-1.893069863319396973e+00
-1.266439318656921387e+00
-3.318409621715545654e-01
6.379334926605224609e-01
1.303592205047607422e+00
1.389910340309143066e+00
9.619687795639038086e-01
3.030006587505340576e-01
-1.901230365037918091e-01
-3.243901431560516357e-01
-9.331285208463668823e-02
3.123268783092498779e-01
7.480233907699584961e-01
1.108603239059448242e+00
1.375414133071899414e+00
1.462492585182189941e+00
1.285294532775878906e+00
7.618606090545654297e-01
-4.865852184593677521e-03
-8.021053075790405273e-01
-1.345661520957946777e+00
-1.502483844757080078e+00
-1.297307133674621582e+00
-9.060621857643127441e-01
-4.644861221313476562e-01
-4.799960181117057800e-02
3.602251112461090088e-01
7.168008089065551758e-01
9.358655214309692383e-01
9.057580828666687012e-01
6.562817692756652832e-01
3.518619239330291748e-01
2.257045656442642212e-01
3.583497107028961182e-01
6.081300973892211914e-01
6.685478091239929199e-01
3.335642814636230469e-01
-3.452220559120178223e-01
-1.033283948898315430e+00
-1.364465951919555664e+00
-1.175660848617553711e+00
-6.260222792625427246e-01
-4.805028811097145081e-02
2.910894453525543213e-01
3.647868335247039795e-01
3.277353942394256592e-01
3.395959138870239258e-01
4.120768308639526367e-01
4.298676252365112305e-01
3.164831101894378662e-01
1.541360020637512207e-01
1.400959938764572144e-01
3.891161084175109863e-01
7.780294418334960938e-01
9.663784503936767578e-01
6.626175045967102051e-01
-1.306177079677581787e-01
-1.029026269912719727e+00
-1.517334818840026855e+00
-1.288335680961608887e+00
-4.928702712059020996e-01
3.839461207389831543e-01
8.333785533905029297e-01
6.949045062065124512e-01
2.019328624010086060e-01
-2.022369801998138428e-01
-2.503886222839355469e-01
-6.082314997911453247e-03
1.781611442565917969e-01
8.616613224148750305e-03
-5.458371043205261230e-01
-1.163040041923522949e+00
-1.444499135017395020e+00
-1.141194343566894531e+00
-3.790802955627441406e-01
4.832399189472198486e-01
1.026745438575744629e+00
1.075708031654357910e+00
7.037745118141174316e-01
2.160235494375228882e-01
-1.170845627784729004e-01
-1.308204531669616699e-01
