-3.717943131923675537e-01
-3.364006876945495605e-01
-6.628730893135070801e-01
-1.012425541877746582e+00
-1.271720886230468750e+00
-1.235037922859191895e+00
-8.933507800102233887e-01
-3.864288330078125000e-01
-2.636793442070484161e-02
5.518570169806480408e-02
-5.447653681039810181e-02
2.772178966552019119e-03
4.804895222187042236e-01
1.368747234344482422e+00
2.250815868377685547e+00
2.642789125442504883e+00
2.247012138366699219e+00
1.245030641555786133e+00
9.734860807657241821e-02
-7.030374407768249512e-01
-1.019517183303833008e+00
-1.019452691078186035e+00
-1.030670285224914551e+00
-1.170439720153808594e+00
-1.305696249008178711e+00
-1.137753725051879883e+00
-5.361264944076538086e-01
3.576755523681640625e-01
1.165797948837280273e+00
1.564411401748657227e+00
1.447979927062988281e+00
9.714230298995971680e-01
3.538073897361755371e-01
-2.544602453708648682e-01
-8.210806846618652344e-01
-1.295510053634643555e+00
-1.527663946151733398e+00
-1.305180549621582031e+00
-5.488269329071044922e-01
5.323228240013122559e-01
1.481955289840698242e+00
1.849365592002868652e+00
1.496525287628173828e+00
6.878226995468139648e-01
-6.672570109367370605e-02
-3.721166551113128662e-01
-1.683292835950851440e-01
2.629057168960571289e-01
5.702952146530151367e-01
5.496006011962890625e-01
2.719958722591400146e-01
-8.883865922689437866e-02
-3.743730783462524414e-01
-5.742278695106506348e-01
-6.864044070243835449e-01
-6.828585863113403320e-01
-4.568292796611785889e-01
-2.308000065386295319e-02
4.340716302394866943e-01
5.532753467559814453e-01
1.221048086881637573e-01
-7.571916580200195312e-01
-1.563251018524169922e+00
-1.741766452789306641e+00
-1.021580100059509277e+00
2.636793255805969238e-01
1.454233407974243164e+00
1.922409296035766602e+00
1.590134739875793457e+00
8.566677570343017578e-01
3.467157781124114990e-01
3.142877221107482910e-01
5.588841438293457031e-01
5.218787789344787598e-01
-1.071479395031929016e-01
-1.183849334716796875e+00
-2.064950942993164062e+00
-2.186668872833251953e+00
-1.394148111343383789e+00
-1.844466030597686768e-01
7.638964653015136719e-01
9.635577797889709473e-01
5.595933198928833008e-01
5.466994643211364746e-02
1.585944183170795441e-02
5.165278315544128418e-01
1.224400520324707031e+00
1.548745393753051758e+00
1.220790266990661621e+00
3.576110601425170898e-01
-5.026669502258300781e-01
-9.081141948699951172e-01
-6.442414522171020508e-01
3.597385436296463013e-02
7.542260289192199707e-01
1.113835692405700684e+00
1.031766295433044434e+00
5.766776800155639648e-01
3.610279411077499390e-03
-5.328385829925537109e-01
-9.014738798141479492e-01
-1.140783786773681641e+00
-1.273268222808837891e+00
-1.407815575599670410e+00
-1.533466219902038574e+00
-1.628622889518737793e+00
-1.523215532302856445e+00
-1.122474551200866699e+00
-3.833343088626861572e-01
4.645011425018310547e-01
1.116478919982910156e+00
1.233813047409057617e+00
7.965179085731506348e-01
3.997094929218292236e-02
-5.479888319969177246e-01
-6.395351886749267578e-01
-1.580141931772232056e-01
5.668783187866210938e-01
1.149293780326843262e+00
1.285130500793457031e+00
1.026157498359680176e+00
5.718424916267395020e-01
1.801916211843490601e-01
-1.043757572770118713e-01
-3.017806708812713623e-01
-4.518006742000579834e-01
-3.850749731063842773e-01
9.238447248935699463e-02
1.075863242149353027e+00
2.263967514038085938e+00
3.096717119216918945e+00
2.976675510406494141e+00
1.752597212791442871e+00
-1.871543079614639282e-01
-2.009636163711547852e+00
-2.974547863006591797e+00
-2.790939331054687500e+00
-1.814423322677612305e+00
-7.234097719192504883e-01
-1.304858177900314331e-01
-1.913448125123977661e-01
-6.398575901985168457e-01
-1.004818081855773926e+00
-9.973397254943847656e-01
-6.402443647384643555e-01
-2.190666049718856812e-01
-1.701988838613033295e-02
-1.434441357851028442e-01
-4.665641486644744873e-01
-7.597059607505798340e-01
-8.352639675140380859e-01
-6.522356867790222168e-01
-2.876619100570678711e-01
1.351276040077209473e-01
5.058259367942810059e-01
7.530655860900878906e-01
8.381006121635437012e-01
7.644766569137573242e-01
5.866703987121582031e-01
4.158268272876739502e-01
3.464578986167907715e-01
4.186634719371795654e-01
5.434115529060363770e-01
5.835759043693542480e-01
4.164070487022399902e-01
7.297921925783157349e-02
-3.008136451244354248e-01
-4.875166714191436768e-01
-3.832053840160369873e-01
-1.444111764430999756e-02
4.406475126743316650e-01
8.379071950912475586e-01
1.087918996810913086e+00
1.242194056510925293e+00
1.316591501235961914e+00
1.290868282318115234e+00
1.018163323402404785e+00
4.204041361808776855e-01
-4.726242721080780029e-01
-1.378095269203186035e+00
-1.976563572883605957e+00
-1.997580528259277344e+00
-1.491367816925048828e+00
-7.159312963485717773e-01
-8.593754470348358154e-02
1.670399010181427002e-01
-6.704804487526416779e-03
-3.766295015811920166e-01
-7.221848368644714355e-01
-8.515746593475341797e-01
-7.843976616859436035e-01
-5.540489554405212402e-01
-2.562653720378875732e-01
1.315173208713531494e-01
5.501163601875305176e-01
9.531137943267822266e-01
1.155869603157043457e+00
1.076959252357482910e+00
6.802153587341308594e-01
1.678779870271682739e-01
-2.687079310417175293e-01
-4.242722988128662109e-01
-3.449750840663909912e-01
-1.342895030975341797e-01
8.381005609408020973e-04
3.352402523159980774e-02
-2.843094989657402039e-02
-5.312268435955047607e-02
-4.983475059270858765e-02
-2.366022393107414246e-02
-8.032871782779693604e-02
-1.603995561599731445e-01
-1.983074992895126343e-01
-3.951966762542724609e-02
2.676119506359100342e-01
6.053665280342102051e-01
7.129012346267700195e-01
