-7.182291150093078613e-01
-7.417606115341186523e-01
-6.762293577194213867e-01
-3.498389124870300293e-01
2.195442020893096924e-01
7.904836535453796387e-01
1.266218066215515137e+00
1.495992541313171387e+00
1.491199016571044922e+00
1.127581596374511719e+00
4.204333722591400146e-01
-6.064441800117492676e-01
-1.592069029808044434e+00
-2.153981924057006836e+00
-1.891649365425109863e+00
-8.811234235763549805e-01
5.032916069030761719e-01
1.579701542854309082e+00
1.958695411682128906e+00
1.568122506141662598e+00
8.217136859893798828e-01
9.885714948177337646e-02
-3.374091386795043945e-01
-6.113829016685485840e-01
-8.267146944999694824e-01
-1.028288602828979492e+00
-9.631723761558532715e-01
-4.986849129199981689e-01
2.955546379089355469e-01
9.123950004577636719e-01
8.869751691818237305e-01
3.743457049131393433e-02
-1.152420282363891602e+00
-1.945726156234741211e+00
-1.718939781188964844e+00
-5.699641704559326172e-01
8.560978770256042480e-01
1.683684110641479492e+00
1.551376581192016602e+00
7.161747813224792480e-01
-6.600851565599441528e-02
-2.484709173440933228e-01
2.179671376943588257e-01
7.834283709526062012e-01
8.645434975624084473e-01
2.014701962471008301e-01
-8.690671920776367188e-01
-1.781939506530761719e+00
-2.066890478134155273e+00
-1.716055512428283691e+00
-1.014136552810668945e+00
-3.436759114265441895e-01
1.441977918148040771e-01
4.580962061882019043e-01
6.836166977882385254e-01
7.689235210418701172e-01
6.280458569526672363e-01
2.363731563091278076e-01
-2.021134793758392334e-01
-3.917556703090667725e-01
-1.281158775091171265e-01
4.745101630687713623e-01
1.063668847084045410e+00
1.265844583511352539e+00
9.857493638992309570e-01
4.539045393466949463e-01
5.700264126062393188e-02
2.799292467534542084e-02
2.869845330715179443e-01
5.218221545219421387e-01
4.453136622905731201e-01
2.384275011718273163e-02
-5.129200220108032227e-01
-8.426098227500915527e-01
-7.968956828117370605e-01
-4.453551769256591797e-01
-4.139798507094383240e-02
1.905967444181442261e-01
1.640356332063674927e-01
-1.589516736567020416e-02
-1.951619386672973633e-01
-2.457733005285263062e-01
-1.841639727354049683e-01
-9.626328945159912109e-02
-1.162463724613189697e-01
-2.725626826286315918e-01
-5.054081678390502930e-01
-6.197662353515625000e-01
-4.599637985229492188e-01
2.986050210893154144e-02
6.400398612022399902e-01
1.028579115867614746e+00
8.348904848098754883e-01
1.548014953732490540e-02
-1.129283070564270020e+00
-1.990485668182373047e+00
-2.083989143371582031e+00
-1.279477953910827637e+00
1.085270475596189499e-02
1.176657319068908691e+00
1.710245251655578613e+00
1.598667740821838379e+00
1.168647527694702148e+00
8.745454549789428711e-01
8.465317487716674805e-01
9.201765656471252441e-01
7.451429963111877441e-01
2.289236038923263550e-01
-4.392336606979370117e-01
-8.369240760803222656e-01
-7.563484907150268555e-01
-2.868185341358184814e-01
1.675010174512863159e-01
3.285485208034515381e-01
1.723774820566177368e-01
1.093570888042449951e-02
7.266955077648162842e-02
3.453774750232696533e-01
4.589054882526397705e-01
1.175121814012527466e-01
-6.720376610755920410e-01
-1.409897089004516602e+00
-1.538448810577392578e+00
-7.895083427429199219e-01
4.623086452484130859e-01
1.522740364074707031e+00
1.771626353263854980e+00
1.194212555885314941e+00
2.669599354267120361e-01
-3.395879864692687988e-01
-3.560641705989837646e-01
1.902854815125465393e-02
2.610874474048614502e-01
6.903814524412155151e-02
-4.732858538627624512e-01
-9.223346710205078125e-01
-9.562208652496337891e-01
-5.837634801864624023e-01
-1.994573622941970825e-01
-1.666502356529235840e-01
-5.654819607734680176e-01
-1.055534482002258301e+00
-1.219383358955383301e+00
-8.415100574493408203e-01
-1.319340318441390991e-01
5.061552524566650391e-01
7.354730963706970215e-01
5.619335770606994629e-01
2.251054346561431885e-01
1.334280986338853836e-02
6.183759309351444244e-03
1.150843277573585510e-01
1.969465166330337524e-01
2.435944676399230957e-01
3.441739380359649658e-01
5.736163258552551270e-01
8.470297455787658691e-01
9.778432846069335938e-01
8.327946662902832031e-01
4.952402710914611816e-01
2.224285751581192017e-01
2.435114681720733643e-01
5.469099283218383789e-01
8.574051856994628906e-01
8.558903932571411133e-01
4.449816644191741943e-01
-1.230111569166183472e-01
-4.378641247749328613e-01
-2.289858460426330566e-01
3.734534084796905518e-01
9.369225502014160156e-01
9.934064149856567383e-01
4.160549342632293701e-01
-5.376757979393005371e-01
-1.371715545654296875e+00
-1.754423856735229492e+00
-1.671192049980163574e+00
-1.440172672271728516e+00
-1.363186955451965332e+00
-1.545068264007568359e+00
-1.753178715705871582e+00
-1.700533866882324219e+00
-1.223678827285766602e+00
-5.283793807029724121e-01
2.674787119030952454e-02
1.045636385679244995e-01
-2.331775277853012085e-01
-6.176288723945617676e-01
-4.827482402324676514e-01
4.349174797534942627e-01
1.975420594215393066e+00
3.452944755554199219e+00
4.138346195220947266e+00
3.552632093429565430e+00
1.904307365417480469e+00
-1.375575214624404907e-01
-1.666253328323364258e+00
-2.182763338088989258e+00
-1.693997263908386230e+00
-7.903383970260620117e-01
-7.322981953620910645e-02
6.889288872480392456e-02
-1.911985129117965698e-01
-4.973983466625213623e-01
-4.724143147468566895e-01
-1.759466230869293213e-01
1.391138285398483276e-01
1.021565347909927368e-01
-2.717326581478118896e-01
-7.407853007316589355e-01
-8.454111814498901367e-01
-4.551080763339996338e-01
2.920269966125488281e-01
8.942379951477050781e-01
1.041029691696166992e+00
6.387532949447631836e-01
4.774775356054306030e-02
