-5.381401777267456055e-01
-5.690559744834899902e-01
-3.041447401046752930e-01
8.059379458427429199e-02
5.068825483322143555e-01
8.214338421821594238e-01
9.828113317489624023e-01
9.209797382354736328e-01
6.886174082756042480e-01
3.166781663894653320e-01
-5.051354691386222839e-02
-3.418969511985778809e-01
-4.740677475929260254e-01
-5.284172892570495605e-01
-5.745251178741455078e-01
-7.198750376701354980e-01
-8.871394395828247070e-01
-9.622260928153991699e-01
-7.669703364372253418e-01
-3.273885548114776611e-01
2.148155122995376587e-01
5.752467513084411621e-01
6.344197988510131836e-01
4.274281561374664307e-01
2.147015631198883057e-01
1.729234457015991211e-01
3.429603874683380127e-01
5.081738829612731934e-01
4.804104268550872803e-01
1.930908858776092529e-01
-1.312972456216812134e-01
-2.461870759725570679e-01
-2.020541951060295105e-02
3.372254073619842529e-01
5.008437037467956543e-01
2.151953130960464478e-01
-3.956008255481719971e-01
-9.652644991874694824e-01
-1.076204419136047363e+00
-6.488522291183471680e-01
6.540174782276153564e-02
6.120874881744384766e-01
7.398525476455688477e-01
5.011475682258605957e-01
2.230571955442428589e-01
1.529459059238433838e-01
3.091960847377777100e-01
4.486210644245147705e-01
3.630138933658599854e-01
3.775222972035408020e-02
-2.888387441635131836e-01
-3.948792219161987305e-01
-2.565556466579437256e-01
-1.288665235042572021e-01
-2.897122800350189209e-01
-8.096600174903869629e-01
-1.418747067451477051e+00
-1.726082086563110352e+00
-1.501771569252014160e+00
-8.904436826705932617e-01
-2.835215330123901367e-01
-3.847385197877883911e-02
-2.012566030025482178e-01
-5.179727673530578613e-01
-6.530300378799438477e-01
-4.595213532447814941e-01
-4.998182505369186401e-02
3.424286842346191406e-01
5.739554166793823242e-01
6.731215119361877441e-01
7.370800375938415527e-01
7.925309538841247559e-01
7.607796192169189453e-01
6.030861735343933105e-01
4.520392715930938721e-01
5.969713926315307617e-01
1.224820613861083984e+00
2.183514595031738281e+00
2.940002441406250000e+00
2.923632860183715820e+00
1.940062046051025391e+00
4.258709847927093506e-01
-8.156228661537170410e-01
-1.127553582191467285e+00
-5.153900980949401855e-01
3.733065128326416016e-01
6.664749979972839355e-01
-6.692095845937728882e-02
-1.557374477386474609e+00
-2.999517202377319336e+00
-3.664624929428100586e+00
-3.315853595733642578e+00
-2.317888259887695312e+00
-1.228314757347106934e+00
-4.342266023159027100e-01
7.561840116977691650e-02
4.700798392295837402e-01
8.518559336662292480e-01
1.075292944908142090e+00
9.814440608024597168e-01
5.896032452583312988e-01
2.485418468713760376e-01
3.409854471683502197e-01
1.004649877548217773e+00
1.885864377021789551e+00
2.403989076614379883e+00
2.103072643280029297e+00
1.062113761901855469e+00
-2.127266079187393188e-01
-1.079318761825561523e+00
-1.254938840866088867e+00
-8.825818300247192383e-01
-4.004622995853424072e-01
-1.003434509038925171e-01
-4.443672951310873032e-03
1.182320863008499146e-01
3.956008255481719971e-01
7.518922686576843262e-01
9.036987423896789551e-01
6.975806951522827148e-01
2.145496457815170288e-01
-2.116251736879348755e-01
-3.440618216991424561e-01
-1.978763788938522339e-01
-1.020905375480651855e-01
-3.573168814182281494e-01
-1.019234299659729004e+00
-1.752972006797790527e+00
-2.130038499832153320e+00
-1.882408261299133301e+00
-1.147834897041320801e+00
-2.744822502136230469e-01
4.004622995853424072e-01
8.348408341407775879e-01
1.169141769409179688e+00
1.553804278373718262e+00
1.874926209449768066e+00
1.847352623939514160e+00
1.210350155830383301e+00
5.640046298503875732e-02
-1.183688163757324219e+00
-1.929389595985412598e+00
-1.866190671920776367e+00
-1.097131490707397461e+00
-9.703918546438217163e-02
6.543973088264465332e-01
9.217773079872131348e-01
8.283461928367614746e-01
6.429653167724609375e-01
5.745631456375122070e-01
6.119735240936279297e-01
6.341539025306701660e-01
5.429256558418273926e-01
3.940056562423706055e-01
3.167541325092315674e-01
3.927523195743560791e-01
5.389377474784851074e-01
5.796524286270141602e-01
3.872452080249786377e-01
3.068793006241321564e-02
-2.570114135742187500e-01
-2.363502234220504761e-01
1.332342326641082764e-01
6.268997192382812500e-01
8.716055750846862793e-01
5.839821696281433105e-01
-2.287921905517578125e-01
-1.254065275192260742e+00
-2.033455133438110352e+00
-2.232698917388916016e+00
-1.809638381004333496e+00
-1.038566112518310547e+00
-3.207420408725738525e-01
2.195250429213047028e-02
-6.897187978029251099e-02
-4.193004369735717773e-01
-7.278508543968200684e-01
-7.842513322830200195e-01
-5.386719107627868652e-01
-1.299299597740173340e-01
2.707602083683013916e-01
5.264803171157836914e-01
6.347995996475219727e-01
6.303179264068603516e-01
5.690180063247680664e-01
4.265546202659606934e-01
1.973446607589721680e-01
-1.101803034543991089e-01
-3.682551681995391846e-01
-4.483551979064941406e-01
-2.410977482795715332e-01
1.889130771160125732e-01
6.968970298767089844e-01
1.062759518623352051e+00
1.187486171722412109e+00
1.043047785758972168e+00
7.227615118026733398e-01
2.633540928363800049e-01
-2.935482859611511230e-01
-9.624539613723754883e-01
-1.630751967430114746e+00
-2.140672922134399414e+00
-2.249713897705078125e+00
-1.881306767463684082e+00
-1.107044219970703125e+00
-2.387429773807525635e-01
4.409111142158508301e-01
7.307373285293579102e-01
7.159250974655151367e-01
5.757025480270385742e-01
5.514712333679199219e-01
6.791603565216064453e-01
8.960647583007812500e-01
9.952308535575866699e-01
8.905576467514038086e-01
5.509015321731567383e-01
1.225997954607009888e-01
