1.481636166572570801e+00
1.490629076957702637e+00
4.922260046005249023e-01
-6.851595044136047363e-01
-1.604571223258972168e+00
-1.683368206024169922e+00
-9.666120409965515137e-01
1.754824966192245483e-01
9.053147435188293457e-01
7.978863716125488281e-01
-2.094609737396240234e-01
-1.444109201431274414e+00
-2.276800394058227539e+00
-2.199072837829589844e+00
-1.440998196601867676e+00
-4.412826001644134521e-01
1.636216342449188232e-01
2.448005229234695435e-01
-1.276015490293502808e-01
-5.138574838638305664e-01
-7.460193634033203125e-01
-7.045549750328063965e-01
-6.075778007507324219e-01
-4.792470932006835938e-01
-3.741520345211029053e-01
-7.043605297803878784e-02
4.578100442886352539e-01
1.231148242950439453e+00
1.941098928451538086e+00
2.370715141296386719e+00
2.259738206863403320e+00
1.704124689102172852e+00
8.668641448020935059e-01
1.452470123767852783e-01
-2.465990930795669556e-01
-1.328514367341995239e-01
3.281182646751403809e-01
9.519318342208862305e-01
1.405609965324401855e+00
1.564321994781494141e+00
1.356465220451354980e+00
9.510082006454467773e-01
4.630599319934844971e-01
6.260982155799865723e-02
-2.504392862319946289e-01
-4.209149479866027832e-01
-4.720527827739715576e-01
-3.316667973995208740e-01
-5.740854144096374512e-02
2.604529857635498047e-01
3.726937174797058105e-01
1.431081742048263550e-01
-4.458519518375396729e-01
-1.107046723365783691e+00
-1.500739932060241699e+00
-1.338479399681091309e+00
-6.823401451110839844e-01
1.756283342838287354e-01
8.136846423149108887e-01
1.019597053527832031e+00
8.370661139488220215e-01
5.439957380294799805e-01
3.798394203186035156e-01
4.349632859230041504e-01
5.936266779899597168e-01
7.146658897399902344e-01
7.191379666328430176e-01
6.378619074821472168e-01
4.875108003616333008e-01
2.071276903152465820e-01
-3.205836713314056396e-01
-1.101699590682983398e+00
-1.912370443344116211e+00
-2.347528219223022461e+00
-2.045464992523193359e+00
-9.894587993621826172e-01
4.244148731231689453e-01
1.537003159523010254e+00
1.837559461593627930e+00
1.228766441345214844e+00
1.112199351191520691e-01
-9.124118089675903320e-01
-1.348541736602783203e+00
-1.110206365585327148e+00
-4.422547817230224609e-01
2.291480600833892822e-01
6.174942255020141602e-01
6.130220890045166016e-01
3.269516229629516602e-01
-1.101505160331726074e-01
-5.553705096244812012e-01
-9.533414840698242188e-01
-1.207766890525817871e+00
-1.268140554428100586e+00
-1.051388144493103027e+00
-6.125360131263732910e-01
-5.395722389221191406e-02
3.973390460014343262e-01
5.894461870193481445e-01
4.321925044059753418e-01
5.497803539037704468e-02
-3.448401391506195068e-01
-4.949967563152313232e-01
-3.067297935485839844e-01
1.618716716766357422e-01
6.082583069801330566e-01
7.718313336372375488e-01
5.110381245613098145e-01
3.670063242316246033e-02
-2.958897352218627930e-01
-1.278932094573974609e-01
5.141491293907165527e-01
1.274022459983825684e+00
1.564176201820373535e+00
1.077443122863769531e+00
-5.784603208303451538e-02
-1.220891594886779785e+00
-1.799497723579406738e+00
-1.510024547576904297e+00
-6.767499446868896484e-01
1.241988316178321838e-01
4.287411868572235107e-01
3.075561821460723877e-01
1.836490035057067871e-01
5.022396445274353027e-01
1.225120663642883301e+00
1.881551623344421387e+00
1.862447857856750488e+00
1.004673838615417480e+00
-2.759110033512115479e-01
-1.189781069755554199e+00
-1.216370820999145508e+00
-4.393867850303649902e-01
4.684070348739624023e-01
8.128096461296081543e-01
3.440623581409454346e-01
-5.428290963172912598e-01
-1.210537552833557129e+00
-1.261092066764831543e+00
-8.406632542610168457e-01
-4.354007840156555176e-01
-4.384632110595703125e-01
-8.076083660125732422e-01
-1.158184528350830078e+00
-1.142386198043823242e+00
-7.915184497833251953e-01
-4.926634728908538818e-01
-6.319314241409301758e-01
-1.223808169364929199e+00
-1.849517583847045898e+00
-2.013868331909179688e+00
-1.550322294235229492e+00
-8.043515086174011230e-01
-3.033270835876464844e-01
-3.357986509799957275e-01
-6.264384984970092773e-01
-6.039320230484008789e-01
1.717881411314010620e-01
1.524413108825683594e+00
2.796442508697509766e+00
3.232086420059204102e+00
2.609488010406494141e+00
1.310771703720092773e+00
1.251224279403686523e-01
-4.129914939403533936e-01
-2.360993176698684692e-01
2.047944068908691406e-01
4.977675378322601318e-01
4.778860211372375488e-01
4.270884394645690918e-01
6.077722311019897461e-01
1.103741168975830078e+00
1.552898645401000977e+00
1.575405120849609375e+00
9.378834962844848633e-01
-7.344987988471984863e-02
-9.969933629035949707e-01
-1.330167055130004883e+00
-1.031409382820129395e+00
-3.024035096168518066e-01
3.814435601234436035e-01
7.964280843734741211e-01
8.474686741828918457e-01
7.551580667495727539e-01
6.304731369018554688e-01
6.172025799751281738e-01
6.083555221557617188e-01
5.925086736679077148e-01
4.392409622669219971e-01
2.237037271261215210e-01
-9.590774774551391602e-02
-3.793533146381378174e-01
-6.518129706382751465e-01
-7.936086654663085938e-01
-8.910233378410339355e-01
-9.050230383872985840e-01
-9.632093906402587891e-01
-9.464388489723205566e-01
-8.284621238708496094e-01
-3.906308710575103760e-01
2.704180479049682617e-01
1.020326256752014160e+00
1.386020064353942871e+00
1.170920372009277344e+00
3.120769262313842773e-01
-6.847706437110900879e-01
-1.352284669876098633e+00
-1.242231369018554688e+00
-5.704882740974426270e-01
2.591891288757324219e-01
5.978071689605712891e-01
3.536871671676635742e-01
-2.942856252193450928e-01
-7.058674097061157227e-01
-5.969321727752685547e-01
1.018867939710617065e-01
8.834401965141296387e-01
