2.012426376342773438e+00
2.042675733566284180e+00
1.796659350395202637e+00
1.304102182388305664e+00
6.466597914695739746e-01
1.333535462617874146e-01
-1.252520829439163208e-01
-1.725786179304122925e-01
-3.749403059482574463e-01
-9.613928198814392090e-01
-1.971044778823852539e+00
-2.978481769561767578e+00
-3.538415193557739258e+00
-3.306037425994873047e+00
-2.457715272903442383e+00
-1.365125417709350586e+00
-4.958210885524749756e-01
8.031520992517471313e-02
4.767622649669647217e-01
9.722919464111328125e-01
1.512117385864257812e+00
1.884434819221496582e+00
1.718558907508850098e+00
1.010992407798767090e+00
1.993309147655963898e-02
-7.009804248809814453e-01
-8.769394755363464355e-01
-5.181438326835632324e-01
-6.032383069396018982e-02
1.718209236860275269e-01
3.835080191493034363e-02
-1.667502224445343018e-01
-1.812046319246292114e-01
1.456514596939086914e-01
5.429727435111999512e-01
7.173581719398498535e-01
4.434238672256469727e-01
-7.273829728364944458e-02
-5.244967937469482422e-01
-5.893084406852722168e-01
-3.486542701721191406e-01
-3.258069604635238647e-02
3.578631207346916199e-02
-1.104479804635047913e-01
-2.609370052814483643e-01
-4.447061195969581604e-02
5.902993083000183105e-01
1.466364502906799316e+00
2.129402160644531250e+00
2.318416833877563477e+00
1.971161365509033203e+00
1.383543133735656738e+00
8.211618065834045410e-01
4.955879449844360352e-01
3.235338926315307617e-01
2.007880210876464844e-01
-2.447923645377159119e-02
-3.104200363159179688e-01
-6.250364780426025391e-01
-8.570646643638610840e-01
-1.016471147537231445e+00
-1.044971942901611328e+00
-9.310852289199829102e-01
-5.723478198051452637e-01
2.214787993580102921e-03
7.093732953071594238e-01
1.282012581825256348e+00
1.512875080108642578e+00
1.257008790969848633e+00
6.364601254463195801e-01
-1.240281239151954651e-01
-6.962011456489562988e-01
-9.007192850112915039e-01
-6.671174764633178711e-01
-1.582990586757659912e-01
3.996526598930358887e-01
7.043608427047729492e-01
5.947288870811462402e-01
4.347978532314300537e-02
-7.214380502700805664e-01
-1.400561928749084473e+00
-1.705969572067260742e+00
-1.613939285278320312e+00
-1.308298587799072266e+00
-1.112814426422119141e+00
-1.176110744476318359e+00
-1.397006630897521973e+00
-1.423875570297241211e+00
-9.828996062278747559e-01
-7.827527076005935669e-02
8.990873694419860840e-01
1.451676964759826660e+00
1.275193333625793457e+00
5.306165814399719238e-01
-2.856493592262268066e-01
-6.324385404586791992e-01
-3.161318302154541016e-01
4.289694726467132568e-01
1.093464136123657227e+00
1.258465886116027832e+00
8.225023150444030762e-01
4.382948949933052063e-02
-6.811056137084960938e-01
-1.032149434089660645e+00
-9.170387983322143555e-01
-4.433655738830566406e-01
1.630200594663619995e-01
6.625130176544189453e-01
8.702368140220642090e-01
7.262756228446960449e-01
3.477799892425537109e-01
1.416298653930425644e-02
3.421264514327049255e-02
5.265367031097412109e-01
1.279389739036560059e+00
1.808665871620178223e+00
1.669833540916442871e+00
7.882313728332519531e-01
-3.973796069622039795e-01
-1.191381096839904785e+00
-1.087052941322326660e+00
-1.577745079994201660e-01
9.892525672912597656e-01
1.600650548934936523e+00
1.311970472335815430e+00
3.505776226520538330e-01
-6.611142158508300781e-01
-1.218599677085876465e+00
-1.253511667251586914e+00
-1.127443671226501465e+00
-1.203154444694519043e+00
-1.505706071853637695e+00
-1.644188642501831055e+00
-1.194528460502624512e+00
-9.494446218013763428e-02
1.168417215347290039e+00
1.890321493148803711e+00
1.621283054351806641e+00
5.390094518661499023e-01
-7.089653015136718750e-01
-1.435474038124084473e+00
-1.420378565788269043e+00
-9.592946171760559082e-01
-5.980510115623474121e-01
-6.365767121315002441e-01
-9.574878215789794922e-01
-1.149824619293212891e+00
-9.318429231643676758e-01
-3.680045008659362793e-01
1.627286374568939209e-01
3.332673013210296631e-01
1.198899745941162109e-01
-1.553265750408172607e-01
-1.321878731250762939e-01
3.008031845092773438e-01
8.808444738388061523e-01
1.202513337135314941e+00
1.016296267509460449e+00
4.378286004066467285e-01
-1.765419095754623413e-01
-4.848054349422454834e-01
-4.152727425098419189e-01
-1.557928472757339478e-01
2.057421393692493439e-02
-1.031624898314476013e-02
-1.745019853115081787e-01
-2.898457944393157959e-01
-2.526023983955383301e-01
-9.022346884012222290e-02
9.669297933578491211e-02
2.674647867679595947e-01
4.815998077392578125e-01
8.188304305076599121e-01
1.249198675155639648e+00
1.583107113838195801e+00
1.576987385749816895e+00
1.106636285781860352e+00
3.043584823608398438e-01
-5.082355737686157227e-01
-9.911175966262817383e-01
-1.004348039627075195e+00
-6.498071551322937012e-01
-1.877324283123016357e-01
1.762505024671554565e-01
3.898609578609466553e-01
5.608659386634826660e-01
7.844429612159729004e-01
1.049401521682739258e+00
1.186135530471801758e+00
1.032674074172973633e+00
5.442550182342529297e-01
-8.264656364917755127e-02
-5.536386966705322266e-01
-6.144871115684509277e-01
-2.866984903812408447e-01
1.795726716518402100e-01
3.934745788574218750e-01
1.422127038240432739e-01
-5.189015269279479980e-01
-1.220406413078308105e+00
-1.580717444419860840e+00
-1.382727146148681641e+00
-7.922529578208923340e-01
-1.665753722190856934e-01
1.132456064224243164e-01
-1.789315603673458099e-02
-3.617681264877319336e-01
-5.221654176712036133e-01
-2.929931282997131348e-01
2.861156463623046875e-01
8.606782555580139160e-01
1.115612030029296875e+00
8.856237530708312988e-01
3.548906445503234863e-01
-2.085397690534591675e-01
-5.340553522109985352e-01
-6.221805810928344727e-01
