-7.183799147605895996e-01
-7.159429192543029785e-01
-5.127674937248229980e-01
-2.657707929611206055e-01
8.813896030187606812e-02
5.237340927124023438e-01
1.058795809745788574e+00
1.503416895866394043e+00
1.685381293296813965e+00
1.408463358879089355e+00
7.725811004638671875e-01
9.071137756109237671e-03
-4.967914521694183350e-01
-6.125500202178955078e-01
-4.055384993553161621e-01
-2.224459499120712280e-01
-2.715925574302673340e-01
-5.875028371810913086e-01
-8.824727535247802734e-01
-9.351846575736999512e-01
-6.795681118965148926e-01
-3.962868452072143555e-01
-3.481782376766204834e-01
-6.281198859214782715e-01
-9.044059514999389648e-01
-7.608924508094787598e-01
4.612289741635322571e-02
1.203031420707702637e+00
2.070340394973754883e+00
1.995334386825561523e+00
8.843681812286376953e-01
-7.737544775009155273e-01
-2.097057342529296875e+00
-2.441715478897094727e+00
-1.693188786506652832e+00
-3.535938262939453125e-01
9.027812480926513672e-01
1.586275696754455566e+00
1.673737645149230957e+00
1.418346762657165527e+00
1.130101203918457031e+00
8.922659754753112793e-01
6.261341571807861328e-01
2.103511095046997070e-01
-3.024163842201232910e-01
-7.196435928344726562e-01
-8.081886768341064453e-01
-5.126771926879882812e-01
6.588985212147235870e-03
4.220561087131500244e-01
4.400629997253417969e-01
-5.469760671257972717e-02
-9.086481928825378418e-01
-1.762418150901794434e+00
-2.194177389144897461e+00
-1.920192837715148926e+00
-9.658730626106262207e-01
2.962786853313446045e-01
1.275239467620849609e+00
1.469614505767822266e+00
7.546644806861877441e-01
-4.689913392066955566e-01
-1.478098988533020020e+00
-1.595843195915222168e+00
-6.290675997734069824e-01
1.030273675918579102e+00
2.588117361068725586e+00
3.339397192001342773e+00
2.996634483337402344e+00
1.829391241073608398e+00
3.812585473060607910e-01
-8.170341849327087402e-01
-1.541100502014160156e+00
-1.802629113197326660e+00
-1.755603551864624023e+00
-1.480265259742736816e+00
-1.039073944091796875e+00
-4.743618071079254150e-01
5.961677804589271545e-02
4.258921742439270020e-01
5.352422595024108887e-01
4.962950050830841064e-01
4.599653482437133789e-01
5.698118209838867188e-01
7.599446773529052734e-01
8.872565031051635742e-01
7.763268947601318359e-01
4.577539563179016113e-01
5.853365734219551086e-02
-2.154959291219711304e-01
-3.353613018989562988e-01
-3.750757277011871338e-01
-5.180928111076354980e-01
-7.967708110809326172e-01
-1.145671129226684570e+00
-1.352682590484619141e+00
-1.325062990188598633e+00
-1.051936030387878418e+00
-7.081805467605590820e-01
-4.126239418983459473e-01
-2.756994068622589111e-01
-2.534502744674682617e-01
-3.285917937755584717e-01
-4.118567109107971191e-01
-4.592883884906768799e-01
-3.301713466644287109e-01
5.041025206446647644e-02
7.173870801925659180e-01
1.460407972335815430e+00
2.003909111022949219e+00
2.059238433837890625e+00
1.641108632087707520e+00
9.842409491539001465e-01
4.907440245151519775e-01
3.306677937507629395e-01
4.176785051822662354e-01
3.990849256515502930e-01
7.807496190071105957e-02
-4.676825702190399170e-01
-8.053455352783203125e-01
-5.793794393539428711e-01
2.574217319488525391e-01
1.241437077522277832e+00
1.782952427864074707e+00
1.491863608360290527e+00
5.560923218727111816e-01
-4.799128174781799316e-01
-1.021428108215332031e+00
-9.171326160430908203e-01
-4.417779445648193359e-01
-1.185566037893295288e-01
-2.439278513193130493e-01
-7.726713418960571289e-01
-1.350065112113952637e+00
-1.689172148704528809e+00
-1.701808571815490723e+00
-1.548140764236450195e+00
-1.361076831817626953e+00
-1.159345507621765137e+00
-8.119344711303710938e-01
-2.800318896770477295e-01
3.070647716522216797e-01
6.583118438720703125e-01
6.029372811317443848e-01
2.218141257762908936e-01
-1.344423741102218628e-01
-1.366988867521286011e-01
2.942929863929748535e-01
8.956055641174316406e-01
1.288959026336669922e+00
1.254118561744689941e+00
9.017432928085327148e-01
5.475175976753234863e-01
4.594237804412841797e-01
6.448179483413696289e-01
8.766058683395385742e-01
9.039997458457946777e-01
6.530767679214477539e-01
2.659964263439178467e-01
-5.591611564159393311e-02
-2.118855267763137817e-01
-2.736234068870544434e-01
-3.502090871334075928e-01
-4.760316312313079834e-01
-5.327149629592895508e-01
-3.975053727626800537e-01
-4.792809858918190002e-02
3.356772065162658691e-01
5.348811745643615723e-01
4.010706543922424316e-01
2.008286677300930023e-02
-4.119469821453094482e-01
-6.720765233039855957e-01
-7.081805467605590820e-01
-5.583939552307128906e-01
-3.477720618247985840e-01
-1.148559451103210449e-01
9.459255635738372803e-02
2.801672816276550293e-01
3.480428457260131836e-01
2.733526229858398438e-01
5.925573781132698059e-02
-1.334495246410369873e-01
-2.015958726406097412e-01
-1.019036248326301575e-01
-2.261014841496944427e-02
-1.327274441719055176e-01
-5.278860330581665039e-01
-9.762980937957763672e-01
-1.163858532905578613e+00
-7.938373684883117676e-01
4.702549800276756287e-02
1.044579863548278809e+00
1.727893710136413574e+00
1.910760641098022461e+00
1.645035028457641602e+00
1.257097125053405762e+00
9.207881689071655273e-01
6.703164577484130859e-01
2.935257554054260254e-01
-2.701483964920043945e-01
-9.564859867095947266e-01
-1.435992598533630371e+00
-1.533789396286010742e+00
-1.237826704978942871e+00
-8.806223869323730469e-01
-7.159880399703979492e-01
-8.629765510559082031e-01
-1.036411285400390625e+00
-9.466927647590637207e-01
-3.855007886886596680e-01
4.084268212318420410e-01
1.081496238708496094e+00
1.246536731719970703e+00
9.389303922653198242e-01
4.016121923923492432e-01
6.936486810445785522e-02
