5.990638136863708496e-01
5.397289991378784180e-01
1.666967272758483887e-01
1.407917141914367676e-01
4.876722395420074463e-01
8.324145674705505371e-01
8.072496652603149414e-01
1.924783885478973389e-01
-7.288767099380493164e-01
-1.484974265098571777e+00
-1.601588010787963867e+00
-1.081020474433898926e+00
-2.660404145717620850e-01
2.865999639034271240e-01
3.487308621406555176e-01
4.773924499750137329e-02
-1.417374461889266968e-01
9.597191959619522095e-02
7.589347362518310547e-01
1.405162096023559570e+00
1.567335724830627441e+00
9.818412661552429199e-01
-1.353228688240051270e-01
-1.331065535545349121e+00
-2.099827766418457031e+00
-2.227995872497558594e+00
-1.739542484283447266e+00
-8.889121413230895996e-01
7.779728621244430542e-02
8.904335498809814453e-01
1.350062608718872070e+00
1.267454385757446289e+00
6.391137838363647461e-01
-3.335990607738494873e-01
-1.202116131782531738e+00
-1.535098433494567871e+00
-1.145042896270751953e+00
-2.854486107826232910e-01
5.041610002517700195e-01
7.063434720039367676e-01
2.054720222949981689e-01
-6.485300660133361816e-01
-1.242001652717590332e+00
-1.130322217941284180e+00
-3.127516806125640869e-01
7.725862860679626465e-01
1.555082321166992188e+00
1.702740907669067383e+00
1.287643790245056152e+00
6.817542910575866699e-01
2.559251189231872559e-01
1.666556149721145630e-01
2.946181595325469971e-01
4.416188597679138184e-01
4.814632534980773926e-01
4.812576472759246826e-01
5.537094473838806152e-01
7.551518082618713379e-01
9.345132112503051758e-01
8.710253834724426270e-01
3.803925514221191406e-01
-4.472933113574981689e-01
-1.305571794509887695e+00
-1.725356340408325195e+00
-1.404915452003479004e+00
-3.147665262222290039e-01
1.148455739021301270e+00
2.413977622985839844e+00
2.885202169418334961e+00
2.344609737396240234e+00
9.572109580039978027e-01
-6.656355857849121094e-01
-1.886913180351257324e+00
-2.228941679000854492e+00
-1.732511043548583984e+00
-7.680220603942871094e-01
6.439246982336044312e-02
4.353687763214111328e-01
3.078173995018005371e-01
4.194145649671554565e-02
-4.251712188124656677e-02
2.251269370317459106e-01
6.014487147331237793e-01
7.623887658119201660e-01
4.065031707286834717e-01
-3.571602702140808105e-01
-1.220701932907104492e+00
-1.728152513504028320e+00
-1.730866312980651855e+00
-1.309765934944152832e+00
-8.541254401206970215e-01
-6.151824593544006348e-01
-7.197893857955932617e-01
-9.463966488838195801e-01
-1.094589829444885254e+00
-9.596369862556457520e-01
-6.343439817428588867e-01
-2.250858098268508911e-01
5.925258621573448181e-02
2.207683175802230835e-01
2.440828233957290649e-01
2.426847815513610840e-01
1.801426708698272705e-01
1.224526017904281616e-01
5.986937135457992554e-02
1.543198823928833008e-01
4.470054507255554199e-01
9.773592948913574219e-01
1.505245923995971680e+00
1.826714873313903809e+00
1.713226199150085449e+00
1.281434893608093262e+00
7.502997517585754395e-01
4.893169999122619629e-01
5.623444914817810059e-01
8.530151844024658203e-01
9.630498290061950684e-01
6.904304027557373047e-01
1.652986742556095123e-02
-6.656767129898071289e-01
-1.005114674568176270e+00
-7.641568779945373535e-01
-1.773054450750350952e-01
3.800636231899261475e-01
4.706900417804718018e-01
7.421992719173431396e-02
-5.826161503791809082e-01
-1.017368197441101074e+00
-9.908463358879089355e-01
-4.789549708366394043e-01
1.765653043985366821e-01
6.845914721488952637e-01
8.272746801376342773e-01
7.002167105674743652e-01
4.240199029445648193e-01
1.657098680734634399e-01
-1.145988628268241882e-01
-4.265281558036804199e-01
-8.132941722869873047e-01
-1.133406162261962891e+00
-1.296443343162536621e+00
-1.220331907272338867e+00
-1.039366841316223145e+00
-8.806472420692443848e-01
-8.658032417297363281e-01
-8.741503953933715820e-01
-7.509987950325012207e-01
-3.404659330844879150e-01
2.271417677402496338e-01
6.843036413192749023e-01
6.963515281677246094e-01
2.076924443244934082e-01
-5.667853355407714844e-01
-1.159886837005615234e+00
-1.222470045089721680e+00
-6.566716432571411133e-01
2.504151761531829834e-01
1.086283683776855469e+00
1.476544857025146484e+00
1.335136413574218750e+00
7.963120341300964355e-01
1.539909392595291138e-01
-3.382455110549926758e-01
-5.146463513374328613e-01
-3.623001575469970703e-01
2.952349558472633362e-02
4.736917316913604736e-01
7.680631875991821289e-01
7.691323161125183105e-01
5.142351388931274414e-01
2.209327965974807739e-01
1.798548400402069092e-01
5.507900118827819824e-01
1.194591403007507324e+00
1.717173695564270020e+00
1.680330991744995117e+00
9.328684806823730469e-01
-2.791574001312255859e-01
-1.410795450210571289e+00
-1.984612107276916504e+00
-1.846328735351562500e+00
-1.251500129699707031e+00
-5.896064043045043945e-01
-1.337192356586456299e-01
1.623381078243255615e-01
4.682640135288238525e-01
8.845535516738891602e-01
1.217124581336975098e+00
1.170906782150268555e+00
5.691291093826293945e-01
-3.396435678005218506e-01
-1.047302842140197754e+00
-1.040847182273864746e+00
-2.731540203094482422e-01
8.514115810394287109e-01
1.648710370063781738e+00
1.725109696388244629e+00
1.126333713531494141e+00
3.640682995319366455e-01
-1.132008135318756104e-01
-1.617213189601898193e-01
-1.332257986068725586e-01
-4.191267192363739014e-01
-1.202116131782531738e+00
-2.122977733612060547e+00
-2.633553504943847656e+00
-2.268827199935913086e+00
-1.127402782440185547e+00
3.092154562473297119e-01
1.343442440032958984e+00
1.643529415130615234e+00
1.241467118263244629e+00
5.817115306854248047e-01
3.256630897521972656e-02
-1.824453324079513550e-01
-1.893533468246459961e-01
-1.326912492513656616e-01
