-6.195982098579406738e-01
-6.427704095840454102e-01
-7.825204133987426758e-01
-5.557352304458618164e-01
-9.125556051731109619e-02
2.890555858612060547e-01
4.337426126003265381e-01
3.524407744407653809e-01
2.971777915954589844e-01
4.217185378074645996e-01
7.626926302909851074e-01
1.078662991523742676e+00
1.155187129974365234e+00
8.378630280494689941e-01
2.595129907131195068e-01
-3.862037360668182373e-01
-8.412074446678161621e-01
-1.047846317291259766e+00
-9.868500828742980957e-01
-7.745574712753295898e-01
-4.339018762111663818e-01
-5.510370805859565735e-02
3.423278033733367920e-01
6.344889402389526367e-01
7.927926182746887207e-01
7.601444721221923828e-01
6.239778399467468262e-01
4.056333601474761963e-01
1.860148310661315918e-01
-6.649074703454971313e-02
-2.811722457408905029e-01
-4.224352240562438965e-01
-3.616777956485748291e-01
-1.477926075458526611e-01
1.000148206949234009e-01
8.313333988189697266e-02
-3.188370466232299805e-01
-1.045218586921691895e+00
-1.679627895355224609e+00
-1.839683413505554199e+00
-1.307996392250061035e+00
-3.690037429332733154e-01
4.960129857063293457e-01
7.854667305946350098e-01
4.775389134883880615e-01
-1.037574112415313721e-01
-3.867611289024353027e-01
-1.282037198543548584e-01
5.496037602424621582e-01
1.107329726219177246e+00
1.136872291564941406e+00
5.083556175231933594e-01
-4.010944664478302002e-01
-1.134244561195373535e+00
-1.308235287666320801e+00
-9.645537734031677246e-01
-3.101574182510375977e-01
3.315778076648712158e-01
8.628666996955871582e-01
1.219846367835998535e+00
1.433890819549560547e+00
1.378150105476379395e+00
1.006438970565795898e+00
3.120685517787933350e-01
-4.340611398220062256e-01
-9.663056135177612305e-01
-1.053420424461364746e+00
-7.994018793106079102e-01
-3.995018899440765381e-01
-1.017666757106781006e-01
1.402277946472167969e-01
4.617722630500793457e-01
1.043625950813293457e+00
1.724379777908325195e+00
2.174366712570190430e+00
1.975372314453125000e+00
1.104781508445739746e+00
-1.155425980687141418e-01
-1.048324108123779297e+00
-1.302979707717895508e+00
-8.600000739097595215e-01
-2.091870456933975220e-01
1.406259387731552124e-01
-1.172148212790489197e-01
-7.617371082305908203e-01
-1.368913054466247559e+00
-1.493374228477478027e+00
-1.085431575775146484e+00
-3.455926179885864258e-01
3.324537277221679688e-01
7.562426328659057617e-01
8.738555908203125000e-01
8.403315544128417969e-01
7.062352299690246582e-01
4.911555945873260498e-01
8.647778630256652832e-02
-4.780963361263275146e-01
-1.109638929367065430e+00
-1.550389051437377930e+00
-1.636309385299682617e+00
-1.264916777610778809e+00
-5.660870671272277832e-01
2.810129821300506592e-01
9.915482401847839355e-01
1.389457464218139648e+00
1.333796381950378418e+00
8.958333730697631836e-01
2.327574193477630615e-01
-3.397000133991241455e-01
-5.965055823326110840e-01
-4.080222547054290771e-01
8.592037856578826904e-02
6.596518754959106445e-01
1.037335276603698730e+00
1.144038915634155273e+00
1.004527807235717773e+00
7.634093165397644043e-01
4.501463174819946289e-01
6.147407740354537964e-02
-4.633648395538330078e-01
-1.015835285186767578e+00
-1.399490833282470703e+00
-1.343670487403869629e+00
-7.908018827438354492e-01
1.077388972043991089e-01
9.603334069252014160e-01
1.451329708099365234e+00
1.428475975990295410e+00
1.036618590354919434e+00
4.892444908618927002e-01
-1.297963038086891174e-02
-4.471203982830047607e-01
-8.063296675682067871e-01
-1.076353788375854492e+00
-1.113620400428771973e+00
-8.434370756149291992e-01
-3.155722320079803467e-01
1.705666780471801758e-01
3.078481554985046387e-01
-5.924445018172264099e-02
-7.022537589073181152e-01
-1.186561226844787598e+00
-1.078662991523742676e+00
-3.158907592296600342e-01
8.085592985153198242e-01
1.767140865325927734e+00
2.203033447265625000e+00
2.062646389007568359e+00
1.627948284149169922e+00
1.196275949478149414e+00
9.132722616195678711e-01
6.420537233352661133e-01
1.880851984024047852e-01
-5.488074421882629395e-01
-1.387227892875671387e+00
-2.015824317932128906e+00
-2.135109424591064453e+00
-1.714744567871093750e+00
-9.614481925964355469e-01
-2.658037245273590088e-01
6.147407740354537964e-02
-1.245407462120056152e-01
-6.851333975791931152e-01
-1.328938961029052734e+00
-1.681061267852783203e+00
-1.504920482635498047e+00
-7.619760036468505859e-01
2.882592678070068359e-01
1.247955679893493652e+00
1.715700149536132812e+00
1.568385243415832520e+00
9.897167086601257324e-01
4.214796721935272217e-01
2.314037233591079712e-01
5.195037126541137695e-01
9.925037622451782227e-01
1.222076058387756348e+00
9.071407914161682129e-01
1.534463018178939819e-01
-6.414167284965515137e-01
-1.020294547080993652e+00
-8.545055985450744629e-01
-3.794352114200592041e-01
-5.534259602427482605e-02
-1.428555697202682495e-01
-5.405259728431701660e-01
-8.037018775939941406e-01
-5.668833851814270020e-01
1.744685322046279907e-01
9.317463636398315430e-01
1.099127888679504395e+00
3.569796681404113770e-01
-9.632000923156738281e-01
-2.083987236022949219e+00
-2.209961175918579102e+00
-1.143163084983825684e+00
5.916481614112854004e-01
1.971868634223937988e+00
2.186709403991699219e+00
1.096977829933166504e+00
-5.986555814743041992e-01
-1.878064990043640137e+00
-1.987794637680053711e+00
-9.880445003509521484e-01
3.838944733142852783e-01
1.154151916503906250e+00
8.378630280494689941e-01
-3.185185492038726807e-01
-1.454594492912292480e+00
-1.755674242973327637e+00
-9.210759997367858887e-01
5.802611708641052246e-01
1.913659334182739258e+00
2.345013141632080078e+00
1.751613140106201172e+00
5.452241301536560059e-01
-5.806592702865600586e-01
