-3.855135440826416016e-01
-3.595156371593475342e-01
-8.325536251068115234e-01
-1.212709665298461914e+00
-1.188178062438964844e+00
-7.172830104827880859e-01
-9.023137390613555908e-03
5.561072230339050293e-01
7.446908354759216309e-01
5.551485419273376465e-01
2.465008348226547241e-01
7.353857159614562988e-02
1.832824796438217163e-01
4.932272434234619141e-01
8.667287230491638184e-01
1.164774298667907715e+00
1.373095989227294922e+00
1.475564956665039062e+00
1.457180261611938477e+00
1.215247392654418945e+00
7.066244482994079590e-01
-2.915601246058940887e-02
-7.803885936737060547e-01
-1.321720480918884277e+00
-1.471278905868530273e+00
-1.248858571052551270e+00
-7.757642269134521484e-01
-2.560315132141113281e-01
1.959712654352188110e-01
4.979079961776733398e-01
6.437444686889648438e-01
5.825563073158264160e-01
3.005268573760986328e-01
-2.130588293075561523e-01
-8.516150116920471191e-01
-1.479794502258300781e+00
-1.912284851074218750e+00
-2.053158521652221680e+00
-1.848897218704223633e+00
-1.362606525421142578e+00
-6.837282180786132812e-01
8.853953331708908081e-03
5.524415969848632812e-01
7.865920066833496094e-01
7.169446349143981934e-01
4.798053205013275146e-01
3.507744669914245605e-01
5.104839801788330078e-01
9.553810954093933105e-01
1.397853136062622070e+00
1.508894205093383789e+00
1.102571010589599609e+00
3.784642219543457031e-01
-2.370829433202743530e-01
-3.140615820884704590e-01
1.979450732469558716e-01
9.527869224548339844e-01
1.369768619537353516e+00
1.085878252983093262e+00
1.638263463973999023e-01
-8.974637985229492188e-01
-1.564273715019226074e+00
-1.571323037147521973e+00
-1.115767359733581543e+00
-5.991363525390625000e-01
-3.492518067359924316e-01
-3.381984829902648926e-01
-3.130464851856231689e-01
-1.708756573498249054e-02
5.040550231933593750e-01
9.535764455795288086e-01
9.652501344680786133e-01
4.511568844318389893e-01
-3.592900633811950684e-01
-1.022490620613098145e+00
-1.227541446685791016e+00
-9.375603795051574707e-01
-4.053080677986145020e-01
8.278728276491165161e-02
3.572598397731781006e-01
4.589393138885498047e-01
4.847116768360137939e-01
5.006713271141052246e-01
4.642404317855834961e-01
3.511128425598144531e-01
1.912341117858886719e-01
1.046120002865791321e-01
1.501788496971130371e-01
2.824242115020751953e-01
3.394391536712646484e-01
2.335864752531051636e-01
4.049132764339447021e-02
1.313994359225034714e-02
3.456989526748657227e-01
1.001117110252380371e+00
1.635330915451049805e+00
1.838971853256225586e+00
1.407496690750122070e+00
5.345644950866699219e-01
-3.457553386688232422e-01
-8.694920539855957031e-01
-1.032980084419250488e+00
-1.144979715347290039e+00
-1.535004854202270508e+00
-2.177000999450683594e+00
-2.630752086639404297e+00
-2.319848537445068359e+00
-1.020404100418090820e+00
8.784024119377136230e-01
2.516158342361450195e+00
3.095274448394775391e+00
2.378216981887817383e+00
8.509382605552673340e-01
-6.184232831001281738e-01
-1.327190756797790527e+00
-1.144697785377502441e+00
-4.720792770385742188e-01
1.146502420306205750e-01
2.972559928894042969e-01
1.431859135627746582e-01
-6.169570237398147583e-02
-1.320761740207672119e-01
-1.281849443912506104e-01
-2.479670941829681396e-01
-5.576862692832946777e-01
-8.535324335098266602e-01
-7.691096663475036621e-01
-8.583259582519531250e-02
1.039860248565673828e+00
2.107353687286376953e+00
2.577290058135986328e+00
2.221214532852172852e+00
1.264592766761779785e+00
2.137355655431747437e-01
-4.798617362976074219e-01
-6.835026741027832031e-01
-5.923125743865966797e-01
-5.171385407447814941e-01
-6.377102136611938477e-01
-8.993248343467712402e-01
-1.110973834991455078e+00
-1.118192315101623535e+00
-9.086863398551940918e-01
-5.813720226287841797e-01
-2.439066767692565918e-01
6.197767704725265503e-02
3.286677896976470947e-01
5.149391889572143555e-01
5.242443084716796875e-01
2.711452841758728027e-01
-2.105210721492767334e-01
-7.330735325813293457e-01
-1.044653773307800293e+00
-9.821684956550598145e-01
-5.828382968902587891e-01
-4.754065349698066711e-02
4.049133062362670898e-01
6.729004979133605957e-01
8.034539818763732910e-01
8.935161828994750977e-01
9.741604924201965332e-01
9.890486598014831543e-01
8.733268976211547852e-01
6.574483513832092285e-01
4.739966988563537598e-01
4.402163028717041016e-01
5.245826244354248047e-01
5.245262384414672852e-01
2.265935391187667847e-01
-3.816787004470825195e-01
-1.009914636611938477e+00
-1.218631148338317871e+00
-7.324531674385070801e-01
3.047564625740051270e-01
1.350481748580932617e+00
1.775020360946655273e+00
1.271754860877990723e+00
5.024759471416473389e-02
-1.295891761779785156e+00
-2.183317184448242188e+00
-2.382108211517333984e+00
-2.095510959625244141e+00
-1.721953034400939941e+00
-1.542561769485473633e+00
-1.531282782554626465e+00
-1.460000038146972656e+00
-1.131445050239562988e+00
-5.683448910713195801e-01
2.853567153215408325e-02
4.487882852554321289e-01
6.580687165260314941e-01
7.732828855514526367e-01
9.317517280578613281e-01
1.119433045387268066e+00
1.186937332153320312e+00
9.855521917343139648e-01
5.562764406204223633e-01
1.186542585492134094e-01
-7.601993530988693237e-02
2.103518880903720856e-02
2.196006029844284058e-01
2.221383601427078247e-01
-9.620920568704605103e-02
-5.851504802703857422e-01
-9.001707434654235840e-01
-8.143381476402282715e-01
-3.899123370647430420e-01
2.802812121808528900e-02
1.263803243637084961e-01
-1.355162411928176880e-01
-4.398215413093566895e-01
-3.930704295635223389e-01
1.705936938524246216e-01
9.764726758003234863e-01
1.516845822334289551e+00
1.376592397689819336e+00
5.838533639907836914e-01
