3.231041431427001953e-01
3.854006230831146240e-01
6.527484655380249023e-01
5.410476922988891602e-01
-1.778554916381835938e-02
-7.327834367752075195e-01
-1.301215291023254395e+00
-1.541931867599487305e+00
-1.573409438133239746e+00
-1.528851509094238281e+00
-1.457521080970764160e+00
-1.178174972534179688e+00
-5.809475779533386230e-01
2.549732625484466553e-01
9.320945143699645996e-01
1.100821971893310547e+00
6.882725358009338379e-01
1.146650388836860657e-01
-6.714279949665069580e-02
4.814331829547882080e-01
1.507254719734191895e+00
2.402319669723510742e+00
2.579610347747802734e+00
1.997063159942626953e+00
1.110185265541076660e+00
5.734663605690002441e-01
6.492666602134704590e-01
1.081013202667236328e+00
1.254398822784423828e+00
7.772943973541259766e-01
-2.593020200729370117e-01
-1.294251561164855957e+00
-1.797469735145568848e+00
-1.612603545188903809e+00
-1.090235352516174316e+00
-7.109044194221496582e-01
-7.424290776252746582e-01
-1.012223601341247559e+00
-1.157519340515136719e+00
-9.246132969856262207e-01
-4.297233521938323975e-01
-1.599758397787809372e-03
7.660019397735595703e-02
-1.619049608707427979e-01
-4.580955207347869873e-01
-5.507873892784118652e-01
-4.417685866355895996e-01
-3.488414287567138672e-01
-4.952663779258728027e-01
-8.356855511665344238e-01
-1.068356275558471680e+00
-8.549767732620239258e-01
-1.494833081960678101e-01
7.195148468017578125e-01
1.244047403335571289e+00
1.120301365852355957e+00
4.843974411487579346e-01
-1.588466018438339233e-01
-2.912030816078186035e-01
2.535146474838256836e-01
1.172340631484985352e+00
1.903006792068481445e+00
2.011790275573730469e+00
1.465566873550415039e+00
6.388682126998901367e-01
3.335966914892196655e-02
-3.801778703927993774e-02
3.570284247398376465e-01
8.726211786270141602e-01
1.126794576644897461e+00
9.734059572219848633e-01
5.523871779441833496e-01
1.722563356161117554e-01
3.425364941358566284e-02
9.542088210582733154e-02
7.391824573278427124e-02
-2.872036993503570557e-01
-1.006906747817993164e+00
-1.749429941177368164e+00
-2.050090312957763672e+00
-1.610721468925476074e+00
-5.971804261207580566e-01
4.522140622138977051e-01
9.230135679244995117e-01
5.936045050621032715e-01
-2.388815730810165405e-01
-9.228253364562988281e-01
-9.795697331428527832e-01
-4.249240756034851074e-01
1.927708834409713745e-01
2.738880515098571777e-01
-3.857770264148712158e-01
-1.348596334457397461e+00
-1.901030540466308594e+00
-1.562211155891418457e+00
-5.428827404975891113e-01
4.394159913063049316e-01
6.489843726158142090e-01
-2.940732426941394806e-02
-1.032785177230834961e+00
-1.479823589324951172e+00
-9.039576053619384766e-01
4.373927712440490723e-01
1.694332361221313477e+00
2.115727663040161133e+00
1.535062313079833984e+00
5.068411231040954590e-01
-2.186022847890853882e-01
-2.168613672256469727e-01
2.786402702331542969e-01
7.018234133720397949e-01
6.098372936248779297e-01
1.099128127098083496e-01
-3.088474869728088379e-01
-1.545648872852325439e-01
5.909695625305175781e-01
1.508383989334106445e+00
2.022047519683837891e+00
1.896278381347656250e+00
1.318436145782470703e+00
7.354654073715209961e-01
4.000807702541351318e-01
2.277303189039230347e-01
-1.239342242479324341e-01
-8.377087712287902832e-01
-1.748724102973937988e+00
-2.359879016876220703e+00
-2.246719598770141602e+00
-1.337680339813232422e+00
-4.004101082682609558e-02
1.058099031448364258e+00
1.490974903106689453e+00
1.185703277587890625e+00
3.713321685791015625e-01
-5.729017257690429688e-01
-1.356124639511108398e+00
-1.787494778633117676e+00
-1.791635274887084961e+00
-1.350054979324340820e+00
-5.906402468681335449e-01
2.099918127059936523e-01
6.627234220504760742e-01
5.071234107017517090e-01
-2.056630551815032959e-01
-1.042477846145629883e+00
-1.436771273612976074e+00
-1.024880528450012207e+00
6.686048954725265503e-02
1.286252856254577637e+00
1.970667123794555664e+00
1.778366684913635254e+00
8.885716795921325684e-01
-1.148061901330947876e-01
-6.316222548484802246e-01
-4.121730625629425049e-01
3.011780381202697754e-01
9.538324475288391113e-01
1.037631511688232422e+00
4.014922976493835449e-01
-6.589122414588928223e-01
-1.585878133773803711e+00
-1.872517228126525879e+00
-1.354336619377136230e+00
-2.784520685672760010e-01
8.274985551834106445e-01
1.465472817420959473e+00
1.412210226058959961e+00
8.378028869628906250e-01
1.510360091924667358e-01
-2.295182794332504272e-01
-1.421432346105575562e-01
2.895562648773193359e-01
7.466166615486145020e-01
9.723708033561706543e-01
8.811375498771667480e-01
5.971333384513854980e-01
2.778404057025909424e-01
3.067772090435028076e-02
-1.749382913112640381e-01
-3.763196468353271484e-01
-5.848999023437500000e-01
-7.070461511611938477e-01
-6.792386174201965332e-01
-4.929608404636383057e-01
-2.768993675708770752e-01
-1.459544301033020020e-01
-1.781378090381622314e-01
-3.057891130447387695e-01
-4.606833755970001221e-01
-5.793948769569396973e-01
-7.045994997024536133e-01
-8.250048160552978516e-01
-8.825020194053649902e-01
-6.975417137145996094e-01
-1.988405585289001465e-01
5.291906595230102539e-01
1.149049997329711914e+00
1.362476587295532227e+00
1.061298608779907227e+00
5.327665805816650391e-01
1.800669282674789429e-01
2.915794849395751953e-01
6.959419846534729004e-01
9.539265632629394531e-01
6.176949739456176758e-01
-2.815574705600738525e-01
-1.280653715133666992e+00
-1.693908929824829102e+00
-1.220380425453186035e+00
-9.353881329298019409e-02
9.640896916389465332e-01
1.351560592651367188e+00
9.011344909667968750e-01
5.843823403120040894e-02
-5.906872749328613281e-01
-6.570772528648376465e-01
-2.889446020126342773e-01
