-6.113995909690856934e-01
-6.165390610694885254e-01
-2.460705339908599854e-01
1.973625868558883667e-01
5.548267364501953125e-01
6.638063788414001465e-01
5.445478558540344238e-01
3.171662092208862305e-01
1.954158246517181396e-01
2.575174868106842041e-01
4.662102162837982178e-01
6.150205731391906738e-01
5.579804778099060059e-01
2.395294159650802612e-01
-1.757145971059799194e-01
-4.968522191047668457e-01
-5.496094226837158203e-01
-3.671590387821197510e-01
-7.171865552663803101e-02
1.334698945283889771e-01
1.736899763345718384e-01
4.730628058314323425e-02
-1.241643875837326050e-01
-2.753887474536895752e-01
-3.528308868408203125e-01
-4.058217108249664307e-01
-4.375538825988769531e-01
-4.734911024570465088e-01
-4.662491381168365479e-01
-4.375149607658386230e-01
-3.985797464847564697e-01
-4.294553697109222412e-01
-5.219654440879821777e-01
-6.369021534919738770e-01
-6.198096275329589844e-01
-3.830446004867553711e-01
1.006475165486335754e-01
6.661036014556884766e-01
1.109925985336303711e+00
1.223110675811767578e+00
9.989217519760131836e-01
5.607059597969055176e-01
1.636057496070861816e-01
-4.535951837897300720e-02
-3.839011862874031067e-02
2.001269720494747162e-02
-1.386093441396951675e-02
-2.058893889188766479e-01
-4.036413133144378662e-01
-4.074959158897399902e-01
-5.544373765587806702e-02
5.708680748939514160e-01
1.238645792007446289e+00
1.634071826934814453e+00
1.628543019294738770e+00
1.288210391998291016e+00
8.689171075820922852e-01
5.599272847175598145e-01
4.099099040031433105e-01
2.449803352355957031e-01
-1.205434128642082214e-01
-7.765238285064697266e-01
-1.575824737548828125e+00
-2.265951395034790039e+00
-2.595810413360595703e+00
-2.510931730270385742e+00
-2.114181995391845703e+00
-1.631657838821411133e+00
-1.238178610801696777e+00
-1.034235954284667969e+00
-9.924585223197937012e-01
-1.031160116195678711e+00
-1.001802921295166016e+00
-7.613001465797424316e-01
-1.925346106290817261e-01
6.658310294151306152e-01
1.605376601219177246e+00
2.270039558410644531e+00
2.379719972610473633e+00
1.906579375267028809e+00
1.170042037963867188e+00
6.418469548225402832e-01
6.418080329895019531e-01
1.071886301040649414e+00
1.465287685394287109e+00
1.310987472534179688e+00
4.586567878723144531e-01
-7.185103893280029297e-01
-1.556045651435852051e+00
-1.563949465751647949e+00
-7.937331795692443848e-01
1.997765600681304932e-01
7.709171772003173828e-01
6.713598370552062988e-01
2.144162058830261230e-01
1.257607247680425644e-02
4.450683891773223877e-01
1.342369198799133301e+00
2.069951534271240234e+00
2.026110410690307617e+00
1.077259421348571777e+00
-3.075102865695953369e-01
-1.431452989578247070e+00
-1.830422043800354004e+00
-1.574773550033569336e+00
-1.081425428390502930e+00
-7.457650303840637207e-01
-5.968768000602722168e-01
-3.825773894786834717e-01
1.415294855833053589e-01
8.605070710182189941e-01
1.359461784362792969e+00
1.204343914985656738e+00
3.735443949699401855e-01
-7.034813761711120605e-01
-1.379318714141845703e+00
-1.311182141304016113e+00
-6.653248667716979980e-01
-4.131025820970535278e-02
3.204367682337760925e-02
-5.797842144966125488e-01
-1.485806584358215332e+00
-2.144629240036010742e+00
-2.194388389587402344e+00
-1.730786919593811035e+00
-1.100464820861816406e+00
-6.608862876892089844e-01
-4.616547822952270508e-01
-3.377629518508911133e-01
-3.437979146838188171e-02
4.939710199832916260e-01
1.129705071449279785e+00
1.638744115829467773e+00
1.925813317298889160e+00
2.007694005966186523e+00
2.016104221343994141e+00
1.984839200973510742e+00
1.894743084907531738e+00
1.643416285514831543e+00
1.237555623054504395e+00
7.349410057067871094e-01
2.831757962703704834e-01
-6.077786162495613098e-02
-2.755834162235260010e-01
-4.219798147678375244e-01
-4.851716458797454834e-01
-4.514537751674652100e-01
-2.643700838088989258e-01
2.055779099464416504e-02
3.227339684963226318e-01
5.067806839942932129e-01
5.423285365104675293e-01
4.211232364177703857e-01
1.933133155107498169e-01
-1.738846451044082642e-01
-6.685565114021301270e-01
-1.226770639419555664e+00
-1.588284015655517578e+00
-1.479927301406860352e+00
-7.520725131034851074e-01
3.406052291393280029e-01
1.254103064537048340e+00
1.377449870109558105e+00
5.128545761108398438e-01
-9.925752878189086914e-01
-2.340745925903320312e+00
-2.836897373199462891e+00
-2.266885757446289062e+00
-1.090224862098693848e+00
-4.103771224617958069e-02
3.162707090377807617e-01
1.713149249553680420e-02
-4.464311301708221436e-01
-4.708045721054077148e-01
1.439824104309082031e-01
1.112651467323303223e+00
1.841752290725708008e+00
1.917130827903747559e+00
1.332985877990722656e+00
5.065470933914184570e-01
-8.628042787313461304e-02
-1.890304386615753174e-01
7.167971879243850708e-02
3.817208111286163330e-01
4.537898898124694824e-01
2.491074800491333008e-01
-8.001185953617095947e-02
-3.030327558517456055e-01
-3.072766661643981934e-01
-1.168835014104843140e-01
1.299657374620437622e-01
3.081721961498260498e-01
3.414618074893951416e-01
2.485623806715011597e-01
9.570274502038955688e-02
-7.319819647818803787e-03
2.410089597105979919e-02
2.114960551261901855e-01
4.597469568252563477e-01
5.907250046730041504e-01
4.287545382976531982e-01
-5.945406481623649597e-02
-7.064404487609863281e-01
-1.207069396972656250e+00
-1.300007700920104980e+00
-9.502527117729187012e-01
-3.795404434204101562e-01
6.389267742633819580e-02
1.487714350223541260e-01
-9.784418344497680664e-02
-4.095205366611480713e-01
-4.929976463317871094e-01
-2.257852852344512939e-01
2.498472481966018677e-01
6.571095585823059082e-01
7.649990320205688477e-01
5.615625381469726562e-01
