-8.938968777656555176e-01
-8.923814892768859863e-01
-1.134917214512825012e-01
5.532621741294860840e-01
1.022063493728637695e+00
1.375299572944641113e+00
1.523564577102661133e+00
1.413023829460144043e+00
9.148724675178527832e-01
1.724308580160140991e-01
-5.974465608596801758e-01
-1.036020755767822266e+00
-1.029480814933776855e+00
-6.103669404983520508e-01
-7.473067194223403931e-02
3.703036308288574219e-01
5.672991275787353516e-01
6.081337928771972656e-01
5.908269286155700684e-01
6.832632422447204590e-01
8.962097764015197754e-01
1.225120425224304199e+00
1.491662502288818359e+00
1.509447932243347168e+00
1.022701621055603027e+00
-1.244181953370571136e-02
-1.409275293350219727e+00
-2.624186992645263672e+00
-3.085730552673339844e+00
-2.452234745025634766e+00
-9.822656512260437012e-01
6.078945398330688477e-01
1.453539490699768066e+00
1.142653465270996094e+00
-8.908661454916000366e-02
-1.456251144409179688e+00
-2.201404333114624023e+00
-2.019083976745605469e+00
-1.231500864028930664e+00
-4.313164055347442627e-01
-5.271822214126586914e-02
-6.404346972703933716e-02
-1.207494512200355530e-01
8.533811569213867188e-02
5.130655169486999512e-01
8.148593902587890625e-01
6.426678299903869629e-01
-1.714737899601459503e-02
-7.861475348472595215e-01
-1.159162759780883789e+00
-8.508290052413940430e-01
-1.914125983603298664e-03
9.718177318572998047e-01
1.647982716560363770e+00
1.871297478675842285e+00
1.718167424201965332e+00
1.358869910240173340e+00
8.444486260414123535e-01
1.500196307897567749e-01
-7.298402786254882812e-01
-1.588006854057312012e+00
-2.100434303283691406e+00
-1.955439209938049316e+00
-1.151187300682067871e+00
2.177318371832370758e-02
1.046468615531921387e+00
1.539914369583129883e+00
1.371311783790588379e+00
7.804849147796630859e-01
1.212279796600341797e-01
-2.639898955821990967e-01
-3.123215734958648682e-01
-1.476269662380218506e-01
-8.773077279329299927e-02
-3.406346738338470459e-01
-9.596151709556579590e-01
-1.660982847213745117e+00
-2.044924736022949219e+00
-1.708437204360961914e+00
-6.314223408699035645e-01
8.424547314643859863e-01
2.022274255752563477e+00
2.363706350326538086e+00
1.696075201034545898e+00
4.786910116672515869e-01
-5.884342193603515625e-01
-8.798599243164062500e-01
-3.646410107612609863e-01
5.232741832733154297e-01
1.079407572746276855e+00
9.395168423652648926e-01
1.780137270689010620e-01
-6.657968163490295410e-01
-1.122315883636474609e+00
-9.777196049690246582e-01
-4.887401759624481201e-01
-1.028842758387327194e-02
1.524920463562011719e-01
3.453402221202850342e-02
-2.183698713779449463e-01
-4.045186340808868408e-01
-5.204827785491943359e-01
-5.843667387962341309e-01
-6.566249728202819824e-01
-6.367658972740173340e-01
-4.558810293674468994e-01
-5.654647201299667358e-02
4.303593337535858154e-01
8.777862787246704102e-01
1.143450975418090820e+00
1.239476323127746582e+00
1.151426553726196289e+00
8.892710208892822266e-01
3.816288709640502930e-01
-3.034687340259552002e-01
-9.827442169189453125e-01
-1.309501409530639648e+00
-1.107481360435485840e+00
-4.616234004497528076e-01
1.870260685682296753e-01
4.271691143512725830e-01
1.345471143722534180e-01
-3.121620416641235352e-01
-3.704631328582763672e-01
2.847262322902679443e-01
1.371072530746459961e+00
2.202999591827392578e+00
2.122287273406982422e+00
1.069517970085144043e+00
-3.841013014316558838e-01
-1.389814972877502441e+00
-1.469889283180236816e+00
-7.943623065948486328e-01
-2.663825452327728271e-02
2.610389292240142822e-01
-5.981643684208393097e-03
-3.963038325309753418e-01
-4.235003888607025146e-01
9.331364184617996216e-03
5.176115632057189941e-01
5.852440595626831055e-01
4.434391856193542480e-02
-7.500183582305908203e-01
-1.179978966712951660e+00
-8.814550638198852539e-01
-1.276084035634994507e-02
8.537002205848693848e-01
1.220973134040832520e+00
1.001008152961730957e+00
5.460044741630554199e-01
2.460449486970901489e-01
2.176520824432373047e-01
1.865475326776504517e-01
-1.441974937915802002e-01
-8.138225674629211426e-01
-1.430091381072998047e+00
-1.529306888580322266e+00
-8.982834219932556152e-01
1.449950486421585083e-01
1.044474720954895020e+00
1.315084338188171387e+00
9.716582298278808594e-01
3.621685802936553955e-01
-2.153391763567924500e-02
-1.754615572281181812e-03
3.421500325202941895e-01
7.015271782875061035e-01
9.131178855895996094e-01
8.875961899757385254e-01
6.799135208129882812e-01
2.281797677278518677e-01
-4.402489960193634033e-01
-1.244102120399475098e+00
-1.788591265678405762e+00
-1.715056896209716797e+00
-8.243502974510192871e-01
4.998261630535125732e-01
1.599890351295471191e+00
1.774713873863220215e+00
9.551488757133483887e-01
-3.924756050109863281e-01
-1.377692222595214844e+00
-1.481294274330139160e+00
-7.055149674415588379e-01
2.856035530567169189e-01
8.736390471458435059e-01
7.194721102714538574e-01
1.499398648738861084e-01
-3.695060908794403076e-01
-4.065922796726226807e-01
-5.072433874011039734e-02
4.515742361545562744e-01
7.388526201248168945e-01
8.237919807434082031e-01
7.847118973731994629e-01
8.374301195144653320e-01
8.950134515762329102e-01
8.773077726364135742e-01
5.980846285820007324e-01
1.836763471364974976e-01
-2.560143470764160156e-01
-5.030961036682128906e-01
-6.492077708244323730e-01
-7.558405399322509766e-01
-9.777196049690246582e-01
-1.152383565902709961e+00
-1.157806992530822754e+00
-8.193256855010986328e-01
-3.502053022384643555e-01
1.148475613445043564e-02
-4.737461730837821960e-02
-3.911994993686676025e-01
-7.450735569000244141e-01
-6.558274030685424805e-01
-9.131976217031478882e-02
7.585521936416625977e-01
1.381361007690429688e+00
