-9.296841621398925781e-01
-9.466494917869567871e-01
-9.263560771942138672e-01
-5.307146906852722168e-01
1.021978855133056641e-01
6.484979391098022461e-01
8.520819544792175293e-01
6.630280613899230957e-01
2.802933156490325928e-01
-5.674052610993385315e-02
-2.083732932806015015e-01
-2.320760488510131836e-01
-2.278550118207931519e-01
-2.435215711593627930e-01
-1.935996413230895996e-01
-2.987197972834110260e-02
1.751731783151626587e-01
1.826411783695220947e-01
-1.752543598413467407e-01
-8.337366580963134766e-01
-1.412506222724914551e+00
-1.499930500984191895e+00
-9.400744438171386719e-01
-5.544174462556838989e-02
5.859940648078918457e-01
5.302276015281677246e-01
-1.606430560350418091e-01
-9.877234697341918945e-01
-1.332793593406677246e+00
-9.728686809539794922e-01
-1.789071857929229736e-01
4.791692793369293213e-01
6.609175205230712891e-01
4.824162423610687256e-01
4.526254236698150635e-01
9.704334735870361328e-01
2.006049394607543945e+00
3.033710479736328125e+00
3.472130537033081055e+00
3.078518390655517578e+00
2.167829036712646484e+00
1.291232585906982422e+00
8.478609323501586914e-01
7.590567469596862793e-01
6.593752503395080566e-01
2.325630933046340942e-01
-4.246204495429992676e-01
-9.170210361480712891e-01
-8.587382435798645020e-01
-2.941740453243255615e-01
3.288352787494659424e-01
4.492161273956298828e-01
-1.071494892239570618e-01
-1.006799340248107910e+00
-1.596446275711059570e+00
-1.432475090026855469e+00
-5.662688016891479492e-01
4.620415866374969482e-01
1.065244555473327637e+00
9.554974436759948730e-01
3.073242306709289551e-01
-5.136681795120239258e-01
-1.232219099998474121e+00
-1.848653435707092285e+00
-2.455265522003173828e+00
-3.021696805953979492e+00
-3.251499891281127930e+00
-2.811375379562377930e+00
-1.622421860694885254e+00
-8.117385953664779663e-02
1.142521977424621582e+00
1.499037623405456543e+00
9.684852957725524902e-01
5.868869647383689880e-02
-5.210549831390380859e-01
-3.793254196643829346e-01
3.316763639450073242e-01
1.046331048011779785e+00
1.261847615242004395e+00
8.980263471603393555e-01
3.596001863479614258e-01
1.828035265207290649e-01
6.130249500274658203e-01
1.379874348640441895e+00
1.887048602104187012e+00
1.638413071632385254e+00
6.122132539749145508e-01
-6.994751095771789551e-01
-1.603427171707153320e+00
-1.644014120101928711e+00
-8.727001547813415527e-01
2.230657637119293213e-01
1.051363825798034668e+00
1.274186015129089355e+00
9.524128437042236328e-01
4.397187829017639160e-01
1.012237966060638428e-01
1.082859262824058533e-01
3.728315234184265137e-01
6.773958206176757812e-01
8.101150989532470703e-01
6.862437725067138672e-01
3.205555677413940430e-01
-1.909209042787551880e-01
-7.304023504257202148e-01
-1.134161114692687988e+00
-1.241554141044616699e+00
-9.347981214523315430e-01
-2.660878896713256836e-01
5.355039238929748535e-01
1.109565496444702148e+00
1.192038059234619141e+00
7.477735877037048340e-01
3.985636308789253235e-02
-5.747109055519104004e-01
-8.416105508804321289e-01
-8.106833100318908691e-01
-7.209050059318542480e-01
-8.211547136306762695e-01
-1.097714066505432129e+00
-1.313717722892761230e+00
-1.155103921890258789e+00
-5.711392760276794434e-01
1.766343116760253906e-01
6.082357168197631836e-01
4.276238679885864258e-01
-2.908459305763244629e-01
-1.062646985054016113e+00
-1.376546263694763184e+00
-9.875611662864685059e-01
-1.492787152528762817e-01
6.361595392227172852e-01
9.066308140754699707e-01
6.078298091888427734e-01
2.792380750179290771e-02
-3.760784864425659180e-01
-3.680422604084014893e-01
1.079612318426370621e-02
4.574958682060241699e-01
7.184697985649108887e-01
6.674114465713500977e-01
3.945861160755157471e-01
1.022790558636188507e-02
-3.626036047935485840e-01
-6.727689504623413086e-01
-7.985072135925292969e-01
-6.329125761985778809e-01
-8.685602992773056030e-02
7.002868652343750000e-01
1.438319563865661621e+00
1.746617913246154785e+00
1.480692267417907715e+00
7.777267098426818848e-01
6.502025574445724487e-02
-2.975833714008331299e-01
-1.686792671680450439e-01
2.312643229961395264e-01
5.907832980155944824e-01
6.640021204948425293e-01
4.846890866756439209e-01
1.875116080045700073e-01
-9.270054101943969727e-02
-4.174771308898925781e-01
-8.773270249366760254e-01
-1.489621400833129883e+00
-2.003776550292968750e+00
-2.095178365707397461e+00
-1.534916400909423828e+00
-4.875301718711853027e-01
6.110767722129821777e-01
1.234654307365417480e+00
1.180673718452453613e+00
6.162719130516052246e-01
1.785824820399284363e-02
-2.287479341030120850e-01
9.172645397484302521e-03
5.080671906471252441e-01
9.566339254379272461e-01
1.101366877555847168e+00
9.313888549804687500e-01
5.527127981185913086e-01
1.468435078859329224e-01
-1.737932264804840088e-01
-2.943364083766937256e-01
-1.596689820289611816e-01
2.562658786773681641e-01
8.091409802436828613e-01
1.240417718887329102e+00
1.227267503738403320e+00
6.450886130332946777e-01
-3.548109233379364014e-01
-1.336689949035644531e+00
-1.879824161529541016e+00
-1.782415509223937988e+00
-1.224182963371276855e+00
-5.687040090560913086e-01
-1.554479300975799561e-01
-5.398061498999595642e-02
-1.251700818538665771e-01
-1.523633301258087158e-01
-6.891660392284393311e-02
5.235713720321655273e-02
7.321881502866744995e-02
-2.467685192823410034e-02
-1.482234597206115723e-01
-1.635653227567672729e-01
-6.258504092693328857e-02
3.880110383033752441e-02
-1.655946671962738037e-02
-2.448203563690185547e-01
-4.971086978912353516e-01
-5.374521017074584961e-01
-2.496907860040664673e-01
2.846767008304595947e-01
8.239146471023559570e-01
1.158756852149963379e+00
1.237089514732360840e+00
