-7.917806506156921387e-01
-8.339521288871765137e-01
-5.335996150970458984e-01
1.526569295674562454e-02
6.132355928421020508e-01
1.023755550384521484e+00
1.086599349975585938e+00
8.419029712677001953e-01
4.612147510051727295e-01
1.578727066516876221e-01
4.051769524812698364e-02
1.038703247904777527e-01
2.483855485916137695e-01
3.846954703330993652e-01
4.590521156787872314e-01
4.635682106018066406e-01
3.916286528110504150e-01
2.408163100481033325e-01
7.632846478372812271e-03
-2.785989046096801758e-01
-5.737356543540954590e-01
-8.157604932785034180e-01
-9.497169256210327148e-01
-9.202032685279846191e-01
-6.919175386428833008e-01
-2.853412628173828125e-01
1.747285872697830200e-01
4.530094563961029053e-01
3.023879528045654297e-01
-3.797341287136077881e-01
-1.411631345748901367e+00
-2.357659101486206055e+00
-2.730968952178955078e+00
-2.291126251220703125e+00
-1.202237010002136230e+00
3.880030289292335510e-02
9.215390086174011230e-01
1.228188633918762207e+00
1.156439900398254395e+00
1.118784546852111816e+00
1.422889828681945801e+00
2.011445999145507812e+00
2.524627685546875000e+00
2.555286169052124023e+00
1.977734208106994629e+00
1.020511627197265625e+00
1.196448728442192078e-01
-4.084845185279846191e-01
-5.291470885276794434e-01
-4.769257009029388428e-01
-5.009691715240478516e-01
-6.809135079383850098e-01
-8.614303469657897949e-01
-8.403764367103576660e-01
-5.273025035858154297e-01
-5.521092563867568970e-02
3.562631309032440186e-01
5.381792783737182617e-01
5.214506387710571289e-01
4.390158951282501221e-01
4.124281406402587891e-01
3.912470042705535889e-01
2.153734862804412842e-01
-2.745916545391082764e-01
-1.033423781394958496e+00
-1.816744685173034668e+00
-2.256460189819335938e+00
-2.115189075469970703e+00
-1.395093560218811035e+00
-3.852043151855468750e-01
5.339812040328979492e-01
1.047163009643554688e+00
1.086344957351684570e+00
7.805221676826477051e-01
3.826600313186645508e-01
6.437034159898757935e-02
-1.225707978010177612e-01
-2.705208063125610352e-01
-4.508468210697174072e-01
-6.545802354812622070e-01
-7.262653708457946777e-01
-5.115279555320739746e-01
3.409337997436523438e-02
7.096003293991088867e-01
1.174695134162902832e+00
1.111787676811218262e+00
4.826503396034240723e-01
-4.267397224903106689e-01
-1.109688639640808105e+00
-1.157902836799621582e+00
-4.789611399173736572e-01
6.091647744178771973e-01
1.596155405044555664e+00
2.031736612319946289e+00
1.784368753433227539e+00
1.032342553138732910e+00
1.422889828681945801e-01
-5.584063529968261719e-01
-8.756783604621887207e-01
-7.874553203582763672e-01
-3.788436353206634521e-01
1.695764064788818359e-01
6.170520186424255371e-01
6.926808357238769531e-01
2.396077811717987061e-01
-6.659658551216125488e-01
-1.656772971153259277e+00
-2.245774269104003906e+00
-2.084657669067382812e+00
-1.213304638862609863e+00
-4.121737182140350342e-02
8.932974934577941895e-01
1.274240136146545410e+00
1.160701513290405273e+00
8.725615739822387695e-01
6.701639294624328613e-01
5.274296998977661133e-01
1.786722242832183838e-01
-5.764707326889038086e-01
-1.576691746711730957e+00
-2.294751644134521484e+00
-2.162194728851318359e+00
-1.025790929794311523e+00
6.601140499114990234e-01
2.046111822128295898e+00
2.433351516723632812e+00
1.718535423278808594e+00
4.654764235019683838e-01
-5.074570775032043457e-01
-6.621494293212890625e-01
-9.331154823303222656e-02
6.190874576568603516e-01
8.383409976959228516e-01
3.443686068058013916e-01
-5.638765692710876465e-01
-1.287088751792907715e+00
-1.371495366096496582e+00
-7.528530955314636230e-01
2.209073007106781006e-01
1.086217641830444336e+00
1.504052400588989258e+00
1.435992836952209473e+00
1.039911746978759766e+00
5.606325864791870117e-01
1.592720597982406616e-01
-7.123990356922149658e-02
-1.356738507747650146e-01
-5.934538319706916809e-02
5.940898880362510681e-02
1.143654882907867432e-01
-2.557003684341907501e-02
-3.829144835472106934e-01
-8.852193951606750488e-01
-1.324807763099670410e+00
-1.525106310844421387e+00
-1.378810167312622070e+00
-9.717249870300292969e-01
-4.698653221130371094e-01
-8.714166283607482910e-02
9.121251851320266724e-02
7.314811646938323975e-02
-2.925924491137266159e-03
-2.970449440181255341e-02
6.074473634362220764e-02
1.986448317766189575e-01
2.958364188671112061e-01
2.508662343025207520e-01
1.057149246335029602e-01
-3.549273684620857239e-02
1.526569365523755550e-03
2.501029372215270996e-01
6.250029206275939941e-01
8.770141005516052246e-01
8.399947881698608398e-01
4.960078299045562744e-01
9.738240391016006470e-02
-7.550157606601715088e-02
1.389814168214797974e-01
5.499466061592102051e-01
7.969328165054321289e-01
5.472751259803771973e-01
-1.362463086843490601e-01
-8.557693362236022949e-01
-1.060647606849670410e+00
-5.430770516395568848e-01
4.404788613319396973e-01
1.241546154022216797e+00
1.364943861961364746e+00
7.777234911918640137e-01
3.027695789933204651e-02
-2.308299988508224487e-01
3.046777844429016113e-01
1.261518716812133789e+00
1.918134331703186035e+00
1.668222188949584961e+00
5.779973268508911133e-01
-7.267742156982421875e-01
-1.445406675338745117e+00
-1.274939775466918945e+00
-5.434587001800537109e-01
-7.950881496071815491e-03
-1.732656210660934448e-01
-9.750961661338806152e-01
-1.768339753150939941e+00
-1.921696305274963379e+00
-1.250260233879089355e+00
-2.317205071449279785e-01
4.346906244754791260e-01
2.946278750896453857e-01
-4.557445645332336426e-01
-1.205480933189392090e+00
-1.319273948669433594e+00
-6.652662158012390137e-01
4.020602107048034668e-01
1.264063000679016113e+00
1.553284287452697754e+00
1.290523529052734375e+00
