3.215178549289703369e-01
3.513099551200866699e-01
-1.990831494331359863e-01
-7.339043617248535156e-01
-1.102194070816040039e+00
-1.174984812736511230e+00
-9.897276163101196289e-01
-6.704342961311340332e-01
-4.264659285545349121e-01
-3.691345155239105225e-01
-5.187706947326660156e-01
-7.433657646179199219e-01
-9.142055511474609375e-01
-9.256098866462707520e-01
-8.053997159004211426e-01
-6.147079467773437500e-01
-4.374760687351226807e-01
-2.557669281959533691e-01
-1.393863558769226074e-02
3.850160837173461914e-01
9.336915016174316406e-01
1.534714221954345703e+00
1.965798258781433105e+00
2.029042959213256836e+00
1.616938114166259766e+00
8.413586020469665527e-01
-3.212925791740417480e-02
-6.531729102134704590e-01
-8.008098602294921875e-01
-4.624811112880706787e-01
1.180137842893600464e-01
6.147079467773437500e-01
7.714682817459106445e-01
5.758205652236938477e-01
2.127965092658996582e-01
-4.561735317111015320e-02
-4.936248064041137695e-02
1.792029887437820435e-01
4.802493751049041748e-01
7.357065677642822266e-01
9.445326328277587891e-01
1.217504620552062988e+00
1.608631253242492676e+00
2.010993242263793945e+00
2.150435924530029297e+00
1.778401017189025879e+00
8.681095242500305176e-01
-2.892196476459503174e-01
-1.228092432022094727e+00
-1.570870161056518555e+00
-1.264755249023437500e+00
-5.981504917144775391e-01
-9.320583194494247437e-03
1.894246488809585571e-01
-2.860940247774124146e-02
-4.515554904937744141e-01
-8.224076628684997559e-01
-1.026953697204589844e+00
-1.127959489822387695e+00
-1.260953783988952637e+00
-1.470061421394348145e+00
-1.653319358825683594e+00
-1.617923617362976074e+00
-1.236202120780944824e+00
-5.319771766662597656e-01
3.119438588619232178e-01
1.070036649703979492e+00
1.565491795539855957e+00
1.741062283515930176e+00
1.614995121955871582e+00
1.258475780487060547e+00
7.410004138946533203e-01
1.616318523883819580e-01
-3.802290856838226318e-01
-7.789022326469421387e-01
-1.001723289489746094e+00
-1.082426548004150391e+00
-1.126185417175292969e+00
-1.192217946052551270e+00
-1.256617307662963867e+00
-1.168592691421508789e+00
-7.758329510688781738e-01
-1.452997233718633652e-02
9.609492421150207520e-01
1.846404671669006348e+00
2.291033029556274414e+00
2.133625030517578125e+00
1.479410171508789062e+00
7.114054560661315918e-01
2.548940181732177734e-01
3.766810894012451172e-01
9.766619205474853516e-01
1.667933821678161621e+00
1.951099276542663574e+00
1.553158283233642578e+00
5.536313652992248535e-01
-6.167353391647338867e-01
-1.480367660522460938e+00
-1.753029823303222656e+00
-1.535868763923645020e+00
-1.158906102180480957e+00
-9.724099040031433105e-01
-1.064264178276062012e+00
-1.279425978660583496e+00
-1.339038252830505371e+00
-1.116020083427429199e+00
-6.795014739036560059e-01
-2.470658421516418457e-01
5.972494184970855713e-02
2.704095244407653809e-01
5.341172814369201660e-01
8.723333477973937988e-01
1.114499568939208984e+00
9.480806589126586914e-01
2.308181822299957275e-01
-8.454134464263916016e-01
-1.755592346191406250e+00
-2.005811929702758789e+00
-1.447224617004394531e+00
-4.458392262458801270e-01
4.005879461765289307e-01
6.521592140197753906e-01
3.714153766632080078e-01
1.374152395874261856e-02
8.841881901025772095e-02
7.157419323921203613e-01
1.566618204116821289e+00
2.091105222702026367e+00
1.973344802856445312e+00
1.322931408882141113e+00
5.821563005447387695e-01
1.309950202703475952e-01
3.525489196181297302e-02
3.207294270396232605e-02
-1.590975672006607056e-01
-5.886046886444091797e-01
-1.017126202583312988e+00
-1.180475711822509766e+00
-1.042328357696533203e+00
-8.709253668785095215e-01
-9.834763407707214355e-01
-1.445901155471801758e+00
-1.935161352157592773e+00
-1.972781658172607422e+00
-1.295279383659362793e+00
-1.095379665493965149e-01
1.033401966094970703e+00
1.612517118453979492e+00
1.498079538345336914e+00
9.820965528488159180e-01
4.986371099948883057e-01
2.603286504745483398e-01
1.353314816951751709e-01
-1.534939408302307129e-01
-6.940314173698425293e-01
-1.222150802612304688e+00
-1.295560956001281738e+00
-6.570307016372680664e-01
5.009742975234985352e-01
1.619838476181030273e+00
2.126585245132446289e+00
1.815091967582702637e+00
9.276936650276184082e-01
-4.817980900406837463e-02
-7.394235134124755859e-01
-1.055900931358337402e+00
-1.135224461555480957e+00
-1.100448250770568848e+00
-9.465600848197937012e-01
-5.766089558601379395e-01
-8.898199535906314850e-03
5.594038963317871094e-01
8.316719532012939453e-01
6.782624721527099609e-01
2.465026676654815674e-01
-9.112207591533660889e-02
-4.826428741216659546e-02
3.838334381580352783e-01
8.967752456665039062e-01
1.148262023925781250e+00
9.899810552597045898e-01
5.993894934654235840e-01
2.597373425960540771e-01
1.458628922700881958e-01
1.454405188560485840e-01
3.514225780963897705e-02
-3.213770687580108643e-01
-7.666813135147094727e-01
-1.005468487739562988e+00
-8.156777024269104004e-01
-3.200254440307617188e-01
1.226881518959999084e-01
1.343740820884704590e-01
-3.220528960227966309e-01
-9.490662217140197754e-01
-1.272386312484741211e+00
-1.055394053459167480e+00
-4.157655835151672363e-01
2.113885581493377686e-01
4.618334770202636719e-01
2.385337054729461670e-01
-1.891430616378784180e-01
-4.828399717807769775e-01
-4.339843690395355225e-01
-1.572953909635543823e-01
1.075386852025985718e-01
1.476932168006896973e-01
9.038994088768959045e-03
-1.287141442298889160e-01
-5.215020850300788879e-02
2.407582551240921021e-01
6.117793917655944824e-01
8.274199366569519043e-01
8.053997159004211426e-01
5.891678333282470703e-01
3.652485907077789307e-01
2.461647540330886841e-01
