-1.746746301651000977e-01
-1.613421291112899780e-01
1.401170492172241211e-01
5.630151629447937012e-01
8.714236021041870117e-01
9.855359792709350586e-01
7.360547184944152832e-01
2.487580627202987671e-01
-3.756054937839508057e-01
-8.391300439834594727e-01
-1.080561518669128418e+00
-1.051223754882812500e+00
-9.775804877281188965e-01
-9.387149810791015625e-01
-1.023395299911499023e+00
-1.028709411621093750e+00
-8.420858383178710938e-01
-3.393498957157135010e-01
2.697001397609710693e-01
7.659584879875183105e-01
8.574307560920715332e-01
5.846176147460937500e-01
1.046161130070686340e-01
-2.215270549058914185e-01
-2.494498491287231445e-01
5.553112551569938660e-02
4.603171944618225098e-01
8.211437463760375977e-01
1.023552536964416504e+00
1.178825855255126953e+00
1.339256048202514648e+00
1.550374984741210938e+00
1.653513193130493164e+00
1.531822681427001953e+00
1.089082956314086914e+00
4.620466530323028564e-01
-1.625684648752212524e-01
-5.505631566047668457e-01
-6.581664681434631348e-01
-5.491795539855957031e-01
-4.262941479682922363e-01
-4.197222292423248291e-01
-5.898374319076538086e-01
-8.308286666870117188e-01
-1.003868222236633301e+00
-9.572358727455139160e-01
-6.656817197799682617e-01
-2.095466703176498413e-01
2.139489203691482544e-01
4.214516878128051758e-01
3.230930566787719727e-01
1.188605092465877533e-02
-2.912711203098297119e-01
-3.649143278598785400e-01
-1.537010967731475830e-01
1.571599990129470825e-01
2.464626133441925049e-01
-1.402113735675811768e-01
-9.636505842208862305e-01
-1.881486415863037109e+00
-2.391328811645507812e+00
-2.161468982696533203e+00
-1.192378401756286621e+00
1.402428150177001953e-01
1.366204023361206055e+00
2.125213384628295898e+00
2.379977226257324219e+00
2.271682024002075195e+00
2.013585090637207031e+00
1.656091570854187012e+00
1.180366635322570801e+00
5.256904959678649902e-01
-1.920005977153778076e-01
-7.938498258590698242e-01
-1.056569337844848633e+00
-9.737128019332885742e-01
-6.659018397331237793e-01
-3.978053629398345947e-01
-2.844791114330291748e-01
-3.388782143592834473e-01
-3.870513141155242920e-01
-3.483430445194244385e-01
-1.921892613172531128e-01
-6.688261777162551880e-02
-3.458903729915618896e-02
-1.254953145980834961e-01
-1.827244460582733154e-01
-1.293630003929138184e-01
7.807689160108566284e-02
2.642287909984588623e-01
3.007988333702087402e-01
7.968056201934814453e-02
-2.457079440355300903e-01
-4.962269067764282227e-01
-4.472991228103637695e-01
-1.376958042383193970e-01
2.879694402217864990e-01
5.118548274040222168e-01
3.825232982635498047e-01
-1.428841650485992432e-01
-8.146346807479858398e-01
-1.363373994827270508e+00
-1.473618745803833008e+00
-1.088737130165100098e+00
-2.980631589889526367e-01
5.302499532699584961e-01
1.055122852325439453e+00
9.727380275726318359e-01
3.351677656173706055e-01
-5.923843979835510254e-01
-1.295422315597534180e+00
-1.418842315673828125e+00
-8.263949751853942871e-01
1.747689694166183472e-01
1.133702874183654785e+00
1.576033711433410645e+00
1.389504432678222656e+00
7.317153215408325195e-01
2.559588663280010223e-02
-4.241559207439422607e-01
-4.698134362697601318e-01
-2.590404450893402100e-01
3.097290918231010437e-02
2.256148457527160645e-01
3.396643400192260742e-01
4.048174917697906494e-01
4.760080277919769287e-01
4.663231074810028076e-01
2.912082374095916748e-01
-1.286712139844894409e-01
-7.007738947868347168e-01
-1.257751703262329102e+00
-1.573046445846557617e+00
-1.547167658805847168e+00
-1.196969389915466309e+00
-6.934787631034851074e-01
-2.189486026763916016e-01
7.688199728727340698e-02
1.812151074409484863e-01
1.790768802165985107e-01
2.329099923372268677e-01
4.684927761554718018e-01
9.107922315597534180e-01
1.429533481597900391e+00
1.786052107810974121e+00
1.749544858932495117e+00
1.232375979423522949e+00
3.877430856227874756e-01
-4.527075886726379395e-01
-9.154145717620849609e-01
-8.213952779769897461e-01
-2.613358795642852783e-01
4.016730487346649170e-01
7.811147570610046387e-01
6.268790960311889648e-01
2.458965964615345001e-02
-7.335076928138732910e-01
-1.248632788658142090e+00
-1.323628067970275879e+00
-9.762284159660339355e-01
-5.040565729141235352e-01
-1.998302936553955078e-01
-2.810830771923065186e-01
-6.472866535186767578e-01
-1.053424835205078125e+00
-1.122980237007141113e+00
-7.020316720008850098e-01
1.703038364648818970e-01
1.111157059669494629e+00
1.738130569458007812e+00
1.720238566398620605e+00
1.134834885597229004e+00
2.665871381759643555e-01
-3.724295794963836670e-01
-5.141817331314086914e-01
-9.958498179912567139e-02
5.081758499145507812e-01
9.454126954078674316e-01
8.659207820892333984e-01
3.402303457260131836e-01
-4.247533679008483887e-01
-1.006446599960327148e+00
-1.235300302505493164e+00
-1.023395299911499023e+00
-6.019435524940490723e-01
-1.125401481986045837e-01
2.211182713508605957e-01
4.327088594436645508e-01
4.884915351867675781e-01
5.469155311584472656e-01
6.117857098579406738e-01
8.288161754608154297e-01
1.139488697052001953e+00
1.579398274421691895e+00
1.944658517837524414e+00
2.172380208969116211e+00
2.087353944778442383e+00
1.811836600303649902e+00
1.406673192977905273e+00
1.122948765754699707e+00
9.244077205657958984e-01
7.981262803077697754e-01
4.619522988796234131e-01
-1.195208430290222168e-01
-9.904413223266601562e-01
-1.842023372650146484e+00
-2.513302326202392578e+00
-2.766211032867431641e+00
-2.722094297409057617e+00
-2.416075706481933594e+00
-2.052073240280151367e+00
-1.543708682060241699e+00
-9.363881349563598633e-01
-1.299918889999389648e-01
6.586381196975708008e-01
1.319823265075683594e+00
1.588391423225402832e+00
