-8.933534622192382812e-01
-9.053624868392944336e-01
-5.183891057968139648e-01
-2.482350915670394897e-01
-1.914607733488082886e-01
-3.167743384838104248e-01
-2.788434326648712158e-01
1.671010255813598633e-01
1.106147289276123047e+00
2.152542352676391602e+00
2.818212747573852539e+00
2.657750844955444336e+00
1.746969819068908691e+00
4.897334277629852295e-01
-4.899286925792694092e-01
-9.199587702751159668e-01
-8.704582452774047852e-01
-7.908374667167663574e-01
-9.679948687553405762e-01
-1.428974986076354980e+00
-1.789733529090881348e+00
-1.725831985473632812e+00
-1.111321926116943359e+00
-2.678107619285583496e-01
4.373526573181152344e-01
7.532482743263244629e-01
8.545438647270202637e-01
1.011686205863952637e+00
1.411888957023620605e+00
1.791344523429870605e+00
1.719192862510681152e+00
8.390688300132751465e-01
-6.455088853836059570e-01
-2.115197420120239258e+00
-2.784675359725952148e+00
-2.342880487442016602e+00
-1.064262270927429199e+00
2.634172141551971436e-01
9.713144302368164062e-01
8.336012959480285645e-01
2.526286542415618896e-01
-1.792076826095581055e-01
-3.993241116404533386e-02
5.555389523506164551e-01
1.150424480438232422e+00
1.214521288871765137e+00
5.678408145904541016e-01
-5.951296091079711914e-01
-1.784851908683776855e+00
-2.556406497955322266e+00
-2.639639854431152344e+00
-2.056079864501953125e+00
-1.003191947937011719e+00
1.760345697402954102e-01
1.136609196662902832e+00
1.582065463066101074e+00
1.424971938133239746e+00
8.130980730056762695e-01
1.114495024085044861e-01
-3.139429390430450439e-01
-2.928539514541625977e-01
4.076230153441429138e-02
3.882426321506500244e-01
5.278596282005310059e-01
5.035974979400634766e-01
5.674991011619567871e-01
9.161510467529296875e-01
1.443278431892395020e+00
1.725539088249206543e+00
1.329680919647216797e+00
1.844311058521270752e-01
-1.237318992614746094e+00
-2.176365137100219727e+00
-2.057739496231079102e+00
-9.485656023025512695e-01
4.763087332248687744e-01
1.323822855949401855e+00
1.106196165084838867e+00
6.932032294571399689e-03
-1.226676821708679199e+00
-1.855831980705261230e+00
-1.571228146553039551e+00
-6.869546175003051758e-01
2.157228887081146240e-01
6.589335799217224121e-01
6.139730215072631836e-01
3.465039730072021484e-01
2.001502215862274170e-01
2.490649968385696411e-01
3.684228658676147461e-01
3.427938818931579590e-01
1.719339340925216675e-01
4.881713073700666428e-03
7.332332432270050049e-02
3.764288723468780518e-01
7.343072295188903809e-01
8.304769992828369141e-01
5.628615021705627441e-01
5.111153423786163330e-02
-3.527037501335144043e-01
-4.240255653858184814e-01
-1.278520524501800537e-01
2.637589573860168457e-01
4.981299936771392822e-01
4.262223541736602783e-01
1.948779821395874023e-01
-1.064213365316390991e-02
-3.055952303111553192e-02
3.641757741570472717e-02
4.647390544414520264e-02
-1.519677191972732544e-01
-4.595156311988830566e-01
-7.113631963729858398e-01
-7.038941979408264160e-01
-4.830943048000335693e-01
-2.030304372310638428e-01
-1.144761666655540466e-01
-2.460383325815200806e-01
-4.883665442466735840e-01
-5.711603760719299316e-01
-3.984942138195037842e-01
-2.484791912138462067e-02
2.648817300796508789e-01
2.854337394237518311e-01
-2.050319314002990723e-02
-4.163613021373748779e-01
-6.599099636077880859e-01
-5.568081736564636230e-01
-1.888246536254882812e-01
2.787458002567291260e-01
6.313031315803527832e-01
8.469283580780029297e-01
9.570598006248474121e-01
1.061528444290161133e+00
1.103364706039428711e+00
1.009294152259826660e+00
6.846114397048950195e-01
2.477957457304000854e-01
-9.875705093145370483e-02
-1.028576865792274475e-01
2.439880073070526123e-01
7.493917346000671387e-01
1.048103809356689453e+00
9.358243346214294434e-01
4.413556456565856934e-01
-1.188208907842636108e-01
-4.580022990703582764e-01
-4.704506695270538330e-01
-3.816034793853759766e-01
-4.928089082241058350e-01
-9.793692231178283691e-01
-1.637912273406982422e+00
-2.051686286926269531e+00
-1.812531113624572754e+00
-8.938416242599487305e-01
3.421592414379119873e-01
1.294483780860900879e+00
1.546526670455932617e+00
1.066605448722839355e+00
2.447690814733505249e-01
-4.217799901962280273e-01
-6.030380129814147949e-01
-3.345926105976104736e-01
1.084228456020355225e-01
4.140180647373199463e-01
4.540969431400299072e-01
2.973939478397369385e-01
9.470523148775100708e-02
-7.410439848899841309e-02
-2.415959686040878296e-01
-4.729403555393218994e-01
-7.481225132942199707e-01
-9.138566255569458008e-01
-7.753136157989501953e-01
-2.293916940689086914e-01
6.133384108543395996e-01
1.473349809646606445e+00
2.016098499298095703e+00
2.039677381515502930e+00
1.529538273811340332e+00
6.801202297210693359e-01
-2.538978755474090576e-01
-1.019057512283325195e+00
-1.498246550559997559e+00
-1.660416960716247559e+00
-1.600518345832824707e+00
-1.412865281105041504e+00
-1.210615992546081543e+00
-9.985055327415466309e-01
-7.515885233879089355e-01
-3.673000633716583252e-01
1.687608063220977783e-01
8.171987533569335938e-01
1.376838326454162598e+00
1.661344528198242188e+00
1.504446268081665039e+00
9.587684273719787598e-01
1.845775693655014038e-01
-5.113593935966491699e-01
-9.281600713729858398e-01
-9.366542696952819824e-01
-6.361359953880310059e-01
-1.679797321557998657e-01
2.229966372251510620e-01
4.126023650169372559e-01
2.933421134948730469e-01
-5.457754805684089661e-02
-5.258092880249023438e-01
-8.806610107421875000e-01
-9.801990985870361328e-01
-7.077995538711547852e-01
-1.839429438114166260e-01
4.291513860225677490e-01
8.513218760490417480e-01
9.761472940444946289e-01
7.648667693138122559e-01
4.093804359436035156e-01
