7.155042290687561035e-01
7.061198949813842773e-01
2.961796820163726807e-01
-4.268894195556640625e-01
-1.171743512153625488e+00
-1.439530849456787109e+00
-1.170498609542846680e+00
-6.015999913215637207e-01
-3.403241336345672607e-01
-6.463668942451477051e-01
-1.414442300796508789e+00
-1.984920859336853027e+00
-1.875277876853942871e+00
-9.543727040290832520e-01
2.067416459321975708e-01
9.827649593353271484e-01
9.682097434997558594e-01
5.017243623733520508e-01
1.739923954010009766e-01
5.270044803619384766e-01
1.388396143913269043e+00
2.179549217224121094e+00
2.175814628601074219e+00
1.274922728538513184e+00
-8.330950886011123657e-02
-1.046156764030456543e+00
-1.142968177795410156e+00
-4.055353701114654541e-01
5.455336570739746094e-01
1.164848923683166504e+00
1.178255081176757812e+00
8.483206629753112793e-01
4.949255287647247314e-01
3.729297518730163574e-01
3.809734284877777100e-01
4.077378213405609131e-01
3.677109479904174805e-01
4.030456542968750000e-01
5.502257943153381348e-01
7.229733467102050781e-01
5.914975404739379883e-01
1.484249951317906380e-03
-9.086481928825378418e-01
-1.578380107879638672e+00
-1.507519125938415527e+00
-5.624349713325500488e-01
7.340812683105468750e-01
1.621662735939025879e+00
1.524947047233581543e+00
5.759368538856506348e-01
-5.711967945098876953e-01
-1.124008059501647949e+00
-8.005373477935791016e-01
8.881559967994689941e-02
8.408994078636169434e-01
9.756788611412048340e-01
4.930582344532012939e-01
-1.329600661993026733e-01
-4.287088215351104736e-01
-2.361393719911575317e-01
1.613044440746307373e-01
3.581351339817047119e-01
1.333431005477905273e-01
-3.524375259876251221e-01
-7.475831508636474609e-01
-7.708044648170471191e-01
-4.399125277996063232e-01
-1.690129749476909637e-02
1.839512288570404053e-01
2.427466772496700287e-02
-4.216227233409881592e-01
-9.359871149063110352e-01
-1.303267121315002441e+00
-1.386385202407836914e+00
-1.134062647819519043e+00
-5.923114418983459473e-01
1.084938794374465942e-01
7.364273667335510254e-01
1.045486450195312500e+00
8.800644278526306152e-01
3.132724761962890625e-01
-3.903098404407501221e-01
-8.928959965705871582e-01
-1.025233626365661621e+00
-8.503794074058532715e-01
-6.271195411682128906e-01
-5.607113242149353027e-01
-6.729876399040222168e-01
-7.385340332984924316e-01
-5.027776956558227539e-01
1.658050715923309326e-01
1.117352962493896484e+00
2.049557685852050781e+00
2.612040519714355469e+00
2.639235734939575195e+00
2.138899803161621094e+00
1.311454534530639648e+00
3.967256247997283936e-01
-3.253380060195922852e-01
-6.794992089271545410e-01
-5.668398141860961914e-01
-9.915746748447418213e-02
5.034000873565673828e-01
9.259325265884399414e-01
9.950219988822937012e-01
7.072211503982543945e-01
2.907214760780334473e-01
-2.633346617221832275e-02
-1.093557029962539673e-01
-6.530699878931045532e-02
-8.187314122915267944e-02
-3.339562416076660156e-01
-7.821039557456970215e-01
-1.277268886566162109e+00
-1.605718970298767090e+00
-1.703152775764465332e+00
-1.595089912414550781e+00
-1.405584692955017090e+00
-1.182803511619567871e+00
-9.489623308181762695e-01
-6.772009730339050293e-01
-4.227718412876129150e-01
-2.434169799089431763e-01
-2.035337537527084351e-01
-2.534715831279754639e-01
-3.244761824607849121e-01
-3.487029671669006348e-01
-3.871498405933380127e-01
-5.207323431968688965e-01
-7.746827006340026855e-01
-9.702685475349426270e-01
-8.366381525993347168e-01
-1.627887040376663208e-01
9.543727040290832520e-01
2.127887725830078125e+00
2.854643583297729492e+00
2.847317934036254883e+00
2.185917139053344727e+00
1.261899709701538086e+00
4.729011654853820801e-01
7.181854452937841415e-04
-2.545728087425231934e-01
-4.911909699440002441e-01
-7.921106815338134766e-01
-1.046300411224365234e+00
-1.080581784248352051e+00
-8.482248783111572266e-01
-4.957873523235321045e-01
-2.626164853572845459e-01
-2.571582794189453125e-01
-3.861922621726989746e-01
-4.186063408851623535e-01
-2.279999405145645142e-01
1.123720780014991760e-01
3.582308888435363770e-01
3.380738198757171631e-01
7.880888134241104126e-02
-1.798815131187438965e-01
-2.261805385351181030e-01
-1.484249951317906380e-03
3.138470351696014404e-01
5.315529704093933105e-01
5.601846575736999512e-01
5.154177546501159668e-01
4.915739893913269043e-01
4.943509697914123535e-01
3.334774374961853027e-01
-9.307683259248733521e-02
-7.007095813751220703e-01
-1.088098764419555664e+00
-9.091748595237731934e-01
-8.570346236228942871e-02
9.367532134056091309e-01
1.542231440544128418e+00
1.276646375656127930e+00
3.299822807312011719e-01
-6.747112870216369629e-01
-9.783121943473815918e-01
-3.801594972610473633e-01
7.363794445991516113e-01
1.525138616561889648e+00
1.415016770362854004e+00
3.587096929550170898e-01
-1.009002685546875000e+00
-1.994065761566162109e+00
-2.151108980178833008e+00
-1.683809638023376465e+00
-1.026765823364257812e+00
-6.185491681098937988e-01
-4.119990468025207520e-01
-1.583838313817977905e-01
4.648096263408660889e-01
1.316864848136901855e+00
2.013121604919433594e+00
1.988272428512573242e+00
1.144643902778625488e+00
-2.223502099514007568e-01
-1.353779554367065430e+00
-1.705067992210388184e+00
-1.080150842666625977e+00
3.629230335354804993e-02
1.016136646270751953e+00
1.260798454284667969e+00
7.897645831108093262e-01
-2.087525650858879089e-02
-4.841048717498779297e-01
-2.913917601108551025e-01
5.130716562271118164e-01
1.326392769813537598e+00
1.615055441856384277e+00
1.029973626136779785e+00
-1.124199628829956055e-01
-1.265203356742858887e+00
-1.742030620574951172e+00
-1.385236024856567383e+00
-3.915547132492065430e-01
5.949926972389221191e-01
