-6.170904636383056641e-01
-6.718788146972656250e-01
-6.289533376693725586e-01
-5.703322887420654297e-01
-2.981423437595367432e-01
2.151749730110168457e-01
9.096845984458923340e-01
1.508086442947387695e+00
1.857695579528808594e+00
1.885984063148498535e+00
1.765018820762634277e+00
1.582841038703918457e+00
1.378725886344909668e+00
9.829426407814025879e-01
3.673852682113647461e-01
-3.579314351081848145e-01
-8.020788431167602539e-01
-7.079055905342102051e-01
-6.168714165687561035e-02
6.889249086380004883e-01
1.066822528839111328e+00
7.918584942817687988e-01
1.483046561479568481e-01
-3.703053593635559082e-01
-3.536607921123504639e-01
2.657292224466800690e-02
2.517492473125457764e-01
-2.290454506874084473e-01
-1.350181937217712402e+00
-2.496978759765625000e+00
-2.796654224395751953e+00
-1.917776584625244141e+00
-2.774826288223266602e-01
1.070837736129760742e+00
1.279515504837036133e+00
1.898065954446792603e-01
-1.452823519706726074e+00
-2.655759334564208984e+00
-2.770154237747192383e+00
-1.998371362686157227e+00
-1.046272397041320801e+00
-6.370566487312316895e-01
-8.830021619796752930e-01
-1.375513792037963867e+00
-1.485127091407775879e+00
-9.758979082107543945e-01
-7.555762678384780884e-02
6.607094407081604004e-01
8.919084668159484863e-01
6.512921452522277832e-01
3.538067936897277832e-01
3.573839068412780762e-01
7.700672745704650879e-01
1.331237792968750000e+00
1.714428067207336426e+00
1.695666432380676270e+00
1.328865170478820801e+00
7.714908123016357422e-01
2.059036493301391602e-01
-3.032160401344299316e-01
-6.919910311698913574e-01
-8.907769322395324707e-01
-7.749218940734863281e-01
-3.281829059123992920e-01
3.282194137573242188e-01
9.097210764884948730e-01
1.174245834350585938e+00
1.047075390815734863e+00
7.069565653800964355e-01
4.245827496051788330e-01
3.996888697147369385e-01
5.970147252082824707e-01
8.152193427085876465e-01
8.185774087905883789e-01
5.279178619384765625e-01
4.672162234783172607e-02
-3.942501842975616455e-01
-6.039134860038757324e-01
-5.256547331809997559e-01
-2.705473899841308594e-01
-4.018789529800415039e-02
-2.872649766504764557e-02
-3.185100555419921875e-01
-8.375216126441955566e-01
-1.382704496383666992e+00
-1.711142897605895996e+00
-1.662815213203430176e+00
-1.238013505935668945e+00
-5.992413163185119629e-01
3.420168906450271606e-02
4.991913437843322754e-01
7.621829509735107422e-01
8.684381842613220215e-01
8.641675114631652832e-01
7.276162505149841309e-01
4.361536502838134766e-01
3.237662464380264282e-02
-3.069756627082824707e-01
-3.944692015647888184e-01
-1.645477116107940674e-01
2.041150927543640137e-01
4.200565814971923828e-01
2.801107168197631836e-01
-1.057441756129264832e-01
-3.919506072998046875e-01
-2.452155202627182007e-01
3.087277114391326904e-01
8.661385774612426758e-01
8.850462436676025391e-01
1.594375371932983398e-01
-9.907904267311096191e-01
-1.868134856224060059e+00
-1.944094061851501465e+00
-1.239181518554687500e+00
-3.624210953712463379e-01
-2.628091257065534592e-03
-3.984113335609436035e-01
-1.074305295944213867e+00
-1.225749135017395020e+00
-3.221236765384674072e-01
1.386281609535217285e+00
3.019786357879638672e+00
3.627715110778808594e+00
2.894039630889892578e+00
1.306124925613403320e+00
-1.694023907184600830e-01
-7.880258560180664062e-01
-4.423588514328002930e-01
3.444259762763977051e-01
9.180799126625061035e-01
9.232995510101318359e-01
4.941176772117614746e-01
-9.344324469566345215e-03
-2.962077856063842773e-01
-3.571649193763732910e-01
-3.288399279117584229e-01
-3.221601843833923340e-01
-2.870094776153564453e-01
-1.365147382020950317e-01
1.262578815221786499e-01
3.368336856365203857e-01
3.232187330722808838e-01
5.405837669968605042e-02
-2.919006347656250000e-01
-4.980598092079162598e-01
-4.802836775779724121e-01
-3.724589347839355469e-01
-3.571284115314483643e-01
-4.719249010086059570e-01
-5.270417928695678711e-01
-2.873379886150360107e-01
2.700728774070739746e-01
8.409526944160461426e-01
9.917394518852233887e-01
5.162739157676696777e-01
-3.302269577980041504e-01
-9.578662514686584473e-01
-8.608459234237670898e-01
-1.288494747132062912e-02
1.077699899673461914e+00
1.728043079376220703e+00
1.554589033126831055e+00
7.330184578895568848e-01
-1.884195506572723389e-01
-7.126507759094238281e-01
-7.593358755111694336e-01
-6.338810324668884277e-01
-7.348800301551818848e-01
-1.161652803421020508e+00
-1.661209225654602051e+00
-1.816595077514648438e+00
-1.428039073944091797e+00
-6.458534598350524902e-01
1.041381210088729858e-01
4.665957093238830566e-01
3.385127484798431396e-01
-6.416922807693481445e-02
-4.410813152790069580e-01
-5.475555062294006348e-01
-3.440609574317932129e-01
1.100513264536857605e-01
6.604174375534057617e-01
1.166617035865783691e+00
1.441544532775878906e+00
1.366534471511840820e+00
9.120206832885742188e-01
2.940542101860046387e-01
-1.679788380861282349e-01
-1.555318981409072876e-01
3.342786133289337158e-01
1.020648479461669922e+00
1.413329124450683594e+00
1.223266959190368652e+00
4.803201854228973389e-01
-3.913300931453704834e-01
-9.576107859611511230e-01
-9.573552608489990234e-01
-5.406932830810546875e-01
-1.405298803001642227e-02
2.836513519287109375e-01
2.773001194000244141e-01
1.624306477606296539e-02
-3.236202299594879150e-01
-6.747989654541015625e-01
-9.309283494949340820e-01
-1.021633982658386230e+00
-7.701767683029174805e-01
-1.488156765699386597e-01
7.312299013137817383e-01
1.462313771247863770e+00
1.675517678260803223e+00
1.161981344223022461e+00
1.750235855579376221e-01
-8.275202512741088867e-01
-1.338392019271850586e+00
-1.249182939529418945e+00
-7.514516115188598633e-01
