-6.970210075378417969e-01
-6.898394823074340820e-01
-3.293597698211669922e-01
2.604336142539978027e-01
6.648279428482055664e-01
5.666804313659667969e-01
1.873801276087760925e-02
-6.162081956863403320e-01
-9.227026104927062988e-01
-7.808880805969238281e-01
-4.296535253524780273e-01
-2.828862071037292480e-01
-5.486027598381042480e-01
-1.056510210037231445e+00
-1.337993144989013672e+00
-1.004671096801757812e+00
-2.113185450434684753e-02
1.212687849998474121e+00
2.139105081558227539e+00
2.355706453323364258e+00
1.845983147621154785e+00
8.937289118766784668e-01
-1.007890403270721436e-01
-8.474203944206237793e-01
-1.194857835769653320e+00
-1.124941110610961914e+00
-6.811721324920654297e-01
-3.285343199968338013e-02
5.534729957580566406e-01
7.474568486213684082e-01
3.991113901138305664e-01
-3.391827940940856934e-01
-9.915462732315063477e-01
-1.080283522605895996e+00
-4.309742748737335205e-01
6.095219254493713379e-01
1.408405065536499023e+00
1.437626481056213379e+00
7.009832262992858887e-01
-2.956808805465698242e-01
-8.486586213111877441e-01
-6.020928025245666504e-01
2.696788012981414795e-01
1.176450014114379883e+00
1.615431308746337891e+00
1.475927948951721191e+00
1.104717254638671875e+00
9.158512949943542480e-01
1.070955753326416016e+00
1.298370838165283203e+00
1.186520695686340332e+00
5.084852576255798340e-01
-5.125300288200378418e-01
-1.383476138114929199e+00
-1.655713915824890137e+00
-1.289373397827148438e+00
-6.274344921112060547e-01
-1.830877065658569336e-01
-2.386413812637329102e-01
-7.378814816474914551e-01
-1.317356586456298828e+00
-1.631940484046936035e+00
-1.502012610435485840e+00
-1.015567183494567871e+00
-3.603146374225616455e-01
2.561411857604980469e-01
7.224453091621398926e-01
9.496952891349792480e-01
8.994245529174804688e-01
5.440627336502075195e-01
-2.757046744227409363e-02
-6.445215940475463867e-01
-1.058408737182617188e+00
-1.106615781784057617e+00
-7.430818676948547363e-01
-1.151520982384681702e-01
5.568574070930480957e-01
1.014494180679321289e+00
1.100672483444213867e+00
7.604991197586059570e-01
1.265434920787811279e-01
-5.401005148887634277e-01
-8.754035830497741699e-01
-6.249580979347229004e-01
2.336885929107666016e-01
1.369608402252197266e+00
2.272004604339599609e+00
2.471766710281372070e+00
1.859933376312255859e+00
7.154288291931152344e-01
-4.339459538459777832e-01
-1.174551367759704590e+00
-1.382815718650817871e+00
-1.251732230186462402e+00
-1.015567183494567871e+00
-7.850979566574096680e-01
-4.739809036254882812e-01
-2.600208669900894165e-02
4.373303353786468506e-01
5.894631743431091309e-01
1.909296065568923950e-01
-6.578115224838256836e-01
-1.423015832901000977e+00
-1.478156805038452148e+00
-5.392750501632690430e-01
1.009046077728271484e+00
2.322192668914794922e+00
2.603345394134521484e+00
1.685182929039001465e+00
1.346330344676971436e-01
-1.102653622627258301e+00
-1.375304102897644043e+00
-7.250042557716369629e-01
1.729345172643661499e-01
5.622228980064392090e-01
1.307533532381057739e-01
-7.859234213829040527e-01
-1.533297657966613770e+00
-1.625419378280639648e+00
-1.092665433883666992e+00
-3.614702820777893066e-01
1.294326186180114746e-01
3.015416562557220459e-01
4.440166056156158447e-01
9.175847768783569336e-01
1.764179706573486328e+00
2.604913949966430664e+00
2.868566751480102539e+00
2.214222192764282227e+00
8.025152087211608887e-01
-7.723858356475830078e-01
-1.854980587959289551e+00
-2.111121892929077148e+00
-1.682623982429504395e+00
-1.022501111030578613e+00
-5.732015371322631836e-01
-5.027070045471191406e-01
-6.826579570770263672e-01
-8.517953753471374512e-01
-8.224914073944091797e-01
-5.890504717826843262e-01
-2.792541682720184326e-01
-3.945713490247726440e-02
5.646167322993278503e-02
1.155648287385702133e-02
-1.358712166547775269e-01
-3.448784649372100830e-01
-5.696520805358886719e-01
-7.321032285690307617e-01
-7.297093868255615234e-01
-4.920585453510284424e-01
-5.035324767231941223e-02
4.365874230861663818e-01
7.617373466491699219e-01
7.865012288093566895e-01
5.563620924949645996e-01
2.806574404239654541e-01
2.192429900169372559e-01
4.897472560405731201e-01
9.763577580451965332e-01
1.366966843605041504e+00
1.355080246925354004e+00
8.427152633666992188e-01
4.333681240677833557e-02
-6.340382099151611328e-01
-8.134938478469848633e-01
-4.022481739521026611e-01
3.622957468032836914e-01
1.044953703880310059e+00
1.300104379653930664e+00
1.062040805816650391e+00
5.757604837417602539e-01
1.931583583354949951e-01
1.414843797683715820e-01
3.630386590957641602e-01
5.868217349052429199e-01
5.169875025749206543e-01
4.490519315004348755e-02
-7.023040056228637695e-01
-1.436635971069335938e+00
-1.904095649719238281e+00
-1.985981583595275879e+00
-1.719769835472106934e+00
-1.217970728874206543e+00
-6.011022329330444336e-01
3.062468022108078003e-02
5.632134675979614258e-01
8.682220578193664551e-01
8.389181494712829590e-01
4.774478375911712646e-01
-8.345431834459304810e-02
-6.111728549003601074e-01
-9.168418645858764648e-01
-9.455679655075073242e-01
-8.077981472015380859e-01
-6.814197897911071777e-01
-6.843914389610290527e-01
-7.818786501884460449e-01
-8.255456089973449707e-01
-6.511252522468566895e-01
-2.088421583175659180e-01
4.012576043605804443e-01
9.699191451072692871e-01
1.297297835350036621e+00
1.282356858253479004e+00
9.690936803817749023e-01
5.118696689605712891e-01
1.009541377425193787e-01
-1.267911344766616821e-01
-1.316613554954528809e-01
1.650926098227500916e-02
1.969554871320724487e-01
3.058340847492218018e-01
3.148316144943237305e-01
2.738060951232910156e-01
2.550680935382843018e-01
2.904804646968841553e-01
