-2.981627881526947021e-01
-2.921212315559387207e-01
1.451096236705780029e-01
4.549080431461334229e-01
3.439221084117889404e-01
-1.971342712640762329e-01
-7.813207507133483887e-01
-9.730847477912902832e-01
-5.582301020622253418e-01
2.052456438541412354e-01
8.190805912017822266e-01
8.218775987625122070e-01
1.672061085700988770e-01
-8.188568353652954102e-01
-1.600736975669860840e+00
-1.825897455215454102e+00
-1.436663627624511719e+00
-6.935501694679260254e-01
8.922507613897323608e-02
6.609368324279785156e-01
9.555194377899169922e-01
9.805248379707336426e-01
8.049836158752441406e-01
4.904302358627319336e-01
1.734714508056640625e-01
1.521581225097179413e-02
1.762684732675552368e-01
6.611046791076660156e-01
1.297763347625732422e+00
1.767104029655456543e+00
1.813982129096984863e+00
1.388554692268371582e+00
7.188912034034729004e-01
1.501442641019821167e-01
-5.789840221405029297e-02
7.445678859949111938e-02
2.773529291152954102e-01
2.121822685003280640e-01
-2.520678341388702393e-01
-9.168086051940917969e-01
-1.336194515228271484e+00
-1.115565180778503418e+00
-2.055812925100326538e-01
9.995446205139160156e-01
1.850902915000915527e+00
1.845141053199768066e+00
9.473521113395690918e-01
-3.487329781055450439e-01
-1.329593420028686523e+00
-1.503624320030212402e+00
-9.387372732162475586e-01
-1.860580593347549438e-01
8.144934475421905518e-02
-4.349372684955596924e-01
-1.475430369377136230e+00
-2.378309726715087891e+00
-2.572926759719848633e+00
-1.929723024368286133e+00
-8.603087663650512695e-01
4.385733976960182190e-02
3.931497335433959961e-01
2.762341201305389404e-01
7.831668108701705933e-02
1.717932373285293579e-01
5.571672320365905762e-01
9.288917779922485352e-01
8.923066854476928711e-01
3.680883944034576416e-01
-3.713888823986053467e-01
-8.228845596313476562e-01
-6.804600954055786133e-01
1.924352720379829407e-02
8.684760332107543945e-01
1.462787747383117676e+00
1.595478653907775879e+00
1.427713036537170410e+00
1.226271390914916992e+00
1.209321379661560059e+00
1.306434154510498047e+00
1.329761266708374023e+00
1.067847967147827148e+00
5.517969727516174316e-01
-5.532513931393623352e-02
-4.921644032001495361e-01
-6.777189970016479492e-01
-6.566294431686401367e-01
-6.446581482887268066e-01
-7.653777599334716797e-01
-1.067512273788452148e+00
-1.406399726867675781e+00
-1.650412201881408691e+00
-1.665627956390380859e+00
-1.499540686607360840e+00
-1.229907512664794922e+00
-1.012970328330993652e+00
-8.581830263137817383e-01
-7.148634791374206543e-01
-3.782136142253875732e-01
2.582772374153137207e-01
1.204230904579162598e+00
2.174071073532104492e+00
2.807261466979980469e+00
2.741643190383911133e+00
1.972965002059936523e+00
7.938514351844787598e-01
-2.162099778652191162e-01
-6.378893852233886719e-01
-3.527607023715972900e-01
2.638712823390960693e-01
7.002630233764648438e-01
5.215331315994262695e-01
-2.406000345945358276e-01
-1.239193677902221680e+00
-1.936268091201782227e+00
-2.054805994033813477e+00
-1.604373097419738770e+00
-9.382897615432739258e-01
-3.864368796348571777e-01
-1.863936930894851685e-01
-2.906108200550079346e-01
-5.818929672241210938e-01
-8.577914237976074219e-01
-1.032661318778991699e+00
-9.978104829788208008e-01
-7.438966035842895508e-01
-2.454109191894531250e-01
3.735146224498748779e-01
9.763852357864379883e-01
1.369926571846008301e+00
1.530923247337341309e+00
1.513973355293273926e+00
1.492100596427917480e+00
1.495792627334594727e+00
1.455795168876647949e+00
1.160149693489074707e+00
5.489999055862426758e-01
-2.670598924160003662e-01
-9.302902817726135254e-01
-1.155562639236450195e+00
-8.514142036437988281e-01
-2.929043769836425781e-01
1.344249844551086426e-01
1.095874160528182983e-01
-3.345800340175628662e-01
-9.275491833686828613e-01
-1.279750466346740723e+00
-1.206692218780517578e+00
-7.394772768020629883e-01
-1.334740072488784790e-01
3.800596594810485840e-01
6.420289874076843262e-01
6.612724661827087402e-01
4.918847084045410156e-01
2.489351630210876465e-01
1.812471821904182434e-02
-9.811961650848388672e-02
-7.647064328193664551e-02
4.978703334927558899e-02
1.470675319433212280e-01
1.257542073726654053e-01
-5.258405581116676331e-03
-6.779986619949340820e-02
1.192091777920722961e-01
5.983394384384155273e-01
1.135256171226501465e+00
1.379660248756408691e+00
1.096377611160278320e+00
4.170363247394561768e-01
-2.342787533998489380e-01
-4.278328418731689453e-01
-1.036017835140228271e-01
3.492364585399627686e-01
3.546067476272583008e-01
-3.716685771942138672e-01
-1.543286085128784180e+00
-2.444207668304443359e+00
-2.437550783157348633e+00
-1.457025885581970215e+00
-9.274932742118835449e-02
8.032494187355041504e-01
7.266669273376464844e-01
-1.389002203941345215e-01
-1.066561341285705566e+00
-1.332278609275817871e+00
-6.986407041549682617e-01
4.585441648960113525e-01
1.499149084091186523e+00
1.954280853271484375e+00
1.804472208023071289e+00
1.336250424385070801e+00
8.740701079368591309e-01
5.222044587135314941e-01
2.465856671333312988e-01
1.051681116223335266e-02
-6.718452274799346924e-02
1.348165720701217651e-01
5.914587378501892090e-01
9.937827587127685547e-01
9.810842275619506836e-01
3.953873515129089355e-01
-4.746550321578979492e-01
-1.106838464736938477e+00
-1.070533037185668945e+00
-4.248679876327514648e-01
3.600329756736755371e-01
6.960115432739257812e-01
3.804512619972229004e-01
-3.214899599552154541e-01
-8.487849831581115723e-01
-8.576235771179199219e-01
-4.162531495094299316e-01
2.808212488889694214e-02
1.157408654689788818e-01
-1.848833113908767700e-01
-4.979262650012969971e-01
-4.465169608592987061e-01
8.402261137962341309e-02
