-1.513214260339736938e-01
-1.037858948111534119e-01
-7.859206795692443848e-01
-1.371513128280639648e+00
-1.631487131118774414e+00
-1.413559436798095703e+00
-8.262127041816711426e-01
-1.110294088721275330e-01
3.943184912204742432e-01
5.297381877899169922e-01
3.208647966384887695e-01
3.446325659751892090e-02
-6.128687411546707153e-02
1.991964876651763916e-01
7.077134251594543457e-01
1.214362859725952148e+00
1.427367329597473145e+00
1.264275193214416504e+00
8.478300571441650391e-01
4.685644805431365967e-01
3.212609291076660156e-01
4.281026721000671387e-01
5.814047455787658691e-01
5.542981624603271484e-01
2.359799295663833618e-01
-2.485994845628738403e-01
-6.670252680778503418e-01
-8.237793445587158203e-01
-7.139949202537536621e-01
-4.841266870498657227e-01
-3.159980773925781250e-01
-2.767812609672546387e-01
-3.101693093776702881e-01
-3.148662745952606201e-01
-2.689152657985687256e-01
-2.423745989799499512e-01
-3.104522526264190674e-01
-4.400997459888458252e-01
-4.687342345714569092e-01
-2.283968776464462280e-01
3.032087385654449463e-01
9.291497468948364258e-01
1.361553311347961426e+00
1.403656125068664551e+00
1.112670898437500000e+00
7.173902988433837891e-01
4.424199163913726807e-01
2.994172275066375732e-01
1.183860972523689270e-01
-3.067739009857177734e-01
-9.470887780189514160e-01
-1.531719088554382324e+00
-1.660008430480957031e+00
-1.144134879112243652e+00
-1.209326386451721191e-01
9.559167623519897461e-01
1.629506468772888184e+00
1.646200537681579590e+00
1.099655151367187500e+00
2.674439251422882080e-01
-5.125914216041564941e-01
-1.032596111297607422e+00
-1.150020241737365723e+00
-8.302305936813354492e-01
-8.041426539421081543e-02
9.024392962455749512e-01
1.798144459724426270e+00
2.203441381454467773e+00
1.941599845886230469e+00
1.141418576240539551e+00
2.627469599246978760e-01
-2.764417231082916260e-01
-3.161678314208984375e-01
-1.480392068624496460e-01
-1.950088292360305786e-01
-7.270106077194213867e-01
-1.534435510635375977e+00
-2.132081508636474609e+00
-2.054157257080078125e+00
-1.303718447685241699e+00
-2.897969484329223633e-01
3.974309563636779785e-01
5.034238696098327637e-01
1.951786130666732788e-01
-3.044537268579006195e-02
1.370607614517211914e-01
6.432574987411499023e-01
1.032596111297607422e+00
9.170395135879516602e-01
2.150416672229766846e-01
-6.866620182991027832e-01
-1.304680466651916504e+00
-1.311980485916137695e+00
-8.144986033439636230e-01
-1.139720827341079712e-01
4.638109207153320312e-01
8.431330919265747070e-01
1.045668363571166992e+00
1.101805567741394043e+00
8.674667477607727051e-01
2.143625915050506592e-01
-8.286460638046264648e-01
-1.895705461502075195e+00
-2.523174285888671875e+00
-2.387019157409667969e+00
-1.607040286064147949e+00
-6.086810827255249023e-01
1.277800202369689941e-01
4.577558040618896484e-01
5.621076226234436035e-01
7.729616165161132812e-01
1.174976348876953125e+00
1.553676009178161621e+00
1.526965618133544922e+00
9.459569454193115234e-01
3.010583296418190002e-02
-7.083359360694885254e-01
-8.927058577537536621e-01
-5.051781535148620605e-01
6.615360826253890991e-02
3.913758397102355957e-01
2.950598001480102539e-01
2.829495584592223167e-03
-1.022013798356056213e-01
2.358101606369018555e-01
9.264334440231323242e-01
1.656839489936828613e+00
2.104691982269287109e+00
2.152963161468505859e+00
1.855696439743041992e+00
1.304567217826843262e+00
5.213628411293029785e-01
-4.717335104942321777e-01
-1.521306633949279785e+00
-2.290024042129516602e+00
-2.426235914230346680e+00
-1.848000168800354004e+00
-8.890841007232666016e-01
-1.605455726385116577e-01
-1.382491588592529297e-01
-8.360027670860290527e-01
-1.747439861297607422e+00
-2.205421924591064453e+00
-1.816196680068969727e+00
-7.454589009284973145e-01
4.677156209945678711e-01
1.262181401252746582e+00
1.448814868927001953e+00
1.205478310585021973e+00
8.686551451683044434e-01
5.853660702705383301e-01
2.751401364803314209e-01
-2.590120136737823486e-01
-1.001415133476257324e+00
-1.707713723182678223e+00
-1.995133876800537109e+00
-1.699677944183349609e+00
-9.636695981025695801e-01
-1.961406320333480835e-01
2.900232970714569092e-01
4.135024845600128174e-01
4.073341786861419678e-01
4.866732358932495117e-01
7.189182639122009277e-01
8.907251954078674316e-01
8.091791272163391113e-01
4.406656324863433838e-01
8.675233274698257446e-02
9.020432084798812866e-02
6.422389149665832520e-01
1.499519467353820801e+00
2.215495109558105469e+00
2.326920509338378906e+00
1.782808542251586914e+00
8.520743250846862793e-01
3.870749846100807190e-02
-3.761531412601470947e-01
-3.845284581184387207e-01
-3.097165822982788086e-01
-4.009395241737365723e-01
-7.514574527740478516e-01
-1.108370065689086914e+00
-1.204629421234130859e+00
-8.585255742073059082e-01
-2.467320114374160767e-01
3.343332111835479736e-01
5.344351530075073242e-01
3.270896971225738525e-01
-1.144813895225524902e-01
-4.066551029682159424e-01
-3.502349555492401123e-01
7.215213775634765625e-02
5.564485788345336914e-01
8.302305936813354492e-01
6.884163022041320801e-01
2.718013525009155273e-01
-1.858412772417068481e-01
-3.816423714160919189e-01
-3.036048710346221924e-01
-7.849020510911941528e-02
-8.262126706540584564e-03
-1.774659603834152222e-01
-5.175147652626037598e-01
-6.993947029113769531e-01
-5.285497903823852539e-01
2.071190811693668365e-02
5.996267199516296387e-01
8.405865430831909180e-01
4.728653132915496826e-01
-3.244299590587615967e-01
-1.153755068778991699e+00
-1.492672085762023926e+00
-1.166940569877624512e+00
-3.109615743160247803e-01
5.918173193931579590e-01
1.158282279968261719e+00
1.188501358032226562e+00
