-1.099324345588684082e+00
-1.132688283920288086e+00
-8.041713237762451172e-01
-4.394370913505554199e-01
-1.005305647850036621e-01
1.517470031976699829e-01
3.422721922397613525e-01
4.739716053009033203e-01
5.798433423042297363e-01
6.320840716361999512e-01
6.412298679351806641e-01
5.933059453964233398e-01
5.379189848899841309e-01
4.914583563804626465e-01
4.989944994449615479e-01
5.376995205879211426e-01
6.079391837120056152e-01
6.688867807388305664e-01
7.277125120162963867e-01
7.521500587463378906e-01
7.340779900550842285e-01
6.203774809837341309e-01
4.163897037506103516e-01
1.454547047615051270e-01
-7.872699201107025146e-02
-1.833548694849014282e-01
-1.441377103328704834e-01
-1.072618663311004639e-01
-2.625940144062042236e-01
-7.775387763977050781e-01
-1.575929999351501465e+00
-2.373077392578125000e+00
-2.740957736968994141e+00
-2.423342704772949219e+00
-1.469033956527709961e+00
-3.008600175380706787e-01
5.771361589431762695e-01
8.433153629302978516e-01
6.182556748390197754e-01
3.289559185504913330e-01
4.476317167282104492e-01
1.091422438621520996e+00
1.956687688827514648e+00
2.468705892562866211e+00
2.222793579101562500e+00
1.238413572311401367e+00
-5.267977248877286911e-03
-9.308954477310180664e-01
-1.214049220085144043e+00
-1.009256601333618164e+00
-7.531743645668029785e-01
-8.278040885925292969e-01
-1.230511665344238281e+00
-1.618366479873657227e+00
-1.571100950241088867e+00
-9.702589511871337891e-01
-8.926294744014739990e-02
5.854039788246154785e-01
7.476137280464172363e-01
4.736789464950561523e-01
1.521860063076019287e-01
1.259192824363708496e-01
4.021222591400146484e-01
6.300354003906250000e-01
4.169750213623046875e-01
-3.027623593807220459e-01
-1.125005722045898438e+00
-1.433694601058959961e+00
-8.622654080390930176e-01
3.786358535289764404e-01
1.582441806793212891e+00
2.006879806518554688e+00
1.377210140228271484e+00
8.209264278411865234e-02
-1.105397224426269531e+00
-1.551858305931091309e+00
-1.178344011306762695e+00
-4.402419328689575195e-01
5.385043099522590637e-02
2.348639816045761108e-02
-3.177614510059356689e-01
-4.601431787014007568e-01
-6.153289973735809326e-02
7.749047875404357910e-01
1.529542565345764160e+00
1.678509235382080078e+00
1.056887865066528320e+00
2.941287308931350708e-02
-7.920257449150085449e-01
-9.209448099136352539e-01
-3.419063389301300049e-01
5.553326010704040527e-01
1.226706981658935547e+00
1.363674402236938477e+00
1.000183939933776855e+00
4.616796672344207764e-01
5.626492202281951904e-02
-6.424005329608917236e-02
9.072626940906047821e-03
1.243827939033508301e-01
1.441377103328704834e-01
6.950803101062774658e-02
-7.587350159883499146e-02
-2.489119172096252441e-01
-4.770445823669433594e-01
-7.449797391891479492e-01
-1.013353943824768066e+00
-1.151418805122375488e+00
-1.074740529060363770e+00
-7.480527758598327637e-01
-2.793491184711456299e-01
2.094752639532089233e-01
5.817456245422363281e-01
7.966352105140686035e-01
8.046835064888000488e-01
5.856966376304626465e-01
7.309318333864212036e-02
-6.893733143806457520e-01
-1.552224040031433105e+00
-2.179845094680786133e+00
-2.275254011154174805e+00
-1.691093802452087402e+00
-6.456198692321777344e-01
4.319741129875183105e-01
1.052863717079162598e+00
1.035230636596679688e+00
5.367483496665954590e-01
2.173040620982646942e-02
-1.244559586048126221e-01
2.323031574487686157e-01
8.245847225189208984e-01
1.264094948768615723e+00
1.245437622070312500e+00
8.285357356071472168e-01
3.088351488113403320e-01
6.819103658199310303e-02
2.296691685914993286e-01
6.572533249855041504e-01
9.915503859519958496e-01
9.826972484588623047e-01
5.799896717071533203e-01
1.909641735255718231e-02
-4.293401241302490234e-01
-5.674781799316406250e-01
-4.373152554035186768e-01
-1.695995926856994629e-01
7.177618891000747681e-02
2.674230039119720459e-01
4.423637390136718750e-01
6.531559824943542480e-01
8.327794075012207031e-01
8.869224786758422852e-01
7.093477249145507812e-01
3.446134924888610840e-01
-8.977510780096054077e-02
-4.136825501918792725e-01
-5.618444085121154785e-01
-5.490402579307556152e-01
-4.867025613784790039e-01
-4.275109767913818359e-01
-3.923911154270172119e-01
-3.460768163204193115e-01
-3.271267414093017578e-01
-4.065122306346893311e-01
-6.663991212844848633e-01
-1.033474683761596680e+00
-1.301190376281738281e+00
-1.186831355094909668e+00
-5.933059453964233398e-01
2.947872281074523926e-01
1.008598089218139648e+00
1.108250737190246582e+00
4.483633935451507568e-01
-6.341327428817749023e-01
-1.519518733024597168e+00
-1.647486686706542969e+00
-9.131891727447509766e-01
2.753249704837799072e-01
1.216390490531921387e+00
1.378527164459228516e+00
7.065674066543579102e-01
-3.416136801242828369e-01
-1.118420839309692383e+00
-1.175197839736938477e+00
-5.270903706550598145e-01
4.196090102195739746e-01
1.145711898803710938e+00
1.342895150184631348e+00
1.042693614959716797e+00
5.287731885910034180e-01
1.179441511631011963e-01
-1.595026440918445587e-02
1.165539920330047607e-01
4.001467525959014893e-01
7.152742147445678711e-01
9.795510768890380859e-01
1.135102748870849609e+00
1.114396691322326660e+00
8.804106712341308594e-01
4.689962863922119141e-01
3.204686194658279419e-02
-2.431317716836929321e-01
-2.451072633266448975e-01
-7.053235918283462524e-02
1.616976223886013031e-02
-2.907630801200866699e-01
-1.087837219238281250e+00
-2.170186996459960938e+00
-3.057255983352661133e+00
-3.270023584365844727e+00
-2.569455862045288086e+00
-1.144102215766906738e+00
5.049941539764404297e-01
1.778966546058654785e+00
2.310593366622924805e+00
2.075729370117187500e+00
1.394331097602844238e+00
