1.984807848930358887e-01
2.447675019502639771e-01
-3.738769292831420898e-01
-7.388842105865478516e-01
-9.478793740272521973e-01
-1.040159106254577637e+00
-1.206744313240051270e+00
-1.333504199981689453e+00
-1.370803833007812500e+00
-1.126917362213134766e+00
-7.117465734481811523e-01
-2.136355787515640259e-01
9.692017734050750732e-02
2.088776677846908569e-01
1.099016070365905762e-01
2.120496146380901337e-02
-5.227815825492143631e-03
1.354532986879348755e-01
3.357549905776977539e-01
6.032546758651733398e-01
8.326911926269531250e-01
1.048382639884948730e+00
1.129090785980224609e+00
1.052494406700134277e+00
7.162694931030273438e-01
2.169249802827835083e-01
-3.601906299591064453e-01
-7.888127565383911133e-01
-9.920514822006225586e-01
-9.003590941429138184e-01
-6.287476420402526855e-01
-2.551644146442413330e-01
6.596446037292480469e-02
2.872361838817596436e-01
3.413352668285369873e-01
3.023322224617004395e-01
2.645627260208129883e-01
4.244516491889953613e-01
8.655853271484375000e-01
1.556773066520690918e+00
2.232277393341064453e+00
2.591821908950805664e+00
2.427938699722290039e+00
1.845595240592956543e+00
1.173615217208862305e+00
7.968013882637023926e-01
8.572443127632141113e-01
1.178079485893249512e+00
1.376149058341979980e+00
1.159635305404663086e+00
5.362916588783264160e-01
-2.022401094436645508e-01
-7.046978473663330078e-01
-8.448503017425537109e-01
-7.799431085586547852e-01
-8.348645567893981934e-01
-1.188652634620666504e+00
-1.761715173721313477e+00
-2.214772939682006836e+00
-2.249076843261718750e+00
-1.751494526863098145e+00
-9.292589426040649414e-01
-8.493731915950775146e-02
4.804891347885131836e-01
6.921275854110717773e-01
5.724751949310302734e-01
2.756057381629943848e-01
-1.133085042238235474e-01
-4.570520818233489990e-01
-6.969441771507263184e-01
-7.259615063667297363e-01
-5.801113247871398926e-01
-2.997476756572723389e-01
-4.558185487985610962e-02
1.548373252153396606e-01
2.754882574081420898e-01
4.236292839050292969e-01
5.482158064842224121e-01
5.785841345787048340e-01
3.067964315414428711e-01
-2.455898672342300415e-01
-9.277316927909851074e-01
-1.327688932418823242e+00
-1.223132729530334473e+00
-5.825784206390380859e-01
2.041785120964050293e-01
7.827038764953613281e-01
9.133405089378356934e-01
8.271109461784362793e-01
8.224117755889892578e-01
1.168681144714355469e+00
1.653986930847167969e+00
1.920899271965026855e+00
1.573396325111389160e+00
7.310131192207336426e-01
-2.159264087677001953e-01
-6.859011650085449219e-01
-5.585539340972900391e-01
-6.901891529560089111e-02
1.829735487699508667e-01
-7.812353968620300293e-02
-7.785333991050720215e-01
-1.359995722770690918e+00
-1.436180830001831055e+00
-9.186858534812927246e-01
-2.874123752117156982e-01
-6.050169002264738083e-03
-3.411003053188323975e-01
-9.551630616188049316e-01
-1.368924140930175781e+00
-1.148239850997924805e+00
-4.286808967590332031e-01
3.870345950126647949e-01
7.505733966827392578e-01
5.398747920989990234e-01
-7.665505260229110718e-02
-6.245183944702148438e-01
-8.487858176231384277e-01
-6.655185818672180176e-01
-3.103795349597930908e-01
5.550882965326309204e-02
2.873536348342895508e-01
4.517655074596405029e-01
5.473934412002563477e-01
6.286301612854003906e-01
6.422577500343322754e-01
6.532419919967651367e-01
6.733309030532836914e-01
7.565060853958129883e-01
7.792969942092895508e-01
6.325657367706298828e-01
2.069980055093765259e-01
-3.502636551856994629e-01
-8.032627105712890625e-01
-8.806813955307006836e-01
-5.991429090499877930e-01
-1.825036406517028809e-01
1.110176648944616318e-02
-1.462026238441467285e-01
-5.186110734939575195e-01
-7.495160698890686035e-01
-6.258693933486938477e-01
-2.152802795171737671e-01
1.297555565834045410e-01
1.043213605880737305e-01
-3.221274316310882568e-01
-8.375665545463562012e-01
-1.055901288986206055e+00
-8.083143234252929688e-01
-2.840054929256439209e-01
1.366280913352966309e-01
1.989506930112838745e-01
-4.640420898795127869e-02
-2.964582741260528564e-01
-2.982204556465148926e-01
-3.395143151283264160e-02
2.445325553417205811e-01
3.008637428283691406e-01
8.323387801647186279e-02
-1.677600145339965820e-01
-2.000667452812194824e-01
9.692017734050750732e-02
5.097414255142211914e-01
7.696049809455871582e-01
6.863710880279541016e-01
4.050088822841644287e-01
1.636482626199722290e-01
1.916670054197311401e-01
3.828053474426269531e-01
5.062757730484008789e-01
2.583363354206085205e-01
-3.466218113899230957e-01
-1.133202433586120605e+00
-1.723534464836120605e+00
-1.944923639297485352e+00
-1.709730744361877441e+00
-1.171148180961608887e+00
-3.781061768531799316e-01
5.322386622428894043e-01
1.525758624076843262e+00
2.345233440399169922e+00
2.802167892456054688e+00
2.659959554672241211e+00
2.062755107879638672e+00
1.269948005676269531e+00
7.743628621101379395e-01
7.421736121177673340e-01
1.164628148078918457e+00
1.602707386016845703e+00
1.743153452873229980e+00
1.314648866653442383e+00
5.153803825378417969e-01
-4.207510650157928467e-01
-1.074169278144836426e+00
-1.353828072547912598e+00
-1.196699857711791992e+00
-8.866140842437744141e-01
-5.925641059875488281e-01
-6.382634639739990234e-01
-1.020246386528015137e+00
-1.718482851982116699e+00
-2.318506956100463867e+00
-2.533434867858886719e+00
-2.037555932998657227e+00
-1.048617601394653320e+00
7.324816286563873291e-02
6.619354486465454102e-01
5.087428092956542969e-01
-3.223036527633666992e-01
-1.154583692550659180e+00
-1.471718192100524902e+00
-8.944851756095886230e-01
2.309637218713760376e-01
1.436298370361328125e+00
2.092477321624755859e+00
2.147516250610351562e+00
1.731816768646240234e+00
