1.434492021799087524e-01
1.960770934820175171e-01
-6.515533328056335449e-01
-1.427748799324035645e+00
-1.756212234497070312e+00
-1.507085800170898438e+00
-9.508843421936035156e-01
-5.337595343589782715e-01
-5.483520627021789551e-01
-8.519502282142639160e-01
-9.942404031753540039e-01
-5.592042803764343262e-01
4.334030747413635254e-01
1.521098852157592773e+00
2.108750581741333008e+00
1.956398367881774902e+00
1.347568988800048828e+00
8.921454548835754395e-01
1.006989121437072754e+00
1.600804567337036133e+00
2.112965106964111328e+00
1.977786660194396973e+00
1.047711253166198730e+00
-2.639296650886535645e-01
-1.299840450286865234e+00
-1.586001276969909668e+00
-1.116617441177368164e+00
-2.544471621513366699e-01
5.524611473083496094e-01
1.029483675956726074e+00
1.090961933135986328e+00
7.419005036354064941e-01
5.004654172807931900e-03
-9.884982705116271973e-01
-1.906826019287109375e+00
-2.276064157485961914e+00
-1.788821458816528320e+00
-6.013486981391906738e-01
6.323248744010925293e-01
1.159762740135192871e+00
6.842152476310729980e-01
-3.463747501373291016e-01
-1.019790530204772949e+00
-6.464433073997497559e-01
6.615626215934753418e-01
2.008499383926391602e+00
2.356823444366455078e+00
1.329288840293884277e+00
-4.730715453624725342e-01
-1.898765802383422852e+00
-2.096634149551391602e+00
-1.125889182090759277e+00
1.501396298408508301e-01
7.852566242218017578e-01
4.842398166656494141e-01
-2.367991656064987183e-01
-5.742709040641784668e-01
-1.716859787702560425e-01
5.637347698211669922e-01
8.353031277656555176e-01
1.995013207197189331e-01
-9.705341458320617676e-01
-1.709905982017517090e+00
-1.220556139945983887e+00
4.470473229885101318e-01
2.344812154769897461e+00
3.272201061248779297e+00
2.626021146774291992e+00
8.088575005531311035e-01
-1.069889783859252930e+00
-1.963668346405029297e+00
-1.523574829101562500e+00
-2.102481573820114136e-01
1.136425256729125977e+00
1.855198979377746582e+00
1.771120786666870117e+00
1.103868722915649414e+00
2.077721804380416870e-01
-6.372241973876953125e-01
-1.236149668693542480e+00
-1.435124158859252930e+00
-1.147593617439270020e+00
-4.801834225654602051e-01
2.155689001083374023e-01
4.819218814373016357e-01
6.974907964468002319e-02
-8.361986875534057617e-01
-1.681195139884948730e+00
-1.913779854774475098e+00
-1.379177331924438477e+00
-4.450454711914062500e-01
2.905860245227813721e-01
4.396193623542785645e-01
1.160026192665100098e-01
-2.128821909427642822e-01
-1.206911876797676086e-01
3.998455405235290527e-01
9.558362960815429688e-01
1.065411925315856934e+00
5.759040117263793945e-01
-2.339017391204833984e-01
-8.581665158271789551e-01
-9.747486114501953125e-01
-6.300596594810485840e-01
-1.752682626247406006e-01
7.154021412134170532e-02
3.108153678476810455e-02
-1.143168434500694275e-01
-1.682090610265731812e-01
-7.538589835166931152e-02
3.176638484001159668e-02
4.214445874094963074e-02
-1.390767097473144531e-02
6.274256110191345215e-02
4.059564769268035889e-01
9.411383867263793945e-01
1.342511653900146484e+00
1.288724780082702637e+00
6.747327446937561035e-01
-2.376947402954101562e-01
-1.025216579437255859e+00
-1.332028269767761230e+00
-1.121200561523437500e+00
-5.979244709014892578e-01
-7.238310575485229492e-02
2.996997833251953125e-01
5.054174065589904785e-01
6.342213749885559082e-01
6.780516505241394043e-01
5.627338886260986328e-01
1.744780540466308594e-01
-4.415685534477233887e-01
-1.100602507591247559e+00
-1.500290036201477051e+00
-1.444185137748718262e+00
-8.916713595390319824e-01
-3.866754099726676941e-02
8.449437022209167480e-01
1.458619713783264160e+00
1.637575626373291016e+00
1.317699193954467773e+00
6.228950619697570801e-01
-2.386956661939620972e-01
-9.588390588760375977e-01
-1.319279551506042480e+00
-1.209229826927185059e+00
-7.607074379920959473e-01
-1.969199776649475098e-01
2.087731063365936279e-01
3.531178832054138184e-01
2.524453103542327881e-01
6.637752056121826172e-02
-9.793318063020706177e-02
-1.625722497701644897e-01
-1.656803935766220093e-01
-1.173196360468864441e-01
-6.669360399246215820e-02
-1.348622608929872513e-02
-3.087081573903560638e-02
-1.487172544002532959e-01
-3.923648893833160400e-01
-6.320087909698486328e-01
-7.039178013801574707e-01
-4.318226575851440430e-01
1.417634189128875732e-01
8.142836093902587891e-01
1.234569191932678223e+00
1.199062466621398926e+00
7.026534676551818848e-01
4.008991643786430359e-02
-4.629568755626678467e-01
-5.531460046768188477e-01
-2.658261656761169434e-01
2.155689001083374023e-01
6.056158542633056641e-01
7.583895325660705566e-01
6.264246702194213867e-01
3.252498507499694824e-01
-4.319806769490242004e-02
-3.407906293869018555e-01
-5.248565077781677246e-01
-5.482993721961975098e-01
-4.706482291221618652e-01
-3.432666063308715820e-01
-2.762569189071655273e-01
-2.792070209980010986e-01
-3.364181220531463623e-01
-3.264614939689636230e-01
-2.045586556196212769e-01
4.793931916356086731e-02
3.251971602439880371e-01
5.805925726890563965e-01
7.917363047599792480e-01
1.058352708816528320e+00
1.398511171340942383e+00
1.753525495529174805e+00
1.886965394020080566e+00
1.617135524749755859e+00
8.997314572334289551e-01
3.529598237946629524e-03
-7.017052173614501953e-01
-8.884051442146301270e-01
-5.639982223510742188e-01
1.000930834561586380e-02
4.158604443073272705e-01
4.245527386665344238e-01
3.197710588574409485e-02
-5.111069083213806152e-01
-9.762763381004333496e-01
-1.220134735107421875e+00
-1.281349539756774902e+00
-1.200168728828430176e+00
-1.009096384048461914e+00
-6.491299867630004883e-01
-1.396562010049819946e-01
4.410417377948760986e-01
8.960965275764465332e-01
