5.666108727455139160e-01
5.785308480262756348e-01
5.960511565208435059e-01
4.377259016036987305e-01
2.019206248223781586e-02
-5.404844880104064941e-01
-1.130729794502258301e+00
-1.534750819206237793e+00
-1.647271513938903809e+00
-1.350222110748291016e+00
-7.158933877944946289e-01
1.265728920698165894e-01
8.532045483589172363e-01
1.230842351913452148e+00
1.114699482917785645e+00
7.036908268928527832e-01
2.993357479572296143e-01
2.270707935094833374e-01
4.420417547225952148e-01
6.575521826744079590e-01
4.121133089065551758e-01
-4.228259027004241943e-01
-1.601466894149780273e+00
-2.484779596328735352e+00
-2.589336633682250977e+00
-1.811325550079345703e+00
-6.378739476203918457e-01
3.130283355712890625e-01
6.033727526664733887e-01
3.733219504356384277e-01
6.517463177442550659e-02
1.642852872610092163e-01
7.095223665237426758e-01
1.411903023719787598e+00
1.815410256385803223e+00
1.781320095062255859e+00
1.467495322227478027e+00
1.247951626777648926e+00
1.251522541046142578e+00
1.331494331359863281e+00
1.098155379295349121e+00
3.853189945220947266e-01
-6.402630805969238281e-01
-1.444246292114257812e+00
-1.590497374534606934e+00
-9.557319283485412598e-01
8.385100960731506348e-02
1.009551763534545898e+00
1.401755571365356445e+00
1.248131513595581055e+00
7.681974768638610840e-01
2.754443883895874023e-01
-1.207670271396636963e-01
-4.335127770900726318e-01
-7.624943852424621582e-01
-1.078708291053771973e+00
-1.310788512229919434e+00
-1.360241055488586426e+00
-1.269248366355895996e+00
-1.110486388206481934e+00
-9.577870965003967285e-01
-7.270683646202087402e-01
-2.945831716060638428e-01
4.260627925395965576e-01
1.291135907173156738e+00
2.007029294967651367e+00
2.226470232009887695e+00
1.805237174034118652e+00
8.402056097984313965e-01
-3.308312594890594482e-01
-1.334859728813171387e+00
-1.864683032035827637e+00
-1.804800391197204590e+00
-1.197522878646850586e+00
-2.687137126922607422e-01
6.663380265235900879e-01
1.266782164573669434e+00
1.347113728523254395e+00
9.648003578186035156e-01
4.394214153289794922e-01
1.382873654365539551e-01
2.419707775115966797e-01
5.664567351341247559e-01
6.919506192207336426e-01
2.596709430217742920e-01
-7.039991021156311035e-01
-1.756272673606872559e+00
-2.301407098770141602e+00
-2.019848346710205078e+00
-1.102625370025634766e+00
-1.307602971792221069e-01
3.424686789512634277e-01
1.768989115953445435e-01
-2.793235182762145996e-01
-4.865618944168090820e-01
-1.440161615610122681e-01
5.788905024528503418e-01
1.173554420471191406e+00
1.187837839126586914e+00
5.516337752342224121e-01
-3.717035055160522461e-01
-1.054200291633605957e+00
-1.149663090705871582e+00
-6.865301132202148438e-01
2.661447413265705109e-02
6.332754492759704590e-01
9.551410675048828125e-01
1.018568754196166992e+00
9.693987965583801270e-01
9.226179718971252441e-01
9.150395393371582031e-01
9.043782949447631836e-01
8.322674632072448730e-01
6.376427412033081055e-01
3.030607700347900391e-01
-1.337659955024719238e-01
-5.273827314376831055e-01
-6.811609864234924316e-01
-4.395498633384704590e-01
1.404196023941040039e-01
7.681204080581665039e-01
1.033211946487426758e+00
7.037678956985473633e-01
-8.927152305841445923e-02
-8.711872696876525879e-01
-1.154903769493103027e+00
-7.929623126983642578e-01
-1.439647823572158813e-01
1.881509721279144287e-01
-2.085742354393005371e-01
-1.169906497001647949e+00
-2.035853147506713867e+00
-2.081477880477905273e+00
-1.081380009651184082e+00
4.904153645038604736e-01
1.720358610153198242e+00
1.872415542602539062e+00
8.621188402175903320e-01
-6.874806284904479980e-01
-1.892325043678283691e+00
-2.170107126235961914e+00
-1.583535552024841309e+00
-6.845263242721557617e-01
-8.020307868719100952e-02
4.649825859814882278e-03
-1.932118386030197144e-01
-2.240137159824371338e-01
1.800587326288223267e-01
9.027855396270751953e-01
1.533748984336853027e+00
1.683545351028442383e+00
1.260282635688781738e+00
5.226044654846191406e-01
-1.073570325970649719e-01
-3.307541906833648682e-01
-1.385956406593322754e-01
2.181050926446914673e-01
4.406031370162963867e-01
3.800012469291687012e-01
1.294501274824142456e-01
-8.467307686805725098e-02
-6.969600915908813477e-02
1.711187362670898438e-01
4.630044996738433838e-01
5.712093114852905273e-01
3.954664170742034912e-01
2.463637106120586395e-02
-3.134907484054565430e-01
-4.500055313110351562e-01
-3.797443509101867676e-01
-2.871331870555877686e-01
-3.549024760723114014e-01
-6.260309815406799316e-01
-9.050719141960144043e-01
-9.335874319076538086e-01
-5.624490976333618164e-01
6.147532537579536438e-02
6.295504570007324219e-01
8.533843755722045898e-01
7.453594207763671875e-01
5.668934583663940430e-01
6.656444072723388672e-01
1.117782235145568848e+00
1.678201794624328613e+00
1.884669542312622070e+00
1.465902566909790039e+00
5.077301859855651855e-01
-5.291553139686584473e-01
-1.203071832656860352e+00
-1.334500074386596680e+00
-1.165770530700683594e+00
-1.040173768997192383e+00
-1.155931353569030762e+00
-1.325020551681518555e+00
-1.235415101051330566e+00
-6.959838867187500000e-01
4.624136537313461304e-02
5.277680754661560059e-01
3.433678150177001953e-01
-4.123445153236389160e-01
-1.246949791908264160e+00
-1.510756731033325195e+00
-9.581467509269714355e-01
1.655697673559188843e-01
1.207387685775756836e+00
1.664766192436218262e+00
1.406097173690795898e+00
7.985626459121704102e-01
2.716937065124511719e-01
9.959875792264938354e-02
1.515432298183441162e-01
1.959349364042282104e-01
4.315860569477081299e-02
-1.821139007806777954e-01
-2.878011167049407959e-01
-1.041715145111083984e-01
2.351630181074142456e-01
