8.903105854988098145e-01
9.059903025627136230e-01
3.030679523944854736e-01
-1.953043043613433838e-01
-5.195371508598327637e-01
-6.342818737030029297e-01
-7.577252984046936035e-01
-9.693741798400878906e-01
-1.316157102584838867e+00
-1.546255946159362793e+00
-1.479547858238220215e+00
-9.496498703956604004e-01
-1.525312662124633789e-01
6.556130051612854004e-01
1.119079828262329102e+00
1.200359582901000977e+00
9.913147687911987305e-01
8.106375336647033691e-01
7.724077105522155762e-01
8.890362381935119629e-01
8.944659829139709473e-01
6.345034837722778320e-01
1.961353793740272522e-02
-7.177225351333618164e-01
-1.332944869995117188e+00
-1.527972221374511719e+00
-1.270336747169494629e+00
-6.194332242012023926e-01
1.459934264421463013e-01
7.995564341545104980e-01
1.070433735847473145e+00
8.896456956863403320e-01
2.832327783107757568e-01
-4.430221915245056152e-01
-9.499268531799316406e-01
-8.917511105537414551e-01
-2.837314307689666748e-01
5.804831385612487793e-01
1.125008225440979004e+00
9.756349921226501465e-01
1.162406876683235168e-01
-9.242187142372131348e-01
-1.486307263374328613e+00
-1.098413586616516113e+00
9.280417114496231079e-02
1.503150582313537598e+00
2.384651660919189453e+00
2.402381420135498047e+00
1.723165631294250488e+00
9.345241189002990723e-01
5.214208960533142090e-01
6.281872987747192383e-01
9.413944482803344727e-01
1.067054033279418945e+00
7.784469127655029297e-01
2.319273203611373901e-01
-2.737584412097930908e-01
-5.057965517044067383e-01
-5.400371551513671875e-01
-6.023129224777221680e-01
-8.875957131385803223e-01
-1.304743528366088867e+00
-1.572351932525634766e+00
-1.394555807113647461e+00
-7.544009685516357422e-01
8.172307908535003662e-02
6.919035911560058594e-01
8.118010163307189941e-01
4.486735463142395020e-01
-1.184014976024627686e-01
-5.742777585983276367e-01
-7.104644179344177246e-01
-5.268506407737731934e-01
-1.349123269319534302e-01
3.124314844608306885e-01
7.079711556434631348e-01
9.684876799583435059e-01
1.054864883422851562e+00
9.655511975288391113e-01
7.698036432266235352e-01
5.667425990104675293e-01
4.197518825531005859e-01
2.809611558914184570e-01
1.833921298384666443e-02
-4.726087152957916260e-01
-1.134371638298034668e+00
-1.725326538085937500e+00
-1.960467338562011719e+00
-1.715242743492126465e+00
-1.148721694946289062e+00
-6.054710149765014648e-01
-3.803585767745971680e-01
-5.016965866088867188e-01
-7.265874147415161133e-01
-7.477523088455200195e-01
-4.575938284397125244e-01
-3.645680099725723267e-02
1.968002468347549438e-01
6.897981464862823486e-02
-2.889949679374694824e-01
-5.232493281364440918e-01
-3.529328703880310059e-01
1.916475445032119751e-01
7.669225931167602539e-01
9.736404418945312500e-01
6.607102751731872559e-01
4.947708919644355774e-02
-4.417478442192077637e-01
-5.048546791076660156e-01
-1.505920737981796265e-01
3.430152833461761475e-01
6.782184243202209473e-01
7.673104405403137207e-01
7.540684938430786133e-01
8.237131834030151367e-01
9.907606840133666992e-01
1.057025671005249023e+00
7.889185547828674316e-01
1.509799212217330933e-01
-5.865777730941772461e-01
-1.016413450241088867e+00
-8.711956739425659180e-01
-2.435624748468399048e-01
4.745478928089141846e-01
8.368442654609680176e-01
6.553359627723693848e-01
8.116902410984039307e-02
-5.044668316841125488e-01
-7.814388275146484375e-01
-6.474129557609558105e-01
-2.583557367324829102e-01
1.594015508890151978e-01
4.352100193500518799e-01
5.535007119178771973e-01
5.520047545433044434e-01
4.743262827396392822e-01
2.779138684272766113e-01
-6.399332731962203979e-02
-5.519493222236633301e-01
-1.069104075431823730e+00
-1.496169447898864746e+00
-1.719010233879089355e+00
-1.742834568023681641e+00
-1.596120953559875488e+00
-1.345577359199523926e+00
-9.682660698890686035e-01
-4.572059810161590576e-01
2.081029713153839111e-01
9.001173377037048340e-01
1.441816687583923340e+00
1.577227711677551270e+00
1.196647405624389648e+00
3.385274410247802734e-01
-6.693535447120666504e-01
-1.420984268188476562e+00
-1.504147887229919434e+00
-8.402240276336669922e-01
3.360896110534667969e-01
1.423034191131591797e+00
1.863175272941589355e+00
1.332834124565124512e+00
8.022712916135787964e-02
-1.303136825561523438e+00
-2.081472873687744141e+00
-1.934315919876098633e+00
-1.013643145561218262e+00
3.141490370035171509e-02
6.173831820487976074e-01
4.594222009181976318e-01
-1.136920377612113953e-01
-5.621439218521118164e-01
-3.707180321216583252e-01
4.471775889396667480e-01
1.528304576873779297e+00
2.261983871459960938e+00
2.349025964736938477e+00
1.796245455741882324e+00
1.012922883033752441e+00
3.257842063903808594e-01
-4.027977958321571350e-02
-2.026732265949249268e-01
-2.410138100385665894e-01
-2.423435449600219727e-01
-4.238518700003623962e-02
4.136018753051757812e-01
1.129440665245056152e+00
1.777518391609191895e+00
2.073162078857421875e+00
1.759068369865417480e+00
9.969661235809326172e-01
6.853657215833663940e-02
-5.783777832984924316e-01
-7.980604767799377441e-01
-5.707871913909912109e-01
-1.723110228776931763e-01
2.545327544212341309e-01
5.498993396759033203e-01
7.854279875755310059e-01
9.061011672019958496e-01
9.256038665771484375e-01
6.701846122741699219e-01
1.442758589982986450e-01
-6.506819128990173340e-01
-1.449795007705688477e+00
-2.091279745101928711e+00
-2.357835292816162109e+00
-2.323206901550292969e+00
-2.031164646148681641e+00
-1.686154842376708984e+00
-1.289340853691101074e+00
-9.027768373489379883e-01
-4.213586449623107910e-01
8.172307908535003662e-02
6.209291815757751465e-01
1.036913514137268066e+00
1.343638181686401367e+00
1.465474843978881836e+00
