-6.766499578952789307e-02
-1.522462517023086548e-01
-7.009167671203613281e-01
-8.704820275306701660e-01
-4.925850927829742432e-01
1.822524517774581909e-01
7.851959466934204102e-01
9.798334836959838867e-01
8.243650794029235840e-01
5.915652513504028320e-01
6.525846123695373535e-01
1.048404693603515625e+00
1.540385603904724121e+00
1.654771685600280762e+00
1.138121247291564941e+00
4.541207477450370789e-02
-1.170141339302062988e+00
-2.052404165267944336e+00
-2.311988115310668945e+00
-2.073448896408081055e+00
-1.621442675590515137e+00
-1.274357438087463379e+00
-1.076195716857910156e+00
-9.243522286415100098e-01
-6.220749616622924805e-01
-1.709749549627304077e-01
3.025793433189392090e-01
5.566251873970031738e-01
5.202753543853759766e-01
2.785139679908752441e-01
1.113653108477592468e-01
2.167897969484329224e-01
6.527860164642333984e-01
1.211324334144592285e+00
1.619428873062133789e+00
1.624362707138061523e+00
1.210820794105529785e+00
5.296397209167480469e-01
-1.118687689304351807e-01
-4.737556874752044678e-01
-4.247187077999114990e-01
-6.091863662004470825e-02
4.071983098983764648e-01
6.910489201545715332e-01
6.135161519050598145e-01
1.422777473926544189e-01
-5.450456142425537109e-01
-1.186352729797363281e+00
-1.519038915634155273e+00
-1.445835828781127930e+00
-1.024137973785400391e+00
-4.524089992046356201e-01
8.468194305896759033e-02
4.679155349731445312e-01
6.992049813270568848e-01
8.105702996253967285e-01
8.354412317276000977e-01
7.492488622665405273e-01
5.345736145973205566e-01
2.028943002223968506e-01
-1.647320538759231567e-01
-4.797972142696380615e-01
-6.782610416412353516e-01
-7.725087404251098633e-01
-8.049315214157104492e-01
-8.094626665115356445e-01
-7.671720385551452637e-01
-6.350641846656799316e-01
-3.864557445049285889e-01
-4.611691832542419434e-02
3.264433443546295166e-01
6.834970116615295410e-01
1.009235501289367676e+00
1.295804858207702637e+00
1.480876684188842773e+00
1.449762821197509766e+00
1.090191841125488281e+00
4.193820357322692871e-01
-3.726609647274017334e-01
-9.698649644851684570e-01
-1.127447843551635742e+00
-8.203374147415161133e-01
-2.943226099014282227e-01
1.129763796925544739e-01
1.763116270303726196e-01
-5.235981941223144531e-02
-3.244295120239257812e-01
-3.811190724372863770e-01
-1.781240850687026978e-01
1.119694635272026062e-01
2.232340872287750244e-01
3.604772314429283142e-02
-3.640014529228210449e-01
-7.381727695465087891e-01
-9.097518920898437500e-01
-8.358439803123474121e-01
-6.007282733917236328e-01
-2.420634776353836060e-01
2.715662121772766113e-01
9.852708578109741211e-01
1.744085431098937988e+00
2.180484533309936523e+00
1.870655298233032227e+00
7.266938686370849609e-01
-8.085564374923706055e-01
-1.859277129173278809e+00
-1.669674158096313477e+00
-1.327120065689086914e-01
1.976985931396484375e+00
3.425641298294067383e+00
3.243288040161132812e+00
1.394885778427124023e+00
-1.200650930404663086e+00
-3.220330238342285156e+00
-3.791152954101562500e+00
-2.951784849166870117e+00
-1.526389479637145996e+00
-4.394197165966033936e-01
-9.807397425174713135e-02
-1.938320249319076538e-01
-1.099556237459182739e-01
5.133275985717773438e-01
1.440398573875427246e+00
2.060056924819946289e+00
1.876797437667846680e+00
9.385497570037841797e-01
-2.229320108890533447e-01
-9.934269189834594727e-01
-1.149499416351318359e+00
-9.532508254051208496e-01
-8.634335994720458984e-01
-1.082841396331787109e+00
-1.376861929893493652e+00
-1.279996275901794434e+00
-5.492746829986572266e-01
5.727359056472778320e-01
1.476244807243347168e+00
1.654066920280456543e+00
1.097743749618530273e+00
3.280543982982635498e-01
3.020758973434567451e-03
4.077017605304718018e-01
1.243445038795471191e+00
1.853134870529174805e+00
1.731096267700195312e+00
8.880023956298828125e-01
-1.675514280796051025e-01
-8.382605910301208496e-01
-8.606141805648803711e-01
-4.644920229911804199e-01
-1.219379678368568420e-01
-1.671486645936965942e-01
-5.369902253150939941e-01
-8.867940902709960938e-01
-8.866934180259704590e-01
-5.236988663673400879e-01
-7.139059901237487793e-02
1.243545711040496826e-01
-3.443665057420730591e-02
-3.624910712242126465e-01
-5.178587436676025391e-01
-3.258391916751861572e-01
1.232469603419303894e-01
5.096020102500915527e-01
5.873362421989440918e-01
3.157700002193450928e-01
-7.481412589550018311e-02
-3.310751616954803467e-01
-3.033848702907562256e-01
-8.921308070421218872e-02
1.332154721021652222e-01
1.930264979600906372e-01
9.726843237876892090e-02
-8.055356889963150024e-02
-2.222271561622619629e-01
-3.221135735511779785e-01
-3.876640498638153076e-01
-4.556311368942260742e-01
-4.611691832542419434e-01
-3.655118346214294434e-01
-1.344237625598907471e-01
1.152922958135604858e-01
2.676392495632171631e-01
2.056129872798919678e-01
-1.913147279992699623e-03
-2.244423776865005493e-01
-2.719689905643463135e-01
-1.249587237834930420e-01
1.391562968492507935e-01
3.077146410942077637e-01
2.856630980968475342e-01
6.857122480869293213e-02
-1.463054269552230835e-01
-1.932278722524642944e-01
6.031448394060134888e-02
5.145359039306640625e-01
1.007825851440429688e+00
1.282513499259948730e+00
1.239719390869140625e+00
8.595066070556640625e-01
3.235232830047607422e-01
-2.055123001337051392e-01
-5.432331562042236328e-01
-6.965869665145874023e-01
-7.168260812759399414e-01
-7.731128931045532227e-01
-9.021999835968017578e-01
-1.084049701690673828e+00
-1.111035108566284180e+00
-8.559823632240295410e-01
-2.547506690025329590e-01
4.770785272121429443e-01
1.067737579345703125e+00
1.206893801689147949e+00
8.773290514945983887e-01
2.375323325395584106e-01
-3.407416045665740967e-01
