-3.074664771556854248e-01
-3.116741478443145752e-01
1.438260674476623535e-01
3.024172484874725342e-01
2.348649054765701294e-01
-3.496197611093521118e-02
-2.593459486961364746e-01
-3.718056976795196533e-01
-2.230069190263748169e-01
7.336659729480743408e-02
4.685057699680328369e-01
7.199718952178955078e-01
7.762017846107482910e-01
5.525828003883361816e-01
2.577393651008605957e-01
5.294023454189300537e-02
2.127554863691329956e-01
7.045182585716247559e-01
1.396336913108825684e+00
1.857345342636108398e+00
1.810831427574157715e+00
1.090324044227600098e+00
-4.666696768254041672e-03
-1.043733596801757812e+00
-1.483244538307189941e+00
-1.186794638633728027e+00
-3.391388058662414551e-01
4.447132647037506104e-01
6.505834460258483887e-01
5.278722848743200302e-03
-1.162313580513000488e+00
-2.254932641983032227e+00
-2.593842029571533203e+00
-1.984799742698669434e+00
-6.997750401496887207e-01
5.342985391616821289e-01
1.100116372108459473e+00
7.134690880775451660e-01
-3.148107826709747314e-01
-1.427932739257812500e+00
-2.060997009277343750e+00
-2.054111719131469727e+00
-1.554698586463928223e+00
-9.178092479705810547e-01
-3.453355729579925537e-01
1.154433712363243103e-01
5.528888106346130371e-01
9.197983145713806152e-01
1.045340061187744141e+00
6.990100145339965820e-01
-1.067985072731971741e-01
-1.056356549263000488e+00
-1.620032429695129395e+00
-1.435047507286071777e+00
-5.505937337875366211e-01
5.328449606895446777e-01
1.200412154197692871e+00
1.113810539245605469e+00
4.392815530300140381e-01
-3.003516793251037598e-01
-6.092717051506042480e-01
-3.545159697532653809e-01
1.827662140130996704e-01
5.828015804290771484e-01
6.085832118988037109e-01
3.802210390567779541e-01
1.960777789354324341e-01
2.767886817455291748e-01
5.403423309326171875e-01
7.308353185653686523e-01
6.244193315505981445e-01
2.884171605110168457e-01
-2.256845310330390930e-02
-4.345383495092391968e-02
1.982963681221008301e-01
4.570302963256835938e-01
4.239808917045593262e-01
8.690766990184783936e-02
-2.985155880451202393e-01
-3.368437290191650391e-01
8.086391538381576538e-02
7.252506017684936523e-01
1.094990730285644531e+00
8.960058093070983887e-01
2.000559419393539429e-01
-5.036207437515258789e-01
-7.827045321464538574e-01
-5.062983632087707520e-01
-3.557400032877922058e-02
1.868208795785903931e-01
-7.359610497951507568e-02
-5.206809639930725098e-01
-6.518074870109558105e-01
-6.556326895952224731e-02
1.073034286499023438e+00
2.212243795394897461e+00
2.676847934722900391e+00
2.249806880950927734e+00
1.191155314445495605e+00
1.352577060461044312e-01
-4.795222282409667969e-01
-5.599271059036254883e-01
-4.329317808151245117e-01
-3.883303999900817871e-01
-5.238941311836242676e-01
-5.888453722000122070e-01
-3.659149408340454102e-01
1.777170002460479736e-01
6.978624463081359863e-01
8.310545682907104492e-01
3.953686952590942383e-01
-3.223080933094024658e-01
-8.474262356758117676e-01
-7.550868391990661621e-01
-8.530110120773315430e-02
7.684749364852905273e-01
1.225046157836914062e+00
9.938534498214721680e-01
1.523944288492202759e-01
-8.413060307502746582e-01
-1.541004538536071777e+00
-1.676262259483337402e+00
-1.338806509971618652e+00
-7.739066481590270996e-01
-2.825264334678649902e-01
5.355225875973701477e-03
6.869989633560180664e-02
1.453561335802078247e-02
-7.183653116226196289e-02
-1.003722324967384338e-01
-5.875448137521743774e-02
4.934458434581756592e-02
1.579026579856872559e-01
2.217063605785369873e-01
2.161216139793395996e-01
2.074767500162124634e-01
2.894882261753082275e-01
5.350635647773742676e-01
8.929457068443298340e-01
1.202324748039245605e+00
1.273472785949707031e+00
1.027055859565734863e+00
5.647468566894531250e-01
1.088640913367271423e-01
-1.338806450366973877e-01
-1.181209832429885864e-01
5.829545855522155762e-02
2.451928406953811646e-01
4.164070785045623779e-01
6.612939238548278809e-01
1.120542764663696289e+00
1.758962273597717285e+00
2.353774785995483398e+00
2.536770582199096680e+00
2.107663869857788086e+00
1.140433669090270996e+00
5.860147252678871155e-02
-6.911301612854003906e-01
-8.335791826248168945e-01
-5.274897813796997070e-01
-1.526239365339279175e-01
-1.533124744892120361e-01
-6.427036523818969727e-01
-1.464960336685180664e+00
-2.206047058105468750e+00
-2.593535900115966797e+00
-2.517185688018798828e+00
-2.180265426635742188e+00
-1.775257468223571777e+00
-1.492501497268676758e+00
-1.273472785949707031e+00
-1.064695477485656738e+00
-7.338189482688903809e-01
-3.405923843383789062e-01
9.149786084890365601e-02
4.256639778614044189e-01
6.823322772979736328e-01
8.034369349479675293e-01
8.510984182357788086e-01
7.470540404319763184e-01
5.450090169906616211e-01
2.165806442499160767e-01
-8.484207838773727417e-02
-3.395213186740875244e-01
-4.643746018409729004e-01
-6.147799491882324219e-01
-8.455137014389038086e-01
-1.288696885108947754e+00
-1.780995130538940430e+00
-2.184243679046630859e+00
-2.204593658447265625e+00
-1.845487356185913086e+00
-1.153133153915405273e+00
-4.675877392292022705e-01
5.087464675307273865e-02
2.219358682632446289e-01
1.989083886146545410e-01
4.819703474640846252e-02
-2.593459375202655792e-02
-7.971636205911636353e-02
-4.988010600209236145e-02
-3.434994816780090332e-02
9.080933034420013428e-02
2.686028480529785156e-01
5.439379811286926270e-01
6.836328506469726562e-01
6.278619766235351562e-01
2.679907977581024170e-01
-1.024378240108489990e-01
-2.351709306240081787e-01
2.246899753808975220e-01
1.137755990028381348e+00
2.188757419586181641e+00
2.691383600234985352e+00
2.306266307830810547e+00
9.377000927925109863e-01
-8.516339659690856934e-01
