5.824722051620483398e-01
6.082729101181030273e-01
2.709621936082839966e-02
-5.345921516418457031e-01
-1.038725137710571289e+00
-1.360378980636596680e+00
-1.435300230979919434e+00
-1.184074401855468750e+00
-7.015522718429565430e-01
-1.313739269971847534e-01
2.758962810039520264e-01
4.021707177162170410e-01
2.113946080207824707e-01
-1.371074169874191284e-01
-5.004944205284118652e-01
-7.352364659309387207e-01
-8.536273837089538574e-01
-8.679610490798950195e-01
-8.281574845314025879e-01
-6.693565249443054199e-01
-3.601619303226470947e-01
1.244276016950607300e-01
6.458161473274230957e-01
1.039055943489074707e+00
1.127125501632690430e+00
9.267567992210388184e-01
5.786958336830139160e-01
3.455250263214111328e-01
3.678801059722900391e-01
6.395313739776611328e-01
9.319114685058593750e-01
1.006942868232727051e+00
7.056318521499633789e-01
1.266327798366546631e-01
-4.773124158382415771e-01
-7.693616747856140137e-01
-5.658782124519348145e-01
1.256404519081115723e-01
1.054657578468322754e+00
1.901311039924621582e+00
2.363600730895996094e+00
2.324679136276245117e+00
1.826500177383422852e+00
1.066455364227294922e+00
2.505917847156524658e-01
-4.513739347457885742e-01
-9.855250120162963867e-01
-1.350648641586303711e+00
-1.572462797164916992e+00
-1.620590925216674805e+00
-1.439517617225646973e+00
-9.755741357803344727e-01
-2.688948214054107666e-01
5.390576124191284180e-01
1.231403231620788574e+00
1.627868056297302246e+00
1.657582879066467285e+00
1.386593103408813477e+00
9.493875503540039062e-01
4.646601676940917969e-01
-1.317598391324281693e-02
-4.694840312004089355e-01
-8.593332767486572266e-01
-1.082194805145263672e+00
-1.022930502891540527e+00
-6.650288701057434082e-01
-1.479403972625732422e-01
2.611215412616729736e-01
3.338099718093872070e-01
1.560168806463479996e-02
-5.086260437965393066e-01
-9.576018452644348145e-01
-1.120620250701904297e+00
-1.018023967742919922e+00
-8.265035748481750488e-01
-7.334998846054077148e-01
-7.304401993751525879e-01
-6.379601955413818359e-01
-2.309656292200088501e-01
4.989232420921325684e-01
1.302603125572204590e+00
1.764148473739624023e+00
1.622410178184509277e+00
9.273356795310974121e-01
6.461194157600402832e-02
-5.448186993598937988e-01
-6.744284629821777344e-01
-4.557291865348815918e-01
-1.784546524286270142e-01
-7.847704738378524780e-02
-1.049944013357162476e-01
-4.399345442652702332e-02
3.020277321338653564e-01
8.418020606040954590e-01
1.268974065780639648e+00
1.232781410217285156e+00
6.795555353164672852e-01
-1.243173405528068542e-01
-7.091050148010253906e-01
-7.957687973976135254e-01
-4.418916404247283936e-01
-4.807304590940475464e-02
7.635455112904310226e-03
-3.971815109252929688e-01
-9.812248945236206055e-01
-1.325757622718811035e+00
-1.124120950698852539e+00
-4.506296813488006592e-01
3.644620478153228760e-01
9.181566238403320312e-01
1.049117088317871094e+00
8.339460492134094238e-01
5.224636197090148926e-01
2.682332694530487061e-01
8.953053504228591919e-02
-1.416280418634414673e-01
-4.918942153453826904e-01
-9.353018999099731445e-01
-1.312498927116394043e+00
-1.505149483680725098e+00
-1.464684247970581055e+00
-1.270490169525146484e+00
-9.893289804458618164e-01
-6.569247841835021973e-01
-2.153639346361160278e-01
3.596382141113281250e-01
1.040820002555847168e+00
1.685065031051635742e+00
2.149311780929565430e+00
2.324320793151855469e+00
2.225363016128540039e+00
1.922067403793334961e+00
1.525905728340148926e+00
1.101820945739746094e+00
6.987406611442565918e-01
3.149005174636840820e-01
-5.954001098871231079e-02
-4.780566692352294922e-01
-9.815281033515930176e-01
-1.576542377471923828e+00
-2.156450986862182617e+00
-2.538306474685668945e+00
-2.530036926269531250e+00
-2.084589481353759766e+00
-1.349490880966186523e+00
-6.220552921295166016e-01
-1.623843610286712646e-01
-4.644672200083732605e-02
-1.298854351043701172e-01
-1.932569593191146851e-01
-1.281212866306304932e-01
-2.899819053709506989e-02
-9.581531584262847900e-02
-4.228167831897735596e-01
-8.594710826873779297e-01
-1.061962246894836426e+00
-7.430924177169799805e-01
9.733138233423233032e-02
1.108712196350097656e+00
1.807039380073547363e+00
1.867847323417663574e+00
1.349022269248962402e+00
6.022913455963134766e-01
4.038246348500251770e-02
-1.600689142942428589e-01
-9.487811475992202759e-02
-1.816521584987640381e-02
-7.246791571378707886e-02
-2.138754427433013916e-01
-2.450236827135086060e-01
-5.231802910566329956e-02
3.171332478523254395e-01
6.419019699096679688e-01
7.464829087257385254e-01
5.841536521911621094e-01
3.047566413879394531e-01
6.601774692535400391e-02
-2.687570080161094666e-02
-1.350676175206899643e-02
8.478938788175582886e-02
2.792592048645019531e-01
6.766060590744018555e-01
1.268974065780639648e+00
1.900263547897338867e+00
2.210395336151123047e+00
1.926505327224731445e+00
1.007797360420227051e+00
-1.858420222997665405e-01
-1.165330290794372559e+00
-1.538089394569396973e+00
-1.347478628158569336e+00
-9.412007927894592285e-01
-7.943354249000549316e-01
-1.072850346565246582e+00
-1.616538882255554199e+00
-1.987396001815795898e+00
-1.906079769134521484e+00
-1.366167664527893066e+00
-7.213162183761596680e-01
-3.069894015789031982e-01
-2.850477993488311768e-01
-4.369575381278991699e-01
-4.544336199760437012e-01
-8.693944662809371948e-02
5.581324696540832520e-01
1.202542901039123535e+00
1.490154147148132324e+00
1.338657975196838379e+00
8.598018884658813477e-01
3.681281805038452148e-01
5.105004832148551941e-02
-7.194417994469404221e-03
6.122146546840667725e-02
1.653613597154617310e-01
2.094926387071609497e-01
2.455749809741973877e-01
2.712378203868865967e-01
