2.602614164352416992e-01
3.165582120418548584e-01
3.410978615283966064e-01
4.625982046127319336e-01
5.652715563774108887e-01
5.885826945304870605e-01
4.087584316730499268e-01
1.030726060271263123e-01
-1.961635053157806396e-01
-2.124413698911666870e-01
1.339391022920608521e-01
7.419630885124206543e-01
1.189174056053161621e+00
1.110180377960205078e+00
3.370130360126495361e-01
-7.967242002487182617e-01
-1.752326488494873047e+00
-2.004940271377563477e+00
-1.531838297843933105e+00
-7.179148197174072266e-01
-1.914337128400802612e-01
-2.488361895084381104e-01
-7.374482750892639160e-01
-1.074799180030822754e+00
-8.048631548881530762e-01
1.220224872231483459e-01
1.181956529617309570e+00
1.733898639678955078e+00
1.385122656822204590e+00
3.615526556968688965e-01
-7.390146255493164062e-01
-1.279224395751953125e+00
-1.060855507850646973e+00
-3.262327909469604492e-01
4.109697639942169189e-01
8.069823384284973145e-01
8.173633217811584473e-01
6.952794194221496582e-01
6.797386407852172852e-01
8.545259833335876465e-01
1.068687200546264648e+00
1.127778887748718262e+00
9.056937098503112793e-01
4.470574557781219482e-01
-1.293321698904037476e-01
-6.947879791259765625e-01
-1.180390238761901855e+00
-1.535708189010620117e+00
-1.714088797569274902e+00
-1.658129930496215820e+00
-1.354778289794921875e+00
-8.479226827621459961e-01
-2.350767999887466431e-01
3.726400434970855713e-01
8.821061849594116211e-01
1.193903923034667969e+00
1.215740799903869629e+00
8.761785626411437988e-01
2.317905128002166748e-01
-5.102339982986450195e-01
-1.018870830535888672e+00
-1.045161128044128418e+00
-5.552284121513366699e-01
1.791792511940002441e-01
7.844390273094177246e-01
9.824453592300415039e-01
8.199431896209716797e-01
5.578390359878540039e-01
5.014808177947998047e-01
7.043704390525817871e-01
9.826910495758056641e-01
1.021788597106933594e+00
6.915017366409301758e-01
9.072601050138473511e-02
-4.775246977806091309e-01
-8.130328059196472168e-01
-8.826897144317626953e-01
-8.720323443412780762e-01
-9.108842015266418457e-01
-1.021727204322814941e+00
-1.038834333419799805e+00
-8.702509999275207520e-01
-5.358792543411254883e-01
-2.546716630458831787e-01
-1.621028631925582886e-01
-2.590942978858947754e-01
-3.040887713432312012e-01
-1.144978180527687073e-01
3.419578075408935547e-01
7.937757968902587891e-01
9.736614227294921875e-01
7.594694495201110840e-01
3.953368961811065674e-01
2.082951217889785767e-01
4.323459863662719727e-01
8.878188133239746094e-01
1.204377055168151855e+00
1.001364469528198242e+00
3.006796240806579590e-01
-5.903332829475402832e-01
-1.202411413192749023e+00
-1.363224267959594727e+00
-1.186563491821289062e+00
-1.032292485237121582e+00
-1.069670081138610840e+00
-1.236687064170837402e+00
-1.206404089927673340e+00
-8.102071881294250488e-01
-1.158799007534980774e-01
4.894720315933227539e-01
7.130007743835449219e-01
4.886120557785034180e-01
1.414330601692199707e-01
2.186760865151882172e-02
3.189538121223449707e-01
8.097158074378967285e-01
1.142152547836303711e+00
1.021573662757873535e+00
5.374763607978820801e-01
-1.867346465587615967e-02
-3.048565983772277832e-01
-2.879951894283294678e-01
-1.527047157287597656e-01
-1.992655098438262939e-01
-4.728256165981292725e-01
-7.842547893524169922e-01
-7.695739865303039551e-01
-2.810233533382415771e-01
5.329000949859619141e-01
1.198295831680297852e+00
1.301675558090209961e+00
6.881232857704162598e-01
-3.405757248401641846e-01
-1.279408693313598633e+00
-1.636538743972778320e+00
-1.283677816390991211e+00
-4.294282495975494385e-01
4.665601849555969238e-01
1.037390828132629395e+00
1.141599774360656738e+00
9.584278464317321777e-01
7.713246345520019531e-01
8.032046556472778320e-01
1.011315464973449707e+00
1.164603710174560547e+00
9.728628993034362793e-01
3.491753339767456055e-01
-5.316101908683776855e-01
-1.289113998413085938e+00
-1.607361435890197754e+00
-1.421671032905578613e+00
-9.754427671432495117e-01
-6.278645396232604980e-01
-6.083310842514038086e-01
-8.513011336326599121e-01
-1.078361868858337402e+00
-1.030480384826660156e+00
-6.756538152694702148e-01
-2.246958315372467041e-01
7.776515185832977295e-02
1.718695759773254395e-01
2.656668722629547119e-01
6.331778764724731445e-01
1.360122323036193848e+00
2.169346570968627930e+00
2.595089435577392578e+00
2.285073041915893555e+00
1.321331858634948730e+00
1.611200571060180664e-01
-6.191112995147705078e-01
-7.692361474037170410e-01
-4.729484617710113525e-01
-2.388544827699661255e-01
-4.459210932254791260e-01
-1.116722345352172852e+00
-1.843943119049072266e+00
-2.158474206924438477e+00
-1.791362643241882324e+00
-9.208658933639526367e-01
5.770960450172424316e-02
7.083938121795654297e-01
8.842253684997558594e-01
6.479814648628234863e-01
2.500954270362854004e-01
-1.329870074987411499e-01
-3.353238105773925781e-01
-3.067915141582489014e-01
4.235313460230827332e-02
6.637986302375793457e-01
1.439085245132446289e+00
2.039093017578125000e+00
2.193302869796752930e+00
1.736048579216003418e+00
8.801712393760681152e-01
1.105665578506886959e-03
-4.273397624492645264e-01
-2.476076781749725342e-01
4.362772405147552490e-01
1.174186229705810547e+00
1.569492340087890625e+00
1.324833154678344727e+00
5.284160375595092773e-01
-5.577468872070312500e-01
-1.450633287429809570e+00
-1.796030998229980469e+00
-1.350079178810119629e+00
-2.741436362266540527e-01
1.049031019210815430e+00
1.968023419380187988e+00
2.031199932098388672e+00
1.065953850746154785e+00
-5.049206614494323730e-01
-2.022231817245483398e+00
-2.757591485977172852e+00
-2.486734151840209961e+00
-1.423636674880981445e+00
-2.346468120813369751e-01
