6.642708554863929749e-03
4.227178171277046204e-03
-8.851193636655807495e-02
-1.498491466045379639e-01
-3.218694329261779785e-01
-5.081240534782409668e-01
-6.536597609519958496e-01
-5.709278583526611328e-01
-3.140189349651336670e-01
4.218551144003868103e-02
2.185192257165908813e-01
1.093027517199516296e-01
-3.531850576400756836e-01
-9.409353733062744141e-01
-1.442330479621887207e+00
-1.565263628959655762e+00
-1.274968743324279785e+00
-6.075058579444885254e-01
1.559742391109466553e-01
8.038539886474609375e-01
1.091647148132324219e+00
1.025392651557922363e+00
6.672902703285217285e-01
2.852051258087158203e-01
6.332140415906906128e-02
1.903955489397048950e-01
6.122506856918334961e-01
1.208627820014953613e+00
1.688369512557983398e+00
1.867636322975158691e+00
1.617283821105957031e+00
1.074824690818786621e+00
4.530844688415527344e-01
6.496050953865051270e-02
2.872755751013755798e-02
3.055645823478698730e-01
5.999141931533813477e-01
6.477072238922119141e-01
2.927967905998229980e-01
-2.814092934131622314e-01
-7.463988661766052246e-01
-7.542493343353271484e-01
-2.923654317855834961e-01
3.440405428409576416e-01
6.363196969032287598e-01
2.778722643852233887e-01
-6.477072238922119141e-01
-1.592610955238342285e+00
-1.938635706901550293e+00
-1.344932794570922852e+00
-5.331420525908470154e-02
1.303782463073730469e+00
2.049750089645385742e+00
1.925608992576599121e+00
1.163336634635925293e+00
3.084977269172668457e-01
-2.252482026815414429e-01
-3.724230229854583740e-01
-3.958019018173217773e-01
-5.579875111579895020e-01
-8.718339204788208008e-01
-1.050496935844421387e+00
-7.800437808036804199e-01
4.054640419781208038e-03
9.908850789070129395e-01
1.700447082519531250e+00
1.798362374305725098e+00
1.312236905097961426e+00
5.477215051651000977e-01
-1.812510490417480469e-01
-7.853061556816101074e-01
-1.384012579917907715e+00
-2.074595451354980469e+00
-2.703668594360351562e+00
-2.867320775985717773e+00
-2.203395128250122070e+00
-7.220710515975952148e-01
1.054637789726257324e+00
2.351259946823120117e+00
2.577284574508666992e+00
1.705795764923095703e+00
2.607910037040710449e-01
-1.010813236236572266e+00
-1.596665620803833008e+00
-1.442244172096252441e+00
-8.695909380912780762e-01
-2.641555070877075195e-01
1.665853261947631836e-01
4.366071224212646484e-01
6.161327958106994629e-01
6.878222823143005371e-01
5.334871411323547363e-01
1.045579537749290466e-01
-4.559313654899597168e-01
-8.217979669570922852e-01
-7.077503800392150879e-01
-9.446448832750320435e-02
7.019703984260559082e-01
1.223983764648437500e+00
1.172136068344116211e+00
6.110429167747497559e-01
-8.506117761135101318e-02
-5.069162845611572266e-01
-4.980306029319763184e-01
-2.463840991258621216e-01
-1.231057792901992798e-01
-3.946804106235504150e-01
-1.019440054893493652e+00
-1.672927260398864746e+00
-1.960893034934997559e+00
-1.680864095687866211e+00
-9.230777025222778320e-01
-9.748389944434165955e-03
7.213808894157409668e-01
1.071719050407409668e+00
1.066370368003845215e+00
8.537174463272094727e-01
6.187208294868469238e-01
4.597271978855133057e-01
4.116753935813903809e-01
4.337602257728576660e-01
4.982031285762786865e-01
5.516036152839660645e-01
5.697200894355773926e-01
4.937171638011932373e-01
3.085840046405792236e-01
-3.795833326876163483e-03
-3.809636533260345459e-01
-7.715031504631042480e-01
-1.079051971435546875e+00
-1.277470469474792480e+00
-1.323624372482299805e+00
-1.240892410278320312e+00
-1.003307819366455078e+00
-6.379588246345520020e-01
-1.441553980112075806e-01
3.676782250404357910e-01
7.903097867965698242e-01
9.400726556777954102e-01
7.596843242645263672e-01
2.541483044624328613e-01
-3.590513467788696289e-01
-8.603601455688476562e-01
-1.009777903556823730e+00
-8.036814332008361816e-01
-3.502519130706787109e-01
5.038106068968772888e-02
2.193819135427474976e-01
5.805899947881698608e-02
-2.482820153236389160e-01
-4.963052272796630859e-01
-4.353993535041809082e-01
-8.161041885614395142e-02
4.509277641773223877e-01
8.401732444763183594e-01
9.146233201026916504e-01
5.755863785743713379e-01
4.330701008439064026e-02
-4.415244460105895996e-01
-5.491018295288085938e-01
-2.362906336784362793e-01
4.159025549888610840e-01
1.033243060111999512e+00
1.344673991203308105e+00
1.126154780387878418e+00
5.459098815917968750e-01
-1.402733027935028076e-01
-5.194252729415893555e-01
-4.973404407501220703e-01
-1.306974440813064575e-01
1.868585348129272461e-01
2.314595729112625122e-01
-1.163768023252487183e-01
-5.434943437576293945e-01
-7.606332302093505859e-01
-4.888860881328582764e-01
7.539905607700347900e-02
6.179444193840026855e-01
6.772974729537963867e-01
2.325810641050338745e-01
-5.112297534942626953e-01
-1.001927495002746582e+00
-9.742351770401000977e-01
-3.693173527717590332e-01
3.803597688674926758e-01
9.427469968795776367e-01
1.061970710754394531e+00
9.869167208671569824e-01
9.755291938781738281e-01
1.329404354095458984e+00
1.870396971702575684e+00
2.339872598648071289e+00
2.323308944702148438e+00
1.852711796760559082e+00
1.111230254173278809e+00
5.896481871604919434e-01
4.486847519874572754e-01
6.963629126548767090e-01
9.088432788848876953e-01
8.234370350837707520e-01
2.249031364917755127e-01
-6.281241774559020996e-01
-1.479253530502319336e+00
-1.930957674980163574e+00
-1.955630660057067871e+00
-1.571043729782104492e+00
-1.103120923042297363e+00
-7.118912935256958008e-01
-6.482248306274414062e-01
-8.498353362083435059e-01
-1.284285783767700195e+00
-1.621165990829467773e+00
-1.670598030090332031e+00
-1.153415799140930176e+00
-1.811647713184356689e-01
1.069217205047607422e+00
2.110742092132568359e+00
