5.270005464553833008e-01
5.259984135627746582e-01
6.011569499969482422e-01
7.938411831855773926e-01
1.026220202445983887e+00
1.214060902595520020e+00
1.131108164787292480e+00
7.091625332832336426e-01
-5.411414802074432373e-02
-9.022921323776245117e-01
-1.600598454475402832e+00
-1.898894309997558594e+00
-1.815885901451110840e+00
-1.456850767135620117e+00
-1.088741064071655273e+00
-8.332020044326782227e-01
-7.655593156814575195e-01
-7.678418755531311035e-01
-7.849335074424743652e-01
-7.340483665466308594e-01
-6.788764595985412598e-01
-6.056664586067199707e-01
-5.223240256309509277e-01
-2.995207011699676514e-01
8.896543830633163452e-02
6.192506551742553711e-01
1.036018729209899902e+00
1.111344218254089355e+00
6.797115206718444824e-01
-6.986960023641586304e-02
-7.651695609092712402e-01
-9.174352288246154785e-01
-3.426672518253326416e-01
8.156093358993530273e-01
2.029614448547363281e+00
2.802912473678588867e+00
2.839767932891845703e+00
2.293337583541870117e+00
1.507012128829956055e+00
8.554711937904357910e-01
4.144297540187835693e-01
7.738545536994934082e-02
-3.646024167537689209e-01
-8.973372578620910645e-01
-1.346673965454101562e+00
-1.419327259063720703e+00
-1.035851716995239258e+00
-3.332028388977050781e-01
3.381577432155609131e-01
7.373331189155578613e-01
8.006332516670227051e-01
7.074923515319824219e-01
6.070026159286499023e-01
5.405290722846984863e-01
3.624311685562133789e-01
-1.848343200981616974e-02
-5.514409542083740234e-01
-9.684316515922546387e-01
-1.049714207649230957e+00
-7.708482146263122559e-01
-4.158772528171539307e-01
-3.170019984245300293e-01
-6.198630928993225098e-01
-1.084287166595458984e+00
-1.292893886566162109e+00
-9.365867376327514648e-01
-1.321120113134384155e-01
6.756474375724792480e-01
9.949319958686828613e-01
6.988630294799804688e-01
7.799786329269409180e-02
-3.612620234489440918e-01
-3.352627456188201904e-01
4.047426581382751465e-02
3.454509079456329346e-01
2.597145140171051025e-01
-1.855580806732177734e-01
-6.129039525985717773e-01
-6.636220216751098633e-01
-3.059787452220916748e-01
9.275120496749877930e-02
9.547917544841766357e-02
-4.263437688350677490e-01
-1.109061598777770996e+00
-1.355247616767883301e+00
-7.735762000083923340e-01
4.777299463748931885e-01
1.787715435028076172e+00
2.497267723083496094e+00
2.352128267288208008e+00
1.620084047317504883e+00
8.436128497123718262e-01
4.110893607139587402e-01
3.289717137813568115e-01
3.079273104667663574e-01
8.634880930185317993e-02
-3.397165834903717041e-01
-7.381125092506408691e-01
-8.953330516815185547e-01
-8.253520727157592773e-01
-7.648912072181701660e-01
-9.309080839157104492e-01
-1.293005228042602539e+00
-1.553109407424926758e+00
-1.391602039337158203e+00
-7.519750595092773438e-01
6.664057075977325439e-02
6.215332746505737305e-01
6.636777520179748535e-01
3.379350602626800537e-01
5.906904488801956177e-02
1.737554073333740234e-01
6.687996387481689453e-01
1.176926970481872559e+00
1.269455552101135254e+00
8.178362250328063965e-01
1.199752986431121826e-01
-2.902233004570007324e-01
-3.763494268059730530e-02
8.196734189987182617e-01
1.800241827964782715e+00
2.313157081604003906e+00
2.004617452621459961e+00
9.602477550506591797e-01
-4.036848545074462891e-01
-1.587348341941833496e+00
-2.276858329772949219e+00
-2.421329736709594727e+00
-2.181824445724487305e+00
-1.766392707824707031e+00
-1.345059514045715332e+00
-9.904224872589111328e-01
-7.248623371124267578e-01
-5.225467085838317871e-01
-3.558617532253265381e-01
-1.740894466638565063e-01
4.364762455224990845e-02
3.071478903293609619e-01
5.715945959091186523e-01
7.959567308425903320e-01
9.327452778816223145e-01
9.861356616020202637e-01
9.646459221839904785e-01
9.071913957595825195e-01
8.211209177970886230e-01
7.240829467773437500e-01
5.899109840393066406e-01
4.008455276489257812e-01
9.592456370592117310e-02
-3.400506377220153809e-01
-8.854789137840270996e-01
-1.385311007499694824e+00
-1.643132686614990234e+00
-1.458910703659057617e+00
-8.282470703125000000e-01
6.402394175529479980e-02
8.421096801757812500e-01
1.202425241470336914e+00
1.019650816917419434e+00
4.880294501781463623e-01
-8.339814096689224243e-02
-3.984515964984893799e-01
-4.280139505863189697e-01
-3.094304800033569336e-01
-2.887758016586303711e-01
-4.315213561058044434e-01
-6.597249507904052734e-01
-7.357742190361022949e-01
-5.412527918815612793e-01
-7.961237430572509766e-02
4.423775970935821533e-01
8.657150268554687500e-01
1.086625456809997559e+00
1.192793846130371094e+00
1.247074961662292480e+00
1.304139852523803711e+00
1.260046839714050293e+00
1.063187122344970703e+00
6.939081549644470215e-01
3.330358266830444336e-01
1.404072791337966919e-01
2.483572065830230713e-01
5.243282318115234375e-01
7.569299936294555664e-01
6.577206850051879883e-01
1.764277070760726929e-01
-5.857912302017211914e-01
-1.300131320953369141e+00
-1.728702068328857422e+00
-1.714839458465576172e+00
-1.388595700263977051e+00
-9.406508803367614746e-01
-6.479222774505615234e-01
-5.891872644424438477e-01
-7.606043815612792969e-01
-9.487234354019165039e-01
-1.001390099525451660e+00
-7.647241950035095215e-01
-3.163896203041076660e-01
2.351627200841903687e-01
6.661829948425292969e-01
9.215550422668457031e-01
9.813477993011474609e-01
1.000666379928588867e+00
1.015197038650512695e+00
1.039192080497741699e+00
8.836973905563354492e-01
4.605826437473297119e-01
-2.678427696228027344e-01
-1.034237146377563477e+00
-1.549602031707763672e+00
-1.501110792160034180e+00
-9.211096167564392090e-01
-1.965256594121456146e-02
7.616065144538879395e-01
1.171192765235900879e+00
1.105609893798828125e+00
