3.248891979455947876e-02
1.151879969984292984e-02
1.792797744274139404e-01
1.994622796773910522e-01
-6.340262293815612793e-02
-5.590063333511352539e-01
-1.157491683959960938e+00
-1.620901823043823242e+00
-1.778423905372619629e+00
-1.486417412757873535e+00
-7.719564437866210938e-01
2.248627096414566040e-01
1.157097816467285156e+00
1.670127511024475098e+00
1.502268075942993164e+00
7.663447260856628418e-01
-1.245408654212951660e-01
-5.868680477142333984e-01
-3.178007304668426514e-01
5.473890900611877441e-01
1.412677407264709473e+00
1.688439369201660156e+00
1.137506008148193359e+00
1.333030313253402710e-01
-6.588359475135803223e-01
-6.842363476753234863e-01
3.632852062582969666e-02
9.948501586914062500e-01
1.489863157272338867e+00
1.187716245651245117e+00
2.669998705387115479e-01
-6.605095863342285156e-01
-1.043288230895996094e+00
-6.631677746772766113e-01
2.121624946594238281e-01
1.109644293785095215e+00
1.573448300361633301e+00
1.433549046516418457e+00
7.512816786766052246e-01
-2.006437033414840698e-01
-1.118406534194946289e+00
-1.689620852470397949e+00
-1.751448273658752441e+00
-1.312158584594726562e+00
-6.506645083427429199e-01
-1.344844400882720947e-01
-5.936611816287040710e-02
-3.753947317600250244e-01
-7.427164316177368164e-01
-7.146578431129455566e-01
-1.391116529703140259e-01
7.298192977905273438e-01
1.334802389144897461e+00
1.271005988121032715e+00
5.630428791046142578e-01
-2.909235358238220215e-01
-7.384830117225646973e-01
-5.515240430831909180e-01
-3.977431729435920715e-02
2.563671171665191650e-01
-2.097012288868427277e-02
-7.083569169044494629e-01
-1.286758184432983398e+00
-1.273368835449218750e+00
-6.612972021102905273e-01
1.022908762097358704e-01
4.330871701240539551e-01
1.150895431637763977e-01
-5.657994747161865234e-01
-1.012472987174987793e+00
-8.175393939018249512e-01
-3.032299317419528961e-02
8.689309954643249512e-01
1.372607707977294922e+00
1.270710587501525879e+00
7.720549106597900391e-01
2.447498738765716553e-01
-5.404975265264511108e-02
-1.545685082674026489e-01
-2.245673686265945435e-01
-3.787420690059661865e-01
-5.170661211013793945e-01
-4.386988878250122070e-01
-1.023893244564533234e-02
6.644476652145385742e-01
1.318361043930053711e+00
1.660971522331237793e+00
1.578764677047729492e+00
1.147055864334106445e+00
5.775151848793029785e-01
7.324775308370590210e-02
-2.184633761644363403e-01
-2.569578289985656738e-01
-7.836721837520599365e-02
1.714036762714385986e-01
3.031314909458160400e-01
1.507289111614227295e-01
-2.742852568626403809e-01
-7.637850046157836914e-01
-9.934718608856201172e-01
-7.802263498306274414e-01
-2.405164688825607300e-01
2.220076322555541992e-01
2.145253270864486694e-01
-3.526524603366851807e-01
-1.131992816925048828e+00
-1.594910740852355957e+00
-1.414252638816833496e+00
-7.683137655258178711e-01
-2.132454663515090942e-01
-2.807830274105072021e-01
-1.014540433883666992e+00
-1.899518966674804688e+00
-2.181089639663696289e+00
-1.432564496994018555e+00
1.307432949542999268e-01
1.747116327285766602e+00
2.625990867614746094e+00
2.424264192581176758e+00
1.437388658523559570e+00
3.117952048778533936e-01
-3.825816512107849121e-01
-5.099776387214660645e-01
-3.181945383548736572e-01
-1.960164904594421387e-01
-3.333560228347778320e-01
-6.429852843284606934e-01
-8.441212177276611328e-01
-7.089476585388183594e-01
-1.785906106233596802e-01
5.892308950424194336e-01
1.351736068725585938e+00
1.853935956954956055e+00
1.950516700744628906e+00
1.611352086067199707e+00
9.743722677230834961e-01
2.691657841205596924e-01
-2.325419187545776367e-01
-3.854367434978485107e-01
-2.111779898405075073e-01
8.821234107017517090e-02
3.044113516807556152e-01
3.217387795448303223e-01
2.060585170984268188e-01
7.423226535320281982e-02
8.860615198500454426e-04
-9.027981758117675781e-02
-3.080540597438812256e-01
-7.106212973594665527e-01
-1.184565782546997070e+00
-1.556810021400451660e+00
-1.684402942657470703e+00
-1.591957092285156250e+00
-1.368768095970153809e+00
-1.092710733413696289e+00
-7.094398736953735352e-01
-1.652996987104415894e-01
4.888105988502502441e-01
9.774242639541625977e-01
1.005975127220153809e+00
4.736490845680236816e-01
-2.985042631626129150e-01
-7.658525109291076660e-01
-4.805406928062438965e-01
4.850694537162780762e-01
1.592252492904663086e+00
2.144662618637084961e+00
1.862895011901855469e+00
1.034230709075927734e+00
3.305993974208831787e-01
1.926691532135009766e-01
5.129311680793762207e-01
6.667120456695556641e-01
1.254269331693649292e-01
-1.084539294242858887e+00
-2.228641510009765625e+00
-2.432238817214965820e+00
-1.298966169357299805e+00
6.523381471633911133e-01
2.353576183319091797e+00
2.837070465087890625e+00
1.954454779624938965e+00
3.685031235218048096e-01
-8.824188113212585449e-01
-1.185057997703552246e+00
-6.380627155303955078e-01
5.493581295013427734e-02
2.369722276926040649e-01
-3.124843537807464600e-01
-1.215184092521667480e+00
-1.911530017852783203e+00
-1.988223552703857422e+00
-1.468991518020629883e+00
-6.168956756591796875e-01
2.184633761644363403e-01
8.654851913452148438e-01
1.242159724235534668e+00
1.367192864418029785e+00
1.226899862289428711e+00
9.125449061393737793e-01
5.589079260826110840e-01
3.809079825878143311e-01
4.358437955379486084e-01
6.329432725906372070e-01
7.009730935096740723e-01
4.929455518722534180e-01
4.824112728238105774e-02
-3.369002640247344971e-01
-4.346624016761779785e-01
-2.147222310304641724e-01
2.480972185730934143e-02
-1.634291186928749084e-02
-4.457873702049255371e-01
-9.585216045379638672e-01
-1.129039287567138672e+00
-6.587374806404113770e-01
2.825551629066467285e-01
