-3.544315993785858154e-01
-3.557107448577880859e-01
-2.432024776935577393e-01
-4.649377241730690002e-02
1.168461963534355164e-01
2.905304729938507080e-01
3.749533593654632568e-01
4.072654247283935547e-01
2.645028531551361084e-01
5.005310522392392159e-04
-3.856869935989379883e-01
-6.644827723503112793e-01
-7.415089607238769531e-01
-5.171042084693908691e-01
-2.058294862508773804e-01
1.423732750117778778e-02
-5.305629223585128784e-02
-2.344709932804107666e-01
-3.009303808212280273e-01
2.502655237913131714e-02
5.876234769821166992e-01
1.018914341926574707e+00
8.033523559570312500e-01
-1.206279844045639038e-01
-1.386860370635986328e+00
-2.211735486984252930e+00
-2.087103366851806641e+00
-1.001451373100280762e+00
3.652764260768890381e-01
1.244709491729736328e+00
1.176414847373962402e+00
4.549271166324615479e-01
-2.368624210357666016e-01
-2.195662856101989746e-01
5.722738504409790039e-01
1.666601538658142090e+00
2.304778575897216797e+00
2.082987785339355469e+00
1.112458109855651855e+00
3.893019165843725204e-04
-6.581427454948425293e-01
-5.636535882949829102e-01
1.021639481186866760e-01
9.279845952987670898e-01
1.479458570480346680e+00
1.549811005592346191e+00
1.125360608100891113e+00
3.586027026176452637e-01
-5.431318283081054688e-01
-1.328576207160949707e+00
-1.764705657958984375e+00
-1.704363822937011719e+00
-1.179696083068847656e+00
-4.158856868743896484e-01
2.701755464076995850e-01
6.237173080444335938e-01
5.835635662078857422e-01
2.544366121292114258e-01
-1.747965663671493530e-01
-5.748320817947387695e-01
-8.559080958366394043e-01
-9.672484397888183594e-01
-8.066892027854919434e-01
-3.321301639080047607e-01
3.938066959381103516e-01
1.084317088127136230e+00
1.413444042205810547e+00
1.143324136734008789e+00
3.950302302837371826e-01
-4.676628410816192627e-01
-9.586837887763977051e-01
-8.606353402137756348e-01
-2.507104575634002686e-01
4.811771810054779053e-01
1.004843950271606445e+00
1.134815096855163574e+00
9.857124686241149902e-01
6.956269145011901855e-01
4.025382101535797119e-01
4.816221073269844055e-02
-3.949746191501617432e-01
-9.515095353126525879e-01
-1.453375339508056641e+00
-1.771935582160949707e+00
-1.767152667045593262e+00
-1.507488250732421875e+00
-1.069301128387451172e+00
-6.299461126327514648e-01
-2.447596788406372070e-01
-2.319127134978771210e-02
4.660500213503837585e-02
-6.340060383081436157e-02
-2.089439034461975098e-01
-2.838567197322845459e-01
-1.359219849109649658e-01
1.332524865865707397e-01
3.494819104671478271e-01
2.364175021648406982e-01
-1.764650046825408936e-01
-6.412914991378784180e-01
-6.589213013648986816e-01
-1.084483973681926727e-02
1.157116532325744629e+00
2.184929370880126953e+00
2.468508005142211914e+00
1.733450293540954590e+00
4.288438856601715088e-01
-7.008547186851501465e-01
-9.408315420150756836e-01
-2.297993749380111694e-01
9.997273683547973633e-01
1.998342394828796387e+00
2.345154762268066406e+00
1.989944577217102051e+00
1.288867473602294922e+00
5.035898685455322266e-01
-2.277416288852691650e-01
-9.994493126869201660e-01
-1.746186017990112305e+00
-2.285702943801879883e+00
-2.282699584960937500e+00
-1.686455965042114258e+00
-7.347239851951599121e-01
2.163406461477279663e-02
2.227363139390945435e-01
-1.616715341806411743e-01
-6.971841454505920410e-01
-9.346583485603332520e-01
-6.284445524215698242e-01
1.462662965059280396e-02
6.392337679862976074e-01
9.281514286994934082e-01
8.793218135833740234e-01
6.103698015213012695e-01
2.529906332492828369e-01
-2.384196221828460693e-01
-8.911121487617492676e-01
-1.609207391738891602e+00
-2.038162469863891602e+00
-1.842399239540100098e+00
-9.298198819160461426e-01
3.477022349834442139e-01
1.426068544387817383e+00
1.861030101776123047e+00
1.643743991851806641e+00
1.115683674812316895e+00
6.757169365882873535e-01
4.367967545986175537e-01
2.123920172452926636e-01
-2.356389015913009644e-01
-8.907784223556518555e-01
-1.426624774932861328e+00
-1.477790117263793945e+00
-9.654131531715393066e-01
-2.345266044139862061e-01
2.256282716989517212e-01
1.412609815597534180e-01
-2.903636395931243896e-01
-6.232167482376098633e-01
-5.013652443885803223e-01
-1.268011983484029770e-02
4.619901776313781738e-01
5.386270284652709961e-01
2.462612837553024292e-01
-8.002935349941253662e-02
-2.764043770730495453e-02
4.220589101314544678e-01
9.605190753936767578e-01
1.129865407943725586e+00
8.447296023368835449e-01
3.706154525279998779e-01
2.072198539972305298e-01
5.241116285324096680e-01
1.120633363723754883e+00
1.474175214767456055e+00
1.336306691169738770e+00
8.114720582962036133e-01
3.959200680255889893e-01
3.626625537872314453e-01
6.411802768707275391e-01
7.183732986450195312e-01
2.866930663585662842e-01
-5.801154971122741699e-01
-1.233642220497131348e+00
-1.151054620742797852e+00
-2.190657556056976318e-01
9.016232490539550781e-01
1.449871659278869629e+00
9.374946355819702148e-01
-2.541029453277587891e-01
-1.395369291305541992e+00
-1.764371991157531738e+00
-1.411608815193176270e+00
-8.240965604782104492e-01
-6.897873878479003906e-01
-1.052561163902282715e+00
-1.517443299293518066e+00
-1.385247468948364258e+00
-5.350676774978637695e-01
6.548058390617370605e-01
1.335528135299682617e+00
1.121022701263427734e+00
1.564437597990036011e-01
-7.304972410202026367e-01
-9.485619664192199707e-01
-3.413621783256530762e-01
4.411903023719787598e-01
7.499067187309265137e-01
1.843066513538360596e-01
-8.199254870414733887e-01
-1.613267183303833008e+00
-1.541635632514953613e+00
-6.860612034797668457e-01
5.363468527793884277e-01
1.428793668746948242e+00
1.779721617698669434e+00
1.632398605346679688e+00
