-4.753137230873107910e-01
-3.796460032463073730e-01
-4.285859763622283936e-01
-3.361688852310180664e-01
-6.907579302787780762e-02
1.977012455463409424e-01
2.801407277584075928e-01
1.173837017267942429e-02
-4.766229987144470215e-01
-9.036739468574523926e-01
-8.923870325088500977e-01
-3.423992395401000977e-01
5.885438323020935059e-01
1.465580701828002930e+00
1.962836146354675293e+00
1.945409178733825684e+00
1.608292222023010254e+00
1.177313446998596191e+00
8.230403661727905273e-01
4.692187905311584473e-01
1.647886633872985840e-02
-6.051581501960754395e-01
-1.243183732032775879e+00
-1.717594504356384277e+00
-1.860667109489440918e+00
-1.711680173873901367e+00
-1.348874211311340332e+00
-8.786170482635498047e-01
-2.749487459659576416e-01
4.261931478977203369e-01
1.100111007690429688e+00
1.412532329559326172e+00
1.107786178588867188e+00
1.798679530620574951e-01
-9.079629778861999512e-01
-1.518177628517150879e+00
-1.184898257255554199e+00
-7.611881941556930542e-02
1.104535460472106934e+00
1.482195019721984863e+00
7.058823704719543457e-01
-8.145074844360351562e-01
-2.059722900390625000e+00
-2.152230262756347656e+00
-9.166312813758850098e-01
8.985270857810974121e-01
2.170695543289184570e+00
2.106676340103149414e+00
8.387968540191650391e-01
-7.381629347801208496e-01
-1.542647600173950195e+00
-1.099253296852111816e+00
2.183336913585662842e-01
1.447205662727355957e+00
1.774074077606201172e+00
1.031396389007568359e+00
-2.136383354663848877e-01
-1.168554782867431641e+00
-1.356820225715637207e+00
-9.430426359176635742e-01
-4.814086258411407471e-01
-4.557648003101348877e-01
-8.490453958511352539e-01
-1.194514632225036621e+00
-9.409658312797546387e-01
4.826276004314422607e-02
1.353524446487426758e+00
2.232412338256835938e+00
2.145638704299926758e+00
1.122730016708374023e+00
-2.280404269695281982e-01
-1.122910618782043457e+00
-1.088688731193542480e+00
-2.447901666164398193e-01
8.269230723381042480e-01
1.475422859191894531e+00
1.385127663612365723e+00
7.186591625213623047e-01
-5.214545503258705139e-02
-4.796930253505706787e-01
-4.039353728294372559e-01
4.379315301775932312e-03
4.031678736209869385e-01
5.132376551628112793e-01
2.614044845104217529e-01
-2.062341421842575073e-01
-6.360390782356262207e-01
-7.911210060119628906e-01
-5.597848296165466309e-01
1.273161731660366058e-02
7.219097614288330078e-01
1.283681154251098633e+00
1.426844120025634766e+00
1.041328907012939453e+00
2.354897707700729370e-01
-6.730149388313293457e-01
-1.332846879959106445e+00
-1.525717258453369141e+00
-1.306977272033691406e+00
-9.274666905403137207e-01
-6.752723455429077148e-01
-6.552268266677856445e-01
-7.587953805923461914e-01
-7.457025647163391113e-01
-4.790157973766326904e-01
-2.230290323495864868e-02
3.708422183990478516e-01
4.721533656120300293e-01
2.270923256874084473e-01
-1.654207259416580200e-01
-4.172539114952087402e-01
-3.141368627548217773e-01
1.228465586900711060e-01
7.019997239112854004e-01
1.165575027465820312e+00
1.367384672164916992e+00
1.285757899284362793e+00
1.008100271224975586e+00
6.153615117073059082e-01
1.860080212354660034e-01
-2.224872708320617676e-01
-5.106191039085388184e-01
-5.869185328483581543e-01
-3.890366852283477783e-01
3.485393151640892029e-02
5.698075890541076660e-01
1.058214068412780762e+00
1.389958500862121582e+00
1.481156587600708008e+00
1.285351514816284180e+00
7.593822479248046875e-01
-5.259693041443824768e-02
-9.766324162483215332e-01
-1.684862494468688965e+00
-1.852269768714904785e+00
-1.340431571006774902e+00
-3.634380102157592773e-01
6.013206243515014648e-01
1.055821299552917480e+00
8.088188767433166504e-01
7.959517836570739746e-02
-6.381610035896301270e-01
-9.269700646400451660e-01
-7.011418938636779785e-01
-2.358960956335067749e-01
8.528377860784530640e-02
4.912056401371955872e-02
-2.537745535373687744e-01
-5.682725906372070312e-01
-7.066950798034667969e-01
-6.907579302787780762e-01
-6.675069332122802734e-01
-6.993811726570129395e-01
-6.406893134117126465e-01
-2.377922981977462769e-01
6.023589968681335449e-01
1.621475338935852051e+00
2.280404090881347656e+00
2.103470802307128906e+00
1.033473253250122070e+00
-4.506631195545196533e-01
-1.609466075897216797e+00
-1.882699131965637207e+00
-1.252664685249328613e+00
-2.072273939847946167e-01
5.809590220451354980e-01
7.125191092491149902e-01
2.511108219623565674e-01
-3.539570271968841553e-01
-6.252036690711975098e-01
-3.283132016658782959e-01
3.907974362373352051e-01
1.172031164169311523e+00
1.624951601028442383e+00
1.558223485946655273e+00
9.921631813049316406e-01
1.650144010782241821e-01
-6.277319192886352539e-01
-1.102684497833251953e+00
-1.155281424522399902e+00
-8.610997796058654785e-01
-4.953140914440155029e-01
-3.248819708824157715e-01
-4.909347593784332275e-01
-8.470588922500610352e-01
-1.111623644828796387e+00
-1.020922183990478516e+00
-6.078218817710876465e-01
-1.432081162929534912e-01
1.444722525775432587e-03
-2.749487459659576416e-01
-7.444835901260375977e-01
-9.182565808296203613e-01
-4.790157973766326904e-01
5.175266861915588379e-01
1.560616374015808105e+00
2.089881420135498047e+00
1.795203208923339844e+00
8.976693153381347656e-01
-1.087153702974319458e-01
-7.318874001502990723e-01
-8.808743953704833984e-01
-7.656577825546264648e-01
-7.468312382698059082e-01
-9.299498200416564941e-01
-1.181376695632934570e+00
-1.184853076934814453e+00
-8.156812787055969238e-01
-1.604544967412948608e-01
4.645685851573944092e-01
8.611900806427001953e-01
9.792058467864990234e-01
9.927952289581298828e-01
9.955041408538818359e-01
9.805151224136352539e-01
7.541000247001647949e-01
2.368893474340438843e-01
