2.956544458866119385e-01
3.197138905525207520e-01
-4.671088233590126038e-02
-4.128886461257934570e-01
-5.840219259262084961e-01
-3.768242001533508301e-01
-1.617960259318351746e-02
2.455100417137145996e-01
1.419852823019027710e-01
-1.438132077455520630e-01
-3.128221333026885986e-01
-1.183210685849189758e-02
6.013377904891967773e-01
1.116244435310363770e+00
9.652183055877685547e-01
1.170859783887863159e-01
-1.011064648628234863e+00
-1.615045428276062012e+00
-1.312276959419250488e+00
-2.825131714344024658e-01
6.214449405670166016e-01
6.883864998817443848e-01
-2.865889370441436768e-01
-1.637153506278991699e+00
-2.484742403030395508e+00
-2.207638978958129883e+00
-1.059059977531433105e+00
2.321711182594299316e-01
8.769097924232482910e-01
7.824752330780029297e-01
4.062191843986511230e-01
4.823003709316253662e-01
1.226611495018005371e+00
2.291451692581176758e+00
2.892542362213134766e+00
2.583672523498535156e+00
1.476641893386840820e+00
2.938512265682220459e-01
-3.207760751247406006e-01
-1.375883817672729492e-01
4.100973606109619141e-01
7.493996620178222656e-01
5.198222398757934570e-01
-4.905754327774047852e-02
-4.886240065097808838e-01
-3.911017477512359619e-01
1.426769196987152100e-01
7.109885811805725098e-01
8.499355316162109375e-01
5.025557279586791992e-01
-5.397317931056022644e-02
-3.691419661045074463e-01
-2.827107608318328857e-01
3.989322111010551453e-02
1.769875586032867432e-01
-1.265467256307601929e-01
-8.336571455001831055e-01
-1.584168434143066406e+00
-2.031145334243774414e+00
-2.001206874847412109e+00
-1.619047164916992188e+00
-1.089467763900756836e+00
-5.719674825668334961e-01
-5.397317931056022644e-02
5.012218356132507324e-01
1.064173221588134766e+00
1.443788766860961914e+00
1.438008546829223633e+00
9.678366780281066895e-01
2.112981975078582764e-01
-4.974918961524963379e-01
-8.386221528053283691e-01
-7.136316299438476562e-01
-2.675192356109619141e-01
2.070248126983642578e-01
4.815099239349365234e-01
5.166603922843933105e-01
4.658737480640411377e-01
5.384967327117919922e-01
8.354356288909912109e-01
1.254573822021484375e+00
1.527972102165222168e+00
1.374969840049743652e+00
6.734173297882080078e-01
-4.261040389537811279e-01
-1.555366277694702148e+00
-2.286659479141235352e+00
-2.374968051910400391e+00
-1.878390192985534668e+00
-1.152555823326110840e+00
-6.236433982849121094e-01
-5.589249730110168457e-01
-8.811337351799011230e-01
-1.250695705413818359e+00
-1.263466477394104004e+00
-7.522650957107543945e-01
1.244223788380622864e-01
9.461733102798461914e-01
1.333718061447143555e+00
1.148850560188293457e+00
6.044995784759521484e-01
7.669872790575027466e-02
-1.124914661049842834e-01
8.423274010419845581e-02
4.856103956699371338e-01
8.079673647880554199e-01
9.079598188400268555e-01
8.173786997795104980e-01
7.060729265213012695e-01
6.700331568717956543e-01
6.654139757156372070e-01
5.060139894485473633e-01
6.548416614532470703e-02
-6.099586486816406250e-01
-1.237875461578369141e+00
-1.492648601531982422e+00
-1.185112714767456055e+00
-4.479650259017944336e-01
3.569146394729614258e-01
8.178233504295349121e-01
7.619728446006774902e-01
3.256669938564300537e-01
-1.160732135176658630e-01
-2.391369938850402832e-01
3.072889521718025208e-02
4.440374672412872314e-01
6.217166781425476074e-01
2.971859574317932129e-01
-4.679239988327026367e-01
-1.331568956375122070e+00
-1.853416681289672852e+00
-1.776718020439147949e+00
-1.152259469032287598e+00
-3.026697337627410889e-01
3.849510252475738525e-01
6.529396176338195801e-01
4.753344953060150146e-01
1.674774102866649628e-02
-4.842517971992492676e-01
-8.186385035514831543e-01
-8.639166951179504395e-01
-5.858004093170166016e-01
-3.870753943920135498e-02
6.489132046699523926e-01
1.281646847724914551e+00
1.671390056610107422e+00
1.694807171821594238e+00
1.377637624740600586e+00
8.603596687316894531e-01
3.513814508914947510e-01
-1.089344266802072525e-02
-1.786178797483444214e-01
-2.340731620788574219e-01
-2.782397568225860596e-01
-4.258817434310913086e-01
-7.097041010856628418e-01
-1.132794499397277832e+00
-1.591751813888549805e+00
-1.951951742172241211e+00
-2.009951353073120117e+00
-1.663979530334472656e+00
-9.333283901214599609e-01
-8.697462826967239380e-02
5.488713979721069336e-01
6.963157653808593750e-01
4.100973606109619141e-01
-8.275063708424568176e-03
-1.042905077338218689e-01
3.252470791339874268e-01
1.168908357620239258e+00
1.960004448890686035e+00
2.299899578094482422e+00
2.024031162261962891e+00
1.408761739730834961e+00
8.218250274658203125e-01
5.479821562767028809e-01
4.685909450054168701e-01
3.404880166053771973e-01
-6.172950938344001770e-02
-5.578875541687011719e-01
-7.944555282592773438e-01
-3.967090547084808350e-01
5.343714952468872070e-01
1.554847478866577148e+00
1.999379038810729980e+00
1.594468951225280762e+00
5.058657526969909668e-01
-6.179373264312744141e-01
-1.256154775619506836e+00
-1.187459349632263184e+00
-7.536730766296386719e-01
-3.745763301849365234e-01
-3.864825367927551270e-01
-6.479004621505737305e-01
-8.823688626289367676e-01
-7.487821578979492188e-01
-2.830072045326232910e-01
3.536539971828460693e-01
8.405982851982116699e-01
1.113873004913330078e+00
1.149196386337280273e+00
1.085120320320129395e+00
8.710554838180541992e-01
5.322965979576110840e-01
3.942388668656349182e-02
-3.704511523246765137e-01
-5.359771251678466797e-01
-3.095614910125732422e-01
4.913165047764778137e-02
2.260204106569290161e-01
-1.337349116802215576e-01
-8.962017893791198730e-01
-1.689249396324157715e+00
-1.903758764266967773e+00
-1.343697547912597656e+00
-1.465303897857666016e-01
1.071830749511718750e+00
