1.017554998397827148e+00
1.018112540245056152e+00
5.388649106025695801e-01
-9.760978072881698608e-02
-6.624402403831481934e-01
-9.092324972152709961e-01
-9.337245225906372070e-01
-9.162415862083435059e-01
-1.107438921928405762e+00
-1.407635688781738281e+00
-1.551880002021789551e+00
-1.135076999664306641e+00
-1.319782882928848267e-01
1.140811800956726074e+00
1.983776330947875977e+00
1.907353162765502930e+00
8.148882985115051270e-01
-7.229335904121398926e-01
-1.945266127586364746e+00
-2.197076320648193359e+00
-1.471633672714233398e+00
-2.356015741825103760e-01
7.380270957946777344e-01
1.002342104911804199e+00
5.396215915679931641e-01
-1.322172433137893677e-01
-4.610080718994140625e-01
-7.172387093305587769e-02
8.912318348884582520e-01
2.011573791503906250e+00
2.728852272033691406e+00
2.771703481674194336e+00
2.140724658966064453e+00
1.182229280471801758e+00
2.497392594814300537e-01
-3.643939197063446045e-01
-6.604092121124267578e-01
-7.631164789199829102e-01
-9.072014093399047852e-01
-1.167255282402038574e+00
-1.503612756729125977e+00
-1.697119832038879395e+00
-1.589713215827941895e+00
-1.111222147941589355e+00
-4.183958768844604492e-01
2.780942916870117188e-01
7.611650824546813965e-01
9.969657659530639648e-01
1.045830368995666504e+00
1.043241858482360840e+00
1.023807525634765625e+00
9.756198525428771973e-01
8.510887622833251953e-01
7.186325788497924805e-01
6.999150514602661133e-01
9.089139103889465332e-01
1.260842680931091309e+00
1.494811534881591797e+00
1.285295009613037109e+00
5.213421583175659180e-01
-5.877693891525268555e-01
-1.580951809883117676e+00
-2.065894365310668945e+00
-1.976886749267578125e+00
-1.626749992370605469e+00
-1.441486477851867676e+00
-1.614603519439697266e+00
-1.928977847099304199e+00
-1.927544236183166504e+00
-1.304968237876892090e+00
-2.015516459941864014e-01
8.381856083869934082e-01
1.270281195640563965e+00
9.622388482093811035e-01
3.322953879833221436e-01
9.916293434798717499e-03
3.546767234802246094e-01
1.122134089469909668e+00
1.670994997024536133e+00
1.450447082519531250e+00
5.113860368728637695e-01
-5.229351520538330078e-01
-8.819925785064697266e-01
-3.099936842918395996e-01
7.361155152320861816e-01
1.355664849281311035e+00
9.486188888549804688e-01
-3.389858901500701904e-01
-1.617510676383972168e+00
-1.948531746864318848e+00
-9.850981235504150391e-01
6.874898076057434082e-01
2.021768808364868164e+00
2.179274559020996094e+00
1.170998692512512207e+00
-2.682576477527618408e-01
-1.174343943595886230e+00
-1.106204271316528320e+00
-3.162063062191009521e-01
4.541980922222137451e-01
6.479043364524841309e-01
1.950204372406005859e-01
-4.498572051525115967e-01
-8.192291855812072754e-01
-7.240486741065979004e-01
-4.196702837944030762e-01
-2.230170369148254395e-01
-2.769791781902313232e-01
-3.534421622753143311e-01
-1.863386929035186768e-01
3.052943944931030273e-01
7.884050607681274414e-01
8.401370048522949219e-01
2.253666818141937256e-01
-7.686520814895629883e-01
-1.581469535827636719e+00
-1.686566352844238281e+00
-1.071756124496459961e+00
-1.634396314620971680e-01
4.032625854015350342e-01
3.375920355319976807e-01
-1.989630609750747681e-01
-6.598516702651977539e-01
-6.299434900283813477e-01
-5.041778087615966797e-02
6.778523325920104980e-01
1.104651212692260742e+00
9.883636832237243652e-01
5.328115820884704590e-01
1.151325479149818420e-01
5.555513501167297363e-02
3.060908913612365723e-01
5.949776172637939453e-01
5.943403840065002441e-01
2.573457360267639160e-01
-2.216629981994628906e-01
-4.988413155078887939e-01
-4.159666001796722412e-01
-4.910357296466827393e-02
2.944621443748474121e-01
3.731154501438140869e-01
1.230177879333496094e-01
-2.502171397209167480e-01
-4.899604618549346924e-01
-4.277944564819335938e-01
-1.566694676876068115e-01
8.100297302007675171e-02
1.640768162906169891e-02
-4.088778495788574219e-01
-1.019864916801452637e+00
-1.446345090866088867e+00
-1.365979313850402832e+00
-6.649889945983886719e-01
4.378700554370880127e-01
1.507117271423339844e+00
2.081585168838500977e+00
1.940009236335754395e+00
1.201464414596557617e+00
2.662664055824279785e-01
-4.343256652355194092e-01
-6.806002259254455566e-01
-5.798841118812561035e-01
-4.558707177639007568e-01
-5.929067134857177734e-01
-1.023289799690246582e+00
-1.488200664520263672e+00
-1.636506915092468262e+00
-1.274343252182006836e+00
-5.324929952621459961e-01
2.370750755071640015e-01
6.827507019042968750e-01
7.224557399749755859e-01
5.489006638526916504e-01
4.985227286815643311e-01
7.469079494476318359e-01
1.214885354042053223e+00
1.584894418716430664e+00
1.587522864341735840e+00
1.140373706817626953e+00
4.500563442707061768e-01
-2.066491842269897461e-01
-6.038584709167480469e-01
-7.447574138641357422e-01
-7.144908308982849121e-01
-6.358374953269958496e-01
-4.922304451465606689e-01
-2.683770954608917236e-01
3.974482044577598572e-02
2.641158998012542725e-01
2.489427626132965088e-01
-9.999924898147583008e-02
-5.913934111595153809e-01
-9.276711940765380859e-01
-7.880465984344482422e-01
-1.699708402156829834e-01
6.886048913002014160e-01
1.333641886711120605e+00
1.498435497283935547e+00
1.146825313568115234e+00
5.927075743675231934e-01
1.434079110622406006e-01
2.158486284315586090e-02
1.164467483758926392e-01
2.400619089603424072e-01
1.594173610210418701e-01
-1.011939793825149536e-01
-4.381488263607025146e-01
-6.269566416740417480e-01
-6.297443509101867676e-01
-4.571849107742309570e-01
-2.808820009231567383e-01
-1.487842202186584473e-01
-1.213849857449531555e-01
-1.068490520119667053e-01
-1.127430796623229980e-01
-8.645892888307571411e-02
-9.159628301858901978e-02
