1.277182936668395996e+00
1.311872482299804688e+00
8.209066390991210938e-01
1.184443235397338867e-01
-4.650267958641052246e-01
-5.433906912803649902e-01
-2.132935374975204468e-01
2.453266382217407227e-01
3.447073698043823242e-01
-2.773597277700901031e-02
-7.791073918342590332e-01
-1.487976312637329102e+00
-1.931830048561096191e+00
-1.982770442962646484e+00
-1.816510915756225586e+00
-1.492586016654968262e+00
-1.103266716003417969e+00
-5.728455185890197754e-01
-3.359568491578102112e-02
3.832252025604248047e-01
4.317436218261718750e-01
1.818073540925979614e-01
-1.505555510520935059e-01
-1.475085020065307617e-01
2.911105155944824219e-01
1.002089023590087891e+00
1.467350125312805176e+00
1.384298443794250488e+00
7.630127072334289551e-01
1.136002913117408752e-01
-9.477108716964721680e-02
3.394726812839508057e-01
1.015683531761169434e+00
1.367656946182250977e+00
9.579458236694335938e-01
-2.804849110543727875e-02
-1.034200191497802734e+00
-1.386720538139343262e+00
-8.921607732772827148e-01
1.916516572237014771e-01
1.259135007858276367e+00
1.907063007354736328e+00
2.039726972579956055e+00
1.929642438888549805e+00
1.796744108200073242e+00
1.710957884788513184e+00
1.470787882804870605e+00
9.266939759254455566e-01
6.437870860099792480e-02
-8.670812249183654785e-01
-1.610405206680297852e+00
-1.982223510742187500e+00
-2.013162851333618164e+00
-1.770492553710937500e+00
-1.328201532363891602e+00
-6.823830604553222656e-01
7.492619007825851440e-02
7.434803247451782227e-01
1.018808722496032715e+00
7.455897927284240723e-01
3.445510938763618469e-02
-7.118378877639770508e-01
-1.085687518119812012e+00
-9.184904098510742188e-01
-4.326030313968658447e-01
-3.367381542921066284e-02
-1.726661995053291321e-02
-3.213466405868530273e-01
-6.019096970558166504e-01
-5.053415894508361816e-01
2.093870565295219421e-02
6.798048019409179688e-01
1.030840635299682617e+00
8.227817416191101074e-01
1.729005873203277588e-01
-5.232332348823547363e-01
-8.727065324783325195e-01
-7.436366081237792969e-01
-2.988453507423400879e-01
1.636812984943389893e-01
4.539324045181274414e-01
5.834711194038391113e-01
7.051187157630920410e-01
9.157558679580688477e-01
1.159910559654235840e+00
1.245227932929992676e+00
1.021621346473693848e+00
4.979192912578582764e-01
-1.125064790248870850e-01
-5.500316619873046875e-01
-6.622256636619567871e-01
-5.423749685287475586e-01
-4.472132623195648193e-01
-6.566784381866455078e-01
-1.229211449623107910e+00
-1.959409713745117188e+00
-2.428577423095703125e+00
-2.278021812438964844e+00
-1.416253447532653809e+00
-1.511805802583694458e-01
9.748998880386352539e-01
1.446645855903625488e+00
1.107251286506652832e+00
2.257161289453506470e-01
-6.248797178268432617e-01
-9.466170072555541992e-01
-5.683920979499816895e-01
2.508738338947296143e-01
1.062248706817626953e+00
1.500711441040039062e+00
1.527822375297546387e+00
1.359609603881835938e+00
1.273901462554931641e+00
1.356406211853027344e+00
1.478210091590881348e+00
1.417972326278686523e+00
1.089515924453735352e+00
6.040973067283630371e-01
1.904015988111495972e-01
-1.750100776553153992e-02
-8.250474929809570312e-02
-2.150123864412307739e-01
-5.738611817359924316e-01
-1.124205350875854492e+00
-1.631578326225280762e+00
-1.834324359893798828e+00
-1.623374700546264648e+00
-1.114048600196838379e+00
-5.580790042877197266e-01
-1.757132411003112793e-01
-5.594072118401527405e-02
-1.464928090572357178e-01
-3.512702286243438721e-01
-5.717517137527465820e-01
-7.397301197052001953e-01
-7.637940049171447754e-01
-5.819085240364074707e-01
-1.930579990148544312e-01
2.436077892780303955e-01
4.840122461318969727e-01
2.928293645381927490e-01
-3.331441879272460938e-01
-1.166239023208618164e+00
-1.795806527137756348e+00
-1.914719700813293457e+00
-1.432191848754882812e+00
-5.676889419555664062e-01
3.598644733428955078e-01
1.041466236114501953e+00
1.376485586166381836e+00
1.373047828674316406e+00
1.170692443847656250e+00
8.781755566596984863e-01
6.659758687019348145e-01
6.433964371681213379e-01
9.207561612129211426e-01
1.408753037452697754e+00
1.912063241004943848e+00
2.091604948043823242e+00
1.788228034973144531e+00
1.038184762001037598e+00
2.041523903608322144e-01
-3.705682158470153809e-01
-4.665893912315368652e-01
-2.746251821517944336e-01
-1.173505112528800964e-01
-3.517390191555023193e-01
-9.652899503707885742e-01
-1.730334043502807617e+00
-2.211455583572387695e+00
-2.211064815521240234e+00
-1.703613758087158203e+00
-9.701340198516845703e-01
-2.278256267309188843e-01
3.099397420883178711e-01
6.526938676834106445e-01
7.530121207237243652e-01
6.723824739456176758e-01
3.880692422389984131e-01
6.930086761713027954e-02
-1.530556976795196533e-01
-6.078474968671798706e-02
2.776722311973571777e-01
7.141817808151245117e-01
8.938795924186706543e-01
7.235572934150695801e-01
2.454828917980194092e-01
-1.554777026176452637e-01
-2.426702231168746948e-01
1.241477727890014648e-01
6.609755754470825195e-01
1.094984889030456543e+00
1.121158361434936523e+00
8.341886997222900391e-01
3.893193006515502930e-01
1.146941035985946655e-01
4.953410476446151733e-02
1.974332481622695923e-01
3.165026009082794189e-01
3.354099392890930176e-01
1.200069114565849304e-01
-2.304820269346237183e-01
-7.180101275444030762e-01
-1.147956728935241699e+00
-1.447114586830139160e+00
-1.394064664840698242e+00
-1.026230931282043457e+00
-3.961165547370910645e-01
1.361015886068344116e-01
3.795531094074249268e-01
1.749319583177566528e-01
-2.064181417226791382e-01
-5.049509406089782715e-01
-3.847096562385559082e-01
5.625323951244354248e-02
6.308957338333129883e-01
9.409135580062866211e-01
