3.738473355770111084e-01
4.266808032989501953e-01
1.791501194238662720e-01
3.165224567055702209e-02
-6.325133889913558960e-02
-1.848374307155609131e-01
-3.270466327667236328e-01
-4.137116074562072754e-01
-3.435770273208618164e-01
-1.161379665136337280e-01
1.646129488945007324e-01
3.199242353439331055e-01
2.383618801832199097e-01
-7.021430134773254395e-02
-4.446197152137756348e-01
-6.754074096679687500e-01
-5.899117588996887207e-01
-1.681475788354873657e-01
4.496426284313201904e-01
9.793593287467956543e-01
1.134723782539367676e+00
7.556409239768981934e-01
-4.802318289875984192e-02
-9.247984290122985840e-01
-1.420231819152832031e+00
-1.256495833396911621e+00
-5.045224428176879883e-01
4.148809611797332764e-01
9.982018470764160156e-01
9.683036208152770996e-01
4.663590490818023682e-01
-8.477805554866790771e-02
-2.932151556015014648e-01
-1.145965456962585449e-01
1.399502307176589966e-01
6.232117488980293274e-02
-4.753417968750000000e-01
-1.180992960929870605e+00
-1.520344376564025879e+00
-1.131322026252746582e+00
-1.123641505837440491e-01
1.005297660827636719e+00
1.623911738395690918e+00
1.469264864921569824e+00
7.472162842750549316e-01
-6.585580855607986450e-02
-5.771286487579345703e-01
-7.218891382217407227e-01
-6.995917558670043945e-01
-7.167599797248840332e-01
-7.653678059577941895e-01
-6.387056708335876465e-01
-1.498897373676300049e-01
6.474226713180541992e-01
1.447525620460510254e+00
1.894510626792907715e+00
1.838115930557250977e+00
1.420922756195068359e+00
9.410630464553833008e-01
6.145479083061218262e-01
4.355306625366210938e-01
2.455374598503112793e-01
-7.832004129886627197e-02
-4.817998111248016357e-01
-7.689555883407592773e-01
-7.618066072463989258e-01
-4.543466269969940186e-01
-1.828442141413688660e-02
3.094000518321990967e-01
3.830161094665527344e-01
1.987367868423461914e-01
-1.302765011787414551e-01
-4.638608992099761963e-01
-6.687101721763610840e-01
-6.515419483184814453e-01
-3.743522763252258301e-01
7.664574682712554932e-02
4.794876873493194580e-01
5.415697097778320312e-01
1.006440445780754089e-01
-7.217562794685363770e-01
-1.510139107704162598e+00
-1.806357383728027344e+00
-1.414145827293395996e+00
-5.798925757408142090e-01
1.779276132583618164e-01
4.306140840053558350e-01
1.797082275152206421e-01
-1.701939404010772705e-01
-1.390732228755950928e-01
3.885971009731292725e-01
1.049307823181152344e+00
1.255645394325256348e+00
7.097969651222229004e-01
-3.156986236572265625e-01
-1.104692697525024414e+00
-1.031900405883789062e+00
-2.484874241054058075e-02
1.331414222717285156e+00
2.211670875549316406e+00
2.092450141906738281e+00
1.091856360435485840e+00
-2.068159431219100952e-01
-1.191091895103454590e+00
-1.642966866493225098e+00
-1.753364443778991699e+00
-1.852972030639648438e+00
-2.045569658279418945e+00
-2.138852119445800781e+00
-1.827272772789001465e+00
-1.021456003189086914e+00
5.020242929458618164e-02
9.723432064056396484e-01
1.465942859649658203e+00
1.541392683982849121e+00
1.458209156990051270e+00
1.459537982940673828e+00
1.603926420211791992e+00
1.735744357109069824e+00
1.674672245979309082e+00
1.351133704185485840e+00
8.656132221221923828e-01
3.647848367691040039e-01
-3.779134899377822876e-02
-3.079117834568023682e-01
-4.122499227523803711e-01
-3.180638849735260010e-01
-3.003109991550445557e-02
2.937466800212860107e-01
3.736612796783447266e-01
-4.377099126577377319e-02
-9.329041242599487305e-01
-1.922867417335510254e+00
-2.458563804626464844e+00
-2.183845520019531250e+00
-1.201961517333984375e+00
-5.636810883879661560e-02
6.526315808296203613e-01
6.712614893913269043e-01
2.721402347087860107e-01
3.454905236139893532e-04
2.422154396772384644e-01
8.939168453216552734e-01
1.450581789016723633e+00
1.387516498565673828e+00
5.861911177635192871e-01
-5.776601433753967285e-01
-1.491535782814025879e+00
-1.750919342041015625e+00
-1.403541922569274902e+00
-8.722572922706604004e-01
-5.994791984558105469e-01
-7.436019182205200195e-01
-1.100068449974060059e+00
-1.309834361076354980e+00
-1.127601385116577148e+00
-5.805038213729858398e-01
1.001125201582908630e-01
6.532428264617919922e-01
9.501255154609680176e-01
1.021828055381774902e+00
9.988396763801574707e-01
1.014253854751586914e+00
1.146603345870971680e+00
1.388526439666748047e+00
1.639804363250732422e+00
1.725645422935485840e+00
1.470115303993225098e+00
8.159157633781433105e-01
-7.855922728776931763e-02
-8.636997342109680176e-01
-1.175544738769531250e+00
-8.674469590187072754e-01
-1.393921375274658203e-01
5.646378397941589355e-01
8.279813528060913086e-01
5.355368852615356445e-01
-7.260616123676300049e-02
-5.869883894920349121e-01
-7.347254753112792969e-01
-5.537681579589843750e-01
-3.319366574287414551e-01
-3.433910012245178223e-01
-6.308125257492065430e-01
-9.625100493431091309e-01
-1.027648329734802246e+00
-6.693214774131774902e-01
-1.451060175895690918e-02
6.244608163833618164e-01
9.438269734382629395e-01
8.410036563873291016e-01
4.374707341194152832e-01
9.301668033003807068e-04
-2.140446603298187256e-01
-6.006219983100891113e-02
4.329793453216552734e-01
1.071791291236877441e+00
1.529592871665954590e+00
1.479151248931884766e+00
7.482527494430541992e-01
-5.050274133682250977e-01
-1.798517346382141113e+00
-2.501165390014648438e+00
-2.196070671081542969e+00
-9.352428317070007324e-01
7.149793505668640137e-01
1.989467263221740723e+00
2.329376935958862305e+00
1.703534007072448730e+00
5.551766753196716309e-01
-4.897195398807525635e-01
-1.022439360618591309e+00
-1.008194446563720703e+00
-7.153514027595520020e-01
-4.315973818302154541e-01
-2.910890579223632812e-01
-2.299638092517852783e-01
