8.673738837242126465e-01
8.789981603622436523e-01
4.906770884990692139e-01
-7.641596347093582153e-02
-7.003821730613708496e-01
-1.140349388122558594e+00
-1.209314823150634766e+00
-8.537212014198303223e-01
-2.337337732315063477e-01
4.098922908306121826e-01
8.547353744506835938e-01
1.047277092933654785e+00
1.048954486846923828e+00
9.948118329048156738e-01
9.435557723045349121e-01
8.971757292747497559e-01
7.948196530342102051e-01
6.272038221359252930e-01
4.056014418601989746e-01
1.789280474185943604e-01
-7.220314443111419678e-02
-3.883600533008575439e-01
-8.310577869415283203e-01
-1.362536907196044922e+00
-1.877827763557434082e+00
-2.207169294357299805e+00
-2.263418197631835938e+00
-2.045989751815795898e+00
-1.672296524047851562e+00
-1.244811773300170898e+00
-8.325400352478027344e-01
-4.119986891746520996e-01
1.923076622188091278e-02
4.357933402061462402e-01
7.266733050346374512e-01
8.143234848976135254e-01
6.818145513534545898e-01
4.534248113632202148e-01
2.838195860385894775e-01
3.129973113536834717e-01
5.382274389266967773e-01
8.760725855827331543e-01
1.176002264022827148e+00
1.352355837821960449e+00
1.357699871063232422e+00
1.222421407699584961e+00
9.654780626296997070e-01
6.471367478370666504e-01
3.287173807621002197e-01
1.323919296264648438e-01
1.400764286518096924e-01
3.745513558387756348e-01
6.941409707069396973e-01
8.855124115943908691e-01
7.305350899696350098e-01
1.948041468858718872e-01
-5.744655132293701172e-01
-1.271961092948913574e+00
-1.651271343231201172e+00
-1.609689235687255859e+00
-1.269893646240234375e+00
-8.238803744316101074e-01
-4.395771026611328125e-01
-1.218208596110343933e-01
1.998361349105834961e-01
6.054375767707824707e-01
1.027305245399475098e+00
1.300280690193176270e+00
1.219807863235473633e+00
7.416912317276000977e-01
1.057107001543045044e-02
-6.434700489044189453e-01
-9.146901369094848633e-01
-6.446402668952941895e-01
4.107504338026046753e-02
8.367918729782104492e-01
1.366476655006408691e+00
1.406303405761718750e+00
9.346620440483093262e-01
1.606334596872329712e-01
-6.393352150917053223e-01
-1.214112758636474609e+00
-1.476127147674560547e+00
-1.458885669708251953e+00
-1.294351458549499512e+00
-1.080043554306030273e+00
-8.690901994705200195e-01
-6.312606334686279297e-01
-3.463488221168518066e-01
-1.478389557451009750e-02
2.846777439117431641e-01
4.659072458744049072e-01
4.521375596523284912e-01
2.641987502574920654e-01
-1.439381856471300125e-02
-2.351380586624145508e-01
-2.900608181953430176e-01
-1.300904750823974609e-01
1.739740669727325439e-01
4.896239042282104492e-01
6.451473236083984375e-01
5.408019423484802246e-01
1.620767414569854736e-01
-3.752925097942352295e-01
-9.070056080818176270e-01
-1.261429071426391602e+00
-1.361717700958251953e+00
-1.211655259132385254e+00
-8.928848505020141602e-01
-4.685987830162048340e-01
2.188328653573989868e-02
5.805116891860961914e-01
1.159619092941284180e+00
1.651310443878173828e+00
1.879466056823730469e+00
1.724020600318908691e+00
1.195662140846252441e+00
4.989077150821685791e-01
-7.727413624525070190e-02
-2.869791984558105469e-01
-8.605085313320159912e-02
3.773598968982696533e-01
8.422139286994934082e-01
1.113785147666931152e+00
1.124161124229431152e+00
9.335308074951171875e-01
5.973240137100219727e-01
1.152675747871398926e-01
-5.674441456794738770e-01
-1.429785966873168945e+00
-2.300397634506225586e+00
-2.859923124313354492e+00
-2.817872762680053711e+00
-2.082110881805419922e+00
-8.722498416900634766e-01
3.897253274917602539e-01
1.276017904281616211e+00
1.586869835853576660e+00
1.402987718582153320e+00
1.007567286491394043e+00
6.798641681671142578e-01
5.606567859649658203e-01
6.063347458839416504e-01
6.783428788185119629e-01
6.311045885086059570e-01
3.866827189922332764e-01
-7.625993341207504272e-02
-7.180916070938110352e-01
-1.446559309959411621e+00
-2.085270404815673828e+00
-2.411218166351318359e+00
-2.224878787994384766e+00
-1.490403890609741211e+00
-3.914806842803955078e-01
6.958182454109191895e-01
1.384498119354248047e+00
1.453814744949340820e+00
9.733966588973999023e-01
2.371274381875991821e-01
-3.882820308208465576e-01
-6.614525318145751953e-01
-5.385784506797790527e-01
-1.554844528436660767e-01
2.983304262161254883e-01
6.586830019950866699e-01
8.346464633941650391e-01
7.771492004394531250e-01
4.726945757865905762e-01
-5.180214717984199524e-02
-6.762754321098327637e-01
-1.193555712699890137e+00
-1.353799104690551758e+00
-9.980104565620422363e-01
-1.508035361766815186e-01
9.362613558769226074e-01
1.887540698051452637e+00
2.347830772399902344e+00
2.159462928771972656e+00
1.412154555320739746e+00
4.132079184055328369e-01
-4.669214487075805664e-01
-9.329457283020019531e-01
-8.859415054321289062e-01
-4.214385449886322021e-01
2.218364477157592773e-01
7.864330410957336426e-01
1.076493859291076660e+00
1.026954174041748047e+00
6.831017732620239258e-01
1.772117018699645996e-01
-3.457247018814086914e-01
-7.508190274238586426e-01
-9.583786725997924805e-01
-9.344670176506042480e-01
-7.145419120788574219e-01
-3.762286901473999023e-01
-4.314244911074638367e-02
1.751833111047744751e-01
2.065064460039138794e-01
7.251520454883575439e-02
-1.345763504505157471e-01
-2.683725655078887939e-01
-2.166094183921813965e-01
6.455764174461364746e-02
5.032375454902648926e-01
9.561552405357360840e-01
1.239467740058898926e+00
1.225425004959106445e+00
8.691292405128479004e-01
2.606100440025329590e-01
-4.265095293521881104e-01
-9.703540205955505371e-01
-1.217116355895996094e+00
-1.123420000076293945e+00
-8.045325875282287598e-01
-4.477296769618988037e-01
-2.382586598396301270e-01
