-2.299363613128662109e-01
-2.398231029510498047e-01
1.408300876617431641e+00
2.466823577880859375e+00
2.430488586425781250e+00
1.409585595130920410e+00
6.384483724832534790e-02
-8.225817680358886719e-01
-8.597268462181091309e-01
-2.476431131362915039e-01
4.341225326061248779e-01
7.144979834556579590e-01
5.527074933052062988e-01
3.162358105182647705e-01
3.971729576587677002e-01
8.735514879226684570e-01
1.422237277030944824e+00
1.611481666564941406e+00
1.225563883781433105e+00
4.343738853931427002e-01
-4.120868444442749023e-01
-1.052629828453063965e+00
-1.505520462989807129e+00
-1.910373806953430176e+00
-2.314026117324829102e+00
-2.514916658401489258e+00
-2.256353616714477539e+00
-1.481110811233520508e+00
-5.193886160850524902e-01
1.240310221910476685e-01
1.081675589084625244e-01
-4.326423108577728271e-01
-1.019785761833190918e+00
-1.180738449096679688e+00
-8.680495619773864746e-01
-4.514941573143005371e-01
-4.247664511203765869e-01
-9.263924956321716309e-01
-1.631338834762573242e+00
-1.959528207778930664e+00
-1.572353601455688477e+00
-5.939301252365112305e-01
4.717423915863037109e-01
1.188139557838439941e+00
1.453489422798156738e+00
1.526746153831481934e+00
1.661390066146850586e+00
1.864012241363525391e+00
1.847534418106079102e+00
1.376434326171875000e+00
5.143615007400512695e-01
-3.133033215999603271e-01
-6.870441436767578125e-01
-4.979115128517150879e-01
-8.347865939140319824e-02
1.183615103363990784e-01
-8.155158162117004395e-02
-4.092660546302795410e-01
-4.322233796119689941e-01
4.921023547649383545e-02
7.099177241325378418e-01
9.547120928764343262e-01
3.720372021198272705e-01
-8.311837911605834961e-01
-1.962181329727172852e+00
-2.295006752014160156e+00
-1.660663962364196777e+00
-5.300852656364440918e-01
3.059860169887542725e-01
3.693560659885406494e-01
-2.289588600397109985e-01
-8.945817947387695312e-01
-1.088629841804504395e+00
-6.825197339057922363e-01
-2.538711950182914734e-02
4.343459606170654297e-01
4.784731864929199219e-01
2.712427973747253418e-01
1.126361414790153503e-01
1.866749227046966553e-01
3.961954712867736816e-01
5.411450266838073730e-01
5.007881522178649902e-01
3.734615743160247803e-01
3.250891864299774170e-01
4.434786140918731689e-01
6.299580335617065430e-01
7.453312277793884277e-01
7.422031760215759277e-01
7.456104755401611328e-01
8.806732892990112305e-01
1.126919984817504883e+00
1.253296971321105957e+00
1.025287747383117676e+00
4.192645251750946045e-01
-2.771636545658111572e-01
-6.735546588897705078e-01
-5.602203011512756348e-01
-9.917454421520233154e-02
3.298370540142059326e-01
4.269448816776275635e-01
2.318075895309448242e-01
4.840030521154403687e-02
1.596958786249160767e-01
5.273762345314025879e-01
7.946531772613525391e-01
5.608067512512207031e-01
-2.608812749385833740e-01
-1.339149594306945801e+00
-2.128747701644897461e+00
-2.250628232955932617e+00
-1.720961809158325195e+00
-8.946096897125244141e-01
-1.851947158575057983e-01
1.865352839231491089e-01
2.480899691581726074e-01
1.499487906694412231e-01
2.058339677751064301e-02
-6.267183274030685425e-02
-2.524747699499130249e-02
2.273669391870498657e-01
7.135484218597412109e-01
1.265054941177368164e+00
1.535040974617004395e+00
1.220620512962341309e+00
3.256477713584899902e-01
-7.334894537925720215e-01
-1.365570068359375000e+00
-1.199729919433593750e+00
-3.811978101730346680e-01
5.376539230346679688e-01
9.867182970046997070e-01
8.097625374794006348e-01
3.196431100368499756e-01
1.516524329781532288e-02
1.282761693000793457e-01
4.799813330173492432e-01
6.624948978424072266e-01
4.693405330181121826e-01
8.191465586423873901e-02
-6.962606310844421387e-02
2.616074383258819580e-01
9.119254350662231445e-01
1.399279952049255371e+00
1.375931620597839355e+00
9.184886813163757324e-01
4.977439343929290771e-01
5.081613063812255859e-01
9.091046452522277832e-01
1.182553768157958984e+00
8.190907239913940430e-01
-2.195469141006469727e-01
-1.337529778480529785e+00
-1.773579359054565430e+00
-1.192273020744323730e+00
-4.465787112712860107e-02
7.804654240608215332e-01
6.068610548973083496e-01
-4.501256346702575684e-01
-1.615922331809997559e+00
-2.037616491317749023e+00
-1.504682540893554688e+00
-5.440496206283569336e-01
1.298680994659662247e-02
-2.053871005773544312e-01
-8.326640129089355469e-01
-1.038079023361206055e+00
-2.967416346073150635e-01
1.161216378211975098e+00
2.429678678512573242e+00
2.653331041336059570e+00
1.642705798149108887e+00
6.577190756797790527e-02
-1.106588006019592285e+00
-1.266423463821411133e+00
-6.172784566879272461e-01
1.091729924082756042e-01
2.065601050853729248e-01
-4.401551187038421631e-01
-1.380791187286376953e+00
-1.959137201309204102e+00
-1.855075120925903320e+00
-1.209672570228576660e+00
-4.767416119575500488e-01
9.886733256280422211e-03
1.935453712940216064e-01
2.803475260734558105e-01
4.374739825725555420e-01
6.827989816665649414e-01
8.633296489715576172e-01
8.770705461502075195e-01
7.388796806335449219e-01
5.911931395530700684e-01
5.104514956474304199e-01
4.678323864936828613e-01
3.226873278617858887e-01
1.636617444455623627e-02
-3.894926011562347412e-01
-7.142466306686401367e-01
-8.527725934982299805e-01
-8.295639157295227051e-01
-8.088688254356384277e-01
-8.976818323135375977e-01
-1.067962646484375000e+00
-1.127087593078613281e+00
-9.097470045089721680e-01
-3.853870928287506104e-01
2.650985121726989746e-01
8.062435388565063477e-01
1.070559978485107422e+00
1.076229572296142578e+00
9.380666613578796387e-01
7.779518365859985352e-01
6.023645997047424316e-01
3.582963347434997559e-01
-1.114352140575647354e-02
-4.548735022544860840e-01
