-1.038445234298706055e-01
-4.908638820052146912e-02
1.225612834095954895e-01
1.002352312207221985e-01
2.454319410026073456e-02
1.902613043785095215e-02
2.561566829681396484e-01
6.027519702911376953e-01
8.334889411926269531e-01
6.003285646438598633e-01
-1.217363029718399048e-01
-1.109496712684631348e+00
-1.802326321601867676e+00
-1.805626273155212402e+00
-9.969899058341979980e-01
1.986658126115798950e-01
1.214372515678405762e+00
1.534723043441772461e+00
1.171628117561340332e+00
4.952465891838073730e-01
1.189004331827163696e-01
3.455124795436859131e-01
1.105784296989440918e+00
1.876316905021667480e+00
2.155882358551025391e+00
1.655428051948547363e+00
5.870257616043090820e-01
-6.090424656867980957e-01
-1.422061562538146973e+00
-1.665534138679504395e+00
-1.412471055984497070e+00
-9.934321641921997070e-01
-6.618928313255310059e-01
-5.726401209831237793e-01
-6.622537374496459961e-01
-8.538041114807128906e-01
-1.038548350334167480e+00
-1.193851113319396973e+00
-1.240256309509277344e+00
-1.107743620872497559e+00
-6.966451406478881836e-01
-6.182203814387321472e-02
6.084752678871154785e-01
9.802324771881103516e-01
8.302405476570129395e-01
1.626760065555572510e-01
-6.942733526229858398e-01
-1.311771869659423828e+00
-1.385349869728088379e+00
-9.737873077392578125e-01
-4.103766381740570068e-01
-7.971382141113281250e-02
-9.420255571603775024e-02
-2.361509054899215698e-01
-1.262221336364746094e-01
4.184201955795288086e-01
1.196068167686462402e+00
1.717559456825256348e+00
1.583190679550170898e+00
8.333858251571655273e-01
-1.299345586448907852e-02
-2.933324277400970459e-01
3.003963232040405273e-01
1.463413715362548828e+00
2.437097787857055664e+00
2.554245233535766602e+00
1.695284962654113770e+00
4.026424288749694824e-01
-5.462407469749450684e-01
-6.732363104820251465e-01
-1.692758500576019287e-01
3.256098031997680664e-01
2.037188261747360229e-01
-5.818696022033691406e-01
-1.519099950790405273e+00
-1.888897776603698730e+00
-1.379729628562927246e+00
-2.886919081211090088e-01
6.339981555938720703e-01
7.920851707458496094e-01
1.038445234298706055e-01
-9.000545740127563477e-01
-1.550810217857360840e+00
-1.447429656982421875e+00
-7.643967270851135254e-01
2.119170688092708588e-02
4.429118335247039795e-01
4.404884576797485352e-01
2.472365796566009521e-01
2.085655927658081055e-01
3.942379355430603027e-01
6.329668760299682617e-01
5.956364870071411133e-01
1.664399802684783936e-01
-5.350519418716430664e-01
-1.140639781951904297e+00
-1.372407913208007812e+00
-1.113363862037658691e+00
-5.442298650741577148e-01
8.646835386753082275e-02
4.992683827877044678e-01
5.934193730354309082e-01
3.546388447284698486e-01
-4.470367357134819031e-02
-3.936192095279693604e-01
-4.047048985958099365e-01
4.233185201883316040e-02
8.782957196235656738e-01
1.699203729629516602e+00
2.034094572067260742e+00
1.534980893135070801e+00
3.470593094825744629e-01
-9.882760643959045410e-01
-1.717250108718872070e+00
-1.427062988281250000e+00
-2.332634627819061279e-01
1.179413914680480957e+00
2.068485975265502930e+00
2.000528097152709961e+00
1.178124904632568359e+00
1.637587845325469971e-01
-4.400759637355804443e-01
-4.559568464756011963e-01
-9.693530201911926270e-02
1.974799036979675293e-01
1.994392275810241699e-01
-2.067609317600727081e-02
-1.259643286466598511e-01
1.082272380590438843e-01
6.453931927680969238e-01
1.119344949722290039e+00
1.154716014862060547e+00
5.775384902954101562e-01
-3.911958336830139160e-01
-1.323734045028686523e+00
-1.795984268188476562e+00
-1.687189936637878418e+00
-1.175907731056213379e+00
-6.411651372909545898e-01
-3.789757788181304932e-01
-4.726111590862274170e-01
-7.426378726959228516e-01
-9.239274859428405762e-01
-8.194642663002014160e-01
-4.465211331844329834e-01
9.538846090435981750e-03
3.103476464748382568e-01
3.414391279220581055e-01
1.770616173744201660e-01
3.387579321861267090e-02
1.102896854281425476e-01
4.409525096416473389e-01
8.564336895942687988e-01
1.077992796897888184e+00
9.125840067863464355e-01
3.725821673870086670e-01
-3.004478812217712402e-01
-7.985818982124328613e-01
-9.033545255661010742e-01
-6.257483363151550293e-01
-1.441654860973358154e-01
2.837935686111450195e-01
5.010214447975158691e-01
4.614223539829254150e-01
2.616221904754638672e-01
1.954174414277076721e-02
-1.078147441148757935e-01
-2.067609317600727081e-02
3.672713637351989746e-01
9.971961379051208496e-01
1.708845615386962891e+00
2.184911489486694336e+00
2.174908638000488281e+00
1.567464470863342285e+00
5.789306163787841797e-01
-4.290418326854705811e-01
-1.057883858680725098e+00
-1.200966477394104004e+00
-9.828105568885803223e-01
-7.409363389015197754e-01
-6.633365154266357422e-01
-7.753277420997619629e-01
-8.524119257926940918e-01
-7.615608572959899902e-01
-4.879248738288879395e-01
-2.837935686111450195e-01
-3.324159085750579834e-01
-7.037606239318847656e-01
-1.140124201774597168e+00
-1.375243782997131348e+00
-1.209216356277465820e+00
-8.115753531455993652e-01
-4.539459645748138428e-01
-4.487382769584655762e-01
-7.589827775955200195e-01
-1.179517030715942383e+00
-1.334510326385498047e+00
-1.100421905517578125e+00
-4.996292889118194580e-01
2.005735784769058228e-01
8.757176399230957031e-01
1.436292409896850586e+00
1.976552128791809082e+00
2.411832809448242188e+00
2.619934320449829102e+00
2.316186666488647461e+00
1.480222702026367188e+00
2.743062973022460938e-01
-7.907446026802062988e-01
-1.330694794654846191e+00
-1.132853984832763672e+00
-4.811703562736511230e-01
2.214043587446212769e-01
5.090650320053100586e-01
3.218458294868469238e-01
-2.082046568393707275e-01
-6.893234252929687500e-01
