1.384002804756164551e+00
1.427430987358093262e+00
6.887667179107666016e-01
-3.300673961639404297e-01
-1.193251609802246094e+00
-1.312006711959838867e+00
-8.437760472297668457e-01
-1.903668344020843506e-01
-8.429433405399322510e-02
-5.851922631263732910e-01
-1.391753196716308594e+00
-1.681979417800903320e+00
-1.178391218185424805e+00
-4.599037393927574158e-02
8.052799105644226074e-01
7.773526310920715332e-01
-3.113637864589691162e-01
-1.690754771232604980e+00
-2.553106307983398438e+00
-2.280046463012695312e+00
-1.218680858612060547e+00
-4.432498291134834290e-02
4.303110539913177490e-01
1.704462170600891113e-01
-4.299907684326171875e-01
-5.684742927551269531e-01
5.303625389933586121e-02
1.347748517990112305e+00
2.650787830352783203e+00
3.480792284011840820e+00
3.512819051742553711e+00
2.955297708511352539e+00
2.026202678680419922e+00
1.062582612037658691e+00
1.406613588333129883e-01
-5.614284276962280273e-01
-9.951342940330505371e-01
-9.976323843002319336e-01
-6.712800860404968262e-01
-1.614146828651428223e-01
1.894060373306274414e-01
2.725473940372467041e-01
9.742528945207595825e-02
-4.400471597909927368e-02
1.415581163018941879e-02
3.386505544185638428e-01
6.887026429176330566e-01
8.532559275627136230e-01
6.708957552909851074e-01
2.724193036556243896e-01
-1.527674645185470581e-01
-3.765701949596405029e-01
-3.756734430789947510e-01
-2.054193913936614990e-01
-3.362805768847465515e-02
4.336418211460113525e-02
-6.053050607442855835e-02
-3.292347192764282227e-01
-7.026022076606750488e-01
-9.987213015556335449e-01
-1.015183091163635254e+00
-6.082515120506286621e-01
1.282990425825119019e-01
8.640168905258178711e-01
1.187102437019348145e+00
8.968763351440429688e-01
1.949786841869354248e-01
-4.044334590435028076e-01
-4.065472185611724854e-01
2.661420702934265137e-01
1.199016451835632324e+00
1.714646697044372559e+00
1.401489377021789551e+00
3.797728717327117920e-01
-7.134913206100463867e-01
-1.241996288299560547e+00
-9.546525478363037109e-01
-2.232903093099594116e-01
3.413408100605010986e-01
2.701133787631988525e-01
-3.413408100605010986e-01
-1.045608401298522949e+00
-1.314184546470642090e+00
-1.047145724296569824e+00
-4.977593123912811279e-01
-1.475150883197784424e-01
-1.863314658403396606e-01
-5.087764859199523926e-01
-7.079186439514160156e-01
-5.670011043548583984e-01
-9.755339473485946655e-02
3.401878476142883301e-01
4.905853271484375000e-01
2.513457238674163818e-01
-1.105562448501586914e-01
-3.477461636066436768e-01
-2.746611833572387695e-01
-4.957736656069755554e-02
1.457856446504592896e-01
1.070973575115203857e-01
-6.559072434902191162e-02
-2.368696331977844238e-01
-1.915838569402694702e-01
1.870360597968101501e-02
3.107232451438903809e-01
4.796962440013885498e-01
5.495144724845886230e-01
5.678978562355041504e-01
7.157331705093383789e-01
9.428666830062866211e-01
1.138421893119812012e+00
1.001539707183837891e+00
4.458760321140289307e-01
-4.730346798896789551e-01
-1.340446472167968750e+00
-1.775561451911926270e+00
-1.465606808662414551e+00
-5.598911643028259277e-01
5.593146681785583496e-01
1.295929312705993652e+00
1.363441586494445801e+00
7.900351881980895996e-01
7.263660430908203125e-02
-3.129010796546936035e-01
-7.820925861597061157e-02
5.098654031753540039e-01
9.651573300361633301e-01
7.828611731529235840e-01
-2.594164572656154633e-02
-1.052718400955200195e+00
-1.629968047142028809e+00
-1.449401378631591797e+00
-6.663479804992675781e-01
9.646448493003845215e-02
3.430061936378479004e-01
-2.056115493178367615e-02
-5.065987110137939453e-01
-5.477210283279418945e-01
1.167694330215454102e-01
1.092303395271301270e+00
1.681851267814636230e+00
1.332888126373291016e+00
1.577636301517486572e-01
-1.186397910118103027e+00
-1.911098599433898926e+00
-1.728161931037902832e+00
-1.001731872558593750e+00
-4.836675524711608887e-01
-6.835142970085144043e-01
-1.493918538093566895e+00
-2.248339891433715820e+00
-2.246354341506958008e+00
-1.277674078941345215e+00
2.207281738519668579e-01
1.472716808319091797e+00
1.920130133628845215e+00
1.541061878204345703e+00
8.164252042770385742e-01
2.797854542732238770e-01
1.819758415222167969e-01
3.235339522361755371e-01
3.601084649562835693e-01
5.515001714229583740e-02
-4.415844380855560303e-01
-8.109166026115417480e-01
-7.241241931915283203e-01
-1.990140527486801147e-01
5.204342603683471680e-01
1.014542460441589355e+00
1.084617018699645996e+00
7.198966741561889648e-01
2.291832268238067627e-01
-1.174099668860435486e-01
-7.001041620969772339e-02
3.005387485027313232e-01
8.423027992248535156e-01
1.211506843566894531e+00
1.257176995277404785e+00
8.875245451927185059e-01
3.459526598453521729e-01
-1.475150883197784424e-01
-2.851018905639648438e-01
-9.659259766340255737e-02
3.264163434505462646e-01
6.356663703918457031e-01
7.247647047042846680e-01
5.237009525299072266e-01
2.997060716152191162e-01
1.680762320756912231e-01
2.852299809455871582e-01
4.539467692375183105e-01
5.882668495178222656e-01
4.849486351013183594e-01
2.776076197624206543e-01
-9.543963707983493805e-03
-1.904949396848678589e-01
-3.943770527839660645e-01
-6.156817078590393066e-01
-1.018641948699951172e+00
-1.435373663902282715e+00
-1.830199122428894043e+00
-1.967081308364868164e+00
-1.945751428604125977e+00
-1.735528111457824707e+00
-1.540997743606567383e+00
-1.258073687553405762e+00
-9.568303823471069336e-01
-4.919304549694061279e-01
-5.105059593915939331e-02
3.647203147411346436e-01
5.572649836540222168e-01
7.112494707107543945e-01
8.431354761123657227e-01
1.169808030128479004e+00
1.475983500480651855e+00
1.665645718574523926e+00
1.423203468322753906e+00
