-9.661362767219543457e-01
-9.686804413795471191e-01
-9.242120981216430664e-01
-5.873807519674301147e-02
1.420554399490356445e+00
2.633257865905761719e+00
2.803166866302490234e+00
1.546990513801574707e+00
-5.585094690322875977e-01
-2.538347721099853516e+00
-3.359242677688598633e+00
-2.792436838150024414e+00
-1.244118928909301758e+00
3.327384889125823975e-01
1.302635788917541504e+00
1.426085233688354492e+00
1.087594628334045410e+00
6.611628532409667969e-01
4.526482224464416504e-01
3.446851968765258789e-01
2.442442029714584351e-01
2.190233394503593445e-02
-1.638250201940536499e-01
-2.539785802364349365e-01
-1.721213608980178833e-01
-9.402516484260559082e-02
-6.460081785917282104e-02
-1.258831024169921875e-01
-9.026416391134262085e-02
5.442398041486740112e-02
2.534254789352416992e-01
2.067447453737258911e-01
-1.631613224744796753e-01
-7.307415008544921875e-01
-9.844987988471984863e-01
-5.651465654373168945e-01
5.716730356216430664e-01
1.834265112876892090e+00
2.491667032241821289e+00
1.992337942123413086e+00
5.288639068603515625e-01
-1.224760770797729492e+00
-2.398194789886474609e+00
-2.629828691482543945e+00
-2.083708286285400391e+00
-1.358055233955383301e+00
-8.440141677856445312e-01
-5.817392468452453613e-01
-2.133818268775939941e-01
4.718957245349884033e-01
1.357723474502563477e+00
1.904064893722534180e+00
1.680506229400634766e+00
6.663618683815002441e-01
-5.335098505020141602e-01
-1.164474010467529297e+00
-7.642586827278137207e-01
3.909234702587127686e-01
1.539468526840209961e+00
1.876521110534667969e+00
1.189916133880615234e+00
-7.145912945270538330e-02
-1.045891761779785156e+00
-1.118899464607238770e+00
-2.565227746963500977e-01
9.488798379898071289e-01
1.757496356964111328e+00
1.716014623641967773e+00
9.447870254516601562e-01
-5.973363667726516724e-02
-7.725549936294555664e-01
-1.005516171455383301e+00
-9.326190352439880371e-01
-8.981062769889831543e-01
-1.099873185157775879e+00
-1.450642347335815430e+00
-1.661148190498352051e+00
-1.488031268119812012e+00
-9.366012811660766602e-01
-2.626067698001861572e-01
2.005501538515090942e-01
2.889338135719299316e-01
9.546320140361785889e-02
-9.546320140361785889e-02
-5.309656634926795959e-02
2.584032714366912842e-01
6.381543278694152832e-01
8.523104786872863770e-01
7.903645038604736328e-01
5.944603085517883301e-01
5.043067336082458496e-01
7.050781250000000000e-01
1.116797804832458496e+00
1.484380841255187988e+00
1.501415967941284180e+00
1.088590145111083984e+00
3.940207660198211670e-01
-2.481158226728439331e-01
-6.114954352378845215e-01
-6.462294459342956543e-01
-5.402575731277465820e-01
-4.707895517349243164e-01
-5.238860845565795898e-01
-5.739960074424743652e-01
-4.922493994235992432e-01
-2.162578850984573364e-01
8.473327010869979858e-02
2.008820027112960815e-01
-3.307473659515380859e-02
-5.027580857276916504e-01
-9.416897296905517578e-01
-1.004188776016235352e+00
-5.785313248634338379e-01
2.142667621374130249e-01
9.809590578079223633e-01
1.357612848281860352e+00
1.108280181884765625e+00
3.439108729362487793e-01
-6.195705533027648926e-01
-1.315467357635498047e+00
-1.438806295394897461e+00
-9.038584232330322266e-01
1.095116697251796722e-02
8.867126107215881348e-01
1.288919091224670410e+00
1.096997141838073730e+00
4.866079092025756836e-01
-9.070663154125213623e-02
-2.834029197692871094e-01
9.844987653195858002e-03
4.922493994235992432e-01
7.609401345252990723e-01
5.222268700599670410e-01
-1.144894659519195557e-01
-7.953423261642456055e-01
-1.110824346542358398e+00
-9.764236807823181152e-01
-6.070707440376281738e-01
-4.004365801811218262e-01
-5.390407443046569824e-01
-9.019778966903686523e-01
-1.102638721466064453e+00
-8.646996617317199707e-01
-1.961254328489303589e-01
5.545272231101989746e-01
1.018237233161926270e+00
1.036599755287170410e+00
8.067359328269958496e-01
6.499904394149780273e-01
7.778646945953369141e-01
1.088590145111083984e+00
1.305954217910766602e+00
1.193787813186645508e+00
7.837274074554443359e-01
3.122741878032684326e-01
3.926933556795120239e-02
2.267665788531303406e-02
1.195778921246528625e-01
1.334051191806793213e-01
3.871624590829014778e-03
-1.629400849342346191e-01
-2.341779768466949463e-01
-2.138242870569229126e-01
-2.763233780860900879e-01
-5.882657170295715332e-01
-1.131067395210266113e+00
-1.631613254547119141e+00
-1.777075648307800293e+00
-1.445111513137817383e+00
-8.690137863159179688e-01
-4.397059381008148193e-01
-4.336219429969787598e-01
-7.254317998886108398e-01
-9.134821295738220215e-01
-5.777570009231567383e-01
3.128272593021392822e-01
1.399536967277526855e+00
2.103619575500488281e+00
2.098420381546020508e+00
1.444115996360778809e+00
5.901461839675903320e-01
-4.988864809274673462e-02
-2.752172052860260010e-01
-2.530936300754547119e-01
-1.982271820306777954e-01
-2.535361051559448242e-01
-2.877170145511627197e-01
-1.719001233577728271e-01
1.493340879678726196e-01
4.391528367996215820e-01
4.578472673892974854e-01
4.325157776474952698e-02
-5.951240062713623047e-01
-1.133058547973632812e+00
-1.209163665771484375e+00
-8.186826705932617188e-01
-1.514358222484588623e-01
3.941313922405242920e-01
6.380437016487121582e-01
5.360540747642517090e-01
3.200174272060394287e-01
1.242238357663154602e-01
6.216722726821899414e-02
1.991121098399162292e-03
-1.182504743337631226e-01
-3.986667096614837646e-01
-7.066267728805541992e-01
-9.469993710517883301e-01
-9.141458868980407715e-01
-6.129334568977355957e-01
-4.878246784210205078e-02
5.447928905487060547e-01
1.017462968826293945e+00
1.136819601058959961e+00
9.285261631011962891e-01
4.444625079631805420e-01
-2.842878550291061401e-02
