3.183653652667999268e-01
3.529442250728607178e-01
6.879414916038513184e-01
8.676046133041381836e-01
8.387115001678466797e-01
6.769180297851562500e-01
5.541127920150756836e-01
4.914530813694000244e-01
3.775439560413360596e-01
1.137157250195741653e-02
-6.247789859771728516e-01
-1.335579633712768555e+00
-1.748205304145812988e+00
-1.615769028663635254e+00
-9.491782188415527344e-01
-7.828593254089355469e-02
6.056329607963562012e-01
8.496962785720825195e-01
7.033356428146362305e-01
3.932475447654724121e-01
1.605170965194702148e-01
8.443586528301239014e-02
1.075657978653907776e-01
1.282976418733596802e-01
1.281429231166839600e-01
1.556435674428939819e-01
2.562858462333679199e-01
3.711232841014862061e-01
3.656695485115051270e-01
1.252806931734085083e-01
-3.274935483932495117e-01
-8.255220651626586914e-01
-1.170846581459045410e+00
-1.274041652679443359e+00
-1.225577116012573242e+00
-1.208867788314819336e+00
-1.354532241821289062e+00
-1.591672062873840332e+00
-1.689684271812438965e+00
-1.379982948303222656e+00
-5.833926200866699219e-01
5.243300795555114746e-01
1.538527369499206543e+00
2.069587469100952148e+00
1.916728854179382324e+00
1.230953454971313477e+00
3.870202600955963135e-01
-1.727782785892486572e-01
-2.359407991170883179e-01
1.222637444734573364e-01
5.452166199684143066e-01
7.023299932479858398e-01
4.541280269622802734e-01
1.442719995975494385e-02
-2.597282826900482178e-01
-6.060970947146415710e-02
5.529524087905883789e-01
1.232810020446777344e+00
1.489211916923522949e+00
1.100025653839111328e+00
2.010525017976760864e-01
-7.120383977890014648e-01
-1.204922556877136230e+00
-1.101186037063598633e+00
-6.676737666130065918e-01
-2.954288125038146973e-01
-2.784101366996765137e-01
-5.063057541847229004e-01
-6.658558845520019531e-01
-4.159133434295654297e-01
2.268899530172348022e-01
9.851495027542114258e-01
1.420131564140319824e+00
1.358980298042297363e+00
9.037693142890930176e-01
4.296443164348602295e-01
1.803206503391265869e-01
1.884432137012481689e-01
1.779999285936355591e-01
-8.285003155469894409e-02
-6.793161034584045410e-01
-1.356930375099182129e+00
-1.816318631172180176e+00
-1.808428168296813965e+00
-1.413710832595825195e+00
-8.365455269813537598e-01
-3.775052726268768311e-01
-1.172355040907859802e-01
-4.772966355085372925e-02
-6.614078301936388016e-03
5.782483518123626709e-02
1.963336914777755737e-01
3.510876297950744629e-01
5.480788946151733398e-01
7.520709633827209473e-01
9.746288657188415527e-01
1.088576674461364746e+00
1.023170828819274902e+00
6.978045701980590820e-01
2.376426607370376587e-01
-2.134297192096710205e-01
-4.413253366947174072e-01
-4.316169321537017822e-01
-2.432897686958312988e-01
-8.188305795192718506e-02
-3.585526719689369202e-02
-1.512728631496429443e-01
-3.131437301635742188e-01
-4.576091170310974121e-01
-4.986473321914672852e-01
-4.737381637096405029e-01
-3.778147101402282715e-01
-2.800346612930297852e-01
-2.002015709877014160e-01
-2.440633475780487061e-01
-4.324678778648376465e-01
-7.572539448738098145e-01
-1.008008718490600586e+00
-9.562177658081054688e-01
-3.898051381111145020e-01
5.935264825820922852e-01
1.679666399955749512e+00
2.374956846237182617e+00
2.404391527175903320e+00
1.794271707534790039e+00
9.655393362045288086e-01
3.741015493869781494e-01
3.137238919734954834e-01
6.561474800109863281e-01
1.069121241569519043e+00
1.186666131019592285e+00
9.476310610771179199e-01
5.194565653800964355e-01
1.951346397399902344e-01
6.049367412924766541e-02
-2.289786003530025482e-02
-3.674874603748321533e-01
-1.114646196365356445e+00
-2.127103090286254883e+00
-2.953089237213134766e+00
-3.155108690261840820e+00
-2.536634206771850586e+00
-1.340685248374938965e+00
-7.178788632154464722e-02
7.494407892227172852e-01
9.173842072486877441e-01
5.763143897056579590e-01
1.177770048379898071e-01
-1.327070295810699463e-01
-8.373964577913284302e-02
7.395390421152114868e-02
7.642934471368789673e-02
-2.107995599508285522e-01
-6.512739658355712891e-01
-9.458905458450317383e-01
-8.270305395126342773e-01
-2.696687281131744385e-01
4.936964511871337891e-01
1.128415822982788086e+00
1.433785200119018555e+00
1.467010259628295898e+00
1.453433990478515625e+00
1.572796821594238281e+00
1.748669385910034180e+00
1.688446521759033203e+00
1.090781331062316895e+00
-5.020510777831077576e-02
-1.368031144142150879e+00
-2.281431436538696289e+00
-2.385090589523315430e+00
-1.702602982521057129e+00
-7.044960260391235352e-01
4.107690602540969849e-02
2.145900875329971313e-01
-2.630159631371498108e-02
-2.550094425678253174e-01
-8.435850590467453003e-02
4.807390570640563965e-01
1.109115123748779297e+00
1.357587933540344238e+00
1.076508879661560059e+00
4.514204859733581543e-01
-9.263577312231063843e-02
-2.922184765338897705e-01
-1.676726788282394409e-01
-3.802127763628959656e-02
-1.582350432872772217e-01
-5.602239966392517090e-01
-9.345189332962036133e-01
-9.420613050460815430e-01
-3.918938040733337402e-01
5.274243950843811035e-01
1.446471810340881348e+00
1.955562472343444824e+00
1.898433804512023926e+00
1.313184618949890137e+00
4.335122108459472656e-01
-5.445204377174377441e-01
-1.405936360359191895e+00
-2.021084308624267578e+00
-2.229369878768920898e+00
-1.999656319618225098e+00
-1.379480123519897461e+00
-6.136781573295593262e-01
7.511426508426666260e-02
5.014708638191223145e-01
7.195807695388793945e-01
8.334512114524841309e-01
9.772203564643859863e-01
1.080840945243835449e+00
1.027580142021179199e+00
6.801670193672180176e-01
1.346409767866134644e-01
-4.063983559608459473e-01
-6.712709069252014160e-01
-6.200601458549499512e-01
-3.727864623069763184e-01
