1.019386127591133118e-01
1.428158283233642578e-01
-2.990312278270721436e-01
-7.568221092224121094e-01
-9.247409701347351074e-01
-5.620192885398864746e-01
1.771628707647323608e-01
9.451795816421508789e-01
1.264819025993347168e+00
9.432290196418762207e-01
4.706816002726554871e-02
-1.018622875213623047e+00
-1.873397588729858398e+00
-2.219242572784423828e+00
-2.079903841018676758e+00
-1.598621368408203125e+00
-1.051612973213195801e+00
-5.779631137847900391e-01
-2.642601728439331055e-01
-2.357648499310016632e-02
2.109162509441375732e-01
5.539625883102416992e-01
9.936046600341796875e-01
1.500329494476318359e+00
1.927844047546386719e+00
2.184301853179931641e+00
2.169206142425537109e+00
1.918260812759399414e+00
1.475311279296875000e+00
9.645156860351562500e-01
4.410837888717651367e-01
-1.221228018403053284e-02
-3.784958720207214355e-01
-5.933980941772460938e-01
-6.519152522087097168e-01
-5.453122258186340332e-01
-3.460994064807891846e-01
-9.549324214458465576e-02
1.673251986503601074e-01
4.917986989021301270e-01
8.764855265617370605e-01
1.253285169601440430e+00
1.385500073432922363e+00
1.034312248229980469e+00
8.531634509563446045e-02
-1.229623913764953613e+00
-2.420745134353637695e+00
-2.925858736038208008e+00
-2.501142740249633789e+00
-1.363365292549133301e+00
-1.262783706188201904e-01
5.991649627685546875e-01
5.522664189338684082e-01
-2.544224844314157963e-04
-4.951909780502319336e-01
-4.446457028388977051e-01
2.245702594518661499e-01
1.160590648651123047e+00
1.849142670631408691e+00
1.969569325447082520e+00
1.568175435066223145e+00
9.659574031829833984e-01
4.839115738868713379e-01
2.305915951728820801e-01
8.845422416925430298e-02
-1.228860691189765930e-01
-4.436280131340026855e-01
-7.367227673530578613e-01
-7.916780114173889160e-01
-5.268241763114929199e-01
-5.970447883009910583e-02
3.321909606456756592e-01
4.047861993312835693e-01
6.487773358821868896e-02
-5.629521608352661133e-01
-1.256592750549316406e+00
-1.774936079978942871e+00
-1.991449713706970215e+00
-1.877044320106506348e+00
-1.525602102279663086e+00
-1.068913698196411133e+00
-6.737107634544372559e-01
-4.296347796916961670e-01
-3.527143895626068115e-01
-3.227773308753967285e-01
-2.059126049280166626e-01
9.930957853794097900e-02
5.328454971313476562e-01
9.547628164291381836e-01
1.207913160324096680e+00
1.296028137207031250e+00
1.335887670516967773e+00
1.515509963035583496e+00
1.858641147613525391e+00
2.219581842422485352e+00
2.293534040451049805e+00
1.893751502037048340e+00
1.048390269279479980e+00
7.658117264509201050e-02
-6.607352495193481445e-01
-9.033694863319396973e-01
-6.914355158805847168e-01
-2.250791043043136597e-01
2.232981473207473755e-01
5.264849662780761719e-01
6.377524137496948242e-01
5.861894488334655762e-01
3.328694403171539307e-01
-1.158470436930656433e-01
-6.994074583053588867e-01
-1.171106696128845215e+00
-1.281102061271667480e+00
-8.810651302337646484e-01
-1.606253981590270996e-01
4.855229258537292480e-01
6.238439679145812988e-01
1.487523466348648071e-01
-6.826155781745910645e-01
-1.328339815139770508e+00
-1.387111425399780273e+00
-8.093179464340209961e-01
1.356919994577765465e-03
5.123221278190612793e-01
3.502549827098846436e-01
-4.097898304462432861e-01
-1.372524499893188477e+00
-2.026305675506591797e+00
-2.107635974884033203e+00
-1.665873646736145020e+00
-1.025661945343017578e+00
-5.107107758522033691e-01
-3.086144924163818359e-01
-3.586509227752685547e-01
-4.861165881156921387e-01
-4.817914068698883057e-01
-2.417861819267272949e-01
2.510302066802978516e-01
9.030302166938781738e-01
1.586154699325561523e+00
2.127904891967773438e+00
2.387755155563354492e+00
2.270296812057495117e+00
1.809028744697570801e+00
1.146682143211364746e+00
5.154599547386169434e-01
1.190697252750396729e-01
5.639698728919029236e-02
2.551009654998779297e-01
5.310645699501037598e-01
6.664173007011413574e-01
5.372555255889892578e-01
1.663923114538192749e-01
-2.891087532043457031e-01
-6.324943304061889648e-01
-7.384188771247863770e-01
-6.201972365379333496e-01
-4.185250103473663330e-01
-2.981831729412078857e-01
-3.443184494972229004e-01
-4.895088672637939453e-01
-5.764365792274475098e-01
-4.535504877567291260e-01
-1.138964742422103882e-01
3.086144924163818359e-01
5.889880657196044922e-01
5.895817279815673828e-01
3.123460114002227783e-01
-7.310406118631362915e-02
-3.897752761840820312e-01
-5.288595557212829590e-01
-5.450577735900878906e-01
-5.375099182128906250e-01
-6.016243696212768555e-01
-7.033933997154235840e-01
-7.735291719436645508e-01
-7.230687141418457031e-01
-5.771998167037963867e-01
-3.829906582832336426e-01
-2.093049138784408569e-01
-8.565557189285755157e-03
2.719776332378387451e-01
6.776118874549865723e-01
1.077479243278503418e+00
1.281780481338500977e+00
1.082143664360046387e+00
5.061311721801757812e-01
-2.356800436973571777e-01
-7.561436295509338379e-01
-8.183075785636901855e-01
-3.948637247085571289e-01
2.071847170591354370e-01
6.419927477836608887e-01
6.296108961105346680e-01
2.233829498291015625e-01
-3.518663048744201660e-01
-7.444401979446411133e-01
-8.035510778427124023e-01
-5.264849662780761719e-01
-1.413740962743759155e-01
1.768236309289932251e-01
2.930099070072174072e-01
2.803736031055450439e-01
2.132908552885055542e-01
2.066758722066879272e-01
2.026899158954620361e-01
1.379818022251129150e-01
-1.250910609960556030e-01
-5.465843081474304199e-01
-1.024474620819091797e+00
-1.286529779434204102e+00
-1.175177454948425293e+00
-6.101051568984985352e-01
1.948028206825256348e-01
9.696041345596313477e-01
1.382107853889465332e+00
1.369301915168762207e+00
1.015315413475036621e+00
