-2.698059082031250000e-01
-3.121650516986846924e-01
1.895999163389205933e-01
8.084420561790466309e-01
1.253131866455078125e+00
1.214309453964233398e+00
7.954741120338439941e-01
2.298451960086822510e-01
-9.549104422330856323e-02
-1.112639382481575012e-01
1.076052710413932800e-01
2.441952675580978394e-01
1.802500188350677490e-01
-1.157762855291366577e-01
-4.171279668807983398e-01
-6.144110560417175293e-01
-6.152647733688354492e-01
-5.516040921211242676e-01
-4.707476794719696045e-01
-4.552186727523803711e-01
-4.108269214630126953e-01
-3.268809914588928223e-01
-1.362647861242294312e-01
9.370236098766326904e-02
3.825332820415496826e-01
6.651445031166076660e-01
9.345031976699829102e-01
1.029221892356872559e+00
8.357194066047668457e-01
2.409024685621261597e-01
-5.903452038764953613e-01
-1.372363567352294922e+00
-1.712334513664245605e+00
-1.495457172393798828e+00
-8.698669075965881348e-01
-2.841153144836425781e-01
-7.292930036783218384e-02
-3.210271298885345459e-01
-7.003083229064941406e-01
-8.151089549064636230e-01
-4.201361835002899170e-01
2.832209765911102295e-01
8.550696372985839844e-01
8.395000100135803223e-01
1.726074814796447754e-01
-8.373048305511474609e-01
-1.627738118171691895e+00
-1.798760175704956055e+00
-1.265571355819702148e+00
-3.167180418968200684e-01
6.581117510795593262e-01
1.341061711311340332e+00
1.650869011878967285e+00
1.638185620307922363e+00
1.411592602729797363e+00
1.021904587745666504e+00
5.207493901252746582e-01
-8.780785836279392242e-03
-4.022493958473205566e-01
-5.035129785537719727e-01
-2.533419132232666016e-01
2.331379801034927368e-01
7.204715609550476074e-01
9.729598164558410645e-01
8.892984390258789062e-01
5.476201772689819336e-01
1.337850242853164673e-01
-1.704935878515243530e-01
-2.992377877235412598e-01
-2.867170274257659912e-01
-2.180155217647552490e-01
-1.170364916324615479e-01
4.353806003928184509e-02
3.157017529010772705e-01
6.448999047279357910e-01
8.738914132118225098e-01
7.714489102363586426e-01
2.322436422109603882e-01
-6.472983956336975098e-01
-1.521799564361572266e+00
-2.022426366806030273e+00
-1.926894545555114746e+00
-1.364233255386352539e+00
-6.890477538108825684e-01
-3.192384541034698486e-01
-4.160303771495819092e-01
-8.642162680625915527e-01
-1.314556717872619629e+00
-1.496351599693298340e+00
-1.299759507179260254e+00
-8.450692892074584961e-01
-2.437480986118316650e-01
4.427792429924011230e-01
1.269595861434936523e+00
2.164138317108154297e+00
2.900789499282836914e+00
3.084291458129882812e+00
2.506954908370971680e+00
1.305125594139099121e+00
5.943290889263153076e-02
-6.118093729019165039e-01
-3.875334560871124268e-01
4.329008460044860840e-01
1.203658699989318848e+00
1.308580994606018066e+00
6.837223768234252930e-01
-2.384227216243743896e-01
-8.051086068153381348e-01
-7.448220252990722656e-01
-2.952945530414581299e-01
-7.618144154548645020e-02
-4.858294725418090820e-01
-1.427324771881103516e+00
-2.272597312927246094e+00
-2.404878377914428711e+00
-1.605257630348205566e+00
-2.865544259548187256e-01
8.969816565513610840e-01
1.437569022178649902e+00
1.348460316658020020e+00
9.719028472900390625e-01
7.022596001625061035e-01
6.124597787857055664e-01
5.485958456993103027e-01
3.142383098602294922e-01
-1.138249970972537994e-02
-1.693553328514099121e-01
8.402723819017410278e-02
6.441275477409362793e-01
1.120810389518737793e+00
1.062718987464904785e+00
3.668823540210723877e-01
-6.674616336822509766e-01
-1.505172967910766602e+00
-1.803313136100769043e+00
-1.584850430488586426e+00
-1.186706900596618652e+00
-9.049087166786193848e-01
-7.896202802658081055e-01
-6.394119262695312500e-01
-2.864324748516082764e-01
2.032995820045471191e-01
5.263593196868896484e-01
4.235915839672088623e-01
-6.483959406614303589e-02
-5.590026974678039551e-01
-6.046953201293945312e-01
-1.142315194010734558e-02
1.001944541931152344e+00
1.962424278259277344e+00
2.483173608779907227e+00
2.475693702697753906e+00
2.133161783218383789e+00
1.672089219093322754e+00
1.167722463607788086e+00
5.287171006202697754e-01
-2.776110470294952393e-01
-1.113615036010742188e+00
-1.666275978088378906e+00
-1.723188519477844238e+00
-1.318174719810485840e+00
-7.823435664176940918e-01
-4.402994811534881592e-01
-4.156644940376281738e-01
-4.852603673934936523e-01
-3.574104905128479004e-01
1.196382045745849609e-01
7.223008871078491211e-01
1.082882285118103027e+00
8.906399607658386230e-01
2.223246097564697266e-01
-6.025407314300537109e-01
-1.163616657257080078e+00
-1.321508169174194336e+00
-1.162397146224975586e+00
-9.718215465545654297e-01
-8.735255599021911621e-01
-8.606389164924621582e-01
-7.305125594139099121e-01
-4.052169919013977051e-01
1.171584427356719971e-01
6.401029825210571289e-01
1.049263238906860352e+00
1.229147315025329590e+00
1.226505041122436523e+00
1.020725607872009277e+00
6.864866614341735840e-01
2.521223723888397217e-01
-7.906772196292877197e-02
-1.812256574630737305e-01
4.918865859508514404e-02
3.883464932441711426e-01
5.496527552604675293e-01
2.074867039918899536e-01
-5.514414310455322266e-01
-1.403909325599670410e+00
-1.800101637840270996e+00
-1.539605021476745605e+00
-7.491310834884643555e-01
6.219723261892795563e-03
3.221247494220733643e-01
6.008333712816238403e-02
-3.698499500751495361e-01
-5.314814448356628418e-01
-1.034587919712066650e-01
6.822182536125183105e-01
1.434845447540283203e+00
1.699407219886779785e+00
1.475863099098205566e+00
9.541786909103393555e-01
5.227006673812866211e-01
2.525288760662078857e-01
1.016701161861419678e-01
-1.820793449878692627e-01
-5.820522308349609375e-01
-1.012757897377014160e+00
-1.186910152435302734e+00
