-5.485879182815551758e-01
-4.646261930465698242e-01
-1.040760159492492676e+00
-1.553166389465332031e+00
-1.620613098144531250e+00
-1.173888683319091797e+00
-3.736045956611633301e-01
3.793407082557678223e-01
8.440929651260375977e-01
9.422374367713928223e-01
8.747907280921936035e-01
7.887488007545471191e-01
7.712882757186889648e-01
6.932517886161804199e-01
4.957021176815032959e-01
1.867077350616455078e-01
1.449790084734559059e-03
1.127684488892555237e-01
5.929641127586364746e-01
1.197904825210571289e+00
1.628303289413452148e+00
1.607186794281005859e+00
1.185297846794128418e+00
5.825003981590270996e-01
1.484458893537521362e-01
1.443486567586660385e-02
1.410708725452423096e-01
2.608361244201660156e-01
1.871489882469177246e-01
-1.772525906562805176e-01
-6.907303929328918457e-01
-1.193744540214538574e+00
-1.498515605926513672e+00
-1.571761488914489746e+00
-1.393248200416564941e+00
-1.036095619201660156e+00
-5.236263275146484375e-01
2.578104846179485321e-02
4.978452920913696289e-01
6.964035034179687500e-01
5.412759780883789062e-01
4.633024707436561584e-02
-5.524960756301879883e-01
-9.960057735443115234e-01
-1.053934335708618164e+00
-7.462636828422546387e-01
-2.426192164421081543e-01
1.727771461009979248e-01
3.669229447841644287e-01
3.594848811626434326e-01
3.616910874843597412e-01
5.188987851142883301e-01
8.478119969367980957e-01
1.130268931388854980e+00
1.133609771728515625e+00
7.276055216789245605e-01
7.280467450618743896e-02
-5.359810590744018555e-01
-8.002840876579284668e-01
-6.885872483253479004e-01
-3.899304866790771484e-01
-2.164599597454071045e-01
-3.095616996288299561e-01
-5.879843831062316895e-01
-7.882445454597473145e-01
-7.587444782257080078e-01
-5.702087283134460449e-01
-5.225547552108764648e-01
-8.359615206718444824e-01
-1.441280364990234375e+00
-1.889643669128417969e+00
-1.654777765274047852e+00
-4.829691946506500244e-01
1.318804621696472168e+00
3.025459766387939453e+00
3.862870931625366211e+00
3.493174552917480469e+00
2.167562246322631836e+00
5.685698390007019043e-01
-6.350080370903015137e-01
-1.122830867767333984e+00
-1.019643664360046387e+00
-6.713788509368896484e-01
-3.742349445819854736e-01
-1.957846879959106445e-01
-4.551079869270324707e-02
1.710752248764038086e-01
4.237799346446990967e-01
5.888668894767761230e-01
5.626446008682250977e-01
3.530553877353668213e-01
5.881104618310928345e-02
-2.186661511659622192e-01
-4.477960169315338135e-01
-6.486234664916992188e-01
-8.180598020553588867e-01
-8.884060978889465332e-01
-7.622113227844238281e-01
-4.147029817104339600e-01
6.227793544530868530e-02
4.986647367477416992e-01
7.660564184188842773e-01
8.401218056678771973e-01
7.856601476669311523e-01
6.443371176719665527e-01
3.910650908946990967e-01
-3.397551551461219788e-02
-5.826895236968994141e-01
-1.047883033752441406e+00
-1.139408946037292480e+00
-7.121620774269104004e-01
8.181858807802200317e-02
8.227873444557189941e-01
1.101588249206542969e+00
8.033097386360168457e-01
2.291298657655715942e-01
-1.299768239259719849e-01
5.717215314507484436e-02
6.824098825454711914e-01
1.275310993194580078e+00
1.323091030120849609e+00
6.662100553512573242e-01
-4.065085053443908691e-01
-1.342127323150634766e+00
-1.725187063217163086e+00
-1.509546637535095215e+00
-1.000859379768371582e+00
-5.661115050315856934e-01
-3.898674547672271729e-01
-3.881655335426330566e-01
-3.894892334938049316e-01
-3.205296695232391357e-01
-2.950007617473602295e-01
-4.725685119628906250e-01
-8.879649043083190918e-01
-1.347359180450439453e+00
-1.552094817161560059e+00
-1.287161469459533691e+00
-5.807985067367553711e-01
3.345232903957366943e-01
1.162605524063110352e+00
1.706907153129577637e+00
1.904015541076660156e+00
1.778388142585754395e+00
1.365387082099914551e+00
7.265338897705078125e-01
-3.277786076068878174e-03
-5.883626341819763184e-01
-7.727380990982055664e-01
-4.316592216491699219e-01
3.250681459903717041e-01
1.190529704093933105e+00
1.833417057991027832e+00
2.079692363739013672e+00
1.984132170677185059e+00
1.731301426887512207e+00
1.479983448982238770e+00
1.248647451400756836e+00
9.556637406349182129e-01
5.148015022277832031e-01
-5.805463716387748718e-02
-6.703072786331176758e-01
-1.205847144126892090e+00
-1.609393000602722168e+00
-1.855352997779846191e+00
-1.918387413024902344e+00
-1.724997997283935547e+00
-1.240263819694519043e+00
-5.329554080963134766e-01
1.535516679286956787e-01
5.299928188323974609e-01
4.003311395645141602e-01
-1.584053188562393188e-01
-8.601036667823791504e-01
-1.337904095649719238e+00
-1.409069895744323730e+00
-1.126108646392822266e+00
-7.560970187187194824e-01
-5.357289314270019531e-01
-5.680655837059020996e-01
-7.308833003044128418e-01
-8.418867588043212891e-01
-7.309463024139404297e-01
-3.931452333927154541e-01
8.736560493707656860e-02
5.282278656959533691e-01
7.936654686927795410e-01
7.745030522346496582e-01
5.078046917915344238e-01
1.159201711416244507e-01
-1.447899043560028076e-01
-7.589335739612579346e-02
3.974946141242980957e-01
1.043785810470581055e+00
1.484206795692443848e+00
1.327188253402709961e+00
5.262737870216369629e-01
-6.099833846092224121e-01
-1.475508093833923340e+00
-1.614624857902526855e+00
-9.198602437973022461e-01
2.024663239717483521e-01
1.191601395606994629e+00
1.589600205421447754e+00
1.394698023796081543e+00
8.958441615104675293e-01
5.140451192855834961e-01
4.005202651023864746e-01
4.745856225490570068e-01
4.508846998214721680e-01
2.005122601985931396e-01
-2.440059632062911987e-01
-6.290827989578247070e-01
-7.915223240852355957e-01
-6.681010723114013672e-01
-4.177916646003723145e-01
-1.689320504665374756e-01
