2.960654795169830322e-01
3.029759526252746582e-01
5.730933547019958496e-01
4.882709383964538574e-01
2.100235670804977417e-01
-1.372605711221694946e-01
-4.237056076526641846e-01
-6.318999528884887695e-01
-6.892160773277282715e-01
-5.697058439254760742e-01
-2.251317203044891357e-01
2.575159966945648193e-01
7.652987837791442871e-01
1.140360236167907715e+00
1.366575956344604492e+00
1.486695885658264160e+00
1.605935096740722656e+00
1.697532415390014648e+00
1.653901696205139160e+00
1.306278824806213379e+00
6.429431438446044922e-01
-1.895632147789001465e-01
-9.007978439331054688e-01
-1.291644930839538574e+00
-1.330465435981750488e+00
-1.187310695648193359e+00
-1.031283497810363770e+00
-9.317594170570373535e-01
-7.934826016426086426e-01
-5.268881916999816895e-01
-1.534527093172073364e-01
1.294016242027282715e-01
1.203231811523437500e-01
-2.315679192543029785e-01
-7.312885522842407227e-01
-1.086905837059020996e+00
-1.121525883674621582e+00
-9.257974624633789062e-01
-7.780357003211975098e-01
-9.064888358116149902e-01
-1.275452852249145508e+00
-1.584797263145446777e+00
-1.498823046684265137e+00
-9.259329438209533691e-01
-1.312308609485626221e-01
4.417947530746459961e-01
4.798699915409088135e-01
5.453838035464286804e-02
-4.403042495250701904e-01
-5.533105134963989258e-01
-1.265561431646347046e-01
6.187565326690673828e-01
1.220304727554321289e+00
1.341169834136962891e+00
9.623144268989562988e-01
3.978930413722991943e-01
-9.959181770682334900e-03
-1.235751584172248840e-01
-1.444420218467712402e-01
-3.775004446506500244e-01
-9.826393127441406250e-01
-1.724903225898742676e+00
-2.124218940734863281e+00
-1.718941330909729004e+00
-4.777697622776031494e-01
1.149506449699401855e+00
2.384106159210205078e+00
2.627056121826171875e+00
1.759726524353027344e+00
2.965397238731384277e-01
-9.860945343971252441e-01
-1.430734753608703613e+00
-9.409055709838867188e-01
8.163819462060928345e-02
9.501195549964904785e-01
1.198286056518554688e+00
7.505971193313598633e-01
-2.100235782563686371e-02
-6.601514816284179688e-01
-8.292543292045593262e-01
-5.293271541595458984e-01
7.100151479244232178e-02
7.181451320648193359e-01
1.283718228340148926e+00
1.663115739822387695e+00
1.803763747215270996e+00
1.597195386886596680e+00
1.046865820884704590e+00
2.704561650753021240e-01
-4.195051491260528564e-01
-7.566268444061279297e-01
-6.230247616767883301e-01
-2.178825139999389648e-01
1.678156107664108276e-01
2.966752350330352783e-01
2.380041331052780151e-01
2.006741315126419067e-01
3.806169033050537109e-01
6.603547334671020508e-01
7.410444617271423340e-01
3.384766876697540283e-01
-4.294643402099609375e-01
-1.098423242568969727e+00
-1.081553697586059570e+00
-2.132755517959594727e-01
1.105469226837158203e+00
2.037906169891357422e+00
1.931065082550048828e+00
7.138091325759887695e-01
-9.663794040679931641e-01
-2.242238759994506836e+00
-2.535865306854248047e+00
-1.952677249908447266e+00
-1.053708553314208984e+00
-4.507376849651336670e-01
-3.361732065677642822e-01
-5.069698095321655273e-01
-6.067648530006408691e-01
-5.243136882781982422e-01
-4.021612703800201416e-01
-4.597483575344085693e-01
-6.474823355674743652e-01
-6.479566097259521484e-01
-1.055537834763526917e-01
9.602819681167602539e-01
2.077539682388305664e+00
2.562490701675415039e+00
2.048746109008789062e+00
7.729544639587402344e-01
-5.190969705581665039e-01
-1.094155073165893555e+00
-7.029014825820922852e-01
2.711336612701416016e-01
1.141647458076477051e+00
1.409867882728576660e+00
1.080740690231323242e+00
5.646246671676635742e-01
3.151031136512756348e-01
4.913873970508575439e-01
8.993751406669616699e-01
1.208516240119934082e+00
1.212174773216247559e+00
9.520165324211120605e-01
6.009384393692016602e-01
3.115123808383941650e-01
1.060957759618759155e-01
-5.162514746189117432e-02
-1.930184364318847656e-01
-2.910520136356353760e-01
-3.506716191768646240e-01
-4.156434237957000732e-01
-5.692316293716430664e-01
-7.694315314292907715e-01
-8.474789857864379883e-01
-5.615759491920471191e-01
1.259463876485824585e-01
9.663116931915283203e-01
1.459189534187316895e+00
1.237309813499450684e+00
3.062279224395751953e-01
-8.381295204162597656e-01
-1.585610151290893555e+00
-1.554242134094238281e+00
-9.215970039367675781e-01
-1.884792149066925049e-01
1.313663572072982788e-01
-3.346827253699302673e-02
-3.957250714302062988e-01
-5.155062675476074219e-01
-2.738436460494995117e-01
1.165292039513587952e-01
2.224894911050796509e-01
-1.256076395511627197e-01
-7.682797908782958984e-01
-1.240832805633544922e+00
-1.261225461959838867e+00
-8.522214293479919434e-01
-4.157111644744873047e-01
-2.759438753128051758e-01
-5.092732906341552734e-01
-7.768839597702026367e-01
-7.306110262870788574e-01
-2.058230936527252197e-01
5.104250311851501465e-01
1.013804078102111816e+00
9.643469452857971191e-01
4.430142343044281006e-01
-2.787893414497375488e-01
-8.490372300148010254e-01
-1.204654574394226074e+00
-1.402415513992309570e+00
-1.578767538070678711e+00
-1.611083984375000000e+00
-1.311495542526245117e+00
-4.918616414070129395e-01
6.424010992050170898e-01
1.655053496360778809e+00
1.971037387847900391e+00
1.409054875373840332e+00
2.003353834152221680e-01
-9.755933880805969238e-01
-1.540692210197448730e+00
-1.205332040786743164e+00
-2.728951573371887207e-01
7.261395454406738281e-01
1.212310194969177246e+00
1.027692794799804688e+00
3.377314507961273193e-01
-3.504683673381805420e-01
-6.421979069709777832e-01
-3.060924112796783447e-01
4.561576545238494873e-01
1.281143784523010254e+00
1.678156137466430664e+00
1.431751012802124023e+00
5.602886676788330078e-01
-5.457225441932678223e-01
