4.553820788860321045e-01
4.820712804794311523e-01
-2.845790982246398926e-01
-1.054996967315673828e+00
-1.576249361038208008e+00
-1.700376033782958984e+00
-1.467628717422485352e+00
-1.066576719284057617e+00
-7.173566818237304688e-01
-5.231163501739501953e-01
-4.236961007118225098e-01
-2.574536800384521484e-01
8.094006776809692383e-02
5.534936785697937012e-01
9.897610545158386230e-01
1.244993925094604492e+00
1.301425933837890625e+00
1.289409875869750977e+00
1.325458049774169922e+00
1.380660772323608398e+00
1.240592002868652344e+00
6.988368034362792969e-01
-2.428995221853256226e-01
-1.264187932014465332e+00
-1.907147884368896484e+00
-1.860114693641662598e+00
-1.212832093238830566e+00
-3.805095553398132324e-01
1.691373884677886963e-01
2.793443799018859863e-01
1.721513271331787109e-01
2.690731883049011230e-01
7.979398369789123535e-01
1.616659879684448242e+00
2.283969402313232422e+00
2.419993162155151367e+00
1.967625021934509277e+00
1.237498760223388672e+00
6.233297586441040039e-01
3.224912583827972412e-01
1.968576759099960327e-01
-2.696680463850498199e-02
-5.042792558670043945e-01
-1.094812631607055664e+00
-1.508039236068725586e+00
-1.534728407859802246e+00
-1.254511594772338867e+00
-9.324565529823303223e-01
-8.029366135597229004e-01
-8.324018120765686035e-01
-7.774767875671386719e-01
-4.053348600864410400e-01
2.268384099006652832e-01
7.736697196960449219e-01
8.164596557617187500e-01
2.243796736001968384e-01
-7.156117558479309082e-01
-1.437449693679809570e+00
-1.482936263084411621e+00
-7.861616611480712891e-01
2.783132791519165039e-01
1.176783800125122070e+00
1.542739152908325195e+00
1.395175218582153320e+00
1.042465329170227051e+00
8.468766212463378906e-01
9.638649821281433105e-01
1.283937096595764160e+00
1.530286788940429688e+00
1.467707991600036621e+00
1.032868266105651855e+00
3.604034185409545898e-01
-3.232050836086273193e-01
-8.148337006568908691e-01
-1.032313108444213867e+00
-1.027157664299011230e+00
-9.296012520790100098e-01
-8.597651720046997070e-01
-8.531424403190612793e-01
-8.404125571250915527e-01
-7.066096067428588867e-01
-3.910583257675170898e-01
3.715867176651954651e-02
3.912566006183624268e-01
4.792159795761108398e-01
2.344525754451751709e-01
-2.098651975393295288e-01
-5.870435237884521484e-01
-6.455377340316772461e-01
-3.009178042411804199e-01
3.287570774555206299e-01
9.811950922012329102e-01
1.403146266937255859e+00
1.431897640228271484e+00
1.047937989234924316e+00
3.322072327136993408e-01
-5.381860136985778809e-01
-1.337236285209655762e+00
-1.813557267189025879e+00
-1.814865946769714355e+00
-1.356271624565124512e+00
-6.807928681373596191e-01
-1.186935976147651672e-01
8.125732839107513428e-02
-5.226801335811614990e-02
-2.600710391998291016e-01
-2.124825567007064819e-01
2.056218832731246948e-01
8.342657089233398438e-01
1.311260819435119629e+00
1.380581378936767578e+00
1.027792215347290039e+00
5.109416246414184570e-01
9.985648840665817261e-02
-8.050384372472763062e-02
-1.372531056404113770e-01
-2.102617621421813965e-01
-3.456509709358215332e-01
-3.980776369571685791e-01
-2.384579330682754517e-01
1.196453645825386047e-01
4.236961007118225098e-01
4.222684204578399658e-01
4.901613295078277588e-02
-4.219511747360229492e-01
-6.170243024826049805e-01
-3.084129989147186279e-01
3.188031613826751709e-01
8.410074114799499512e-01
8.573461174964904785e-01
3.531461656093597412e-01
-3.554066121578216553e-01
-8.199495077133178711e-01
-8.641274571418762207e-01
-6.164294481277465820e-01
-3.982362449169158936e-01
-3.461268544197082520e-01
-3.592930138111114502e-01
-1.742531508207321167e-01
2.651074826717376709e-01
7.402784228324890137e-01
8.375571966171264648e-01
3.774162828922271729e-01
-4.413434863090515137e-01
-1.075578927993774414e+00
-1.106987357139587402e+00
-5.059448480606079102e-01
2.708974182605743408e-01
7.120029330253601074e-01
5.727670192718505859e-01
1.048136278986930847e-01
-2.724440395832061768e-01
-2.883068621158599854e-01
-1.232145056128501892e-01
-1.546625494956970215e-01
-6.604487895965576172e-01
-1.457079887390136719e+00
-2.079259634017944336e+00
-2.064705371856689453e+00
-1.378757238388061523e+00
-3.474752008914947510e-01
5.515504479408264160e-01
1.117060184478759766e+00
1.420278191566467285e+00
1.673171281814575195e+00
1.859678387641906738e+00
1.771362185478210449e+00
1.171985268592834473e+00
2.060581147670745850e-01
-6.310628652572631836e-01
-7.345678210258483887e-01
4.790573567152023315e-02
1.276164412498474121e+00
2.095796585083007812e+00
1.911391258239746094e+00
7.666107416152954102e-01
-6.008045673370361328e-01
-1.362061619758605957e+00
-1.117496490478515625e+00
-2.188673466444015503e-01
6.043339967727661133e-01
7.227897047996520996e-01
8.700760453939437866e-02
-9.001360535621643066e-01
-1.682609677314758301e+00
-1.999866127967834473e+00
-1.887914299964904785e+00
-1.553010344505310059e+00
-1.073834061622619629e+00
-4.553027749061584473e-01
2.679231464862823486e-01
8.308154940605163574e-01
9.067984819412231445e-01
3.499735891819000244e-01
-5.147486925125122070e-01
-1.067806124687194824e+00
-7.739076614379882812e-01
3.218171000480651855e-01
1.597148656845092773e+00
2.214966058731079102e+00
1.790516495704650879e+00
6.461722254753112793e-01
-3.705159723758697510e-01
-5.721721649169921875e-01
8.895079791545867920e-02
9.503815770149230957e-01
1.201212525367736816e+00
4.763210117816925049e-01
-8.189977407455444336e-01
-1.846710562705993652e+00
-1.920512318611145020e+00
-1.023191928863525391e+00
2.480152845382690430e-01
1.105520009994506836e+00
1.143987417221069336e+00
5.258923172950744629e-01
-2.009027004241943359e-01
