-1.904364675283432007e-01
-2.288008779287338257e-01
-5.940422415733337402e-01
-1.009512424468994141e+00
-1.167559981346130371e+00
-1.060001015663146973e+00
-6.772229075431823730e-01
-2.709324657917022705e-01
9.876888990402221680e-02
3.132372498512268066e-01
4.978714287281036377e-01
6.243527531623840332e-01
7.737834453582763672e-01
8.299011588096618652e-01
8.389943242073059082e-01
7.292270660400390625e-01
5.883698463439941406e-01
3.380485475063323975e-01
3.927373141050338745e-02
-3.274831771850585938e-01
-5.454588532447814941e-01
-4.798583388328552246e-01
2.346897870302200317e-02
7.328209877014160156e-01
1.300969481468200684e+00
1.244505286216735840e+00
5.041500329971313477e-01
-6.334459185600280762e-01
-1.456505537033081055e+00
-1.475731015205383301e+00
-5.938690900802612305e-01
6.103666424751281738e-01
1.431131362915039062e+00
1.357390284538269043e+00
5.834769010543823242e-01
-3.037976920604705811e-01
-6.361305117607116699e-01
-3.119382262229919434e-01
2.722747921943664551e-01
4.258623421192169189e-01
-1.471790671348571777e-01
-1.196614742279052734e+00
-1.978322267532348633e+00
-1.911812424659729004e+00
-9.245564937591552734e-01
3.869350254535675049e-01
1.262605071067810059e+00
1.233853340148925781e+00
4.955764710903167725e-01
-3.495232164859771729e-01
-6.857964396476745605e-01
-3.687920272350311279e-01
2.806751132011413574e-01
7.167131304740905762e-01
6.213216781616210938e-01
7.317817956209182739e-02
-5.427309274673461914e-01
-8.543660640716552734e-01
-7.491886615753173828e-01
-3.977602124214172363e-01
-8.279093354940414429e-02
2.901146747171878815e-02
-3.282192721962928772e-02
-8.803031593561172485e-02
1.008906215429306030e-02
2.927993237972259521e-01
6.198061704635620117e-01
8.230163455009460449e-01
7.656429409980773926e-01
4.899473786354064941e-01
1.418963819742202759e-01
-3.104659914970397949e-02
1.056537032127380371e-01
5.443763732910156250e-01
1.016397237777709961e+00
1.214714407920837402e+00
8.919510841369628906e-01
1.614249944686889648e-01
-6.327530741691589355e-01
-1.002064704895019531e+00
-7.654697299003601074e-01
-9.049845486879348755e-02
4.631442427635192871e-01
4.529685974121093750e-01
-2.400157600641250610e-01
-1.169075489044189453e+00
-1.761559009552001953e+00
-1.604074358940124512e+00
-8.938562870025634766e-01
-1.522019505500793457e-01
3.420754894614219666e-02
-3.716065883636474609e-01
-9.595001339912414551e-01
-1.027655482292175293e+00
-2.853083014488220215e-01
1.050734758377075195e+00
2.209115028381347656e+00
2.558941364288330078e+00
1.859158754348754883e+00
5.787571072578430176e-01
-6.275137066841125488e-01
-1.148550987243652344e+00
-9.244698882102966309e-01
-1.708212494850158691e-01
6.725031137466430664e-01
1.417534947395324707e+00
1.937965989112854004e+00
2.279868364334106445e+00
2.313426256179809570e+00
1.992308378219604492e+00
1.256066679954528809e+00
3.444137573242187500e-01
-5.046696066856384277e-01
-1.018432378768920898e+00
-1.264640212059020996e+00
-1.372112512588500977e+00
-1.552286744117736816e+00
-1.705614447593688965e+00
-1.655818700790405273e+00
-1.158813238143920898e+00
-3.470550775527954102e-01
4.632741510868072510e-01
7.837859392166137695e-01
4.789057075977325439e-01
-3.035378754138946533e-01
-1.080655455589294434e+00
-1.559214830398559570e+00
-1.664565443992614746e+00
-1.678638100624084473e+00
-1.760996103286743164e+00
-1.893322944641113281e+00
-1.697257399559020996e+00
-9.057639837265014648e-01
4.867864251136779785e-01
1.967193961143493652e+00
2.930461168289184570e+00
2.933968544006347656e+00
2.133035659790039062e+00
1.039866209030151367e+00
3.125877380371093750e-01
2.160271853208541870e-01
6.368666291236877441e-01
1.125168561935424805e+00
1.344746470451354980e+00
1.153010964393615723e+00
7.122531533241271973e-01
1.941603273153305054e-01
-2.555607259273529053e-01
-6.291591525077819824e-01
-8.778783082962036133e-01
-9.388890266418457031e-01
-7.148079276084899902e-01
-2.757821381092071533e-01
1.679200977087020874e-01
3.113320171833038330e-01
3.134970366954803467e-02
-5.124204754829406738e-01
-9.138178825378417969e-01
-8.137066960334777832e-01
-1.617714017629623413e-01
6.884810924530029297e-01
1.205491423606872559e+00
1.027568817138671875e+00
2.191881239414215088e-01
-7.495350837707519531e-01
-1.323572397232055664e+00
-1.201637625694274902e+00
-5.566304326057434082e-01
1.317640244960784912e-01
3.556286394596099854e-01
-3.334153816103935242e-02
-7.832663059234619141e-01
-1.347950696945190430e+00
-1.292742371559143066e+00
-4.986941218376159668e-01
6.800807714462280273e-01
1.703536033630371094e+00
2.047689914703369141e+00
1.591387271881103516e+00
5.569768548011779785e-01
-5.222930312156677246e-01
-1.223721027374267578e+00
-1.327123045921325684e+00
-1.031509160995483398e+00
-6.374728679656982422e-01
-4.733632206916809082e-01
-5.417783260345458984e-01
-6.953225731849670410e-01
-6.191133856773376465e-01
-2.467706799507141113e-01
3.417291045188903809e-01
7.829632163047790527e-01
8.595188260078430176e-01
4.618452489376068115e-01
-1.521153450012207031e-01
-7.249835729598999023e-01
-9.631373882293701172e-01
-9.123889803886413574e-01
-6.806869506835937500e-01
-5.441165566444396973e-01
-5.319923758506774902e-01
-6.476485133171081543e-01
-6.759671568870544434e-01
-5.950815081596374512e-01
-3.587462902069091797e-01
-1.556660085916519165e-01
1.169118797406554222e-03
5.356296151876449585e-02
2.020410597324371338e-01
4.863967299461364746e-01
9.856970906257629395e-01
1.459190249443054199e+00
1.747399687767028809e+00
1.587316989898681641e+00
1.067188978195190430e+00
2.980386912822723389e-01
-3.493500351905822754e-01
