-3.758023679256439209e-02
7.363377511501312256e-02
-7.576527595520019531e-01
-1.214663624763488770e+00
-9.501927495002746582e-01
-1.051072217524051666e-02
1.094641804695129395e+00
1.767386794090270996e+00
1.633272290229797363e+00
8.069181442260742188e-01
-2.894852459430694580e-01
-1.175439357757568359e+00
-1.653941392898559570e+00
-1.780187487602233887e+00
-1.745660662651062012e+00
-1.586003422737121582e+00
-1.196754336357116699e+00
-4.192545115947723389e-01
6.698676943778991699e-01
1.740610837936401367e+00
2.310597181320190430e+00
2.106548309326171875e+00
1.223177909851074219e+00
1.314133852720260620e-01
-6.501967906951904297e-01
-8.261192440986633301e-01
-5.159648656845092773e-01
-8.267651498317718506e-02
9.941146522760391235e-02
-6.376896053552627563e-02
-3.982917666435241699e-01
-5.762106776237487793e-01
-3.979394733905792236e-01
1.208439469337463379e-01
7.463200092315673828e-01
1.214663624763488770e+00
1.373968601226806641e+00
1.270740389823913574e+00
1.068042039871215820e+00
9.413262009620666504e-01
9.254720211029052734e-01
9.100288748741149902e-01
6.839015483856201172e-01
1.039915606379508972e-01
-7.990497350692749023e-01
-1.751532554626464844e+00
-2.359862565994262695e+00
-2.292511701583862305e+00
-1.518300294876098633e+00
-3.581866323947906494e-01
6.462625861167907715e-01
1.041735887527465820e+00
7.349871993064880371e-01
7.116757333278656006e-02
-3.911280333995819092e-01
-2.476772367954254150e-01
4.721604287624359131e-01
1.298808217048645020e+00
1.653001904487609863e+00
1.235156655311584473e+00
2.536078691482543945e-01
-7.167255282402038574e-01
-1.123472929000854492e+00
-8.119092583656311035e-01
-1.048723459243774414e-01
4.414503276348114014e-01
4.686959981918334961e-01
4.926533997058868408e-02
-3.763308227062225342e-01
-3.815568387508392334e-01
1.190823689103126526e-01
7.589446306228637695e-01
1.002159237861633301e+00
5.219542384147644043e-01
-5.105040073394775391e-01
-1.550478339195251465e+00
-2.003437519073486328e+00
-1.651064157485961914e+00
-7.403893470764160156e-01
1.832036525011062622e-01
6.858392953872680664e-01
6.779122352600097656e-01
4.297652244567871094e-01
2.617111206054687500e-01
3.026970624923706055e-01
3.730425536632537842e-01
2.143247872591018677e-01
-2.578356564044952393e-01
-7.753272652626037598e-01
-8.882440924644470215e-01
-2.711061537265777588e-01
9.460237026214599609e-01
2.221579074859619141e+00
2.856861352920532227e+00
2.469491243362426758e+00
1.186243653297424316e+00
-3.988789618015289307e-01
-1.633389711380004883e+00
-2.142308235168457031e+00
-2.023695707321166992e+00
-1.631804347038269043e+00
-1.319183707237243652e+00
-1.160348534584045410e+00
-1.018776655197143555e+00
-7.032201290130615234e-01
-2.234262377023696899e-01
2.244244664907455444e-01
3.735122978687286377e-01
1.620060503482818604e-01
-2.475598007440567017e-01
-5.275912880897521973e-01
-4.837868213653564453e-01
-1.390468776226043701e-01
2.456807941198348999e-01
4.415677785873413086e-01
3.951796591281890869e-01
3.056917190551757812e-01
4.090373814105987549e-01
8.185445070266723633e-01
1.361167907714843750e+00
1.727046728134155273e+00
1.643548130989074707e+00
1.100396275520324707e+00
3.183163404464721680e-01
-3.586563766002655029e-01
-7.089158892631530762e-01
-6.868962645530700684e-01
-4.321727156639099121e-01
-1.093937158584594727e-01
1.534330546855926514e-01
3.080404996871948242e-01
3.121508359909057617e-01
1.438031196594238281e-01
-2.055169194936752319e-01
-6.461451649665832520e-01
-1.008677005767822266e+00
-1.090472698211669922e+00
-8.063896298408508301e-01
-2.358746975660324097e-01
3.779162466526031494e-01
7.867774367332458496e-01
8.464360833168029785e-01
6.056289672851562500e-01
2.271255552768707275e-01
-1.089239642024040222e-01
-3.159088492393493652e-01
-4.063363075256347656e-01
-4.631763994693756104e-01
-5.477319359779357910e-01
-6.945884227752685547e-01
-8.954665660858154297e-01
-1.132809281349182129e+00
-1.377609252929687500e+00
-1.587530136108398438e+00
-1.695690751075744629e+00
-1.633037447929382324e+00
-1.357644677162170410e+00
-8.819024562835693359e-01
-2.640011608600616455e-01
4.146156907081604004e-01
1.070743083953857422e+00
1.630512475967407227e+00
2.025809526443481445e+00
2.209717750549316406e+00
2.165796041488647461e+00
1.941077947616577148e+00
1.615128040313720703e+00
1.276494860649108887e+00
9.550077319145202637e-01
6.304084658622741699e-01
2.562502324581146240e-01
-1.541376858949661255e-01
-5.250663757324218750e-01
-7.414463162422180176e-01
-7.590033411979675293e-01
-6.299974322319030762e-01
-4.965288639068603516e-01
-4.520197808742523193e-01
-4.766817986965179443e-01
-4.052793681621551514e-01
-8.526016026735305786e-02
5.017548799514770508e-01
1.138974785804748535e+00
1.505734324455261230e+00
1.340498805046081543e+00
6.549530625343322754e-01
-2.900724411010742188e-01
-1.088358879089355469e+00
-1.462869405746459961e+00
-1.358231902122497559e+00
-9.768512248992919922e-01
-5.564810633659362793e-01
-2.692858874797821045e-01
-9.618191421031951904e-02
4.903046414256095886e-02
2.588338851928710938e-01
4.851373434066772461e-01
6.294102072715759277e-01
5.692231059074401855e-01
3.158501386642456055e-01
-2.554281614720821381e-02
-2.660563290119171143e-01
-2.944763898849487305e-01
-9.054487943649291992e-02
2.055169194936752319e-01
4.260659217834472656e-01
4.036939442157745361e-01
1.227229535579681396e-01
-3.320566117763519287e-01
-7.480228543281555176e-01
-9.569454789161682129e-01
-8.483151197433471680e-01
-4.931231439113616943e-01
-2.542537823319435120e-02
3.691670894622802734e-01
6.305258870124816895e-01
7.584161162376403809e-01
