5.906063318252563477e-01
5.866444110870361328e-01
6.363612413406372070e-02
-5.379092693328857422e-01
-1.100431561470031738e+00
-1.360112547874450684e+00
-1.274265170097351074e+00
-7.795512676239013672e-01
-1.046226918697357178e-01
5.531960129737854004e-01
8.531798124313354492e-01
7.292734384536743164e-01
2.129969298839569092e-01
-3.295053839683532715e-01
-6.187955141067504883e-01
-4.131614565849304199e-01
1.170343682169914246e-01
6.951588988304138184e-01
8.981984257698059082e-01
6.208992004394531250e-01
-6.083122268319129944e-02
-7.518528699874877930e-01
-1.165890932083129883e+00
-1.094436049461364746e+00
-6.638842821121215820e-01
-3.944387659430503845e-02
5.162414908409118652e-01
9.274044632911682129e-01
1.116735100746154785e+00
1.131636023521423340e+00
9.306300878524780273e-01
5.710070729255676270e-01
7.713469117879867554e-02
-3.894250094890594482e-01
-7.300097346305847168e-01
-8.289524912834167480e-01
-7.294136881828308105e-01
-4.740277528762817383e-01
-1.686094254255294800e-01
1.798640787601470947e-01
5.364717841148376465e-01
8.977776765823364258e-01
1.155337452888488770e+00
1.227773904800415039e+00
1.047489166259765625e+00
7.106208801269531250e-01
3.795377612113952637e-01
2.611359953880310059e-01
4.081827700138092041e-01
7.259075641632080078e-01
9.658315181732177734e-01
9.116619229316711426e-01
4.699255824089050293e-01
-2.365580797195434570e-01
-9.648498296737670898e-01
-1.450833439826965332e+00
-1.552896618843078613e+00
-1.289095997810363770e+00
-8.121231198310852051e-01
-3.227035105228424072e-01
2.086142823100090027e-02
1.464857906103134155e-01
8.726738393306732178e-02
-6.759803742170333862e-02
-1.945897936820983887e-01
-2.072468996047973633e-01
-4.480824247002601624e-02
2.774745225906372070e-01
7.198069095611572266e-01
1.180686712265014648e+00
1.554579615592956543e+00
1.690687298774719238e+00
1.482984542846679688e+00
8.491477966308593750e-01
-1.396839171648025513e-01
-1.309431552886962891e+00
-2.327539443969726562e+00
-2.886923551559448242e+00
-2.756303071975708008e+00
-1.981274724006652832e+00
-8.078806996345520020e-01
3.222827613353729248e-01
1.051591277122497559e+00
1.171991586685180664e+00
8.022007942199707031e-01
2.050731033086776733e-01
-2.704973518848419189e-01
-4.732914566993713379e-01
-4.046415984630584717e-01
-2.772291004657745361e-01
-2.425535470247268677e-01
-3.775041997432708740e-01
-5.256729125976562500e-01
-5.179945230484008789e-01
-1.928717941045761108e-01
3.704919517040252686e-01
9.905496835708618164e-01
1.375136256217956543e+00
1.408374309539794922e+00
1.094260811805725098e+00
6.582394242286682129e-01
2.870111763477325439e-01
1.419278383255004883e-01
1.761125326156616211e-01
3.082933425903320312e-01
3.756459653377532959e-01
3.360968828201293945e-01
1.499568521976470947e-01
-1.107233464717864990e-01
-4.192270636558532715e-01
-6.801877617835998535e-01
-8.645396828651428223e-01
-8.976023793220520020e-01
-8.130697607994079590e-01
-6.304709315299987793e-01
-4.487135410308837891e-01
-2.640811502933502197e-01
-6.128701940178871155e-02
2.602244019508361816e-01
6.772776842117309570e-01
1.076519846916198730e+00
1.182790398597717285e+00
8.149631023406982422e-01
-3.106424398720264435e-02
-1.031606435775756836e+00
-1.765367746353149414e+00
-1.890290856361389160e+00
-1.445100903511047363e+00
-7.552187442779541016e-01
-2.678326964378356934e-01
-1.724661588668823242e-01
-3.330465555191040039e-01
-3.607449233531951904e-01
8.064081892371177673e-03
7.254868745803833008e-01
1.403570890426635742e+00
1.638270735740661621e+00
1.288675308227539062e+00
6.176735758781433105e-01
5.963914096355438232e-02
-8.453261107206344604e-02
1.129322052001953125e-01
3.058741092681884766e-01
1.709234714508056641e-01
-3.085387647151947021e-01
-8.229219913482666016e-01
-9.900938868522644043e-01
-6.580290794372558594e-01
-4.743783548474311829e-02
4.410351216793060303e-01
5.099304318428039551e-01
2.069664001464843750e-01
-1.877177953720092773e-01
-3.852527141571044922e-01
-3.786962926387786865e-01
-3.911079466342926025e-01
-6.961405873298645020e-01
-1.284222483634948730e+00
-1.859103918075561523e+00
-1.959957480430603027e+00
-1.372313857078552246e+00
-2.343141585588455200e-01
9.504045844078063965e-01
1.717263698577880859e+00
1.827285766601562500e+00
1.477444887161254883e+00
1.010779976844787598e+00
7.769216895103454590e-01
8.038136363029479980e-01
9.520174264907836914e-01
9.236178398132324219e-01
6.037192344665527344e-01
-8.344571106135845184e-03
-6.649010777473449707e-01
-1.145590424537658691e+00
-1.196148753166198730e+00
-8.034629821777343750e-01
-3.597281500697135925e-02
7.810589075088500977e-01
1.379413723945617676e+00
1.491644740104675293e+00
1.184087634086608887e+00
6.369923353195190430e-01
2.159070223569869995e-01
3.274718299508094788e-02
6.542424112558364868e-02
2.349101938307285309e-03
-2.775797247886657715e-01
-7.536760568618774414e-01
-1.028380751609802246e+00
-8.410135507583618164e-01
-1.100571826100349426e-01
6.972274780273437500e-01
1.069367289543151855e+00
5.807541012763977051e-01
-5.244808197021484375e-01
-1.693211674690246582e+00
-2.175934553146362305e+00
-1.773536920547485352e+00
-7.027320861816406250e-01
3.514537215232849121e-01
1.002470493316650391e+00
1.157826781272888184e+00
1.250423431396484375e+00
1.540274620056152344e+00
2.061389684677124023e+00
2.278313398361206055e+00
1.758390545845031738e+00
3.078024983406066895e-01
-1.507544994354248047e+00
-2.934642076492309570e+00
-3.221232414245605469e+00
-2.369963407516479492e+00
-8.321080207824707031e-01
5.296348333358764648e-01
1.263641595840454102e+00
1.252947926521301270e+00
