2.515155263245105743e-02
7.444474846124649048e-02
-4.888682663440704346e-01
-6.201324462890625000e-01
-2.888581156730651855e-01
2.122733294963836670e-01
5.536227226257324219e-01
5.259222984313964844e-01
2.648847997188568115e-01
7.230470329523086548e-02
2.694293856620788574e-01
8.539745211601257324e-01
1.528137087821960449e+00
1.768351316452026367e+00
1.238509535789489746e+00
-3.419264405965805054e-02
-1.533379077911376953e+00
-2.594000339508056641e+00
-2.706725358963012695e+00
-1.905699014663696289e+00
-6.694256067276000977e-01
3.010732233524322510e-01
5.996937751770019531e-01
2.696938812732696533e-01
-2.009719610214233398e-01
-3.385841250419616699e-01
3.306251019239425659e-02
6.105623245239257812e-01
9.337573647499084473e-01
6.954668760299682617e-01
5.806978791952133179e-02
-5.386664271354675293e-01
-6.580040454864501953e-01
-2.872230410575866699e-01
2.134515494108200073e-01
3.332701027393341064e-01
-1.041889786720275879e-01
-8.345938920974731445e-01
-1.263589024543762207e+00
-9.681664109230041504e-01
3.229305520653724670e-02
1.197319626808166504e+00
1.875065088272094727e+00
1.663440942764282227e+00
7.063594460487365723e-01
-4.940620958805084229e-01
-1.346377491950988770e+00
-1.550908207893371582e+00
-1.128693938255310059e+00
-3.573636412620544434e-01
4.885075986385345459e-01
1.202585697174072266e+00
1.702587008476257324e+00
1.916976332664489746e+00
1.828272581100463867e+00
1.452730536460876465e+00
9.366909265518188477e-01
4.670349955558776855e-01
2.255704700946807861e-01
2.411038428544998169e-01
4.184631705284118652e-01
5.629523396492004395e-01
5.311882495880126953e-01
2.487502992153167725e-01
-2.381702959537506104e-01
-8.302897810935974121e-01
-1.350200772285461426e+00
-1.605900168418884277e+00
-1.419668078422546387e+00
-7.724123597145080566e-01
1.366503536701202393e-01
8.984826803207397461e-01
1.111645698547363281e+00
6.135199069976806641e-01
-3.587342202663421631e-01
-1.298887729644775391e+00
-1.711772322654724121e+00
-1.438736081123352051e+00
-7.150639295578002930e-01
7.237683515995740891e-03
3.970626890659332275e-01
4.210841059684753418e-01
2.945809364318847656e-01
2.239834666252136230e-01
2.252819240093231201e-01
1.273688077926635742e-01
-2.166015058755874634e-01
-7.488718628883361816e-01
-1.205206632614135742e+00
-1.322307944297790527e+00
-1.050161480903625488e+00
-5.857234001159667969e-01
-1.926762759685516357e-01
2.844578027725219727e-02
2.031841427087783813e-01
5.159193873405456543e-01
9.721580147743225098e-01
1.327477812767028809e+00
1.270898818969726562e+00
7.267019152641296387e-01
-1.339332200586795807e-02
-4.647747278213500977e-01
-3.330777287483215332e-01
2.371603846549987793e-01
7.409608960151672363e-01
7.129960060119628906e-01
9.235861897468566895e-02
-7.210993170738220215e-01
-1.204485177993774414e+00
-1.124630212783813477e+00
-7.144147157669067383e-01
-4.278168380260467529e-01
-5.274131298065185547e-01
-8.248555064201354980e-01
-8.647950291633605957e-01
-3.311781287193298340e-01
6.155157089233398438e-01
1.443737506866455078e+00
1.660555481910705566e+00
1.243054151535034180e+00
6.468228697776794434e-01
4.389018118381500244e-01
7.917689085006713867e-01
1.347267150878906250e+00
1.502889394760131836e+00
9.535708427429199219e-01
-4.604705795645713806e-02
-8.646026253700256348e-01
-1.037898302078247070e+00
-6.451637744903564453e-01
-2.449992001056671143e-01
-3.570510447025299072e-01
-9.881241917610168457e-01
-1.567379355430603027e+00
-1.424909949302673340e+00
-3.817697763442993164e-01
9.954580664634704590e-01
1.767990589141845703e+00
1.299440741539001465e+00
-2.344191968441009521e-01
-1.955328822135925293e+00
-2.873600959777832031e+00
-2.561274528503417969e+00
-1.355971574783325195e+00
-3.284610062837600708e-02
7.992711067199707031e-01
1.053143143653869629e+00
1.071658134460449219e+00
1.192799091339111328e+00
1.411011695861816406e+00
1.386028409004211426e+00
7.987902164459228516e-01
-3.104028701782226562e-01
-1.491491794586181641e+00
-2.193306684494018555e+00
-2.150193214416503906e+00
-1.547734141349792480e+00
-8.332473635673522949e-01
-3.557766377925872803e-01
-1.288355737924575806e-01
9.942798316478729248e-02
5.577104091644287109e-01
1.204437136650085449e+00
1.725117564201354980e+00
1.781504154205322266e+00
1.280589103698730469e+00
4.723730683326721191e-01
-2.250414639711380005e-01
-4.925231635570526123e-01
-2.980434894561767578e-01
1.495868116617202759e-01
5.747586488723754883e-01
8.303859233856201172e-01
9.209170937538146973e-01
9.287078380584716797e-01
8.719846010208129883e-01
6.962122917175292969e-01
3.226419985294342041e-01
-2.255464196205139160e-01
-8.102839589118957520e-01
-1.224923849105834961e+00
-1.342962980270385742e+00
-1.164329290390014648e+00
-8.271397948265075684e-01
-4.692231118679046631e-01
-1.598061323165893555e-01
1.540111750364303589e-01
5.394358634948730469e-01
1.004330754280090332e+00
1.398099303245544434e+00
1.509141206741333008e+00
1.172120094299316406e+00
4.597492218017578125e-01
-3.282926678657531738e-01
-7.550274729728698730e-01
-5.413114428520202637e-01
2.711125612258911133e-01
1.251710534095764160e+00
1.844960093498229980e+00
1.657453656196594238e+00
7.579369544982910156e-01
-3.948745727539062500e-01
-1.182940483093261719e+00
-1.267315983772277832e+00
-7.362479567527770996e-01
-7.434856891632080078e-02
2.391080707311630249e-01
-6.973183481022715569e-04
-5.597062110900878906e-01
-1.024432778358459473e+00
-1.063915491104125977e+00
-7.081148028373718262e-01
-2.294177412986755371e-01
3.943455591797828674e-02
1.923636905848979950e-02
-1.474467664957046509e-01
-1.880114525556564331e-01
