4.005815684795379639e-01
4.381891489028930664e-01
4.618244469165802002e-01
2.139801084995269775e-01
-2.585955858230590820e-01
-6.049421429634094238e-01
-7.095382213592529297e-01
-5.545811057090759277e-01
-4.522049129009246826e-01
-5.157982707023620605e-01
-7.487998008728027344e-01
-8.116967082023620605e-01
-5.507506728172302246e-01
1.788971200585365295e-02
4.358821809291839600e-01
3.450842797756195068e-01
-4.101575613021850586e-01
-1.396181106567382812e+00
-2.041777610778808594e+00
-1.835850119590759277e+00
-8.692398071289062500e-01
4.125080406665802002e-01
1.342686057090759277e+00
1.645984172821044922e+00
1.398096203804016113e+00
1.059976339340209961e+00
9.448902010917663574e-01
1.161481976509094238e+00
1.447630286216735840e+00
1.555839180946350098e+00
1.309126496315002441e+00
8.361155390739440918e-01
3.114812076091766357e-01
-5.118808150291442871e-02
-2.277347296476364136e-01
-2.239478528499603271e-01
-1.431176960468292236e-01
-2.367884106934070587e-02
3.482182323932647705e-02
-2.132836729288101196e-02
-2.609895765781402588e-01
-6.034187078475952148e-01
-8.947902917861938477e-01
-9.071085453033447266e-01
-5.579761862754821777e-01
5.236331745982170105e-02
6.222659945487976074e-01
8.655399680137634277e-01
6.494705677032470703e-01
1.057277619838714600e-01
-4.869396984577178955e-01
-8.705456256866455078e-01
-9.634328484535217285e-01
-8.732442855834960938e-01
-7.779631018638610840e-01
-7.881484627723693848e-01
-8.563992381095886230e-01
-8.388141989707946777e-01
-5.854854583740234375e-01
-9.497652947902679443e-02
4.985614717006683350e-01
9.395799040794372559e-01
1.043348908424377441e+00
7.564170956611633301e-01
2.721325457096099854e-01
-1.308865398168563843e-01
-1.745443940162658691e-01
1.623567640781402588e-01
6.986563801765441895e-01
1.068420648574829102e+00
1.062109231948852539e+00
6.869475245475769043e-01
2.753535807132720947e-01
1.318441331386566162e-01
3.911361396312713623e-01
7.633814215660095215e-01
8.338086009025573730e-01
2.563756704330444336e-01
-8.161365389823913574e-01
-1.908192515373229980e+00
-2.370234489440917969e+00
-1.955201983451843262e+00
-8.435151576995849609e-01
3.292838931083679199e-01
1.047962784767150879e+00
1.063806772232055664e+00
6.370652914047241211e-01
1.114733666181564331e-01
-1.967868357896804810e-01
-3.340718746185302734e-01
-3.936172127723693848e-01
-5.061352252960205078e-01
-5.189322233200073242e-01
-3.157033622264862061e-01
1.997031569480895996e-01
7.754384875297546387e-01
1.146943807601928711e+00
1.059628129005432129e+00
6.654450893402099609e-01
2.471914291381835938e-01
1.972221136093139648e-01
5.431334376335144043e-01
1.120609879493713379e+00
1.499210119247436523e+00
1.456596970558166504e+00
8.831250071525573730e-01
-1.009832881391048431e-02
-1.045438289642333984e+00
-1.931653618812561035e+00
-2.507389068603515625e+00
-2.508564233779907227e+00
-1.862706422805786133e+00
-5.989353656768798828e-01
8.525688648223876953e-01
1.995638728141784668e+00
2.319220542907714844e+00
1.793715715408325195e+00
7.109310626983642578e-01
-3.199255168437957764e-01
-9.349224567413330078e-01
-1.021846413612365723e+00
-8.700233101844787598e-01
-6.983516812324523926e-01
-6.260528564453125000e-01
-4.634349644184112549e-01
-1.176977679133415222e-01
4.084599912166595459e-01
8.188787102699279785e-01
9.273051619529724121e-01
6.959577202796936035e-01
4.357951283454895020e-01
4.034108519554138184e-01
6.852499842643737793e-01
9.444113969802856445e-01
8.008149266242980957e-01
2.494113147258758545e-02
-1.101196646690368652e+00
-2.068242311477661133e+00
-2.362791299819946289e+00
-1.928606748580932617e+00
-1.062370300292968750e+00
-2.794886827468872070e-01
1.402013748884201050e-01
1.742397099733352661e-01
5.114455521106719971e-02
-7.469281554222106934e-02
-1.417683511972427368e-01
-1.990067213773727417e-01
-1.821616739034652710e-01
3.569237142801284790e-02
5.732107758522033691e-01
1.302640914916992188e+00
1.890215754508972168e+00
1.956551313400268555e+00
1.402449011802673340e+00
4.876796603202819824e-01
-3.164433240890502930e-01
-6.800267100334167480e-01
-6.177827119827270508e-01
-4.207782149314880371e-01
-3.598400354385375977e-01
-4.348375499248504639e-01
-4.062401056289672852e-01
-4.539895430207252502e-02
5.709473490715026855e-01
1.092230081558227539e+00
1.125876665115356445e+00
6.176086068153381348e-01
-1.171754375100135803e-01
-5.732542872428894043e-01
-5.033059716224670410e-01
-3.360306099057197571e-02
3.888727128505706787e-01
4.449793994426727295e-01
9.619528800249099731e-02
-3.439525663852691650e-01
-6.095125079154968262e-01
-5.977166295051574707e-01
-5.089209675788879395e-01
-4.841539561748504639e-01
-5.525788068771362305e-01
-4.994755387306213379e-01
-2.585520446300506592e-01
6.659673899412155151e-02
9.828460216522216797e-02
-3.241911828517913818e-01
-1.063284397125244141e+00
-1.543738484382629395e+00
-1.348997473716735840e+00
-4.467204809188842773e-01
5.257660150527954102e-01
8.832991123199462891e-01
2.625130414962768555e-01
-8.551805019378662109e-01
-1.660130500793457031e+00
-1.436704993247985840e+00
-3.395563066005706787e-01
9.058027267456054688e-01
1.362578034400939941e+00
8.362025618553161621e-01
-1.774607300758361816e-01
-6.682308316230773926e-01
-1.567852646112442017e-01
1.116170048713684082e+00
2.107068538665771484e+00
1.986193299293518066e+00
5.324692130088806152e-01
-1.431394577026367188e+00
-2.850427627563476562e+00
-2.882550716400146484e+00
-1.660565733909606934e+00
1.472963243722915649e-01
1.569506645202636719e+00
2.176755666732788086e+00
1.932393670082092285e+00
1.300159931182861328e+00
5.801751017570495605e-01
