1.314217597246170044e-01
1.405422389507293701e-01
-5.018869042396545410e-01
-1.104099035263061523e+00
-1.475867152214050293e+00
-1.411415815353393555e+00
-9.176504611968994141e-01
-2.108133435249328613e-01
2.905958294868469238e-01
2.869476377964019775e-01
-2.482073158025741577e-01
-9.471399784088134766e-01
-1.342317342758178711e+00
-1.121905684471130371e+00
-4.083368480205535889e-01
3.980437517166137695e-01
8.660980463027954102e-01
9.044474363327026367e-01
7.464894652366638184e-01
7.877922058105468750e-01
1.194131255149841309e+00
1.810328125953674316e+00
2.229522705078125000e+00
2.151824951171875000e+00
1.554476976394653320e+00
7.217773199081420898e-01
-2.805632911622524261e-02
-5.150464773178100586e-01
-7.864892482757568359e-01
-9.316352009773254395e-01
-9.695503115653991699e-01
-7.963480949401855469e-01
-3.721155226230621338e-01
1.708569675683975220e-01
5.167402625083923340e-01
4.154160916805267334e-01
-1.139625534415245056e-01
-7.139163017272949219e-01
-9.429271817207336426e-01
-5.773697495460510254e-01
1.864486485719680786e-01
8.902890086174011230e-01
1.132372617721557617e+00
8.749579191207885742e-01
4.307037591934204102e-01
2.115951031446456909e-01
3.933097720146179199e-01
8.107236623764038086e-01
1.109614849090576172e+00
1.046640038490295410e+00
6.550675034523010254e-01
1.790219694375991821e-01
-1.584357470273971558e-01
-3.299876153469085693e-01
-4.808663725852966309e-01
-7.480529546737670898e-01
-1.098279356956481934e+00
-1.346703767776489258e+00
-1.319906949996948242e+00
-1.026922464370727539e+00
-6.481185555458068848e-01
-3.796290755271911621e-01
-2.369587272405624390e-01
-4.725276678800582886e-02
3.963933587074279785e-01
1.098930835723876953e+00
1.807678818702697754e+00
2.150956392288208008e+00
1.926635980606079102e+00
1.243468642234802246e+00
4.680542647838592529e-01
-6.110720708966255188e-02
-2.389131039381027222e-01
-2.515514791011810303e-01
-3.583913743495941162e-01
-6.836450099945068359e-01
-1.093545436859130859e+00
-1.345618009567260742e+00
-1.266443610191345215e+00
-9.102237820625305176e-01
-4.641889333724975586e-01
-1.084902659058570862e-01
1.464488208293914795e-01
3.939612507820129395e-01
7.175210714340209961e-01
1.032785654067993164e+00
1.156085848808288574e+00
9.274224042892456055e-01
3.979134559631347656e-01
-2.114213854074478149e-01
-6.386072039604187012e-01
-8.176726102828979492e-01
-8.940240740776062012e-01
-1.120733141899108887e+00
-1.584357380867004395e+00
-2.121553659439086914e+00
-2.377100706100463867e+00
-2.102313756942749023e+00
-1.329548597335815430e+00
-4.085540175437927246e-01
2.708782255649566650e-01
5.260344743728637695e-01
5.371093153953552246e-01
6.503769755363464355e-01
1.103968739509582520e+00
1.767201304435729980e+00
2.231868028640747070e+00
2.079078197479248047e+00
1.249201536178588867e+00
1.113132685422897339e-01
-7.242528796195983887e-01
-8.428625464439392090e-01
-2.840377688407897949e-01
4.573702812194824219e-01
8.018637895584106445e-01
4.616699516773223877e-01
-3.497920632362365723e-01
-1.114522457122802734e+00
-1.363164067268371582e+00
-1.016325354576110840e+00
-3.772403597831726074e-01
1.145271509885787964e-01
2.372193038463592529e-01
1.010635867714881897e-01
1.811066456139087677e-02
1.807592064142227173e-01
4.965449273586273193e-01
6.544160842895507812e-01
4.224953055381774902e-01
-1.338538825511932373e-01
-6.661424040794372559e-01
-8.306584358215332031e-01
-5.794978141784667969e-01
-2.265353202819824219e-01
-1.844508200883865356e-01
-5.965661406517028809e-01
-1.156042337417602539e+00
-1.307442307472229004e+00
-6.941118836402893066e-01
4.995416402816772461e-01
1.596604943275451660e+00
1.885246396064758301e+00
1.141362786293029785e+00
-1.654715389013290405e-01
-1.185358166694641113e+00
-1.273218870162963867e+00
-4.567622542381286621e-01
6.108549237251281738e-01
1.126292228698730469e+00
7.422332167625427246e-01
-2.095104157924652100e-01
-9.646860361099243164e-01
-9.265103340148925781e-01
-8.677484095096588135e-02
9.431443214416503906e-01
1.393087983131408691e+00
8.389537334442138672e-01
-4.953288435935974121e-01
-1.935191869735717773e+00
-2.763635396957397461e+00
-2.670953989028930664e+00
-1.833216190338134766e+00
-7.685957551002502441e-01
4.303997382521629333e-02
3.599548935890197754e-01
2.789563536643981934e-01
6.197582557797431946e-02
7.470106240361928940e-03
2.575883865356445312e-01
8.024284243583679199e-01
1.447854280471801758e+00
1.958470821380615234e+00
2.107047796249389648e+00
1.833476781845092773e+00
1.216237545013427734e+00
4.898131191730499268e-01
-1.351568102836608887e-01
-5.001931190490722656e-01
-5.987811088562011719e-01
-4.519848525524139404e-01
-1.252980083227157593e-01
3.560026884078979492e-01
8.766951560974121094e-01
1.278777956962585449e+00
1.342404127120971680e+00
1.016064763069152832e+00
4.450793564319610596e-01
3.908776678144931793e-03
-2.075994573533535004e-02
4.010404646396636963e-01
8.897678256034851074e-01
9.756740331649780273e-01
3.920502960681915283e-01
-5.831894874572753906e-01
-1.344879746437072754e+00
-1.305835366249084473e+00
-4.443844556808471680e-01
6.978468894958496094e-01
1.286769270896911621e+00
8.809947967529296875e-01
-3.015404045581817627e-01
-1.430004239082336426e+00
-1.730719447135925293e+00
-9.612115621566772461e-01
3.318116962909698486e-01
1.294977664947509766e+00
1.286074399948120117e+00
3.835812807083129883e-01
-8.094207644462585449e-01
-1.546225190162658691e+00
-1.531675815582275391e+00
-9.571725130081176758e-01
-3.415836393833160400e-01
-6.818643771111965179e-03
4.230164736509323120e-02
1.160472333431243896e-01
4.268818199634552002e-01
