-3.597604930400848389e-01
-3.078986406326293945e-01
-1.224338114261627197e-01
1.284096688032150269e-01
5.487112402915954590e-01
1.009349822998046875e+00
1.357016324996948242e+00
1.338946461677551270e+00
9.395603537559509277e-01
2.426622509956359863e-01
-4.570103585720062256e-01
-9.795416593551635742e-01
-1.169559478759765625e+00
-1.082767367362976074e+00
-7.378754019737243652e-01
-2.490649521350860596e-01
3.498718738555908203e-01
8.915401101112365723e-01
1.250589251518249512e+00
1.247032165527343750e+00
9.070488810539245605e-01
3.357147872447967529e-01
-1.948554366827011108e-01
-5.396051406860351562e-01
-6.244764924049377441e-01
-5.800132751464843750e-01
-4.814828932285308838e-01
-3.808893859386444092e-01
-1.598540246486663818e-01
2.277226299047470093e-01
7.651224136352539062e-01
1.204205274581909180e+00
1.297898054122924805e+00
8.455829620361328125e-01
-6.395583599805831909e-02
-1.187060236930847168e+00
-2.145330667495727539e+00
-2.696389675140380859e+00
-2.714388370513916016e+00
-2.287043809890747070e+00
-1.557847619056701660e+00
-7.605693936347961426e-01
-8.408876508474349976e-02
2.790865004062652588e-01
2.774502336978912354e-01
-3.493027389049530029e-02
-4.439915418624877930e-01
-7.439223527908325195e-01
-7.974204421043395996e-01
-6.574859619140625000e-01
-4.429955482482910156e-01
-2.540448307991027832e-01
-2.191145531833171844e-02
3.944061994552612305e-01
1.081202268600463867e+00
1.875990509986877441e+00
2.424417257308959961e+00
2.366863965988159180e+00
1.641296029090881348e+00
5.778790712356567383e-01
-2.511991858482360840e-01
-4.042948186397552490e-01
1.408593505620956421e-01
9.572033286094665527e-01
1.453768134117126465e+00
1.270579814910888672e+00
4.878855943679809570e-01
-4.590734541416168213e-01
-1.114354014396667480e+00
-1.268516778945922852e+00
-1.041647791862487793e+00
-6.723544597625732422e-01
-3.179295361042022705e-01
5.691287294030189514e-02
5.144923329353332520e-01
9.909953474998474121e-01
1.199794411659240723e+00
8.522702455520629883e-01
-1.157465502619743347e-01
-1.345847129821777344e+00
-2.260437011718750000e+00
-2.356192827224731445e+00
-1.593631505966186523e+00
-3.734195828437805176e-01
6.643154621124267578e-01
1.116488218307495117e+00
9.734946489334106445e-01
6.192831993103027344e-01
4.263485372066497803e-01
5.383957624435424805e-01
7.203746438026428223e-01
6.596913337707519531e-01
1.752916425466537476e-01
-5.298588275909423828e-01
-1.077147245407104492e+00
-1.093652009963989258e+00
-5.647891163825988770e-01
2.376823723316192627e-01
8.321373462677001953e-01
9.085428714752197266e-01
3.943350613117218018e-01
-4.355257451534271240e-01
-1.220994472503662109e+00
-1.582818150520324707e+00
-1.364201545715332031e+00
-5.640776753425598145e-01
5.555407404899597168e-01
1.643288016319274902e+00
2.246706724166870117e+00
2.095460891723632812e+00
1.149995684623718262e+00
-2.094393670558929443e-01
-1.417201638221740723e+00
-1.877413392066955566e+00
-1.391235113143920898e+00
-1.788486987352371216e-01
1.120970129966735840e+00
1.902028203010559082e+00
1.806485652923583984e+00
9.909242391586303711e-01
-1.219358295202255249e-01
-1.007357835769653320e+00
-1.407028436660766602e+00
-1.280539631843566895e+00
-8.060996532440185547e-01
-1.089170053601264954e-01
6.957598328590393066e-01
1.555713295936584473e+00
2.273313522338867188e+00
2.608103513717651367e+00
2.293517589569091797e+00
1.330836296081542969e+00
-2.824301272630691528e-02
-1.272500634193420410e+00
-1.973596096038818359e+00
-1.925220131874084473e+00
-1.322085976600646973e+00
-5.459367036819458008e-01
-1.629130914807319641e-02
8.978005498647689819e-02
-1.905158311128616333e-01
-6.157972812652587891e-01
-9.675899744033813477e-01
-1.081842541694641113e+00
-9.510141015052795410e-01
-6.263261437416076660e-01
-2.397454679012298584e-01
1.010914891958236694e-01
2.945952415466308594e-01
3.438960313796997070e-01
3.174315392971038818e-01
3.608275949954986572e-01
5.513434410095214844e-01
8.511319756507873535e-01
1.069037199020385742e+00
1.006788730621337891e+00
5.945260524749755859e-01
1.074230484664440155e-02
-4.232894778251647949e-01
-4.306170046329498291e-01
-6.189274601638317108e-03
5.668522119522094727e-01
8.864890933036804199e-01
7.200189828872680664e-01
1.750782132148742676e-01
-3.700048029422760010e-01
-5.301433801651000977e-01
-1.991239041090011597e-01
3.850867152214050293e-01
7.969936132431030273e-01
7.388002276420593262e-01
2.133521288633346558e-01
-4.776412844657897949e-01
-9.865846037864685059e-01
-1.115847945213317871e+00
-9.372838735580444336e-01
-6.428309082984924316e-01
-4.174559116363525391e-01
-2.849912047386169434e-01
-2.041749209165573120e-01
-1.157465502619743347e-01
-7.697466015815734863e-02
-1.471197754144668579e-01
-3.680128455162048340e-01
-6.300255060195922852e-01
-8.084473609924316406e-01
-7.821251153945922852e-01
-6.012845039367675781e-01
-3.544248938560485840e-01
-1.641224920749664307e-01
-9.106059558689594269e-03
1.407170742750167847e-01
3.381336033344268799e-01
4.715942740440368652e-01
4.352411925792694092e-01
1.403613686561584473e-01
-2.509146332740783691e-01
-5.019715428352355957e-01
-3.502275943756103516e-01
1.680352538824081421e-01
8.295050859451293945e-01
1.241981148719787598e+00
1.239064335823059082e+00
8.543333411216735840e-01
3.920585513114929199e-01
3.791819885373115540e-02
-1.483291685581207275e-01
-3.704316616058349609e-01
-7.199478149414062500e-01
-1.154762148857116699e+00
-1.334251165390014648e+00
-1.022795438766479492e+00
-1.836862862110137939e-01
7.595022916793823242e-01
1.317533016204833984e+00
1.106101632118225098e+00
2.776636779308319092e-01
