2.101610898971557617e-01
2.535887360572814941e-01
-3.586366772651672363e-02
-7.234027385711669922e-01
-1.533791184425354004e+00
-1.982673883438110352e+00
-1.690352439880371094e+00
-7.069054841995239258e-01
4.776388406753540039e-01
1.223472714424133301e+00
1.190804123878479004e+00
5.524308681488037109e-01
-1.375208646059036255e-01
-3.686784803867340088e-01
-1.238926686346530914e-02
6.188112497329711914e-01
1.069519758224487305e+00
1.071932435035705566e+00
7.159039974212646484e-01
2.925170958042144775e-01
5.327384546399116516e-02
3.514639288187026978e-02
1.445631831884384155e-01
3.024937212467193604e-01
5.441496372222900391e-01
9.026558995246887207e-01
1.273681759834289551e+00
1.367253422737121582e+00
9.218918681144714355e-01
-5.999013409018516541e-02
-1.193673253059387207e+00
-1.941332817077636719e+00
-1.961416482925415039e+00
-1.376904010772705078e+00
-6.537620425224304199e-01
-2.536539435386657715e-01
-2.543059885501861572e-01
-3.475515246391296387e-01
-1.199802681803703308e-01
5.232834815979003906e-01
1.257510542869567871e+00
1.549701571464538574e+00
1.113795042037963867e+00
1.254576295614242554e-01
-8.793770670890808105e-01
-1.430829882621765137e+00
-1.415245413780212402e+00
-1.102644681930541992e+00
-8.080409765243530273e-01
-6.162030100822448730e-01
-3.131876289844512939e-01
3.144917488098144531e-01
1.204236745834350586e+00
1.929204463958740234e+00
2.013320922851562500e+00
1.282615065574645996e+00
6.957551091909408569e-02
-1.030656576156616211e+00
-1.543311357498168945e+00
-1.438133001327514648e+00
-1.033721327781677246e+00
-7.018193602561950684e-01
-5.249136686325073242e-01
-3.195126652717590332e-01
1.432590484619140625e-01
8.172351121902465820e-01
1.392879605293273926e+00
1.512207746505737305e+00
1.119207262992858887e+00
5.071774721145629883e-01
1.232405975461006165e-01
1.801660209894180298e-01
5.225009918212890625e-01
7.462250590324401855e-01
5.841212868690490723e-01
1.021788418292999268e-01
-3.365968167781829834e-01
-4.209090173244476318e-01
-1.216104328632354736e-01
2.721074223518371582e-01
4.520125985145568848e-01
3.251856267452239990e-01
9.657107293605804443e-02
1.362819317728281021e-02
1.404551565647125244e-01
2.524802088737487793e-01
8.202998340129852295e-02
-4.364934265613555908e-01
-1.031178236007690430e+00
-1.331846117973327637e+00
-1.158918023109436035e+00
-7.322708368301391602e-01
-4.694227874279022217e-01
-6.626301407814025879e-01
-1.178610444068908691e+00
-1.577544808387756348e+00
-1.436241984367370605e+00
-7.368353009223937988e-01
1.402595341205596924e-01
6.939945220947265625e-01
7.487681508064270020e-01
5.653417706489562988e-01
6.377211809158325195e-01
1.215843439102172852e+00
2.070376873016357422e+00
2.589813232421875000e+00
2.270169973373413086e+00
1.093646168708801270e+00
-3.813937902450561523e-01
-1.420592427253723145e+00
-1.579109787940979004e+00
-1.012724757194519043e+00
-2.937560379505157471e-01
-7.498766761273145676e-03
-3.214036524295806885e-01
-9.409974217414855957e-01
-1.341627120971679688e+00
-1.183761835098266602e+00
-4.969399869441986084e-01
3.614405393600463867e-01
1.006399631500244141e+00
1.239317893981933594e+00
1.136226177215576172e+00
8.804855942726135254e-01
6.141163706779479980e-01
3.255768716335296631e-01
-5.086119845509529114e-02
-5.289564728736877441e-01
-9.607549905776977539e-01
-1.120967745780944824e+00
-8.346453309059143066e-01
-1.443675607442855835e-01
6.950378417968750000e-01
1.317044258117675781e+00
1.474648714065551758e+00
1.162308812141418457e+00
6.368082761764526367e-01
2.271800190210342407e-01
1.404551565647125244e-01
3.031457960605621338e-01
4.397537410259246826e-01
2.568490505218505859e-01
-3.073842227458953857e-01
-1.031308650970458984e+00
-1.523423314094543457e+00
-1.514424800872802734e+00
-1.039459466934204102e+00
-4.481002092361450195e-01
-1.483451575040817261e-01
-3.364664018154144287e-01
-8.375796079635620117e-01
-1.249033689498901367e+00
-1.212452769279479980e+00
-6.839526891708374023e-01
6.181591749191284180e-02
6.289834976196289062e-01
7.979992032051086426e-01
6.473065614700317383e-01
4.698140323162078857e-01
5.114811062812805176e-01
7.964994311332702637e-01
1.112360477447509766e+00
1.203845500946044922e+00
9.586032032966613770e-01
4.852027893066406250e-01
-5.477359984070062637e-03
-3.563544154167175293e-01
-5.671023726463317871e-01
-7.277715802192687988e-01
-9.008300900459289551e-01
-1.029678463935852051e+00
-9.975968003273010254e-01
-7.429647445678710938e-01
-3.602668344974517822e-01
-4.564466699957847595e-02
4.303639754652976990e-02
-5.953368544578552246e-02
-1.345865577459335327e-01
8.007378876209259033e-02
6.666729450225830078e-01
1.423918008804321289e+00
1.941919684410095215e+00
1.852456212043762207e+00
1.080278873443603516e+00
-5.229574441909790039e-02
-9.745787978172302246e-01
-1.172611474990844727e+00
-5.031998157501220703e-01
6.971896886825561523e-01
1.770556569099426270e+00
2.103371381759643555e+00
1.473279356956481934e+00
1.816005706787109375e-01
-1.135639309883117676e+00
-1.889102339744567871e+00
-1.890928149223327637e+00
-1.428221583366394043e+00
-1.029026389122009277e+00
-1.065868139266967773e+00
-1.495384454727172852e+00
-1.908468723297119141e+00
-1.863215208053588867e+00
-1.234296917915344238e+00
-3.191214203834533691e-01
3.922180831432342529e-01
5.922069549560546875e-01
3.976954519748687744e-01
2.402865588665008545e-01
5.114811062812805176e-01
1.218582153320312500e+00
1.953330874443054199e+00
2.181358575820922852e+00
1.655792832374572754e+00
6.083781719207763672e-01
-3.992604017257690430e-01
-8.742910027503967285e-01
-7.067098617553710938e-01
