8.849193453788757324e-01
9.259574413299560547e-01
7.324669957160949707e-01
3.045884966850280762e-01
-4.040566980838775635e-01
-9.464764595031738281e-01
-1.246040582656860352e+00
-1.108555912971496582e+00
-8.697760105133056641e-01
-6.009201407432556152e-01
-5.703875422477722168e-01
-5.608658194541931152e-01
-5.700361728668212891e-01
-3.374400436878204346e-01
-2.290825918316841125e-02
4.018783271312713623e-01
6.545016169548034668e-01
7.763862013816833496e-01
5.988823175430297852e-01
2.966830432415008545e-01
-1.593740135431289673e-01
-4.862734675407409668e-01
-6.662719249725341797e-01
-5.250629186630249023e-01
-2.759531736373901367e-01
1.461631245911121368e-02
9.760604798793792725e-02
1.290521919727325439e-01
2.037148475646972656e-01
6.108634471893310547e-01
1.190913200378417969e+00
1.697530031204223633e+00
1.606388926506042480e+00
8.445136547088623047e-01
-3.715564906597137451e-01
-1.303943753242492676e+00
-1.461350083351135254e+00
-6.801152825355529785e-01
4.654381871223449707e-01
1.307422041893005371e+00
1.309565305709838867e+00
6.726665496826171875e-01
-5.969498679041862488e-02
-2.210717201232910156e-01
2.744774818420410156e-01
1.061790704727172852e+00
1.439039230346679688e+00
1.056906938552856445e+00
1.697038114070892334e-02
-1.075317859649658203e+00
-1.669597506523132324e+00
-1.497363924980163574e+00
-7.859078645706176758e-01
6.524637341499328613e-02
6.821179986000061035e-01
9.694901704788208008e-01
9.848443269729614258e-01
8.437407016754150391e-01
5.690523982048034668e-01
1.559658944606781006e-01
-3.532861173152923584e-01
-8.124701976776123047e-01
-1.026620268821716309e+00
-8.816517591476440430e-01
-3.958350419998168945e-01
2.558908760547637939e-01
8.722354769706726074e-01
1.244248747825622559e+00
1.279384136199951172e+00
9.334763884544372559e-01
3.260210454463958740e-01
-3.787592351436614990e-01
-9.038221240043640137e-01
-1.109609961509704590e+00
-9.539954662322998047e-01
-6.554151177406311035e-01
-4.025810360908508301e-01
-3.521969020366668701e-01
-3.540239334106445312e-01
-2.386745363473892212e-01
1.754308789968490601e-01
7.131074070930480957e-01
1.115512728691101074e+00
1.041623115539550781e+00
5.377467870712280273e-01
-1.786984652280807495e-01
-6.748098134994506836e-01
-8.434244394302368164e-01
-7.494022250175476074e-01
-7.516860365867614746e-01
-9.405737519264221191e-01
-1.263221859931945801e+00
-1.342206120491027832e+00
-1.057785272598266602e+00
-4.488542973995208740e-01
5.365170538425445557e-02
2.357583045959472656e-01
4.525434970855712891e-02
-1.103953197598457336e-01
1.075142156332731247e-02
4.904545843601226807e-01
8.737462759017944336e-01
7.964133620262145996e-01
5.551387742161750793e-02
-8.985869884490966797e-01
-1.530285716056823730e+00
-1.344630479812622070e+00
-5.334602594375610352e-01
4.511381089687347412e-01
9.788361787796020508e-01
9.709306955337524414e-01
6.226338148117065430e-01
4.314271509647369385e-01
4.813896417617797852e-01
6.369690299034118652e-01
4.456569850444793701e-01
-1.727605909109115601e-01
-1.062352895736694336e+00
-1.676729917526245117e+00
-1.752516865730285645e+00
-1.250959515571594238e+00
-5.912228226661682129e-01
-5.235169455409049988e-02
2.007634788751602173e-01
4.135432541370391846e-01
7.345048189163208008e-01
1.255105495452880859e+00
1.713762640953063965e+00
1.938277602195739746e+00
1.799422621726989746e+00
1.489985466003417969e+00
1.139018297195434570e+00
8.676678538322448730e-01
5.539793372154235840e-01
1.885715126991271973e-01
-1.968634575605392456e-01
-3.787240982055664062e-01
-3.297805488109588623e-01
-1.981634646654129028e-01
-3.717673122882843018e-01
-1.008209347724914551e+00
-1.911609888076782227e+00
-2.469875574111938477e+00
-2.200422525405883789e+00
-1.100474834442138672e+00
1.683686673641204834e-01
7.892106175422668457e-01
3.535320460796356201e-01
-7.363318800926208496e-01
-1.592123985290527344e+00
-1.504917979240417480e+00
-5.515198111534118652e-01
4.502245783805847168e-01
5.872173905372619629e-01
-4.046188592910766602e-01
-1.861225724220275879e+00
-2.698923110961914062e+00
-2.193008899688720703e+00
-5.822632908821105957e-01
1.177245616912841797e+00
2.052502632141113281e+00
1.746614217758178711e+00
7.256858348846435547e-01
-1.179494261741638184e-01
-2.863883674144744873e-01
1.594442874193191528e-01
6.518313288688659668e-01
8.210432529449462891e-01
6.336663365364074707e-01
5.061249732971191406e-01
6.743882298469543457e-01
1.128407359123229980e+00
1.417993068695068359e+00
1.274605631828308105e+00
6.359852552413940430e-01
-6.524637341499328613e-02
-5.141709446907043457e-01
-4.947410821914672852e-01
-2.644990384578704834e-01
2.968938462436199188e-02
2.415556460618972778e-01
6.215445995330810547e-01
1.196464657783508301e+00
1.936801910400390625e+00
2.362150669097900391e+00
2.269639253616333008e+00
1.609797000885009766e+00
9.548738598823547363e-01
6.924126744270324707e-01
1.062142133712768555e+00
1.518339753150939941e+00
1.530285716056823730e+00
6.095985770225524902e-01
-8.339730501174926758e-01
-2.179130554199218750e+00
-2.586454868316650391e+00
-2.056578397750854492e+00
-9.478818774223327637e-01
-1.581794172525405884e-01
-3.267589025199413300e-03
-5.314926505088806152e-01
-1.089617967605590820e+00
-1.350884556770324707e+00
-1.024336457252502441e+00
-4.822328984737396240e-01
1.193548366427421570e-01
4.399650394916534424e-01
6.369339227676391602e-01
5.749902725219726562e-01
3.754916489124298096e-01
-1.927174776792526245e-01
-8.704435825347900391e-01
-1.505550384521484375e+00
-1.516828894615173340e+00
-8.816868662834167480e-01
3.540239334106445312e-01
1.472698807716369629e+00
