3.723978102207183838e-01
3.758257031440734863e-01
-4.303069319576025009e-03
-4.717330932617187500e-01
-8.196253180503845215e-01
-8.219591379165649414e-01
-4.718789458274841309e-01
7.679884880781173706e-02
5.077621936798095703e-01
6.132967472076416016e-01
3.489862084388732910e-01
-6.899497658014297485e-02
-3.752422332763671875e-01
-3.621142208576202393e-01
-8.606138825416564941e-02
2.287190705537796021e-01
2.698535025119781494e-01
-1.033465936779975891e-01
-8.069348931312561035e-01
-1.509356260299682617e+00
-1.850246787071228027e+00
-1.590020537376403809e+00
-7.841796875000000000e-01
2.864823043346405029e-01
1.226228833198547363e+00
1.762508034706115723e+00
1.828950285911560059e+00
1.585206985473632812e+00
1.252484917640686035e+00
9.848923087120056152e-01
7.768133878707885742e-01
5.445935130119323730e-01
2.339702695608139038e-01
-8.153951168060302734e-02
-2.479005455970764160e-01
-1.584112942218780518e-01
1.200483366847038269e-01
3.516847491264343262e-01
2.826168239116668701e-01
-1.771551668643951416e-01
-8.549979925155639648e-01
-1.426285147666931152e+00
-1.610004305839538574e+00
-1.369105339050292969e+00
-8.912458419799804688e-01
-4.680864214897155762e-01
-2.594240307807922363e-01
-2.532246708869934082e-01
-2.937027215957641602e-01
-2.805017530918121338e-01
-1.890433132648468018e-01
-8.307111263275146484e-02
7.074537873268127441e-02
3.745858371257781982e-01
9.722748398780822754e-01
1.794963359832763672e+00
2.554199695587158203e+00
2.779272079467773438e+00
2.190407991409301758e+00
8.507678508758544922e-01
-7.141636013984680176e-01
-1.876867532730102539e+00
-2.169695138931274414e+00
-1.634364008903503418e+00
-6.610681414604187012e-01
1.705182343721389771e-01
5.274541974067687988e-01
3.513930141925811768e-01
-7.701764255762100220e-02
-4.680134654045104980e-01
-5.595448613166809082e-01
-3.319927453994750977e-01
1.583383679389953613e-01
6.885640025138854980e-01
1.084956884384155273e+00
1.145564556121826172e+00
8.800141215324401855e-01
3.975598514080047607e-01
1.531600952148437500e-02
-7.650711387395858765e-02
1.765717118978500366e-01
4.774948060512542725e-01
5.148367285728454590e-01
6.556710600852966309e-02
-6.448040008544921875e-01
-1.219737768173217773e+00
-1.237606525421142578e+00
-7.554439306259155273e-01
-1.591406315565109253e-01
-4.047802463173866272e-02
-5.630456805229187012e-01
-1.440798878669738770e+00
-1.951697111129760742e+00
-1.644137144088745117e+00
-5.467085838317871094e-01
6.468461155891418457e-01
1.244826912879943848e+00
9.148033261299133301e-01
1.112233996391296387e-01
-4.254203736782073975e-01
-6.549417227506637573e-02
1.059138536453247070e+00
2.308560132980346680e+00
2.819604396820068359e+00
2.277125835418701172e+00
9.198357462882995605e-01
-5.040425658226013184e-01
-1.441601157188415527e+00
-1.672070622444152832e+00
-1.490612387657165527e+00
-1.191585540771484375e+00
-9.747545719146728516e-01
-6.948362588882446289e-01
-2.566525638103485107e-01
3.708662092685699463e-01
9.147304296493530273e-01
1.171310067176818848e+00
1.011221289634704590e+00
6.301443576812744141e-01
2.090270519256591797e-01
-8.205004781484603882e-02
-3.451936841011047363e-01
-6.483047604560852051e-01
-1.045791745185852051e+00
-1.331034183502197266e+00
-1.352622389793395996e+00
-1.004000902175903320e+00
-4.847152233123779297e-01
2.479734830558300018e-03
2.728437483310699463e-01
4.404446482658386230e-01
6.502010822296142578e-01
1.044843554496765137e+00
1.464720964431762695e+00
1.697378516197204590e+00
1.530069351196289062e+00
1.083862900733947754e+00
5.995852947235107422e-01
3.660526275634765625e-01
3.500802218914031982e-01
3.504448831081390381e-01
7.388151437044143677e-02
-4.557606577873229980e-01
-9.832148551940917969e-01
-1.092760801315307617e+00
-6.654441356658935547e-01
9.102085232734680176e-02
6.555981040000915527e-01
6.636937260627746582e-01
6.542123854160308838e-02
-7.588717937469482422e-01
-1.382014513015747070e+00
-1.540644645690917969e+00
-1.362905979156494141e+00
-1.116245388984680176e+00
-1.032226085662841797e+00
-1.053522586822509766e+00
-9.932796359062194824e-01
-6.690908074378967285e-01
-1.554939597845077515e-01
3.179166018962860107e-01
4.811414778232574463e-01
2.904207110404968262e-01
-9.422992169857025146e-02
-3.777948915958404541e-01
-3.766279518604278564e-01
-7.679884880781173706e-02
3.500072658061981201e-01
7.153305411338806152e-01
8.846818804740905762e-01
8.535392880439758301e-01
6.922106742858886719e-01
5.183374881744384766e-01
4.303798675537109375e-01
4.801933467388153076e-01
6.255495548248291016e-01
7.366271018981933594e-01
6.627455949783325195e-01
3.476004600524902344e-01
-7.555897533893585205e-02
-3.315551280975341797e-01
-1.708099693059921265e-01
4.027380943298339844e-01
1.085467457771301270e+00
1.415709733963012695e+00
1.112233996391296387e+00
2.711662948131561279e-01
-6.417407989501953125e-01
-1.136520862579345703e+00
-1.008449792861938477e+00
-5.035320520401000977e-01
-6.119110435247421265e-02
7.658004760742187500e-03
-1.937839835882186890e-01
-3.157285749912261963e-01
-5.798203498125076294e-02
4.570734798908233643e-01
7.763757705688476562e-01
4.177623689174652100e-01
-6.305090188980102539e-01
-1.862280845642089844e+00
-2.492717027664184570e+00
-2.093115091323852539e+00
-8.718456029891967773e-01
3.559878170490264893e-01
7.983287572860717773e-01
1.719769090414047241e-01
-1.004511356353759766e+00
-1.845870852470397949e+00
-1.623569846153259277e+00
-3.454124629497528076e-01
1.346714854240417480e+00
2.520066976547241211e+00
2.631654977798461914e+00
1.729614973068237305e+00
4.379649162292480469e-01
-5.791639685630798340e-01
