-9.918382763862609863e-02
-1.149619445204734802e-01
-4.030862450599670410e-01
-6.262126564979553223e-01
-8.048328161239624023e-01
-8.540030121803283691e-01
-8.344539999961853027e-01
-6.559330224990844727e-01
-3.645836710929870605e-01
6.450174003839492798e-02
4.401003122329711914e-01
6.550895571708679199e-01
5.533753037452697754e-01
2.628693878650665283e-01
-5.279219150543212891e-02
-1.058324649930000305e-01
1.201220825314521790e-01
5.191893577575683594e-01
7.479224205017089844e-01
6.440746784210205078e-01
1.897839605808258057e-01
-2.996850013732910156e-01
-5.488601326942443848e-01
-3.667171895503997803e-01
7.804710417985916138e-02
5.259868502616882324e-01
6.742912530899047852e-01
5.070332884788513184e-01
1.449800580739974976e-01
-1.589223593473434448e-01
-3.322335481643676758e-01
-3.977772593498229980e-01
-5.154681205749511719e-01
-7.045078277587890625e-01
-8.907193541526794434e-01
-8.612470626831054688e-01
-5.224144458770751953e-01
8.747427910566329956e-02
7.293161749839782715e-01
1.186683058738708496e+00
1.333201289176940918e+00
1.255253434181213379e+00
1.101491212844848633e+00
1.019226670265197754e+00
1.016200065612792969e+00
1.035501003265380859e+00
9.913420677185058594e-01
8.834753036499023438e-01
7.425141930580139160e-01
6.013546586036682129e-01
4.157384932041168213e-01
1.078171357512474060e-01
-3.664194941520690918e-01
-9.251037836074829102e-01
-1.371753454208374023e+00
-1.485673427581787109e+00
-1.147386670112609863e+00
-4.286884665489196777e-01
4.433254003524780273e-01
1.168523430824279785e+00
1.519115090370178223e+00
1.388821601867675781e+00
8.400607109069824219e-01
3.284626826643943787e-02
-7.855319380760192871e-01
-1.384852290153503418e+00
-1.561289310455322266e+00
-1.263539433479309082e+00
-5.732219815254211426e-01
2.492247819900512695e-01
9.100698828697204590e-01
1.143516540527343750e+00
8.850134611129760742e-01
2.190578281879425049e-01
-6.016523241996765137e-01
-1.352700710296630859e+00
-1.834727048873901367e+00
-1.994691371917724609e+00
-1.817460417747497559e+00
-1.387035369873046875e+00
-7.792801856994628906e-01
-1.541591435670852661e-01
3.599693179130554199e-01
6.178770065307617188e-01
6.244760155677795410e-01
4.538937509059906006e-01
3.065817058086395264e-01
3.012727200984954834e-01
4.877323508262634277e-01
7.181524038314819336e-01
8.309808373451232910e-01
6.678906679153442383e-01
2.726934850215911865e-01
-2.256072312593460083e-01
-5.900916457176208496e-01
-6.955271959304809570e-01
-4.886750876903533936e-01
-8.623386174440383911e-02
4.000596106052398682e-01
8.115310668945312500e-01
1.086258888244628906e+00
1.150413274765014648e+00
1.025230288505554199e+00
7.291176915168762207e-01
3.774840235710144043e-01
5.487609282135963440e-02
-1.404153257608413696e-01
-2.422784417867660522e-01
-3.173981606960296631e-01
-4.905605018138885498e-01
-7.719865441322326660e-01
-1.106254458427429199e+00
-1.328537344932556152e+00
-1.350715994834899902e+00
-1.152745246887207031e+00
-8.585181236267089844e-01
-5.687068700790405273e-01
-3.439927101135253906e-01
-1.193778291344642639e-01
1.570369154214859009e-01
4.767670631408691406e-01
6.851076483726501465e-01
6.150984764099121094e-01
1.942990720272064209e-01
-4.271503388881683350e-01
-9.668314456939697266e-01
-1.154233813285827637e+00
-9.410307407379150391e-01
-5.133842229843139648e-01
-1.696395725011825562e-01
-8.692849427461624146e-02
-1.960852742195129395e-01
-2.291300147771835327e-01
7.353197783231735229e-02
7.512964010238647461e-01
1.582922220230102539e+00
2.202287673950195312e+00
2.350244760513305664e+00
1.996031045913696289e+00
1.346002340316772461e+00
6.591581106185913086e-01
1.240418031811714172e-01
-2.477362900972366333e-01
-4.939840734004974365e-01
-6.582154035568237305e-01
-6.800963878631591797e-01
-5.222159624099731445e-01
-1.860627084970474243e-01
1.546057015657424927e-01
3.079213798046112061e-01
9.064974635839462280e-02
-4.574165344238281250e-01
-1.178000211715698242e+00
-1.770374178886413574e+00
-2.048823356628417969e+00
-1.920812129974365234e+00
-1.529633879661560059e+00
-1.060011625289916992e+00
-7.673225998878479004e-01
-7.250987291336059570e-01
-9.193978309631347656e-01
-1.105708599090576172e+00
-1.070282220840454102e+00
-6.076560020446777344e-01
1.800094693899154663e-01
1.064377903938293457e+00
1.629958868026733398e+00
1.688754677772521973e+00
1.227517724037170410e+00
6.013050079345703125e-01
1.181374117732048035e-01
2.133519016206264496e-02
1.641321182250976562e-01
3.531718254089355469e-01
3.649806082248687744e-01
3.556030392646789551e-01
5.452877879142761230e-01
1.206331372261047363e+00
2.138927221298217773e+00
2.929768085479736328e+00
2.981121301651000977e+00
2.184475421905517578e+00
8.453200459480285645e-01
-2.331489771604537964e-01
-5.145750045776367188e-01
1.341139972209930420e-01
1.099655389785766602e+00
1.695403337478637695e+00
1.395569443702697754e+00
4.285396039485931396e-01
-6.836192011833190918e-01
-1.285718083381652832e+00
-1.316381216049194336e+00
-1.025379180908203125e+00
-9.642513394355773926e-01
-1.231487035751342773e+00
-1.656156539916992188e+00
-1.703887820243835449e+00
-1.228906989097595215e+00
-3.776328563690185547e-01
2.342901527881622314e-01
2.981964945793151855e-01
-1.868069469928741455e-01
-6.114764809608459473e-01
-5.146245956420898438e-01
2.858419418334960938e-01
1.209457159042358398e+00
1.587784647941589355e+00
8.822349309921264648e-01
-5.915305614471435547e-01
-2.118832349777221680e+00
-2.746980190277099609e+00
-2.194051265716552734e+00
-7.068397998809814453e-01
8.543006777763366699e-01
1.883103370666503906e+00
2.072440862655639648e+00
