-8.917475342750549316e-01
-8.599038720130920410e-01
-1.295777678489685059e+00
-1.325433850288391113e+00
-1.094215750694274902e+00
-8.587163686752319336e-01
-8.522476553916931152e-01
-9.814035296440124512e-01
-9.930597543716430664e-01
-6.235920190811157227e-01
6.074983254075050354e-02
7.532479166984558105e-01
1.066715836524963379e+00
9.267162084579467773e-01
5.848109126091003418e-01
4.901548922061920166e-01
8.591226339340209961e-01
1.541714549064636230e+00
2.076244354248046875e+00
2.104681730270385742e+00
1.612714290618896484e+00
9.651535749435424805e-01
5.537797212600708008e-01
4.989361166954040527e-01
5.447172522544860840e-01
3.469052910804748535e-01
-1.880619823932647705e-01
-7.424979805946350098e-01
-8.374664783477783203e-01
-2.468743175268173218e-01
7.382792234420776367e-01
1.461808443069458008e+00
1.386496186256408691e+00
5.082798600196838379e-01
-5.932483673095703125e-01
-1.186059236526489258e+00
-9.022475481033325195e-01
-3.053116612136363983e-02
7.405604720115661621e-01
8.040602803230285645e-01
1.029684692621231079e-01
-9.125599861145019531e-01
-1.604339361190795898e+00
-1.658245444297790527e+00
-1.192840456962585449e+00
-6.434044837951660156e-01
-3.189366161823272705e-01
-2.650930285453796387e-01
-2.488430738449096680e-01
-1.124996915459632874e-01
1.281246542930603027e-01
2.312806099653244019e-01
6.134358048439025879e-02
-3.348115682601928711e-01
-6.414357423782348633e-01
-6.269357800483703613e-01
-2.424368411302566528e-01
2.202806472778320312e-01
4.654674828052520752e-01
3.148428797721862793e-01
-4.618737474083900452e-02
-3.414990603923797607e-01
-2.973741888999938965e-01
4.362488165497779846e-02
5.205923318862915039e-01
8.699038624763488770e-01
1.040434598922729492e+00
1.030372142791748047e+00
9.436849355697631836e-01
7.267479896545410156e-01
3.696239888668060303e-01
-1.455933451652526855e-01
-5.904671549797058105e-01
-7.493416666984558105e-01
-4.388425350189208984e-01
1.461246013641357422e-01
6.646232008934020996e-01
6.868731379508972168e-01
1.735932677984237671e-01
-6.216545701026916504e-01
-1.137965679168701172e+00
-1.050622105598449707e+00
-3.285303413867950439e-01
5.815921425819396973e-01
1.235746622085571289e+00
1.316246390342712402e+00
9.798410534858703613e-01
5.237485766410827637e-01
3.057179152965545654e-01
3.213428556919097900e-01
4.141551256179809570e-01
2.723430097103118896e-01
-1.424058526754379272e-01
-7.249979972839355469e-01
-1.141528129577636719e+00
-1.244371533393859863e+00
-9.938097596168518066e-01
-6.239357590675354004e-01
-2.794054746627807617e-01
-8.199977129697799683e-02
7.868728041648864746e-02
2.232181429862976074e-01
3.543427884578704834e-01
2.516243159770965576e-01
-1.937182247638702393e-01
-9.861223101615905762e-01
-1.759307622909545898e+00
-2.102587938308715820e+00
-1.654495477676391602e+00
-5.355922579765319824e-01
8.146539926528930664e-01
1.702589035034179688e+00
1.740557670593261719e+00
9.376536607742309570e-01
-1.630308032035827637e-01
-9.723098278045654297e-01
-1.083934545516967773e+00
-6.451544761657714844e-01
-7.609353959560394287e-02
1.245934069156646729e-01
-1.419683545827865601e-01
-6.549669504165649414e-01
-9.538411498069763184e-01
-8.128102421760559082e-01
-2.855617105960845947e-01
2.616867721080780029e-01
5.699672102928161621e-01
5.935296416282653809e-01
6.044358611106872559e-01
8.216540217399597168e-01
1.262527823448181152e+00
1.592120647430419922e+00
1.472089648246765137e+00
7.937165498733520508e-01
-7.774978876113891602e-02
-5.943733453750610352e-01
-3.524365425109863281e-01
5.034360885620117188e-01
1.393871188163757324e+00
1.625808000564575195e+00
9.332474470138549805e-01
-3.811864554882049561e-01
-1.606214284896850586e+00
-2.149556636810302734e+00
-1.872463583946228027e+00
-1.153184294700622559e+00
-5.210610628128051758e-01
-2.851867079734802246e-01
-3.382490575313568115e-01
-3.504365384578704834e-01
-9.334349632263183594e-02
3.377490639686584473e-01
6.151857972145080566e-01
4.830299317836761475e-01
5.937483627349138260e-03
-4.391863048076629639e-01
-4.633737206459045410e-01
2.974991872906684875e-02
7.178730368614196777e-01
1.108778238296508789e+00
8.742476105690002441e-01
1.372496187686920166e-01
-6.428107619285583496e-01
-9.487473964691162109e-01
-6.089358329772949219e-01
1.476558446884155273e-01
8.108415007591247559e-01
9.939347505569458008e-01
5.984671115875244141e-01
-1.102184504270553589e-01
-8.047165274620056152e-01
-1.245902776718139648e+00
-1.466933488845825195e+00
-1.572558164596557617e+00
-1.663089156150817871e+00
-1.631776809692382812e+00
-1.338652610778808594e+00
-6.616544127464294434e-01
2.583743035793304443e-01
1.171153068542480469e+00
1.748588919639587402e+00
1.898838520050048828e+00
1.694932818412780762e+00
1.416152358055114746e+00
1.227277874946594238e+00
1.201715469360351562e+00
1.183996796607971191e+00
1.079465746879577637e+00
8.264039754867553711e-01
5.735921859741210938e-01
4.040613770484924316e-01
3.562177717685699463e-01
2.123119235038757324e-01
-2.081869244575500488e-01
-1.015372157096862793e+00
-1.936744689941406250e+00
-2.564961671829223633e+00
-2.430805921554565430e+00
-1.471308469772338867e+00
4.749986901879310608e-02
1.494339704513549805e+00
2.385243415832519531e+00
2.475836992263793945e+00
2.004619598388671875e+00
1.313933849334716797e+00
7.547479271888732910e-01
3.256866037845611572e-01
-7.956228405237197876e-02
-6.592169404029846191e-01
-1.322652578353881836e+00
-1.877401113510131836e+00
-1.994682073593139648e+00
-1.612151861190795898e+00
-8.214352726936340332e-01
2.559367939829826355e-02
6.978730559349060059e-01
1.032278418540954590e+00
