-2.138029932975769043e-01
-1.988768279552459717e-01
-3.558470606803894043e-01
-2.145965248346328735e-01
1.665305346250534058e-01
5.628104805946350098e-01
6.861874461174011230e-01
3.827519416809082031e-01
-2.773241698741912842e-01
-1.007647633552551270e+00
-1.480258822441101074e+00
-1.481619238853454590e+00
-1.024992227554321289e+00
-2.928927242755889893e-01
4.653559327125549316e-01
1.058963418006896973e+00
1.381935119628906250e+00
1.407328486442565918e+00
1.147500038146972656e+00
6.772317290306091309e-01
1.375851333141326904e-01
-2.749435305595397949e-01
-4.099968969821929932e-01
-2.588081657886505127e-01
1.042941398918628693e-02
1.570836007595062256e-01
3.748543187975883484e-02
-2.704845964908599854e-01
-5.135352611541748047e-01
-4.499385356903076172e-01
-5.165582895278930664e-02
4.524703025817871094e-01
7.319105863571166992e-01
6.039613485336303711e-01
1.782825142145156860e-01
-2.241190373897552490e-01
-3.183994293212890625e-01
-8.381319046020507812e-02
2.172794640064239502e-01
2.428995370864868164e-01
-1.512265056371688843e-01
-7.811480164527893066e-01
-1.243178606033325195e+00
-1.188688635826110840e+00
-5.514741539955139160e-01
4.135111570358276367e-01
1.304961562156677246e+00
1.798355937004089355e+00
1.791554212570190430e+00
1.377816319465637207e+00
7.440026402473449707e-01
6.454144418239593506e-02
-5.159915089607238770e-01
-8.848375082015991211e-01
-9.643051624298095703e-01
-7.746862769126892090e-01
-4.570426046848297119e-01
-2.370046526193618774e-01
-2.778531908988952637e-01
-5.614123344421386719e-01
-8.538516163825988770e-01
-8.515465259552001953e-01
-3.714534044265747070e-01
4.962662756443023682e-01
1.433099746704101562e+00
2.057277441024780273e+00
2.143697977066040039e+00
1.715034008026123047e+00
1.009310364723205566e+00
3.194197118282318115e-01
-1.350533515214920044e-01
-2.938373982906341553e-01
-2.278978079557418823e-01
-9.881491959095001221e-02
-7.141881436109542847e-02
-2.611132264137268066e-01
-6.641193628311157227e-01
-1.157022595405578613e+00
-1.528400421142578125e+00
-1.602955579757690430e+00
-1.337307810783386230e+00
-8.695712685585021973e-01
-4.245451688766479492e-01
-1.788493394851684570e-01
-1.359224766492843628e-01
-1.525490731000900269e-01
-5.214707180857658386e-02
2.193955779075622559e-01
5.592584609985351562e-01
7.772180438041687012e-01
7.446450591087341309e-01
4.625218510627746582e-01
4.009278491139411926e-02
-4.129065573215484619e-01
-8.393788933753967285e-01
-1.221904158592224121e+00
-1.502780318260192871e+00
-1.567019462585449219e+00
-1.299444556236267090e+00
-7.040988206863403320e-01
5.902443826198577881e-02
7.454007863998413086e-01
1.183284997940063477e+00
1.360547304153442383e+00
1.378118634223937988e+00
1.300880432128906250e+00
1.067087769508361816e+00
5.550262331962585449e-01
-2.255927622318267822e-01
-1.001412630081176758e+00
-1.327860951423645020e+00
-8.903167247772216797e-01
2.020887881517410278e-01
1.391306519508361816e+00
1.983515858650207520e+00
1.619431018829345703e+00
5.408180356025695801e-01
-5.465617775917053223e-01
-9.526287317276000977e-01
-4.632020294666290283e-01
5.281591415405273438e-01
1.329447984695434570e+00
1.421347737312316895e+00
7.771802544593811035e-01
-2.102509438991546631e-01
-1.056091547012329102e+00
-1.515514731407165527e+00
-1.642935037612915039e+00
-1.633865952491760254e+00
-1.593886494636535645e+00
-1.498623609542846680e+00
-1.293625235557556152e+00
-1.046228885650634766e+00
-9.064521193504333496e-01
-9.544803500175476074e-01
-1.030773758888244629e+00
-8.162150382995605469e-01
-7.837175577878952026e-02
1.036895394325256348e+00
2.023344039916992188e+00
2.301650762557983398e+00
1.673618674278259277e+00
5.006874203681945801e-01
-4.733291268348693848e-01
-6.412578225135803223e-01
7.803166657686233521e-02
1.168585658073425293e+00
1.915157794952392578e+00
1.865958213806152344e+00
1.130495548248291016e+00
2.141808718442916870e-01
-3.425079882144927979e-01
-3.504434227943420410e-01
-8.917904458940029144e-03
2.645141184329986572e-01
1.652079671621322632e-01
-3.677124083042144775e-01
-1.137486338615417480e+00
-1.866147160530090332e+00
-2.285704374313354492e+00
-2.248105525970458984e+00
-1.719530701637268066e+00
-8.596330881118774414e-01
2.493990398943424225e-02
5.398355126380920410e-01
4.562490880489349365e-01
-1.387943327426910400e-01
-7.866272330284118652e-01
-9.456380009651184082e-01
-3.154897689819335938e-01
8.814366459846496582e-01
2.045185327529907227e+00
2.544625759124755859e+00
2.175326347351074219e+00
1.239928841590881348e+00
3.476093411445617676e-01
-6.733773648738861084e-02
2.187909744679927826e-02
2.550294101238250732e-01
2.724117636680603027e-01
-2.350396849215030670e-02
-3.804090917110443115e-01
-4.912027418613433838e-01
-2.350396960973739624e-01
1.902990192174911499e-01
5.062044858932495117e-01
5.722951889038085938e-01
5.339784622192382812e-01
6.069087386131286621e-01
8.590285181999206543e-01
1.053068518638610840e+00
8.793960809707641602e-01
2.339060604572296143e-01
-5.518898367881774902e-01
-9.351707696914672852e-01
-5.346964001655578613e-01
4.694370031356811523e-01
1.425202131271362305e+00
1.594793438911437988e+00
7.393169999122619629e-01
-7.070840597152709961e-01
-1.856284499168395996e+00
-2.000066757202148438e+00
-1.042299032211303711e+00
4.075406789779663086e-01
1.495033860206604004e+00
1.628651261329650879e+00
8.479567170143127441e-01
-3.290555775165557861e-01
-1.259313941001892090e+00
-1.607943534851074219e+00
-1.419269442558288574e+00
-9.977095127105712891e-01
-5.884683728218078613e-01
-2.696910500526428223e-01
5.052219703793525696e-02
4.330096244812011719e-01
