6.875454187393188477e-01
7.639018297195434570e-01
7.513044476509094238e-01
6.300609111785888672e-01
4.851672053337097168e-01
3.674470484256744385e-01
2.879533767700195312e-01
1.924837678670883179e-01
5.000330507755279541e-02
-1.322481185197830200e-01
-2.944692671298980713e-01
-4.002195000648498535e-01
-4.502710700035095215e-01
-4.894145727157592773e-01
-5.225731134414672852e-01
-5.016740560531616211e-01
-3.466928005218505859e-01
-6.675151735544204712e-02
1.853404343128204346e-01
1.606283783912658691e-01
-2.972686886787414551e-01
-1.077001690864562988e+00
-1.775455117225646973e+00
-1.906255364418029785e+00
-1.229714512825012207e+00
3.040741384029388428e-02
1.251723647117614746e+00
1.784770488739013672e+00
1.364617228507995605e+00
3.197122514247894287e-01
-6.308332085609436035e-01
-8.266955614089965820e-01
-1.189750432968139648e-01
1.043987870216369629e+00
1.896939992904663086e+00
1.881881117820739746e+00
9.887719154357910156e-01
-2.341370880603790283e-01
-1.080235481262207031e+00
-1.119523763656616211e+00
-4.812093973159790039e-01
3.036397695541381836e-01
6.485466957092285156e-01
3.188434541225433350e-01
-4.829469621181488037e-01
-1.257660269737243652e+00
-1.583888411521911621e+00
-1.317461609840393066e+00
-6.594064831733703613e-01
7.225380837917327881e-02
6.046731472015380859e-01
8.687350153923034668e-01
8.895857930183410645e-01
7.291987538337707520e-01
3.669161498546600342e-01
-1.859678924083709717e-01
-8.436368107795715332e-01
-1.343042373657226562e+00
-1.415054917335510254e+00
-9.017004966735839844e-01
2.987649105489253998e-02
9.978941082954406738e-01
1.550681591033935547e+00
1.506132364273071289e+00
9.999695420265197754e-01
4.679845869541168213e-01
2.871328592300415039e-01
6.049627661705017090e-01
1.183765530586242676e+00
1.652908444404602051e+00
1.681047320365905762e+00
1.252447605133056641e+00
5.546215772628784180e-01
-1.147276610136032104e-01
-6.332947611808776855e-01
-1.018020987510681152e+00
-1.417902588844299316e+00
-1.857313871383666992e+00
-2.253479003906250000e+00
-2.388333559036254883e+00
-2.164525270462036133e+00
-1.610386371612548828e+00
-9.553720355033874512e-01
-3.907111585140228271e-01
-3.962616994976997375e-02
1.780523061752319336e-01
3.554771542549133301e-01
5.901934504508972168e-01
8.304603099822998047e-01
1.025405645370483398e+00
1.097321510314941406e+00
1.080862879753112793e+00
9.768019914627075195e-01
8.054103851318359375e-01
4.999847710132598877e-01
9.098091721534729004e-02
-3.346746265888214111e-01
-5.486366152763366699e-01
-4.331367313861846924e-01
-2.582217007875442505e-02
3.467893302440643311e-01
3.521468341350555420e-01
-1.848095059394836426e-01
-1.003686070442199707e+00
-1.606814622879028320e+00
-1.484605789184570312e+00
-5.702596902847290039e-01
7.512079477310180664e-01
1.757982969284057617e+00
1.913012504577636719e+00
1.102437734603881836e+00
-2.337992340326309204e-01
-1.480213642120361328e+00
-2.123644113540649414e+00
-2.078129529953002930e+00
-1.537408590316772461e+00
-8.451813459396362305e-01
-1.896360814571380615e-01
3.421075344085693359e-01
7.607645392417907715e-01
9.739543199539184570e-01
8.960534334182739258e-01
4.810163378715515137e-01
-8.509249240159988403e-02
-5.046665668487548828e-01
-4.711218774318695068e-01
5.077555775642395020e-02
8.530969023704528809e-01
1.548268318176269531e+00
1.882412075996398926e+00
1.805910825729370117e+00
1.511489868164062500e+00
1.175463795661926270e+00
8.677214384078979492e-01
4.763345718383789062e-01
-7.794916629791259766e-02
-7.496634125709533691e-01
-1.284109950065612793e+00
-1.434988617897033691e+00
-1.128404736518859863e+00
-6.152915954589843750e-01
-2.914285361766815186e-01
-4.732455611228942871e-01
-1.108470916748046875e+00
-1.809820413589477539e+00
-2.044391870498657227e+00
-1.517619609832763672e+00
-3.453896045684814453e-01
9.601985812187194824e-01
1.823045134544372559e+00
1.906641483306884766e+00
1.327549099922180176e+00
5.247451066970825195e-01
-3.571664681658148766e-03
-2.365021221339702606e-02
3.388254642486572266e-01
6.989361643791198730e-01
7.006736993789672852e-01
2.244839519262313843e-01
-5.382595062255859375e-01
-1.248200297355651855e+00
-1.621294379234313965e+00
-1.593879461288452148e+00
-1.296755552291870117e+00
-9.250611066818237305e-01
-5.864287018775939941e-01
-2.665233910083770752e-01
9.286327660083770752e-02
4.817403256893157959e-01
7.872624397277832031e-01
8.822494149208068848e-01
7.473949193954467773e-01
5.298129916191101074e-01
4.403765797615051270e-01
5.834362506866455078e-01
8.325356841087341309e-01
9.071545600891113281e-01
5.802506804466247559e-01
-8.914681524038314819e-02
-7.524145841598510742e-01
-9.664248824119567871e-01
-5.355566143989562988e-01
3.368465900421142578e-01
1.129804372787475586e+00
1.374222040176391602e+00
9.494835734367370605e-01
1.934490799903869629e-01
-3.711152672767639160e-01
-3.736250698566436768e-01
1.379917412996292114e-01
8.029005527496337891e-01
1.215041637420654297e+00
1.251192688941955566e+00
1.076374173164367676e+00
9.770916104316711426e-01
1.035444855690002441e+00
1.071499347686767578e+00
7.581099271774291992e-01
-2.924903668463230133e-02
-1.076374173164367676e+00
-1.876185774803161621e+00
-2.003414154052734375e+00
-1.370602130889892578e+00
-3.489612936973571777e-01
5.198702812194824219e-01
8.209036588668823242e-01
5.545250773429870605e-01
2.393980510532855988e-02
-3.686054348945617676e-01
-4.505606591701507568e-01
-3.081284761428833008e-01
-2.061429619789123535e-01
-3.057151734828948975e-01
-5.865734815597534180e-01
-8.231238722801208496e-01
-8.175733089447021484e-01
-4.929379820823669434e-01
