-4.258533716201782227e-01
-3.911069929599761963e-01
-9.038863778114318848e-01
-1.383241891860961914e+00
-1.360939383506774902e+00
-7.391116619110107422e-01
1.868969649076461792e-01
8.607239723205566406e-01
9.615966081619262695e-01
5.646584630012512207e-01
1.417507380247116089e-01
1.089881658554077148e-01
5.944754481315612793e-01
1.288260579109191895e+00
1.782404303550720215e+00
1.792022705078125000e+00
1.397128462791442871e+00
8.358364105224609375e-01
3.701269328594207764e-01
3.955554962158203125e-02
-2.122053056955337524e-01
-4.836237132549285889e-01
-7.323186993598937988e-01
-9.047881364822387695e-01
-9.474095106124877930e-01
-9.435621500015258789e-01
-9.426604509353637695e-01
-9.395344853401184082e-01
-7.608732581138610840e-01
-2.972076535224914551e-01
4.087206423282623291e-01
1.013836383819580078e+00
1.134727239608764648e+00
5.472251772880554199e-01
-5.345409512519836426e-01
-1.621116280555725098e+00
-2.164494037628173828e+00
-1.961366176605224609e+00
-1.171277046203613281e+00
-2.370928376913070679e-01
4.864490926265716553e-01
8.370988368988037109e-01
9.118215441703796387e-01
8.253163099288940430e-01
6.667334437370300293e-01
4.204430282115936279e-01
1.344167292118072510e-01
-1.030367985367774963e-01
-1.513691097497940063e-01
-1.575008220970630646e-02
1.888807564973831177e-01
2.647456526756286621e-01
1.877986937761306763e-01
1.115731000900268555e-01
3.229368031024932861e-01
9.204179644584655762e-01
1.702331423759460449e+00
2.179282426834106445e+00
1.937741041183471680e+00
9.068320393562316895e-01
-4.944443702697753906e-01
-1.645522832870483398e+00
-2.058271169662475586e+00
-1.714594841003417969e+00
-9.845003485679626465e-01
-3.926699757575988770e-01
-2.284363061189651489e-01
-4.456311464309692383e-01
-7.223396301269531250e-01
-7.630373835563659668e-01
-4.613812267780303955e-01
1.971765980124473572e-02
4.188199341297149658e-01
5.040627121925354004e-01
2.335460633039474487e-01
-2.667895555496215820e-01
-7.338215708732604980e-01
-9.156087636947631836e-01
-6.664929986000061035e-01
-6.786962598562240601e-02
6.063180565834045410e-01
9.947800040245056152e-01
8.897594213485717773e-01
3.808273673057556152e-01
-1.385646462440490723e-01
-2.373934090137481689e-01
2.558486461639404297e-01
1.062168717384338379e+00
1.622017979621887207e+00
1.464156508445739746e+00
5.897263288497924805e-01
-4.902363419532775879e-01
-1.066977858543395996e+00
-7.422977685928344727e-01
2.893326282501220703e-01
1.355108261108398438e+00
1.778436779975891113e+00
1.332985997200012207e+00
3.680229187011718750e-01
-4.908975958824157715e-01
-8.211684226989746094e-01
-6.802592873573303223e-01
-5.013575553894042969e-01
-6.904788017272949219e-01
-1.271728992462158203e+00
-1.840535402297973633e+00
-1.881834268569946289e+00
-1.165626287460327148e+00
4.280174896121025085e-02
1.150297045707702637e+00
1.606628656387329102e+00
1.253934979438781738e+00
3.856365382671356201e-01
-4.497790634632110596e-01
-7.962207794189453125e-01
-5.011772513389587402e-01
2.461100667715072632e-01
1.074792861938476562e+00
1.619493126869201660e+00
1.670530676841735840e+00
1.202116012573242188e+00
3.632137179374694824e-01
-6.074602007865905762e-01
-1.435481667518615723e+00
-1.904016613960266113e+00
-1.888326644897460938e+00
-1.397008180618286133e+00
-5.354426503181457520e-01
5.077898502349853516e-01
1.516696810722351074e+00
2.247332334518432617e+00
2.499453783035278320e+00
2.166117191314697266e+00
1.333587050437927246e+00
2.747848331928253174e-01
-6.235108971595764160e-01
-1.074672579765319824e+00
-1.034455776214599609e+00
-7.546814084053039551e-01
-5.933933854103088379e-01
-7.929144501686096191e-01
-1.279603958129882812e+00
-1.727579593658447266e+00
-1.763107419013977051e+00
-1.256099104881286621e+00
-3.962768614292144775e-01
3.990421593189239502e-01
7.727759480476379395e-01
6.212866306304931641e-01
1.416305154561996460e-01
-3.436764180660247803e-01
-5.789057016372680664e-01
-5.148833990097045898e-01
-2.494764924049377441e-01
7.135628908872604370e-02
3.766193389892578125e-01
6.606618165969848633e-01
9.323207139968872070e-01
1.147471666336059570e+00
1.229648590087890625e+00
1.123545885086059570e+00
8.770150542259216309e-01
6.207455992698669434e-01
5.059263110160827637e-01
5.894858837127685547e-01
7.892474532127380371e-01
9.102585315704345703e-01
7.611737847328186035e-01
2.821188271045684814e-01
-3.858169019222259521e-01
-9.403159618377685547e-01
-1.067398667335510254e+00
-6.381788849830627441e-01
1.759560704231262207e-01
9.430812597274780273e-01
1.188650250434875488e+00
6.829644441604614258e-01
-4.000641107559204102e-01
-1.547716021537780762e+00
-2.213487625122070312e+00
-2.151569366455078125e+00
-1.570800185203552246e+00
-9.683294892311096191e-01
-7.847989201545715332e-01
-1.075273752212524414e+00
-1.496137619018554688e+00
-1.562744736671447754e+00
-1.037100791931152344e+00
-1.016541570425033569e-01
7.460249066352844238e-01
1.069983601570129395e+00
7.710927724838256836e-01
1.553366929292678833e-01
-3.308719396591186523e-01
-3.900850415229797363e-01
-5.819114297628402710e-02
4.199621081352233887e-01
7.813122868537902832e-01
9.404361844062805176e-01
9.416384696960449219e-01
8.664949536323547363e-01
6.986544132232666016e-01
3.939324021339416504e-01
-5.278081074357032776e-02
-5.003957152366638184e-01
-7.837769985198974609e-01
-8.075223565101623535e-01
-6.750894188880920410e-01
-5.480667948722839355e-01
-5.267861485481262207e-01
-4.894548356533050537e-01
-2.382350265979766846e-01
3.379053771495819092e-01
1.037401437759399414e+00
1.482972383499145508e+00
1.331603288650512695e+00
6.170786023139953613e-01
