-5.565894246101379395e-01
-5.844579339027404785e-01
-1.654092222452163696e-01
2.700362801551818848e-01
7.700478434562683105e-01
1.270960330963134766e+00
1.796738266944885254e+00
2.154223918914794922e+00
2.270622968673706055e+00
2.034581661224365234e+00
1.609526634216308594e+00
1.093779087066650391e+00
6.451800465583801270e-01
1.570606827735900879e-01
-4.149044752120971680e-01
-1.143930315971374512e+00
-1.798720240592956543e+00
-2.173743963241577148e+00
-2.050377607345581055e+00
-1.575772166252136230e+00
-9.830257296562194824e-01
-5.955092310905456543e-01
-4.115410447120666504e-01
-3.209683895111083984e-01
-1.033657491207122803e-01
1.521356552839279175e-01
2.383838891983032227e-01
-1.194021552801132202e-01
-7.830811738967895508e-01
-1.331141829490661621e+00
-1.164231061935424805e+00
-1.280510127544403076e-01
1.412104725837707520e+00
2.594714641571044922e+00
2.751775264739990234e+00
1.740100264549255371e+00
1.738778948783874512e-01
-1.121287226676940918e+00
-1.545921564102172852e+00
-1.195823431015014648e+00
-5.991129279136657715e-01
-3.741828203201293945e-01
-6.869227886199951172e-01
-1.286155819892883301e+00
-1.677276015281677246e+00
-1.596853733062744141e+00
-1.088673830032348633e+00
-4.755665361881256104e-01
-1.333364192396402359e-02
1.896139979362487793e-01
2.156205922365188599e-01
1.229457855224609375e-01
-7.033195346593856812e-02
-3.927417993545532227e-01
-7.542516589164733887e-01
-9.797824025154113770e-01
-8.869274258613586426e-01
-4.840952754020690918e-01
2.600660733878612518e-02
3.609693050384521484e-01
3.900390565395355225e-01
2.065513134002685547e-01
3.405484184622764587e-02
7.687865290790796280e-03
6.402550637722015381e-02
3.411490097641944885e-02
-1.564000099897384644e-01
-3.573055565357208252e-01
-3.100371956825256348e-01
1.219848021864891052e-01
7.642819285392761230e-01
1.243572235107421875e+00
1.248977780342102051e+00
8.236226439476013184e-01
3.097368776798248291e-01
1.046871021389961243e-01
2.918986380100250244e-01
6.195338368415832520e-01
6.922682523727416992e-01
3.922012448310852051e-01
-3.327404335141181946e-02
-1.133359521627426147e-01
3.695580959320068359e-01
1.197385072708129883e+00
1.776497483253479004e+00
1.647065043449401855e+00
7.908891439437866211e-01
-2.680542469024658203e-01
-9.263277053833007812e-01
-8.804407715797424316e-01
-4.000092446804046631e-01
5.405530100688338280e-04
-7.813994586467742920e-02
-5.355679392814636230e-01
-9.726350903511047363e-01
-9.823650717735290527e-01
-5.898033976554870605e-01
-1.522557735443115234e-01
-1.321952491998672485e-01
-6.167109608650207520e-01
-1.304774880409240723e+00
-1.638776659965515137e+00
-1.295705676078796387e+00
-3.239113986492156982e-01
8.273464441299438477e-01
1.704243540763854980e+00
2.015962600708007812e+00
1.810252070426940918e+00
1.246275067329406738e+00
5.477604269981384277e-01
-1.647485494613647461e-01
-7.348518371582031250e-01
-1.053838133811950684e+00
-1.025188803672790527e+00
-7.678856253623962402e-01
-5.178498029708862305e-01
-5.729861855506896973e-01
-9.630252718925476074e-01
-1.444297671318054199e+00
-1.555050969123840332e+00
-1.034198045730590820e+00
7.027189247310161591e-03
1.030294060707092285e+00
1.482977271080017090e+00
1.121347188949584961e+00
2.582642138004302979e-01
-5.143061876296997070e-01
-6.707062125205993652e-01
-1.599436402320861816e-01
6.542493700981140137e-01
1.234743237495422363e+00
1.307657837867736816e+00
9.717341661453247070e-01
6.133475303649902344e-01
5.430155396461486816e-01
8.098084926605224609e-01
1.165312170982360840e+00
1.316006422042846680e+00
1.121167063713073730e+00
6.999561190605163574e-01
2.884150743484497070e-01
7.267434895038604736e-02
5.249370634555816650e-02
9.381598234176635742e-02
5.303425714373588562e-02
-1.015038490295410156e-01
-2.804869711399078369e-01
-3.674559295177459717e-01
-3.132805228233337402e-01
-1.903947889804840088e-01
-1.165792718529701233e-01
-1.771212071180343628e-01
-3.329206109046936035e-01
-4.702811241149902344e-01
-4.571877419948577881e-01
-2.827092409133911133e-01
-3.873963281512260437e-02
9.928157180547714233e-02
5.579708516597747803e-02
-1.199427098035812378e-01
-2.084732800722122192e-01
-3.825914114713668823e-02
4.293792843818664551e-01
9.529349207878112793e-01
1.216484546661376953e+00
9.580401778221130371e-01
2.570029497146606445e-01
-5.796530246734619141e-01
-1.114019751548767090e+00
-1.174201250076293945e+00
-8.627827167510986328e-01
-5.743075609207153320e-01
-5.781515240669250488e-01
-9.272286295890808105e-01
-1.309820055961608887e+00
-1.430603623390197754e+00
-1.120025873184204102e+00
-5.880616307258605957e-01
-9.501720964908599854e-02
1.411444097757339478e-01
2.521980106830596924e-01
4.179075658321380615e-01
7.873455286026000977e-01
1.123509407043457031e+00
1.110355973243713379e+00
4.663170874118804932e-01
-5.877613425254821777e-01
-1.580456972122192383e+00
-1.916680932044982910e+00
-1.490785241127014160e+00
-5.855991244316101074e-01
1.487121433019638062e-01
3.691376447677612305e-01
8.120308071374893188e-02
-2.174224406480789185e-01
-1.639677584171295166e-01
3.738224506378173828e-01
1.013717174530029297e+00
1.411444067955017090e+00
1.355466723442077637e+00
1.140867233276367188e+00
1.078943848609924316e+00
1.416849613189697266e+00
1.891815543174743652e+00
2.168698787689208984e+00
1.905509471893310547e+00
1.267356634140014648e+00
5.570098757743835449e-01
1.795837283134460449e-01
7.261428982019424438e-02
5.705837626010179520e-03
-4.227725267410278320e-01
-1.175162315368652344e+00
-2.001067161560058594e+00
-2.381436347961425781e+00
-2.180110454559326172e+00
-1.509103894233703613e+00
