5.837126970291137695e-01
6.119779348373413086e-01
3.191121220588684082e-01
-2.412045747041702271e-01
-7.508100867271423340e-01
-8.323992490768432617e-01
-5.622168779373168945e-01
-2.134143859148025513e-01
-1.698289215564727783e-01
-3.750487565994262695e-01
-5.438088178634643555e-01
-2.560497522354125977e-01
4.357358813285827637e-01
1.149492383003234863e+00
1.288562059402465820e+00
7.422592639923095703e-01
-1.267185062170028687e-01
-5.473716855049133301e-01
-1.280248761177062988e-01
9.644620418548583984e-01
1.913603782653808594e+00
2.015263557434082031e+00
1.028236985206604004e+00
-5.020048022270202637e-01
-1.820138573646545410e+00
-2.319768190383911133e+00
-2.022151708602905273e+00
-1.252221107482910156e+00
-4.436928927898406982e-01
2.748140692710876465e-01
8.401187658309936523e-01
1.204716444015502930e+00
1.101987838745117188e+00
4.248098433017730713e-01
-6.421433687210083008e-01
-1.436776399612426758e+00
-1.360175251960754395e+00
-2.612752616405487061e-01
1.189990043640136719e+00
2.012294530868530273e+00
1.519553184509277344e+00
2.018945291638374329e-03
-1.523234844207763672e+00
-1.941156506538391113e+00
-9.794259667396545410e-01
6.700522899627685547e-01
1.775246620178222656e+00
1.585703372955322266e+00
2.865714728832244873e-01
-1.102700352668762207e+00
-1.614087343215942383e+00
-9.616117477416992188e-01
2.501116991043090820e-01
1.152223944664001465e+00
1.221343159675598145e+00
6.618577837944030762e-01
3.099674731492996216e-02
-2.419171482324600220e-01
-2.460737973451614380e-01
-3.387077450752258301e-01
-7.511664032936096191e-01
-1.239632368087768555e+00
-1.308632850646972656e+00
-6.259917616844177246e-01
5.751618742942810059e-01
1.643302679061889648e+00
1.945906877517700195e+00
1.380839824676513672e+00
4.026014208793640137e-01
-3.055733144283294678e-01
-3.632913827896118164e-01
1.223243325948715210e-01
7.029492259025573730e-01
1.001753091812133789e+00
9.307337403297424316e-01
6.566322445869445801e-01
3.383514583110809326e-01
3.206560155376791954e-03
-4.014138281345367432e-01
-8.128036260604858398e-01
-1.008997559547424316e+00
-7.807379961013793945e-01
-1.908497065305709839e-01
3.587784469127655029e-01
3.769489526748657227e-01
-3.232687711715698242e-01
-1.408630013465881348e+00
-2.227609157562255859e+00
-2.270244598388671875e+00
-1.562782406806945801e+00
-6.301484107971191406e-01
-9.085253626108169556e-02
-1.729167252779006958e-01
-5.822875499725341797e-01
-7.795503735542297363e-01
-4.625759720802307129e-01
2.052198499441146851e-01
7.506913542747497559e-01
8.280050754547119141e-01
4.974918663501739502e-01
1.618719100952148438e-01
1.640096157789230347e-01
4.727894663810729980e-01
6.840661764144897461e-01
3.959507942199707031e-01
-4.142400622367858887e-01
-1.284524202346801758e+00
-1.606367826461791992e+00
-1.074316382408142090e+00
5.189877003431320190e-02
1.142604231834411621e+00
1.638552188873291016e+00
1.451859116554260254e+00
9.679061174392700195e-01
7.169631123542785645e-01
9.354842305183410645e-01
1.409342527389526367e+00
1.644252777099609375e+00
1.270510315895080566e+00
3.251689374446868896e-01
-7.571044564247131348e-01
-1.451146602630615234e+00
-1.489031553268432617e+00
-1.028236985206604004e+00
-5.225505232810974121e-01
-3.999886810779571533e-01
-7.750374674797058105e-01
-1.371457576751708984e+00
-1.712303042411804199e+00
-1.435351252555847168e+00
-5.509345531463623047e-01
5.566350817680358887e-01
1.358631372451782227e+00
1.531904339790344238e+00
1.155549287796020508e+00
6.571072936058044434e-01
4.756397604942321777e-01
7.481973767280578613e-01
1.171107053756713867e+00
1.248420715332031250e+00
6.567510366439819336e-01
-4.376360774040222168e-01
-1.482143282890319824e+00
-1.880469322204589844e+00
-1.460291266441345215e+00
-5.591290593147277832e-01
1.770733743906021118e-01
3.086611032485961914e-01
-1.564088761806488037e-01
-7.713558673858642578e-01
-1.085123658180236816e+00
-9.276459813117980957e-01
-5.331203341484069824e-01
-2.023695707321166992e-01
-6.888166069984436035e-02
5.878693610429763794e-02
3.751675188541412354e-01
8.618521094322204590e-01
1.122058510780334473e+00
7.630425095558166504e-01
-2.875215411186218262e-01
-1.500907659530639648e+00
-2.123811721801757812e+00
-1.628219962120056152e+00
-2.379980087280273438e-01
1.265166044235229492e+00
1.970134258270263672e+00
1.574421048164367676e+00
4.765898287296295166e-01
-4.239785075187683105e-01
-4.999858438968658447e-01
2.942909598350524902e-01
1.325853228569030762e+00
1.897452235221862793e+00
1.616106271743774414e+00
7.338272333145141602e-01
-2.281408160924911499e-01
-7.340647578239440918e-01
-6.846599578857421875e-01
-2.432235181331634521e-01
2.064074575901031494e-01
4.610320925712585449e-01
4.094896018505096436e-01
1.789735555648803711e-01
-1.199491024017333984e-01
-2.561685144901275635e-01
-1.245808005332946777e-01
3.638851940631866455e-01
9.966464042663574219e-01
1.490575432777404785e+00
1.466466784477233887e+00
9.079315662384033203e-01
6.068711727857589722e-02
-5.112681984901428223e-01
-5.053301453590393066e-01
5.676798895001411438e-02
6.449936032295227051e-01
8.067467808723449707e-01
3.599660694599151611e-01
-2.603251636028289795e-01
-5.377520322799682617e-01
-1.333691477775573730e-01
6.098402142524719238e-01
1.092843174934387207e+00
7.453470826148986816e-01
-2.999915182590484619e-01
-1.473473787307739258e+00
-1.993173956871032715e+00
-1.656841516494750977e+00
-7.783627510070800781e-01
-1.117545589804649353e-01
-5.047363042831420898e-02
-5.403647422790527344e-01
-9.652933478355407715e-01
-8.763409852981567383e-01
-1.397822648286819458e-01
7.840633392333984375e-01
