2.055500000715255737e-01
2.240248024463653564e-01
1.847121566534042358e-01
-7.354114204645156860e-02
-4.934130907058715820e-01
-8.877568840980529785e-01
-1.126139044761657715e+00
-1.149877071380615234e+00
-1.015361905097961426e+00
-7.467612624168395996e-01
-3.567497432231903076e-01
1.771575361490249634e-01
7.570369839668273926e-01
1.211853504180908203e+00
1.341714143753051758e+00
1.143110036849975586e+00
8.081648945808410645e-01
6.691743135452270508e-01
8.852148056030273438e-01
1.339780688285827637e+00
1.632871150970458984e+00
1.421807408332824707e+00
6.400657296180725098e-01
-3.686724305152893066e-01
-1.124635338783264160e+00
-1.276622653007507324e+00
-8.596150875091552734e-01
-1.692806929349899292e-01
4.335132241249084473e-01
7.866467833518981934e-01
8.868259787559509277e-01
7.950606942176818848e-01
4.650922417640686035e-01
-1.555320024490356445e-01
-1.003546595573425293e+00
-1.745116353034973145e+00
-1.962087750434875488e+00
-1.405266046524047852e+00
-2.930188477039337158e-01
8.066253662109375000e-01
1.298642039299011230e+00
1.021269559860229492e+00
3.214829266071319580e-01
-1.913000643253326416e-01
-1.690658628940582275e-01
2.341931015253067017e-01
4.643045663833618164e-01
8.170442283153533936e-02
-8.826369643211364746e-01
-1.885324239730834961e+00
-2.318765878677368164e+00
-1.949270009994506836e+00
-1.118870854377746582e+00
-4.100258946418762207e-01
-1.987114697694778442e-01
-3.350167870521545410e-01
-3.561052680015563965e-01
9.419997781515121460e-02
8.717167973518371582e-01
1.447693586349487305e+00
1.322523236274719238e+00
5.220919847488403320e-01
-3.735059499740600586e-01
-5.983542203903198242e-01
1.795205920934677124e-01
1.592018961906433105e+00
2.754642248153686523e+00
2.899719476699829102e+00
1.864701271057128906e+00
2.356252521276473999e-01
-1.084821343421936035e+00
-1.408416748046875000e+00
-6.866107583045959473e-01
5.706778764724731445e-01
1.619229912757873535e+00
1.941965937614440918e+00
1.425853252410888672e+00
3.651636540889739990e-01
-7.944161891937255859e-01
-1.638170123100280762e+00
-1.963054418563842773e+00
-1.782065868377685547e+00
-1.320052742958068848e+00
-8.705710172653198242e-01
-6.877207159996032715e-01
-8.205530643463134766e-01
-1.118906617164611816e+00
-1.310600638389587402e+00
-1.223597168922424316e+00
-8.873988389968872070e-01
-5.325109362602233887e-01
-3.620845079421997070e-01
-3.960623741149902344e-01
-3.977809846401214600e-01
-1.006446704268455505e-01
5.728260874748229980e-01
1.344471096992492676e+00
1.767672777175903320e+00
1.500253677368164062e+00
6.097756624221801758e-01
-4.709998667240142822e-01
-1.176085472106933594e+00
-1.198677659034729004e+00
-6.103485226631164551e-01
1.971360892057418823e-01
8.397439122200012207e-01
1.122308015823364258e+00
1.107592701911926270e+00
9.213409423828125000e-01
6.539576649665832520e-01
2.882211506366729736e-01
-1.460081785917282104e-01
-5.295749902725219727e-01
-6.454721093177795410e-01
-4.000724256038665771e-01
8.242050558328628540e-02
4.415690898895263672e-01
3.491593301296234131e-01
-2.886149883270263672e-01
-1.177159547805786133e+00
-1.849842667579650879e+00
-1.914110541343688965e+00
-1.341141223907470703e+00
-4.129976034164428711e-01
4.313291907310485840e-01
9.214125275611877441e-01
1.021197915077209473e+00
9.172950983047485352e-01
7.726832628250122070e-01
6.522390842437744141e-01
4.621205329895019531e-01
1.314360052347183228e-01
-3.322241008281707764e-01
-7.639829516410827637e-01
-9.893324971199035645e-01
-8.773737549781799316e-01
-4.717517495155334473e-01
1.036521941423416138e-01
6.517736315727233887e-01
1.045114874839782715e+00
1.185645103454589844e+00
1.074832081794738770e+00
7.353040575981140137e-01
2.755107581615447998e-01
-1.948446482419967651e-01
-5.213043093681335449e-01
-6.358408927917480469e-01
-5.165423750877380371e-01
-2.728254795074462891e-01
-1.958471536636352539e-02
1.116006523370742798e-01
9.960635751485824585e-02
-3.186544403433799744e-02
-1.693164855241775513e-01
-2.468318641185760498e-01
-2.141071259975433350e-01
-1.398499011993408203e-01
-9.939153492450714111e-02
-2.034017741680145264e-01
-4.442543983459472656e-01
-7.504132390022277832e-01
-9.301486611366271973e-01
-8.360919356346130371e-01
-3.855002522468566895e-01
3.006092607975006104e-01
1.006589889526367188e+00
1.444650292396545410e+00
1.464521408081054688e+00
1.049196600914001465e+00
4.037244021892547607e-01
-2.214469164609909058e-01
-5.626219511032104492e-01
-5.317948460578918457e-01
-1.761550307273864746e-01
2.677413225173950195e-01
5.557476282119750977e-01
4.865387678146362305e-01
9.355551004409790039e-02
-4.293957948684692383e-01
-7.446130514144897461e-01
-6.564997434616088867e-01
-1.756537705659866333e-01
3.779098391532897949e-01
6.465820670127868652e-01
4.051923751831054688e-01
-1.822416931390762329e-01
-7.312223911285400391e-01
-8.219135999679565430e-01
-3.891164362430572510e-01
3.038674294948577881e-01
7.854294776916503906e-01
8.319744467735290527e-01
5.833524465560913086e-01
5.201585888862609863e-01
9.804531335830688477e-01
1.906412720680236816e+00
2.727538585662841797e+00
2.813038349151611328e+00
1.873867034912109375e+00
3.073762059211730957e-01
-1.106053113937377930e+00
-1.633945345878601074e+00
-1.144757032394409180e+00
-8.600088953971862793e-02
7.938075661659240723e-01
1.048086643218994141e+00
6.998940110206604004e-01
1.853566169738769531e-01
-1.452920883893966675e-01
-2.453997135162353516e-01
-4.177237153053283691e-01
-9.044772982597351074e-01
-1.658399343490600586e+00
-2.230652570724487305e+00
-2.166134119033813477e+00
-1.290621995925903320e+00
4.403875768184661865e-02
