-9.824572503566741943e-02
-1.238929778337478638e-01
-2.852534651756286621e-01
-4.638770818710327148e-01
-4.064525365829467773e-01
-5.698472261428833008e-02
5.553055405616760254e-01
1.192775726318359375e+00
1.672843813896179199e+00
1.790194392204284668e+00
1.523193597793579102e+00
8.838542103767395020e-01
6.487406790256500244e-02
-7.492130398750305176e-01
-1.297124028205871582e+00
-1.479623556137084961e+00
-1.271916627883911133e+00
-8.485583066940307617e-01
-3.530688583850860596e-01
6.492904573678970337e-02
4.117304086685180664e-01
6.660037636756896973e-01
8.206844329833984375e-01
7.472063302993774414e-01
3.946322500705718994e-01
-2.132597565650939941e-01
-8.390471339225769043e-01
-1.249430537223815918e+00
-1.285633563995361328e+00
-1.058326959609985352e+00
-7.659263610839843750e-01
-5.839765667915344238e-01
-4.256123602390289307e-01
-8.235707879066467285e-02
6.201246380805969238e-01
1.515661597251892090e+00
2.175232887268066406e+00
2.119045495986938477e+00
1.248743295669555664e+00
-5.308128148317337036e-02
-1.077074408531188965e+00
-1.299543023109436035e+00
-7.114706039428710938e-01
1.312600374221801758e-01
5.345238447189331055e-01
1.302154511213302612e-01
-8.445448875427246094e-01
-1.754623651504516602e+00
-2.004361391067504883e+00
-1.457137584686279297e+00
-4.771542549133300781e-01
3.514744937419891357e-01
6.278215646743774414e-01
3.410011827945709229e-01
-2.118028402328491211e-01
-6.748552322387695312e-01
-8.485308289527893066e-01
-7.041585445404052734e-01
-3.011971116065979004e-01
3.047706782817840576e-01
1.008489370346069336e+00
1.605853080749511719e+00
1.777467012405395508e+00
1.296684145927429199e+00
2.102634459733963013e-01
-1.039909362792968750e+00
-1.847509026527404785e+00
-1.756135582923889160e+00
-8.119979500770568848e-01
4.850710928440093994e-01
1.429263710975646973e+00
1.596314430236816406e+00
1.024515509605407715e+00
2.048756033182144165e-01
-3.276965022087097168e-01
-2.660111784934997559e-01
2.592488825321197510e-01
8.933928608894348145e-01
1.246901631355285645e+00
1.189202189445495605e+00
7.911062836647033691e-01
2.942149043083190918e-01
-1.423655897378921509e-01
-4.266844391822814941e-01
-6.186951994895935059e-01
-7.522093057632446289e-01
-8.825896978378295898e-01
-9.591466188430786133e-01
-9.624452590942382812e-01
-8.279690146446228027e-01
-5.927180647850036621e-01
-2.882497906684875488e-01
-3.579069301486015320e-02
1.163334995508193970e-01
1.231507733464241028e-01
8.101011812686920166e-02
5.943124368786811829e-02
1.458566933870315552e-01
2.605683505535125732e-01
3.082067966461181641e-01
1.553129106760025024e-01
-1.219687461853027344e-01
-3.503749370574951172e-01
-2.479508817195892334e-01
2.564999759197235107e-01
1.032982110977172852e+00
1.678561568260192871e+00
1.859191775321960449e+00
1.412577867507934570e+00
5.586042404174804688e-01
-3.461141586303710938e-01
-9.104085564613342285e-01
-1.015911459922790527e+00
-7.136697173118591309e-01
-2.406388074159622192e-01
2.336566001176834106e-01
5.307578444480895996e-01
5.640195608139038086e-01
2.066074162721633911e-01
-5.225386023521423340e-01
-1.483856916427612305e+00
-2.286068677902221680e+00
-2.557550191879272461e+00
-2.079956054687500000e+00
-1.072978615760803223e+00
-7.779390551149845123e-03
5.863406062126159668e-01
5.618479251861572266e-01
1.544607579708099365e-01
-1.203743815422058105e-01
4.788585752248764038e-02
6.065725088119506836e-01
1.108027100563049316e+00
1.149617910385131836e+00
6.383223533630371094e-01
-4.247052222490310669e-02
-3.804204463958740234e-01
-5.473062396049499512e-02
7.512196898460388184e-01
1.546696782112121582e+00
1.832857370376586914e+00
1.514534592628479004e+00
8.832769393920898438e-01
4.196197688579559326e-01
3.798981308937072754e-01
6.780989170074462891e-01
9.574422836303710938e-01
9.424607753753662109e-01
6.209492683410644531e-01
2.621077299118041992e-01
1.378298997879028320e-01
3.030388653278350830e-01
5.046432614326477051e-01
3.901515603065490723e-01
-2.355533391237258911e-01
-1.219330072402954102e+00
-2.142301082611083984e+00
-2.563597679138183594e+00
-2.296047210693359375e+00
-1.511400818824768066e+00
-6.301581263542175293e-01
-8.623302727937698364e-02
-8.801981806755065918e-02
-5.473611950874328613e-01
-1.136450767517089844e+00
-1.492158532142639160e+00
-1.369227647781372070e+00
-7.669984102249145508e-01
1.247726231813430786e-01
9.978786110877990723e-01
1.602664351463317871e+00
1.801025032997131348e+00
1.637218117713928223e+00
1.233157038688659668e+00
7.654040455818176270e-01
3.336616158485412598e-01
6.294983904808759689e-03
-2.393193393945693970e-01
-4.140394926071166992e-01
-5.780939459800720215e-01
-7.411312460899353027e-01
-9.336093068122863770e-01
-1.089774370193481445e+00
-1.138512372970581055e+00
-9.380075335502624512e-01
-4.513420760631561279e-01
2.901465296745300293e-01
1.062835097312927246e+00
1.635541200637817383e+00
1.773151278495788574e+00
1.463102698326110840e+00
8.084243535995483398e-01
8.364906162023544312e-02
-5.089590549468994141e-01
-7.908863425254821777e-01
-7.641945481300354004e-01
-4.462566077709197998e-01
2.080918289721012115e-02
5.398842096328735352e-01
9.303930997848510742e-01
1.119819879531860352e+00
1.037985086441040039e+00
7.912986874580383301e-01
4.561251699924468994e-01
1.515469253063201904e-01
-1.896466910839080811e-01
-6.167434453964233398e-01
-1.208966732025146484e+00
-1.788105249404907227e+00
-2.104943513870239258e+00
-1.834891557693481445e+00
-9.817150831222534180e-01
1.947046667337417603e-01
1.127819180488586426e+00
1.427147030830383301e+00
9.742930531501770020e-01
1.530588120222091675e-01
