9.000885486602783203e-01
9.211518764495849609e-01
1.106160402297973633e+00
1.453302979469299316e+00
1.655953645706176758e+00
1.547148823738098145e+00
9.994350671768188477e-01
2.019128501415252686e-01
-6.581285595893859863e-01
-1.291034817695617676e+00
-1.656423211097717285e+00
-1.759794592857360840e+00
-1.827277779579162598e+00
-1.953255295753479004e+00
-2.213528394699096680e+00
-2.394176483154296875e+00
-2.300263643264770508e+00
-1.702574729919433594e+00
-7.312464714050292969e-01
3.170903623104095459e-01
9.298723936080932617e-01
8.880811333656311035e-01
2.697984874248504639e-01
-3.702182769775390625e-01
-5.208814740180969238e-01
9.934648871421813965e-02
1.140639901161193848e+00
1.989277601242065430e+00
2.011883735656738281e+00
1.169082045555114746e+00
-9.062600135803222656e-02
-9.518748521804809570e-01
-9.195419549942016602e-01
3.045462816953659058e-02
1.315250873565673828e+00
2.291744470596313477e+00
2.492785215377807617e+00
1.976062655448913574e+00
1.030225038528442383e+00
6.916017830371856689e-02
-7.227272391319274902e-01
-1.232942938804626465e+00
-1.469469428062438965e+00
-1.346242189407348633e+00
-8.851295709609985352e-01
-1.707874089479446411e-01
5.053858160972595215e-01
9.157183766365051270e-01
9.436239004135131836e-01
7.700191140174865723e-01
6.158677339553833008e-01
6.454502940177917480e-01
7.358750700950622559e-01
6.909980773925781250e-01
3.585462272167205811e-01
-1.165862232446670532e-01
-4.746628999710083008e-01
-4.946529269218444824e-01
-2.829463183879852295e-01
-1.342955231666564941e-01
-3.390257656574249268e-01
-8.295867443084716797e-01
-1.248773932456970215e+00
-1.168075919151306152e+00
-5.285957455635070801e-01
2.948195934295654297e-01
6.820092797279357910e-01
2.899897694587707520e-01
-6.933459043502807617e-01
-1.599270462989807129e+00
-1.786425590515136719e+00
-1.065710783004760742e+00
1.335576325654983521e-01
1.114344239234924316e+00
1.380922913551330566e+00
9.815245270729064941e-01
3.820915520191192627e-01
8.096638321876525879e-02
2.115053832530975342e-01
4.986107051372528076e-01
5.217535495758056641e-01
1.047129407525062561e-01
-5.239672064781188965e-01
-8.855991363525390625e-01
-6.149956583976745605e-01
2.529612481594085693e-01
1.278826117515563965e+00
1.875039219856262207e+00
1.664942502975463867e+00
6.866378188133239746e-01
-6.276739239692687988e-01
-1.705392122268676758e+00
-2.110157012939453125e+00
-1.765026807785034180e+00
-9.470450282096862793e-01
-1.480470597743988037e-01
2.168718427419662476e-01
8.452165871858596802e-03
-5.381212234497070312e-01
-9.931965470314025879e-01
-9.814574122428894043e-01
-4.650703668594360352e-01
2.616146504878997803e-01
7.490229010581970215e-01
7.570054531097412109e-01
4.020816087722778320e-01
1.014259904623031616e-01
2.015103697776794434e-01
7.180987000465393066e-01
1.255683302879333496e+00
1.339265823364257812e+00
7.602924108505249023e-01
-1.860147267580032349e-01
-9.192736148834228516e-01
-9.502649307250976562e-01
-2.756345272064208984e-01
6.590005755424499512e-01
1.242870807647705078e+00
1.165593862533569336e+00
5.573733448982238770e-01
-1.279899328947067261e-01
-5.192715525627136230e-01
-5.423473119735717773e-01
-4.410554766654968262e-01
-4.750653803348541260e-01
-7.156837582588195801e-01
-9.680413007736206055e-01
-1.000910878181457520e+00
-7.332589030265808105e-01
-3.466058671474456787e-01
-1.056520715355873108e-01
-1.807824373245239258e-01
-4.958603978157043457e-01
-8.332762122154235840e-01
-9.707245230674743652e-01
-8.336787223815917969e-01
-4.562827944755554199e-01
7.949060946702957153e-02
7.271545529365539551e-01
1.418353915214538574e+00
2.014499902725219727e+00
2.291610240936279297e+00
2.070780515670776367e+00
1.355633497238159180e+00
3.902083039283752441e-01
-4.654057621955871582e-01
-9.425506591796875000e-01
-1.011777877807617188e+00
-8.560836315155029297e-01
-6.997856497764587402e-01
-6.470602154731750488e-01
-6.389434933662414551e-01
-5.671671628952026367e-01
-3.860493004322052002e-01
-1.658234447240829468e-01
3.890679450705647469e-03
8.364960551261901855e-02
1.229588836431503296e-01
1.487849503755569458e-01
1.237638518214225769e-01
-6.842229515314102173e-02
-4.593684971332550049e-01
-9.379220604896545410e-01
-1.235357761383056641e+00
-1.151641130447387695e+00
-6.795943975448608398e-01
-8.136886358261108398e-02
3.490207791328430176e-01
4.515200555324554443e-01
3.616319596767425537e-01
3.013935089111328125e-01
4.146256744861602783e-01
5.598553419113159180e-01
5.137709379196166992e-01
1.534805893898010254e-01
-2.766407132148742676e-01
-3.756518065929412842e-01
1.755501329898834229e-01
1.208391427993774414e+00
2.194007873535156250e+00
2.489364147186279297e+00
1.905225515365600586e+00
7.658601403236389160e-01
-2.081513553857803345e-01
-5.215522646903991699e-01
-1.429489254951477051e-01
3.944343924522399902e-01
5.412740111351013184e-01
4.205958545207977295e-02
-7.567371726036071777e-01
-1.307469487190246582e+00
-1.145201325416564941e+00
-3.429835140705108643e-01
7.004564404487609863e-01
1.418957591056823730e+00
1.575993537902832031e+00
1.197255969047546387e+00
6.071472167968750000e-01
2.575898170471191406e-02
-3.733039796352386475e-01
-6.217037439346313477e-01
-6.801980733871459961e-01
-6.009758114814758301e-01
-3.853114247322082520e-01
-2.261960506439208984e-01
-2.553761601448059082e-01
-6.076838970184326172e-01
-1.106831192970275879e+00
-1.512937664985656738e+00
-1.498582363128662109e+00
-1.058197736740112305e+00
-3.421114683151245117e-01
2.685239613056182861e-01
6.062752008438110352e-01
6.229782700538635254e-01
5.569037795066833496e-01
5.250405073165893555e-01
