-4.185928702354431152e-01
-3.912269771099090576e-01
-2.062696665525436401e-01
9.355428069829940796e-02
2.175261974334716797e-01
-3.862240910530090332e-02
-5.424647331237792969e-01
-9.463490247726440430e-01
-9.135299921035766602e-01
-4.709232151508331299e-01
6.003483198583126068e-03
9.305398911237716675e-03
-6.351184844970703125e-01
-1.609884023666381836e+00
-2.217736721038818359e+00
-1.902753949165344238e+00
-6.149067282676696777e-01
1.067219138145446777e+00
2.348712682723999023e+00
2.689660549163818359e+00
2.173360824584960938e+00
1.343779683113098145e+00
8.225772380828857422e-01
8.365853428840637207e-01
1.159772872924804688e+00
1.313962340354919434e+00
1.005983591079711914e+00
2.923195958137512207e-01
-4.635189175605773926e-01
-9.322909116744995117e-01
-1.003432154655456543e+00
-8.402374982833862305e-01
-6.420224905014038086e-01
-5.039423704147338867e-01
-3.430990576744079590e-01
-8.685038983821868896e-02
2.234296351671218872e-01
3.840728402137756348e-01
2.369374632835388184e-01
-1.948130279779434204e-01
-6.291149854660034180e-01
-7.426308393478393555e-01
-3.660123646259307861e-01
3.487523496150970459e-01
1.069670557975769043e+00
1.482460141181945801e+00
1.519081354141235352e+00
1.316163659095764160e+00
1.084128975868225098e+00
8.845131993293762207e-01
6.309660673141479492e-01
1.814552694559097290e-01
-4.578656554222106934e-01
-1.106491923332214355e+00
-1.493366360664367676e+00
-1.476806759834289551e+00
-1.132206916809082031e+00
-7.233696579933166504e-01
-4.963379502296447754e-01
-5.457666516304016113e-01
-7.547879219055175781e-01
-9.331414103507995605e-01
-9.351925849914550781e-01
-7.591404318809509277e-01
-4.857818484306335449e-01
-2.076204568147659302e-01
5.087951943278312683e-02
2.991735637187957764e-01
5.398632287979125977e-01
7.132138013839721680e-01
7.358269095420837402e-01
5.536712408065795898e-01
2.109723985195159912e-01
-1.592924147844314575e-01
-3.741170465946197510e-01
-2.982230186462402344e-01
1.015589237213134766e-01
7.109124660491943359e-01
1.307558655738830566e+00
1.632997393608093262e+00
1.523283720016479492e+00
1.006483912467956543e+00
3.267395794391632080e-01
-1.725501120090484619e-01
-2.440415918827056885e-01
9.205340594053268433e-02
5.444158315658569336e-01
7.266715764999389648e-01
4.271978437900543213e-01
-2.305837720632553101e-01
-8.630506992340087891e-01
-1.092884063720703125e+00
-8.189251422882080078e-01
-2.822637557983398438e-01
1.247723922133445740e-01
1.518881171941757202e-01
-1.432331055402755737e-01
-4.879831075668334961e-01
-6.638851761817932129e-01
-6.979549527168273926e-01
-8.182247281074523926e-01
-1.183486580848693848e+00
-1.647005558013916016e+00
-1.769476652145385742e+00
-1.138910770416259766e+00
2.561986446380615234e-01
1.894949436187744141e+00
2.998039484024047852e+00
3.016450166702270508e+00
2.007864952087402344e+00
5.832383632659912109e-01
-5.088952779769897461e-01
-8.851635456085205078e-01
-7.152649760246276855e-01
-5.086451172828674316e-01
-6.607833504676818848e-01
-1.157821774482727051e+00
-1.623341798782348633e+00
-1.668818235397338867e+00
-1.208401083946228027e+00
-5.113466978073120117e-01
6.863982230424880981e-02
3.944788575172424316e-01
6.559805870056152344e-01
1.148716449737548828e+00
1.962038278579711914e+00
2.810730695724487305e+00
3.208361387252807617e+00
2.808879613876342773e+00
1.691281199455261230e+00
3.154329955577850342e-01
-7.726982831954956055e-01
-1.292649984359741211e+00
-1.339277029037475586e+00
-1.233265519142150879e+00
-1.228262662887573242e+00
-1.347081542015075684e+00
-1.433031439781188965e+00
-1.357137322425842285e+00
-1.148466348648071289e+00
-9.689121246337890625e-01
-9.333915114402770996e-01
-9.899243116378784180e-01
-9.504014253616333008e-01
-6.759421825408935547e-01
-2.240299731492996216e-01
1.649456918239593506e-01
2.543475627899169922e-01
1.320766285061836243e-02
-3.367453813552856445e-01
-4.805288016796112061e-01
-2.467431575059890747e-01
2.675552368164062500e-01
7.839548587799072266e-01
1.060715436935424805e+00
1.067319273948669434e+00
9.713135361671447754e-01
9.649097919464111328e-01
1.083928823471069336e+00
1.170829296112060547e+00
1.019441485404968262e+00
5.639271736145019531e-01
-2.961718291044235229e-02
-4.682216644287109375e-01
-5.262053012847900391e-01
-2.027176171541213989e-01
2.951712608337402344e-01
6.944528818130493164e-01
8.327331542968750000e-01
7.134639620780944824e-01
4.569651186466217041e-01
1.767525523900985718e-01
-6.738910079002380371e-02
-2.657041549682617188e-01
-3.844730556011199951e-01
-3.740170001983642578e-01
-1.994657218456268311e-01
6.738910079002380371e-02
2.634528577327728271e-01
2.031678706407546997e-01
-1.763523221015930176e-01
-7.679455280303955078e-01
-1.321666836738586426e+00
-1.616137623786926270e+00
-1.560405254364013672e+00
-1.255078196525573730e+00
-8.756580352783203125e-01
-5.784355998039245605e-01
-3.937784731388092041e-01
-2.788117527961730957e-01
-1.676472574472427368e-01
-6.068520992994308472e-02
1.025595050305128098e-02
4.902844317257404327e-03
-4.742751643061637878e-02
-1.016589775681495667e-01
-1.083128377795219421e-01
-8.735068142414093018e-02
-6.398712098598480225e-02
-4.487603530287742615e-02
5.918433889746665955e-02
3.424987196922302246e-01
8.384864926338195801e-01
1.392858147621154785e+00
1.739309072494506836e+00
1.608783364295959473e+00
9.626585245132446289e-01
1.891097240149974823e-02
-8.026657104492187500e-01
-1.159122467041015625e+00
-9.441977739334106445e-01
-3.763183355331420898e-01
2.005163282155990601e-01
4.947870671749114990e-01
4.711233377456665039e-01
2.705569565296173096e-01
1.114646717905998230e-01
