-1.047033071517944336e+00
-1.100496888160705566e+00
-8.842297792434692383e-01
-2.567334771156311035e-01
6.119529604911804199e-01
1.331771492958068848e+00
1.586227059364318848e+00
1.273550868034362793e+00
6.324540972709655762e-01
1.547636650502681732e-02
-2.778376340866088867e-01
-2.358303368091583252e-01
-2.492297999560832977e-02
1.159722506999969482e-01
1.285677403211593628e-01
8.233962953090667725e-02
1.346644908189773560e-01
2.990087568759918213e-01
4.749435484409332275e-01
4.666358828544616699e-01
2.094334214925765991e-01
-2.224308848381042480e-01
-5.968785285949707031e-01
-7.411906719207763672e-01
-5.840150713920593262e-01
-2.480908334255218506e-01
1.046497151255607605e-01
2.866142690181732178e-01
2.192150205373764038e-01
-1.376123577356338501e-01
-7.017292380332946777e-01
-1.333446383476257324e+00
-1.776365280151367188e+00
-1.814553737640380859e+00
-1.337466239929199219e+00
-5.138019323348999023e-01
3.219218254089355469e-01
7.978703379631042480e-01
8.087238669395446777e-01
5.420078039169311523e-01
4.019165337085723877e-01
6.463895440101623535e-01
1.224776864051818848e+00
1.737707853317260742e+00
1.777839183807373047e+00
1.193020105361938477e+00
2.640361785888671875e-01
-5.411368608474731445e-01
-8.563589453697204590e-01
-7.155976891517639160e-01
-4.433208405971527100e-01
-4.068073332309722900e-01
-6.743943691253662109e-01
-1.022713065147399902e+00
-1.109273552894592285e+00
-8.172995448112487793e-01
-3.159590661525726318e-01
6.518833339214324951e-02
1.826345175504684448e-01
1.809595823287963867e-01
3.877801299095153809e-01
9.431203603744506836e-01
1.614901900291442871e+00
1.878603100776672363e+00
1.350798726081848145e+00
1.323195844888687134e-01
-1.129305720329284668e+00
-1.668432712554931641e+00
-1.124816894531250000e+00
1.349324733018875122e-01
1.254791617393493652e+00
1.456051349639892578e+00
6.035782694816589355e-01
-7.174736261367797852e-01
-1.609944105148315430e+00
-1.526264548301696777e+00
-6.347320079803466797e-01
3.166960179805755615e-01
5.876999497413635254e-01
-8.910635486245155334e-03
-9.634205698966979980e-01
-1.461679100990295410e+00
-9.956462383270263672e-01
2.434010356664657593e-01
1.480907320976257324e+00
1.898970246315002441e+00
1.194427132606506348e+00
-2.044086307287216187e-01
-1.443656921386718750e+00
-1.793315529823303223e+00
-1.110144495964050293e+00
1.323865801095962524e-01
1.184511542320251465e+00
1.517085909843444824e+00
1.094199180603027344e+00
3.348522782325744629e-01
-2.334854453802108765e-01
-2.811874747276306152e-01
1.498728692531585693e-01
7.685255408287048340e-01
1.209635496139526367e+00
1.249766826629638672e+00
8.250042200088500977e-01
3.416860103607177734e-02
-9.541079401969909668e-01
-1.893141508102416992e+00
-2.528275489807128906e+00
-2.628838300704956055e+00
-2.131182670593261719e+00
-1.168030142784118652e+00
-7.148607075214385986e-02
8.262771368026733398e-01
1.322860836982727051e+00
1.459669232368469238e+00
1.384565353393554688e+00
1.226183772087097168e+00
9.333387613296508789e-01
3.944798409938812256e-01
-4.196038246154785156e-01
-1.241124153137207031e+00
-1.621467590332031250e+00
-1.148667931556701660e+00
1.622673571109771729e-01
1.820114493370056152e+00
3.017020463943481445e+00
3.148870944976806641e+00
2.137413501739501953e+00
5.410028696060180664e-01
-8.489222526550292969e-01
-1.433607339859008789e+00
-1.194829106330871582e+00
-5.635139346122741699e-01
-1.179151684045791626e-01
-1.237439289689064026e-01
-4.589312076568603516e-01
-7.314760684967041016e-01
-6.790841817855834961e-01
-3.128101825714111328e-01
6.358039379119873047e-02
1.737908869981765747e-01
-7.202205061912536621e-02
-4.707227349281311035e-01
-7.582749724388122559e-01
-7.528481483459472656e-01
-5.099831223487854004e-01
-1.712449938058853149e-01
1.185181438922882080e-01
3.555544316768646240e-01
5.544022917747497559e-01
7.044761776924133301e-01
6.636078357696533203e-01
3.214528262615203857e-01
-3.135471642017364502e-01
-9.844576716423034668e-01
-1.367949962615966797e+00
-1.231744527816772461e+00
-6.710445284843444824e-01
-1.313146203756332397e-02
3.473137617111206055e-01
2.728798389434814453e-01
-7.128508388996124268e-02
-2.937159836292266846e-01
-1.069946214556694031e-01
5.064992308616638184e-01
1.243268132209777832e+00
1.733152031898498535e+00
1.743000626564025879e+00
1.352942585945129395e+00
8.197114467620849609e-01
4.143110215663909912e-01
1.941580474376678467e-01
4.274424910545349121e-02
-2.295995950698852539e-01
-6.560371518135070801e-01
-1.084551572799682617e+00
-1.236166357994079590e+00
-9.489491581916809082e-01
-2.999467253684997559e-01
3.712987899780273438e-01
6.837739944458007812e-01
4.374250769615173340e-01
-2.162671387195587158e-01
-8.678824305534362793e-01
-1.077181935310363770e+00
-6.723174452781677246e-01
1.541606932878494263e-01
9.537059664726257324e-01
1.329560518264770508e+00
1.178213715553283691e+00
7.410566806793212891e-01
3.889190852642059326e-01
3.321053981781005859e-01
4.435218274593353271e-01
3.745146691799163818e-01
-1.487339138984680176e-01
-1.042477250099182129e+00
-1.860178828239440918e+00
-2.081537723541259766e+00
-1.498862624168395996e+00
-4.151149988174438477e-01
5.312212705612182617e-01
7.918405532836914062e-01
3.041005432605743408e-01
-4.725316464900970459e-01
-8.782670497894287109e-01
-5.535313487052917480e-01
3.132791817188262939e-01
1.104248762130737305e+00
1.246148943901062012e+00
6.058561801910400391e-01
-3.960207700729370117e-01
-1.111484527587890625e+00
-1.095941066741943359e+00
-4.135740697383880615e-01
4.764844775199890137e-01
1.042410254478454590e+00
1.061035513877868652e+00
