-9.566661119461059570e-01
-9.856984019279479980e-01
-1.125466108322143555e+00
-9.444805979728698730e-01
-5.928307175636291504e-01
-3.276117146015167236e-01
-3.163583874702453613e-01
-4.854246675968170166e-01
-5.903003811836242676e-01
-4.208345413208007812e-01
6.791950203478336334e-03
4.515980780124664307e-01
6.416395306587219238e-01
4.966779947280883789e-01
1.979653686285018921e-01
2.130807936191558838e-02
1.076723858714103699e-01
3.362681269645690918e-01
4.545945525169372559e-01
3.094332516193389893e-01
2.283959649503231049e-02
-1.037437096238136292e-01
1.699985116720199585e-01
7.738828063011169434e-01
1.359521985054016113e+00
1.517801046371459961e+00
1.103691935539245605e+00
3.041062355041503906e-01
-4.852249026298522949e-01
-9.856318235397338867e-01
-1.163620829582214355e+00
-1.200577020645141602e+00
-1.219754338264465332e+00
-1.166550755500793457e+00
-8.161659836769104004e-01
-5.353654548525810242e-02
9.873631000518798828e-01
1.909470200538635254e+00
2.361467838287353516e+00
2.256325721740722656e+00
1.880238175392150879e+00
1.615951418876647949e+00
1.678344130516052246e+00
1.894554495811462402e+00
1.899415493011474609e+00
1.396345019340515137e+00
4.625850617885589600e-01
-5.462192893028259277e-01
-1.209832787513732910e+00
-1.403802871704101562e+00
-1.306451559066772461e+00
-1.260106444358825684e+00
-1.409396171569824219e+00
-1.627471089363098145e+00
-1.575066566467285156e+00
-1.053218364715576172e+00
-1.406333148479461670e-01
7.781444191932678223e-01
1.328159213066101074e+00
1.318171024322509766e+00
8.715670108795166016e-01
2.160772383213043213e-01
-4.459381401538848877e-01
-1.076191186904907227e+00
-1.644450902938842773e+00
-2.061822891235351562e+00
-2.099511623382568359e+00
-1.612954974174499512e+00
-6.736016273498535156e-01
3.196877539157867432e-01
9.009321928024291992e-01
7.923275828361511230e-01
1.645383238792419434e-01
-5.169206857681274414e-01
-7.652929425239562988e-01
-4.669132828712463379e-01
1.061408668756484985e-01
4.782331883907318115e-01
4.045871496200561523e-01
2.097513899207115173e-02
-2.223364859819412231e-01
2.457087859511375427e-02
7.453832030296325684e-01
1.490167140960693359e+00
1.723756909370422363e+00
1.184595942497253418e+00
1.250517815351486206e-01
-8.718999624252319336e-01
-1.241661667823791504e+00
-8.147010803222656250e-01
1.451612859964370728e-01
1.128196120262145996e+00
1.737540602684020996e+00
1.852337956428527832e+00
1.617149949073791504e+00
1.232073068618774414e+00
8.165655136108398438e-01
3.856762349605560303e-01
-3.322728350758552551e-02
-3.414619565010070801e-01
-4.139094352722167969e-01
-2.447099685668945312e-01
-2.876590564846992493e-02
-7.677567005157470703e-02
-5.845072269439697266e-01
-1.431769728660583496e+00
-2.192534685134887695e+00
-2.379646301269531250e+00
-1.779291152954101562e+00
-6.153373718261718750e-01
5.590041279792785645e-01
1.212229847908020020e+00
1.130659937858581543e+00
5.157886743545532227e-01
-2.301272451877593994e-01
-7.715522050857543945e-01
-1.039368152618408203e+00
-1.138850212097167969e+00
-1.183597207069396973e+00
-1.114079594612121582e+00
-7.886652350425720215e-01
-1.284477561712265015e-01
6.822580695152282715e-01
1.295864105224609375e+00
1.381429314613342285e+00
9.237052202224731445e-01
2.102840989828109741e-01
-3.098993599414825439e-01
-3.984610736370086670e-01
-1.291136443614959717e-01
1.354394704103469849e-01
1.042764112353324890e-01
-2.683486044406890869e-01
-6.880511641502380371e-01
-8.204941749572753906e-01
-4.923498034477233887e-01
1.054749861359596252e-01
6.345146298408508301e-01
7.807413339614868164e-01
5.390943884849548340e-01
9.961526840925216675e-02
-2.391831874847412109e-01
-3.599067628383636475e-01
-2.766054868698120117e-01
-1.373039335012435913e-01
1.311778556555509567e-02
1.636726856231689453e-01
3.732908964157104492e-01
5.643977522850036621e-01
6.355800032615661621e-01
4.527966678142547607e-01
8.842852711677551270e-02
-2.899230420589447021e-01
-4.312222301959991455e-01
-3.005770742893218994e-01
-1.278484705835580826e-02
1.584122478961944580e-01
1.187259480357170105e-01
-5.280408263206481934e-02
-5.240455642342567444e-02
2.821322679519653320e-01
9.003329277038574219e-01
1.409862279891967773e+00
1.435365438461303711e+00
7.803418040275573730e-01
-2.975140511989593506e-01
-1.345605134963989258e+00
-1.877840995788574219e+00
-1.785150885581970215e+00
-1.249452471733093262e+00
-7.091594934463500977e-01
-4.383471310138702393e-01
-5.089301466941833496e-01
-6.630141735076904297e-01
-6.378440260887145996e-01
-2.346552163362503052e-01
4.266942739486694336e-01
1.092172145843505859e+00
1.391018033027648926e+00
1.166484117507934570e+00
4.590559303760528564e-01
-3.576427698135375977e-01
-8.619117736816406250e-01
-6.777300834655761719e-01
1.743267178535461426e-01
1.359655141830444336e+00
2.251598119735717773e+00
2.388236045837402344e+00
1.630201220512390137e+00
3.748890161514282227e-01
-7.875332832336425781e-01
-1.311179280281066895e+00
-1.124134302139282227e+00
-5.057339072227478027e-01
3.855430334806442261e-02
2.506362795829772949e-01
1.445619910955429077e-01
1.371707580983638763e-02
2.323912270367145538e-02
1.469591557979583740e-01
1.036771163344383240e-01
-2.590263187885284424e-01
-8.681044578552246094e-01
-1.330023646354675293e+00
-1.325029492378234863e+00
-7.973216772079467773e-01
-1.381695717573165894e-01
1.721959114074707031e-01
-1.548831015825271606e-01
-8.803566098213195801e-01
-1.469524979591369629e+00
-1.378100037574768066e+00
-5.294391512870788574e-01
7.168836593627929688e-01
1.733745098114013672e+00
2.127678155899047852e+00
1.881969451904296875e+00
