-1.345155954360961914e+00
-1.325628042221069336e+00
-5.973188281059265137e-01
3.093741536140441895e-01
1.027626872062683105e+00
1.135322690010070801e+00
7.194594740867614746e-01
9.266597032546997070e-02
-1.635733544826507568e-01
1.429484188556671143e-01
9.260746240615844727e-01
1.644071340560913086e+00
1.944230079650878906e+00
1.670730113983154297e+00
1.190541982650756836e+00
8.563739657402038574e-01
9.545252919197082520e-01
1.263972640037536621e+00
1.488067746162414551e+00
1.286682009696960449e+00
7.836015820503234863e-01
2.435498684644699097e-01
5.024587363004684448e-02
1.603552848100662231e-01
3.169073760509490967e-01
5.163549631834030151e-02
-7.208856344223022461e-01
-1.777255773544311523e+00
-2.516188383102416992e+00
-2.577404737472534180e+00
-1.919216871261596680e+00
-1.041815638542175293e+00
-4.395599663257598877e-01
-4.315879046916961670e-01
-7.845523953437805176e-01
-1.098314762115478516e+00
-9.840365648269653320e-01
-5.315676927566528320e-01
-8.432822674512863159e-02
-1.017350926995277405e-01
-6.463213562965393066e-01
-1.456618309020996094e+00
-1.988003253936767578e+00
-1.930004715919494629e+00
-1.274943351745605469e+00
-4.214583039283752441e-01
2.481575608253479004e-01
4.907566308975219727e-01
4.253346025943756104e-01
2.525458633899688721e-01
1.794443279504776001e-01
1.819675862789154053e-01
1.777987182140350342e-01
4.593072459101676941e-02
-1.794808954000473022e-01
-4.432900249958038330e-01
-6.557196378707885742e-01
-8.322749733924865723e-01
-9.571217298507690430e-01
-9.930691123008728027e-01
-8.050310611724853516e-01
-3.382271230220794678e-01
3.284997642040252686e-01
9.035114645957946777e-01
1.104056119918823242e+00
8.350542187690734863e-01
3.501486480236053467e-01
8.070789277553558350e-02
3.631672263145446777e-01
1.140515446662902832e+00
1.987710714340209961e+00
2.361446380615234375e+00
2.001131534576416016e+00
1.106506228446960449e+00
2.044209837913513184e-01
-2.253019064664840698e-01
-6.948119401931762695e-02
3.799524307250976562e-01
6.690673232078552246e-01
5.382232666015625000e-01
7.445458322763442993e-02
-3.909962773323059082e-01
-5.770595669746398926e-01
-4.329409599304199219e-01
-1.440454870462417603e-01
9.372647106647491455e-02
2.225957959890365601e-01
3.600222766399383545e-01
5.902244448661804199e-01
8.446719050407409668e-01
8.633586764335632324e-01
4.342574477195739746e-01
-4.218971133232116699e-01
-1.351299524307250977e+00
-1.909452915191650391e+00
-1.819346785545349121e+00
-1.222357034683227539e+00
-5.469998121261596680e-01
-2.603350579738616943e-01
-5.079806447029113770e-01
-1.082590103149414062e+00
-1.537655353546142578e+00
-1.550125360488891602e+00
-1.063757061958312988e+00
-3.372763395309448242e-01
3.166148364543914795e-01
6.795626282691955566e-01
7.741667628288269043e-01
7.242865562438964844e-01
6.830366849899291992e-01
6.705666780471801758e-01
6.572189331054687500e-01
5.606766343116760254e-01
3.749058842658996582e-01
1.069279015064239502e-01
-1.753120273351669312e-01
-4.304542839527130127e-01
-5.817769765853881836e-01
-5.952709913253784180e-01
-4.496164619922637939e-01
-2.374794036149978638e-01
-8.750973641872406006e-02
-1.283207982778549194e-01
-3.214419484138488770e-01
-4.721429944038391113e-01
-2.871401607990264893e-01
3.574990332126617432e-01
1.296226501464843750e+00
2.058471679687500000e+00
2.162437677383422852e+00
1.414563894271850586e+00
1.281745135784149170e-01
-1.043790340423583984e+00
-1.460933446884155273e+00
-9.171151518821716309e-01
2.511196732521057129e-01
1.367024183273315430e+00
1.870506882667541504e+00
1.644473552703857422e+00
1.057028412818908691e+00
6.455168724060058594e-01
7.279434800148010254e-01
1.177121162414550781e+00
1.539008378982543945e+00
1.383297443389892578e+00
6.149817109107971191e-01
-4.445333480834960938e-01
-1.299737095832824707e+00
-1.595032215118408203e+00
-1.359893202781677246e+00
-9.119589328765869141e-01
-6.194065809249877930e-01
-5.984525084495544434e-01
-6.805134415626525879e-01
-5.474752187728881836e-01
-5.503641813993453979e-02
6.514776349067687988e-01
1.157410383224487305e+00
1.116818785667419434e+00
4.551749527454376221e-01
-4.759461581707000732e-01
-1.167978882789611816e+00
-1.194930195808410645e+00
-5.649918317794799805e-01
3.724923431873321533e-01
1.051213860511779785e+00
1.118976354598999023e+00
5.192804932594299316e-01
-4.123525917530059814e-01
-1.294215202331542969e+00
-1.802744388580322266e+00
-1.916839838027954102e+00
-1.720756649971008301e+00
-1.405494809150695801e+00
-1.015120267868041992e+00
-6.073021888732910156e-01
-1.609038114547729492e-01
2.042381316423416138e-01
4.299057424068450928e-01
4.311125278472900391e-01
3.229778409004211426e-01
1.903053373098373413e-01
1.635002195835113525e-01
1.453619748353958130e-01
4.746662452816963196e-02
-2.762425839900970459e-01
-6.832926869392395020e-01
-9.685312509536743164e-01
-8.058721423149108887e-01
-1.919509321451187134e-01
6.952873468399047852e-01
1.384613871574401855e+00
1.629041433334350586e+00
1.378689765930175781e+00
1.026127457618713379e+00
9.124709367752075195e-01
1.278527140617370605e+00
1.856171846389770508e+00
2.271303653717041016e+00
2.088897228240966797e+00
1.351336121559143066e+00
3.289751708507537842e-01
-4.366710186004638672e-01
-7.245425581932067871e-01
-5.110158920288085938e-01
-1.727521866559982300e-01
5.328110605478286743e-02
-2.055180631577968597e-02
-2.096503525972366333e-01
-4.138519167900085449e-01
-4.877579808235168457e-01
-5.892004966735839844e-01
-7.623183727264404297e-01
-1.091330170631408691e+00
-1.340767621994018555e+00
-1.379640460014343262e+00
-1.042108178138732910e+00
