-7.292848825454711914e-01
-7.145263552665710449e-01
-1.256760716438293457e+00
-1.576312184333801270e+00
-1.407118678092956543e+00
-8.833121061325073242e-01
-3.424638509750366211e-01
-1.708242297172546387e-01
-3.482531011104583740e-01
-5.591129660606384277e-01
-3.350437879562377930e-01
4.168274104595184326e-01
1.408178687095642090e+00
2.056169271469116211e+00
2.063997030258178711e+00
1.551035046577453613e+00
1.069547176361083984e+00
1.035219311714172363e+00
1.487190008163452148e+00
1.941933035850524902e+00
1.897086620330810547e+00
1.129804491996765137e+00
-2.185245417058467865e-02
-1.039785504341125488e+00
-1.504884004592895508e+00
-1.452617526054382324e+00
-1.118225932121276855e+00
-7.627974152565002441e-01
-3.604024350643157959e-01
1.539456546306610107e-01
7.490173578262329102e-01
1.060088634490966797e+00
7.456742525100708008e-01
-2.414370030164718628e-01
-1.342458248138427734e+00
-1.787335157394409180e+00
-1.072645664215087891e+00
4.748831987380981445e-01
1.912905216217041016e+00
2.224955081939697266e+00
1.160218596458435059e+00
-6.372273564338684082e-01
-1.984578013420104980e+00
-2.100037336349487305e+00
-1.065307140350341797e+00
1.987105756998062134e-01
7.306710481643676758e-01
1.612841635942459106e-01
-9.948574900627136230e-01
-1.867895603179931641e+00
-1.832589268684387207e+00
-9.894759058952331543e-01
7.615743577480316162e-02
7.349110841751098633e-01
8.094377517700195312e-01
5.154080986976623535e-01
2.056413888931274414e-01
-1.761242561042308807e-02
-2.636156082153320312e-01
-6.634829044342041016e-01
-1.067019462585449219e+00
-1.129886031150817871e+00
-5.593575835227966309e-01
5.378313064575195312e-01
1.694462180137634277e+00
2.354112863540649414e+00
2.299970865249633789e+00
1.754148721694946289e+00
1.183620333671569824e+00
8.868998289108276367e-01
8.007946014404296875e-01
6.089333295822143555e-01
9.597141295671463013e-02
-6.245888471603393555e-01
-1.170247912406921387e+00
-1.217377424240112305e+00
-7.792683243751525879e-01
-2.057229280471801758e-01
9.760219603776931763e-02
-9.376985952258110046e-03
-3.178390562534332275e-01
-4.726816415786743164e-01
-2.925619781017303467e-01
9.173138439655303955e-02
3.539608418941497803e-01
2.738895416259765625e-01
-9.173138439655303955e-02
-4.497691690921783447e-01
-5.353851318359375000e-01
-2.994112372398376465e-01
5.446805804967880249e-02
2.829403579235076904e-01
2.676110267639160156e-01
1.128499880433082581e-01
-1.492163911461830139e-02
-3.669255413115024567e-03
9.401448071002960205e-02
1.908012777566909790e-01
2.346692681312561035e-01
3.029174208641052246e-01
4.611031115055084229e-01
6.925108432769775391e-01
7.966361045837402344e-01
5.625376105308532715e-01
-1.223085150122642517e-01
-1.089279651641845703e+00
-2.003413438796997070e+00
-2.472752094268798828e+00
-2.317991018295288086e+00
-1.583569169044494629e+00
-5.626191496849060059e-01
4.311783015727996826e-01
1.131598353385925293e+00
1.477242231369018555e+00
1.511651754379272461e+00
1.387304782867431641e+00
1.189083337783813477e+00
9.600403308868408203e-01
6.214088201522827148e-01
1.408178657293319702e-01
-4.692569971084594727e-01
-1.023559212684631348e+00
-1.324519634246826172e+00
-1.217785120010375977e+00
-8.057684898376464844e-01
-3.368376493453979492e-01
-1.300547271966934204e-01
-2.661433219909667969e-01
-5.931962728500366211e-01
-7.541543245315551758e-01
-5.419082641601562500e-01
5.707730539143085480e-03
5.526714324951171875e-01
8.079700469970703125e-01
6.927554607391357422e-01
4.768401384353637695e-01
4.597169458866119385e-01
7.598620653152465820e-01
1.101102828979492188e+00
1.103956699371337891e+00
5.599283576011657715e-01
-2.491832226514816284e-01
-7.731528878211975098e-01
-5.278835296630859375e-01
4.285690486431121826e-01
1.553073525428771973e+00
2.100363492965698242e+00
1.716803908348083496e+00
6.037963628768920898e-01
-5.796608328819274902e-01
-1.262060761451721191e+00
-1.255293011665344238e+00
-8.467826247215270996e-01
-4.181320369243621826e-01
-1.881105005741119385e-01
-6.180657073855400085e-02
8.936675637960433960e-02
2.464108914136886597e-01
1.435901969671249390e-01
-4.136474132537841797e-01
-1.315061211585998535e+00
-2.039535284042358398e+00
-2.022493600845336914e+00
-1.057887077331542969e+00
4.235951602458953857e-01
1.618141651153564453e+00
1.833975434303283691e+00
9.946128726005554199e-01
-3.560808598995208740e-01
-1.400677084922790527e+00
-1.627029418945312500e+00
-1.085528850555419922e+00
-2.932958304882049561e-01
2.036029100418090820e-01
1.711503863334655762e-01
-2.147737592458724976e-01
-5.931147336959838867e-01
-6.907169818878173828e-01
-4.854832589626312256e-01
-1.347839832305908203e-01
1.747380942106246948e-01
3.585270345211029053e-01
4.386798739433288574e-01
4.868694245815277100e-01
5.707730650901794434e-01
7.294479608535766602e-01
9.708849787712097168e-01
1.240289926528930664e+00
1.421224951744079590e+00
1.369366168975830078e+00
1.033751606941223145e+00
5.236435532569885254e-01
1.002929806709289551e-01
-1.467702165246009827e-02
2.000967264175415039e-01
4.846678674221038818e-01
5.013018250465393066e-01
6.514967232942581177e-02
-6.413858532905578613e-01
-1.210201978683471680e+00
-1.266137719154357910e+00
-8.064208030700683594e-01
-1.721288561820983887e-01
1.443240493535995483e-01
-8.194670826196670532e-02
-7.002570033073425293e-01
-1.255945324897766113e+00
-1.388935565948486328e+00
-1.018422245979309082e+00
-4.182951152324676514e-01
1.026576161384582520e-01
3.620332181453704834e-01
4.584123194217681885e-01
5.403590202331542969e-01
6.996862292289733887e-01
8.188147544860839844e-01
7.760882973670959473e-01
