-3.737562596797943115e-01
-4.041121006011962891e-01
-3.275549709796905518e-01
-6.320619583129882812e-02
3.829965293407440186e-01
8.015136122703552246e-01
9.159452915191650391e-01
5.422241687774658203e-01
-2.187447398900985718e-01
-1.038844227790832520e+00
-1.520426988601684570e+00
-1.474366307258605957e+00
-9.827000498771667480e-01
-3.525704145431518555e-01
1.338959485292434692e-01
3.343006968498229980e-01
3.077042102813720703e-01
1.762676537036895752e-01
7.754089683294296265e-02
9.735652059316635132e-02
3.361276686191558838e-01
8.532661199569702148e-01
1.617748379707336426e+00
2.374887704849243164e+00
2.732798576354980469e+00
2.328932285308837891e+00
1.142946600914001465e+00
-4.451838433742523193e-01
-1.789062142372131348e+00
-2.404013872146606445e+00
-2.222616672515869141e+00
-1.633031725883483887e+00
-1.105388164520263672e+00
-8.540039062500000000e-01
-6.716580986976623535e-01
-2.200095653533935547e-01
6.098572611808776855e-01
1.456939816474914551e+00
1.752417325973510742e+00
1.165256738662719727e+00
-1.475631142966449261e-03
-9.650275707244873047e-01
-9.713517427444458008e-01
7.968407869338989258e-02
1.524467468261718750e+00
2.330232381820678711e+00
1.849738717079162598e+00
2.563030719757080078e-01
-1.555947542190551758e+00
-2.634669065475463867e+00
-2.573500633239746094e+00
-1.730704426765441895e+00
-8.184131383895874023e-01
-3.452625274658203125e-01
-2.557409107685089111e-01
-1.315771043300628662e-01
3.471949100494384766e-01
1.025352835655212402e+00
1.378590822219848633e+00
9.562440514564514160e-01
-1.591573506593704224e-01
-1.329789519309997559e+00
-1.761306285858154297e+00
-1.082480788230895996e+00
3.939232230186462402e-01
1.868043541908264160e+00
2.600729465484619141e+00
2.363152980804443359e+00
1.514981269836425781e+00
6.706743240356445312e-01
2.588327229022979736e-01
2.810374498367309570e-01
4.166198372840881348e-01
3.215470314025878906e-01
-1.149938255548477173e-01
-7.289265990257263184e-01
-1.240057110786437988e+00
-1.434278249740600586e+00
-1.264510393142700195e+00
-8.070296645164489746e-01
-1.970670223236083984e-01
4.273708760738372803e-01
9.059672355651855469e-01
1.083007812500000000e+00
8.530552983283996582e-01
2.647352516651153564e-01
-4.690750241279602051e-01
-1.033222794532775879e+00
-1.197263836860656738e+00
-9.355149865150451660e-01
-4.724478721618652344e-01
-1.264123916625976562e-01
-1.439091712236404419e-01
-5.305596590042114258e-01
-1.081356525421142578e+00
-1.477914810180664062e+00
-1.505319356918334961e+00
-1.134092807769775391e+00
-5.632343292236328125e-01
-5.730367451906204224e-02
1.672733277082443237e-01
1.170315966010093689e-01
-2.800185605883598328e-02
1.756703667342662811e-02
4.096281528472900391e-01
1.103490948677062988e+00
1.805610299110412598e+00
2.196758031845092773e+00
2.076915740966796875e+00
1.544704675674438477e+00
8.675305247306823730e-01
3.436463773250579834e-01
4.736072942614555359e-02
-1.331932693719863892e-01
-4.167955219745635986e-01
-8.447988033294677734e-01
-1.257729530334472656e+00
-1.340962171554565430e+00
-9.320015907287597656e-01
-1.278528869152069092e-01
6.816010475158691406e-01
1.128014564514160156e+00
1.044781923294067383e+00
6.280918121337890625e-01
2.027587443590164185e-01
3.355304151773452759e-02
7.754089683294296265e-02
1.179099529981613159e-01
-9.415931999683380127e-02
-5.518860220909118652e-01
-1.055462718009948730e+00
-1.285871982574462891e+00
-1.103736877441406250e+00
-5.648153424263000488e-01
6.404941529035568237e-02
5.522373914718627930e-01
7.366912364959716797e-01
6.273188591003417969e-01
2.621353268623352051e-01
-2.401765286922454834e-01
-7.717550396919250488e-01
-1.137606143951416016e+00
-1.202955603599548340e+00
-9.084968566894531250e-01
-4.333787858486175537e-01
-3.158553317189216614e-02
6.359267234802246094e-02
-8.372449874877929688e-02
-1.967859417200088501e-01
8.699196577072143555e-02
8.312721848487854004e-01
1.747709393501281738e+00
2.258418321609497070e+00
1.961219072341918945e+00
8.587821722030639648e-01
-5.207923650741577148e-01
-1.515508294105529785e+00
-1.670695424079895020e+00
-1.069410920143127441e+00
-1.583843976259231567e-01
5.044199228286743164e-01
6.677582263946533203e-01
3.936070203781127930e-01
-1.444010436534881592e-02
-3.383762538433074951e-01
-4.925094544887542725e-01
-5.525535941123962402e-01
-5.435943603515625000e-01
-4.529484808444976807e-01
-2.178663909435272217e-01
9.349177032709121704e-02
3.400627076625823975e-01
3.441031277179718018e-01
1.253232359886169434e-01
-1.328067928552627563e-01
-1.415903121232986450e-01
2.036019563674926758e-01
7.652903795242309570e-01
1.185002088546752930e+00
1.196596264839172363e+00
7.730550169944763184e-01
2.080288529396057129e-01
-1.503035724163055420e-01
-1.027320325374603271e-01
2.237689197063446045e-01
5.370243191719055176e-01
5.586668848991394043e-01
2.677918970584869385e-01
-1.549763977527618408e-01
-4.416704475879669189e-01
-4.698128402233123779e-01
-2.800185680389404297e-01
-3.583675622940063477e-02
1.628464311361312866e-01
3.025394976139068604e-01
4.539673626422882080e-01
6.231027841567993164e-01
7.302617430686950684e-01
6.157597899436950684e-01
1.979453712701797485e-01
-4.651751220226287842e-01
-1.145511388778686523e+00
-1.586584448814392090e+00
-1.617010593414306641e+00
-1.260786175727844238e+00
-6.968492269515991211e-01
-1.758460402488708496e-01
1.210368797183036804e-01
1.457712650299072266e-01
-2.880993997678160667e-03
-1.625653654336929321e-01
-1.905320882797241211e-01
-4.462027177214622498e-02
2.130881547927856445e-01
4.654210805892944336e-01
6.225406527519226074e-01
6.762606501579284668e-01
