-2.186262458562850952e-01
-1.751566976308822632e-01
-4.545124471187591553e-01
-3.903541862964630127e-01
-1.713792681694030762e-01
-2.580277808010578156e-02
-1.126837581396102905e-01
-2.915597856044769287e-01
-3.112605512142181396e-01
7.078329473733901978e-02
7.944815158843994141e-01
1.567867517471313477e+00
1.950085639953613281e+00
1.691651105880737305e+00
8.156932592391967773e-01
-3.162583708763122559e-01
-1.268636584281921387e+00
-1.683166384696960449e+00
-1.502837538719177246e+00
-8.998428583145141602e-01
-2.190330475568771362e-01
2.555288672447204590e-01
3.636215925216674805e-01
1.584778726100921631e-01
-2.072939425706863403e-01
-5.337804555892944336e-01
-7.188165783882141113e-01
-7.433408498764038086e-01
-6.902824640274047852e-01
-6.310638785362243652e-01
-6.088060736656188965e-01
-5.910230875015258789e-01
-5.354076623916625977e-01
-4.117983877658843994e-01
-2.469279468059539795e-01
-7.310787588357925415e-02
1.003053933382034302e-01
3.282299339771270752e-01
6.855751872062683105e-01
1.205640673637390137e+00
1.806020140647888184e+00
2.293018579483032227e+00
2.435108184814453125e+00
2.086712598800659180e+00
1.283688187599182129e+00
2.481483370065689087e-01
-6.888296008110046387e-01
-1.238882064819335938e+00
-1.267822980880737305e+00
-8.529445528984069824e-01
-2.160692065954208374e-01
3.814045786857604980e-01
7.718750238418579102e-01
9.091992378234863281e-01
8.621847033500671387e-01
7.003362178802490234e-01
4.671813845634460449e-01
1.503999829292297363e-01
-2.151393890380859375e-01
-5.311071872711181641e-01
-6.242645382881164551e-01
-4.019770622253417969e-01
7.119009643793106079e-02
5.150676369667053223e-01
6.277514100074768066e-01
2.631999552249908447e-01
-3.764648735523223877e-01
-8.759578466415405273e-01
-8.383578658103942871e-01
-2.308302670717239380e-01
5.927084088325500488e-01
1.072151899337768555e+00
8.810719251632690430e-01
1.317452639341354370e-01
-6.555881500244140625e-01
-9.858521223068237305e-01
-7.145742177963256836e-01
-1.946250051259994507e-01
7.031838595867156982e-02
-2.002039849758148193e-01
-7.771633863449096680e-01
-1.164263248443603516e+00
-9.827720522880554199e-01
-3.743727505207061768e-01
1.281421780586242676e-01
-2.051437087357044220e-02
-8.498644828796386719e-01
-1.839552164077758789e+00
-2.236938238143920898e+00
-1.682004094123840332e+00
-4.464345574378967285e-01
7.277081012725830078e-01
1.246378779411315918e+00
1.056286692619323730e+00
6.743590831756591797e-01
6.529148817062377930e-01
1.121200442314147949e+00
1.616102457046508789e+00
1.530674338340759277e+00
6.271702647209167480e-01
-6.565760970115661621e-01
-1.553629398345947266e+00
-1.529686331748962402e+00
-7.519418001174926758e-01
8.560246229171752930e-02
2.946398258209228516e-01
-2.111294865608215332e-01
-9.005983471870422363e-01
-1.064597010612487793e+00
-4.704357981681823730e-01
4.510256052017211914e-01
9.332004785537719727e-01
5.599900484085083008e-01
-3.734429180622100830e-01
-1.052160620689392090e+00
-8.215046525001525879e-01
2.754039764404296875e-01
1.485403180122375488e+00
1.941136002540588379e+00
1.336514234542846680e+00
1.817236244678497314e-01
-6.020648479461669922e-01
-3.904704153537750244e-01
6.739522814750671387e-01
1.818166017532348633e+00
2.238855838775634766e+00
1.674972295761108398e+00
5.259349942207336426e-01
-5.388945341110229492e-01
-1.095746397972106934e+00
-1.205524444580078125e+00
-1.197795152664184570e+00
-1.288511753082275391e+00
-1.352669954299926758e+00
-1.106207013130187988e+00
-4.444005489349365234e-01
3.250336349010467529e-01
6.834249496459960938e-01
2.849347293376922607e-01
-6.906311511993408203e-01
-1.652365803718566895e+00
-1.974377512931823730e+00
-1.480754017829895020e+00
-5.038515329360961914e-01
3.572289943695068359e-01
7.352629303932189941e-01
6.711046695709228516e-01
5.355820059776306152e-01
5.992172360420227051e-01
8.351615667343139648e-01
8.994360566139221191e-01
5.143702626228332520e-01
-3.254404366016387939e-01
-1.252597093582153320e+00
-1.864134550094604492e+00
-1.937126159667968750e+00
-1.620228528976440430e+00
-1.176874041557312012e+00
-8.172623515129089355e-01
-4.724116921424865723e-01
-7.845439016819000244e-03
6.510552167892456055e-01
1.288918495178222656e+00
1.617380976676940918e+00
1.423976302146911621e+00
8.664270639419555664e-01
2.998701333999633789e-01
1.236673742532730103e-01
3.894824683666229248e-01
8.713667988777160645e-01
1.139332175254821777e+00
9.882929325103759766e-01
4.730509519577026367e-01
-4.190045595169067383e-02
-2.722076773643493652e-01
-9.792270511388778687e-02
2.717427611351013184e-01
6.031109094619750977e-01
6.978954076766967773e-01
6.260079741477966309e-01
4.878700971603393555e-01
4.101130664348602295e-01
3.142243623733520508e-01
1.368593275547027588e-01
-1.725996732711791992e-01
-4.051152467727661133e-01
-3.285205066204071045e-01
2.685464918613433838e-01
1.228014707565307617e+00
2.173419237136840820e+00
2.556450843811035156e+00
2.131286144256591797e+00
9.952085018157958984e-01
-2.930126190185546875e-01
-1.174956202507019043e+00
-1.279620170593261719e+00
-7.860549092292785645e-01
-1.412179023027420044e-01
1.053613424301147461e-01
-1.808519065380096436e-01
-7.812895178794860840e-01
-1.151129364967346191e+00
-9.692313671112060547e-01
-2.545409202575683594e-01
4.767702519893646240e-01
6.951059103012084961e-01
8.810137957334518433e-02
-1.060703396797180176e+00
-2.180160522460937500e+00
-2.624037981033325195e+00
-2.212936878204345703e+00
-1.162752270698547363e+00
-4.329520091414451599e-02
7.511863112449645996e-01
1.071977615356445312e+00
1.157057046890258789e+00
1.230106830596923828e+00
