8.885074853897094727e-01
9.501617550849914551e-01
3.708202838897705078e-01
-2.724865674972534180e-01
-7.737723588943481445e-01
-8.565993309020996094e-01
-5.154505968093872070e-01
1.563349664211273193e-01
7.957651019096374512e-01
1.136093735694885254e+00
9.598534703254699707e-01
4.206953942775726318e-01
-2.221641391515731812e-01
-5.727063417434692383e-01
-5.214147567749023438e-01
-1.315837949514389038e-01
2.394601404666900635e-01
3.576246201992034912e-01
9.363696724176406860e-02
-3.557608425617218018e-01
-8.063514828681945801e-01
-1.073321223258972168e+00
-1.224288463592529297e+00
-1.297050952911376953e+00
-1.323814988136291504e+00
-1.104632854461669922e+00
-5.224584937095642090e-01
4.128674566745758057e-01
1.301524043083190918e+00
1.682781577110290527e+00
1.213627576828002930e+00
9.937744587659835815e-02
-1.112609982490539551e+00
-1.742348313331604004e+00
-1.566108107566833496e+00
-8.466839194297790527e-01
-2.390128374099731445e-01
-1.828753799200057983e-01
-6.755132079124450684e-01
-1.190143704414367676e+00
-1.204755902290344238e+00
-5.306591987609863281e-01
4.476830959320068359e-01
1.175307989120483398e+00
1.300853013992309570e+00
1.040294766426086426e+00
9.143023490905761719e-01
1.372944593429565430e+00
2.309239625930786133e+00
3.157861948013305664e+00
3.235023021697998047e+00
2.321689844131469727e+00
7.924103140830993652e-01
-5.806088447570800781e-01
-1.212956547737121582e+00
-1.034330606460571289e+00
-5.076972246170043945e-01
-1.879449039697647095e-01
-3.263128995895385742e-01
-6.984751224517822266e-01
-8.680802583694458008e-01
-5.586906075477600098e-01
1.021358668804168701e-01
7.019790410995483398e-01
8.662910461425781250e-01
5.422146916389465332e-01
1.617772504687309265e-02
-3.404031693935394287e-01
-3.458454608917236328e-01
-1.270361393690109253e-01
3.563572466373443604e-02
-6.046145036816596985e-02
-3.625450432300567627e-01
-6.507620215415954590e-01
-6.943002343177795410e-01
-4.726579487323760986e-01
-1.330748349428176880e-01
8.551082760095596313e-02
7.201696932315826416e-02
-1.564840674400329590e-01
-4.509633779525756836e-01
-7.149510383605957031e-01
-8.946207165718078613e-01
-1.035672545433044434e+00
-1.129384040832519531e+00
-1.160099387168884277e+00
-1.044693350791931152e+00
-7.900246381759643555e-01
-4.327727556228637695e-01
-1.162261366844177246e-01
8.573448657989501953e-02
1.240540668368339539e-01
9.318965673446655273e-02
6.806572526693344116e-02
1.663248986005783081e-01
3.889363408088684082e-01
7.306069135665893555e-01
1.065716862678527832e+00
1.298840165138244629e+00
1.261191487312316895e+00
9.096801280975341797e-01
2.496737241744995117e-01
-4.867482185363769531e-01
-1.033883333206176758e+00
-1.080999970436096191e+00
-5.724081397056579590e-01
3.565809130668640137e-01
1.290863156318664551e+00
1.868937134742736816e+00
1.844409704208374023e+00
1.340812802314758301e+00
6.419649124145507812e-01
1.570804864168167114e-01
6.329441815614700317e-02
3.700002133846282959e-01
8.147012591361999512e-01
1.175009727478027344e+00
1.250232458114624023e+00
1.069146275520324707e+00
6.866959333419799805e-01
2.510901987552642822e-01
-2.050172388553619385e-01
-6.005141735076904297e-01
-9.227266907691955566e-01
-1.062958478927612305e+00
-1.013605237007141113e+00
-7.767544388771057129e-01
-5.411709547042846680e-01
-4.691540002822875977e-01
-7.234499454498291016e-01
-1.222350120544433594e+00
-1.790583372116088867e+00
-2.129793643951416016e+00
-2.118685483932495117e+00
-1.759942531585693359e+00
-1.268497586250305176e+00
-7.954668998718261719e-01
-4.258394539356231689e-01
-3.377193212509155273e-02
4.703468382358551025e-01
1.118499517440795898e+00
1.693591594696044922e+00
1.936853766441345215e+00
1.623587489128112793e+00
8.349047899246215820e-01
-1.479851752519607544e-01
-8.858981728553771973e-01
-1.100458025932312012e+00
-7.211388349533081055e-01
2.601855248212814331e-02
8.279714584350585938e-01
1.353113770484924316e+00
1.434822440147399902e+00
1.025384426116943359e+00
2.659260034561157227e-01
-6.199721693992614746e-01
-1.307711839675903320e+00
-1.553508877754211426e+00
-1.259625911712646484e+00
-6.103549599647521973e-01
4.420917108654975891e-02
3.475601375102996826e-01
2.181383520364761353e-01
-1.030304804444313049e-01
-1.708725541830062866e-01
3.185595273971557617e-01
1.288626551628112793e+00
2.263241291046142578e+00
2.671486616134643555e+00
2.229022026062011719e+00
1.147201895713806152e+00
-3.280275966972112656e-03
-6.770787835121154785e-01
-7.057066559791564941e-01
-3.675400018692016602e-01
-1.133931726217269897e-01
-2.186602056026458740e-01
-5.585415363311767578e-01
-7.792146205902099609e-01
-5.876912474632263184e-01
-5.718117207288742065e-02
4.434336721897125244e-01
4.861517846584320068e-01
-3.608303517103195190e-02
-8.682293891906738281e-01
-1.511834383010864258e+00
-1.629626154899597168e+00
-1.189770936965942383e+00
-5.083681941032409668e-01
6.992951780557632446e-02
3.186340630054473877e-01
2.921682000160217285e-01
1.110820695757865906e-01
-8.849290013313293457e-02
-3.380920588970184326e-01
-6.423376798629760742e-01
-9.981730580329895020e-01
-1.231967210769653320e+00
-1.212658405303955078e+00
-8.432545661926269531e-01
-2.482572495937347412e-01
4.347110986709594727e-01
1.018525719642639160e+00
1.478435277938842773e+00
1.763744711875915527e+00
1.870279073715209961e+00
1.657359361648559570e+00
1.096134066581726074e+00
2.249225527048110962e-01
-6.400265693664550781e-01
-1.194467782974243164e+00
-1.173444151878356934e+00
-6.885597109794616699e-01
-1.491034496575593948e-02
4.195025563240051270e-01
4.592386186122894287e-01
1.277071088552474976e-01
