-1.287534683942794800e-01
-1.440840661525726318e-01
-7.038562297821044922e-01
-1.024506449699401855e+00
-9.758714437484741211e-01
-5.240595340728759766e-01
2.227928489446640015e-01
1.101981759071350098e+00
1.893357396125793457e+00
2.397093772888183594e+00
2.426815032958984375e+00
1.901933193206787109e+00
8.730214238166809082e-01
-4.136322736740112305e-01
-1.606657743453979492e+00
-2.357210636138916016e+00
-2.515333175659179688e+00
-2.178529977798461914e+00
-1.636849045753479004e+00
-1.151674032211303711e+00
-8.006563186645507812e-01
-4.378910362720489502e-01
1.128942444920539856e-01
8.512296080589294434e-01
1.487478613853454590e+00
1.617289304733276367e+00
1.014990925788879395e+00
-1.143039539456367493e-01
-1.202188611030578613e+00
-1.644132494926452637e+00
-1.210411906242370605e+00
-2.025282829999923706e-01
7.495543360710144043e-01
1.131468176841735840e+00
8.886456489562988281e-01
4.279055893421173096e-01
2.722501754760742188e-01
6.437086462974548340e-01
1.294465780258178711e+00
1.706923365592956543e+00
1.499519824981689453e+00
7.106111049652099609e-01
-2.333656698465347290e-01
-8.446509838104248047e-01
-8.993946909904479980e-01
-5.527823567390441895e-01
-1.457287222146987915e-01
6.214469671249389648e-02
6.425926089286804199e-02
1.157136633992195129e-02
4.123400524258613586e-02
1.344510465860366821e-01
1.952447742223739624e-01
1.785044819116592407e-01
1.966544836759567261e-01
4.007099568843841553e-01
8.232116699218750000e-01
1.247827887535095215e+00
1.351089119911193848e+00
9.260616898536682129e-01
1.108384132385253906e-01
-6.892305016517639160e-01
-1.037722468376159668e+00
-8.089970946311950684e-01
-2.461117953062057495e-01
1.891947686672210693e-01
1.838496178388595581e-01
-2.464642226696014404e-01
-7.650023698806762695e-01
-1.017986536026000977e+00
-8.532854914665222168e-01
-4.368337690830230713e-01
-5.221799388527870178e-02
8.822432160377502441e-02
1.174758002161979675e-02
-1.221160888671875000e-01
-1.447301805019378662e-01
-4.986847564578056335e-02
6.490537524223327637e-02
7.283499836921691895e-02
-2.549224905669689178e-02
-1.467272788286209106e-01
-1.677554398775100708e-01
-7.765150070190429688e-02
4.534565657377243042e-02
4.810633882880210876e-02
-1.473733931779861450e-01
-5.349847674369812012e-01
-9.882064461708068848e-01
-1.367007136344909668e+00
-1.528301358222961426e+00
-1.414761066436767578e+00
-1.016576766967773438e+00
-4.248512387275695801e-01
2.363613098859786987e-01
8.028296232223510742e-01
1.181219100952148438e+00
1.341103672981262207e+00
1.357491612434387207e+00
1.296462893486022949e+00
1.196725964546203613e+00
1.007766127586364746e+00
6.977475285530090332e-01
2.838802635669708252e-01
-9.726995974779129028e-02
-3.102535903453826904e-01
-2.912225127220153809e-01
-1.585335880517959595e-01
-1.092524901032447815e-01
-3.113695979118347168e-01
-7.310519218444824219e-01
-1.169060349464416504e+00
-1.357726573944091797e+00
-1.179750680923461914e+00
-7.194805145263671875e-01
-2.326020747423171997e-01
5.715197697281837463e-02
6.549275666475296021e-02
-9.562529623508453369e-02
-2.459943145513534546e-01
-2.313098460435867310e-01
-2.126311883330345154e-02
3.387414515018463135e-01
7.469111084938049316e-01
1.107209444046020508e+00
1.299576044082641602e+00
1.210470676422119141e+00
7.583062648773193359e-01
-5.345148965716362000e-03
-8.828306198120117188e-01
-1.565952420234680176e+00
-1.795500159263610840e+00
-1.480606198310852051e+00
-7.554868459701538086e-01
1.172408461570739746e-01
8.722578287124633789e-01
1.355494499206542969e+00
1.526480555534362793e+00
1.414819836616516113e+00
1.069147229194641113e+00
5.625916123390197754e-01
1.726894266903400421e-02
-4.062313139438629150e-01
-5.765124559402465820e-01
-4.801823198795318604e-01
-2.461705356836318970e-01
-7.747528702020645142e-02
-1.175932735204696655e-01
-3.654084801673889160e-01
-6.867635250091552734e-01
-9.259442687034606934e-01
-9.965472221374511719e-01
-9.258854985237121582e-01
-7.812140583992004395e-01
-6.225630044937133789e-01
-4.615036845207214355e-01
-3.191817402839660645e-01
-2.279617935419082642e-01
-2.283142209053039551e-01
-2.788287997245788574e-01
-2.645554840564727783e-01
-5.092575773596763611e-02
3.487268984317779541e-01
7.363970279693603516e-01
8.032994866371154785e-01
3.968919813632965088e-01
-3.274637758731842041e-01
-9.120233654975891113e-01
-9.220675230026245117e-01
-2.522205412387847900e-01
7.064406871795654297e-01
1.333937644958496094e+00
1.175580263137817383e+00
3.218836784362792969e-01
-6.723727583885192871e-01
-1.130175948143005371e+00
-7.578951120376586914e-01
2.197384834289550781e-01
1.227093458175659180e+00
1.825338959693908691e+00
1.953857421875000000e+00
1.922491431236267090e+00
2.009364843368530273e+00
2.205960512161254883e+00
2.153860092163085938e+00
1.520606756210327148e+00
3.106060028076171875e-01
-9.765763282775878906e-01
-1.685953974723815918e+00
-1.402954697608947754e+00
-3.040273785591125488e-01
1.002890944480895996e+00
1.819641351699829102e+00
1.828158378601074219e+00
1.155550718307495117e+00
2.479326725006103516e-01
-5.200065970420837402e-01
-9.803943037986755371e-01
-1.210000753402709961e+00
-1.300104618072509766e+00
-1.311852216720581055e+00
-1.228855609893798828e+00
-1.120307922363281250e+00
-1.088883161544799805e+00
-1.232438564300537109e+00
-1.435554265975952148e+00
-1.434438228607177734e+00
-9.356947541236877441e-01
5.286410823464393616e-02
1.180396795272827148e+00
1.855823874473571777e+00
1.693648576736450195e+00
7.479684352874755859e-01
-4.136322736740112305e-01
-1.113494396209716797e+00
-9.320529699325561523e-01
-1.820874959230422974e-02
