2.078764587640762329e-01
2.497309446334838867e-01
3.442338407039642334e-01
3.834210038185119629e-01
2.385880351066589355e-01
-1.278817933052778244e-02
-1.762674748897552490e-01
-5.085357651114463806e-02
3.263353705406188965e-01
7.299731969833374023e-01
8.632145524024963379e-01
6.447934508323669434e-01
2.323310524225234985e-01
-5.372032150626182556e-02
-2.929066307842731476e-02
2.716179192066192627e-01
6.009197831153869629e-01
7.536301016807556152e-01
6.626918911933898926e-01
4.368671178817749023e-01
1.621830314397811890e-01
-1.544552743434906006e-01
-5.990750789642333984e-01
-1.150936126708984375e+00
-1.641473650932312012e+00
-1.786107301712036133e+00
-1.449002861976623535e+00
-7.484450340270996094e-01
-5.140199884772300720e-02
3.215242326259613037e-01
2.830849289894104004e-01
4.821118712425231934e-02
-1.200543269515037537e-01
-1.246411204338073730e-01
-1.448080539703369141e-01
-4.050587117671966553e-01
-9.412648081779479980e-01
-1.455235004425048828e+00
-1.540838479995727539e+00
-9.838422536849975586e-01
-7.154400460422039032e-03
8.789442777633666992e-01
1.194036960601806641e+00
8.418261408805847168e-01
1.092354804277420044e-01
-5.570710301399230957e-01
-8.967928886413574219e-01
-9.233414530754089355e-01
-8.097684383392333984e-01
-6.239534616470336914e-01
-2.751078903675079346e-01
3.736990094184875488e-01
1.253889679908752441e+00
2.054035902023315430e+00
2.386079788208007812e+00
2.103667974472045898e+00
1.424722790718078613e+00
7.966561913490295410e-01
5.419645309448242188e-01
6.394588351249694824e-01
7.617566585540771484e-01
5.958842635154724121e-01
1.094099730253219604e-01
-4.103684127330780029e-01
-6.200147867202758789e-01
-4.051334857940673828e-01
1.214004494249820709e-02
2.684769630432128906e-01
1.366066634654998779e-01
-3.059440851211547852e-01
-7.802534103393554688e-01
-1.017345786094665527e+00
-9.304957985877990723e-01
-5.841431021690368652e-01
-8.637629449367523193e-02
4.869479238986968994e-01
1.029934525489807129e+00
1.336526751518249512e+00
1.143432736396789551e+00
3.385003507137298584e-01
-8.546392321586608887e-01
-1.909701347351074219e+00
-2.317726612091064453e+00
-1.958735227584838867e+00
-1.221233725547790527e+00
-7.128225564956665039e-01
-7.704566121101379395e-01
-1.164945721626281738e+00
-1.286146759986877441e+00
-6.807898283004760742e-01
4.898146688938140869e-01
1.494920730590820312e+00
1.583016991615295410e+00
6.210618019104003906e-01
-7.190047502517700195e-01
-1.415873289108276367e+00
-8.664551973342895508e-01
6.348471045494079590e-01
2.095391750335693359e+00
2.550955057144165039e+00
1.752553820610046387e+00
2.862507998943328857e-01
-9.347336292266845703e-01
-1.366291046142578125e+00
-1.159162402153015137e+00
-8.936020731925964355e-01
-1.001441597938537598e+00
-1.397725582122802734e+00
-1.613878130912780762e+00
-1.281136274337768555e+00
-4.973679184913635254e-01
2.512764930725097656e-01
5.421888828277587891e-01
4.215113520622253418e-01
3.790835142135620117e-01
9.037229418754577637e-01
1.994706630706787109e+00
3.074946403503417969e+00
3.394326686859130859e+00
2.619383096694946289e+00
1.111449837684631348e+00
-3.150678277015686035e-01
-9.761643409729003906e-01
-7.618812918663024902e-01
-1.346872001886367798e-01
2.917349934577941895e-01
2.047105729579925537e-01
-2.509524226188659668e-01
-7.012309432029724121e-01
-8.828330636024475098e-01
-8.163744211196899414e-01
-6.836315989494323730e-01
-6.053071618080139160e-01
-5.286777615547180176e-01
-3.498177826404571533e-01
-9.188543260097503662e-02
3.794075548648834229e-02
-1.676173806190490723e-01
-6.931542158126831055e-01
-1.222006440162658691e+00
-1.351483702659606934e+00
-8.971667885780334473e-01
-7.655457407236099243e-02
6.481088995933532715e-01
8.981389999389648438e-01
6.677523255348205566e-01
2.847800254821777344e-01
1.438857167959213257e-01
3.720537424087524414e-01
7.608592510223388672e-01
9.321410655975341797e-01
6.568586826324462891e-01
-8.525452576577663422e-03
-7.723013162612915039e-01
-1.352779984474182129e+00
-1.616695046424865723e+00
-1.609141826629638672e+00
-1.408693909645080566e+00
-1.062789916992187500e+00
-5.678649544715881348e-01
2.029157429933547974e-02
5.837691426277160645e-01
9.718268513679504395e-01
1.139294624328613281e+00
1.148044466972351074e+00
1.121969461441040039e+00
1.089039325714111328e+00
9.777597188949584961e-01
6.732116341590881348e-01
2.048102915287017822e-01
-2.467894256114959717e-01
-4.276187717914581299e-01
-2.560876607894897461e-01
1.152182519435882568e-01
3.594400584697723389e-01
2.676543295383453369e-01
-1.086870580911636353e-01
-4.479851126670837402e-01
-4.525469839572906494e-01
-5.329654365777969360e-02
4.825854897499084473e-01
7.995727658271789551e-01
6.918828487396240234e-01
3.048223257064819336e-01
-2.333281747996807098e-02
2.126377448439598083e-02
4.485086202621459961e-01
1.009044647216796875e+00
1.325757741928100586e+00
1.181498169898986816e+00
5.800797939300537109e-01
-2.374164015054702759e-01
-9.795795083045959473e-01
-1.361778974533081055e+00
-1.238583803176879883e+00
-5.899015069007873535e-01
3.738984465599060059e-01
1.289287805557250977e+00
1.703470230102539062e+00
1.374741673469543457e+00
4.123128354549407959e-01
-6.537426710128784180e-01
-1.205578804016113281e+00
-8.699700832366943359e-01
1.561753302812576294e-01
1.256083369255065918e+00
1.721119403839111328e+00
1.258052706718444824e+00
9.846648573875427246e-02
-1.128176689147949219e+00
-1.876272678375244141e+00
-1.933308482170104980e+00
-1.514364719390869141e+00
-9.530309438705444336e-01
-4.996364116668701172e-01
-1.541810631752014160e-01
1.527850925922393799e-01
