1.125564932823181152e+00
1.163504958152770996e+00
9.139208793640136719e-01
6.910526752471923828e-01
4.957405626773834229e-01
3.849113583564758301e-01
1.563303321599960327e-01
-2.836931943893432617e-01
-1.052205324172973633e+00
-1.913399934768676758e+00
-2.607073783874511719e+00
-2.760278940200805664e+00
-2.361522197723388672e+00
-1.549491763114929199e+00
-7.586994767189025879e-01
-2.257582098245620728e-01
-8.213055878877639771e-02
-9.530370682477951050e-02
-8.256742358207702637e-02
1.573720872402191162e-01
5.035369396209716797e-01
8.221792578697204590e-01
8.692598342895507812e-01
6.543560624122619629e-01
2.311014086008071899e-01
-1.403343677520751953e-01
-3.306393325328826904e-01
-1.977316588163375854e-01
1.693690717220306396e-01
6.983785629272460938e-01
1.183096647262573242e+00
1.558262586593627930e+00
1.732101202011108398e+00
1.780357837677001953e+00
1.698731422424316406e+00
1.533966183662414551e+00
1.183298349380493164e+00
6.349659562110900879e-01
-1.100562885403633118e-01
-8.105183839797973633e-01
-1.217407345771789551e+00
-1.078786849975585938e+00
-4.649583995342254639e-01
3.574897050857543945e-01
9.329748749732971191e-01
1.018566727638244629e+00
6.142317056655883789e-01
6.297571957111358643e-02
-3.045954704284667969e-01
-2.895740568637847900e-01
-3.142065182328224182e-02
2.311686128377914429e-01
2.676300108432769775e-01
9.442997723817825317e-02
-1.719230413436889648e-01
-3.822565674781799316e-01
-5.606989860534667969e-01
-7.858859300613403320e-01
-1.125027298927307129e+00
-1.451701283454895020e+00
-1.566395044326782227e+00
-1.304242610931396484e+00
-7.373267412185668945e-01
-9.251449257135391235e-02
3.863563835620880127e-01
6.703184247016906738e-01
9.174157977104187012e-01
1.323330283164978027e+00
1.866453886032104492e+00
2.280265569686889648e+00
2.220885515213012695e+00
1.572981595993041992e+00
5.839200019836425781e-01
-2.661513984203338623e-01
-6.036125421524047852e-01
-4.258758425712585449e-01
-8.256742358207702637e-02
2.016298385569825768e-04
-3.454255163669586182e-01
-9.401999711990356445e-01
-1.425522923469543457e+00
-1.590691447257995605e+00
-1.508829712867736816e+00
-1.452743053436279297e+00
-1.584272861480712891e+00
-1.802133917808532715e+00
-1.774241805076599121e+00
-1.259212017059326172e+00
-3.110476434230804443e-01
6.637318134307861328e-01
1.208770871162414551e+00
1.077409029006958008e+00
4.328320622444152832e-01
-3.315130770206451416e-01
-7.961354255676269531e-01
-7.864907979965209961e-01
-3.310425877571105957e-01
3.847769498825073242e-01
1.203226089477539062e+00
1.938939809799194336e+00
2.417004108428955078e+00
2.413878917694091797e+00
1.847903847694396973e+00
8.418381810188293457e-01
-1.877173781394958496e-01
-7.952280640602111816e-01
-7.107787728309631348e-01
-1.008821278810501099e-01
5.922204256057739258e-01
8.643199205398559570e-01
5.364025831222534180e-01
-2.308997660875320435e-01
-1.022162437438964844e+00
-1.532521247863769531e+00
-1.662572503089904785e+00
-1.561085462570190430e+00
-1.354482054710388184e+00
-1.080836772918701172e+00
-6.234058737754821777e-01
5.729648098349571228e-02
8.725867271423339844e-01
1.542535543441772461e+00
1.832075953483581543e+00
1.641367673873901367e+00
1.118608713150024414e+00
4.775266647338867188e-01
-9.174157679080963135e-02
-5.655717253684997559e-01
-9.618415236473083496e-01
-1.296883106231689453e+00
-1.466386675834655762e+00
-1.368428111076354980e+00
-9.574056863784790039e-01
-3.651852607727050781e-01
1.985381841659545898e-01
5.129126906394958496e-01
4.934554398059844971e-01
1.663782298564910889e-01
-3.370578885078430176e-01
-8.737965226173400879e-01
-1.275947213172912598e+00
-1.399411916732788086e+00
-1.137057900428771973e+00
-5.271276235580444336e-01
2.243468016386032104e-01
7.831639051437377930e-01
8.770561814308166504e-01
4.696294963359832764e-01
-1.720910668373107910e-01
-6.219944357872009277e-01
-5.556582212448120117e-01
4.587078839540481567e-02
8.755775690078735352e-01
1.506544589996337891e+00
1.628732204437255859e+00
1.222078442573547363e+00
4.955725371837615967e-01
-2.374527454376220703e-01
-7.515079975128173828e-01
-9.310258030891418457e-01
-7.958329916000366211e-01
-4.094094038009643555e-01
8.071914315223693848e-02
5.158363580703735352e-01
7.091321349143981934e-01
6.035789251327514648e-01
2.640342712402343750e-01
-7.971099764108657837e-02
-2.478702813386917114e-01
-1.634545922279357910e-01
2.466605044901371002e-02
1.573048830032348633e-01
1.319331228733062744e-01
8.757456392049789429e-02
1.934302300214767456e-01
5.736032724380493164e-01
1.058254241943359375e+00
1.385230660438537598e+00
1.280618309974670410e+00
7.878350019454956055e-01
1.194992884993553162e-01
-3.925397098064422607e-01
-6.769722104072570801e-01
-8.227505683898925781e-01
-1.077476263046264648e+00
-1.443535208702087402e+00
-1.755389451980590820e+00
-1.653297543525695801e+00
-1.040309190750122070e+00
-6.263966858386993408e-02
7.989918589591979980e-01
1.226245522499084473e+00
1.124220728874206543e+00
8.316558599472045898e-01
6.610434055328369141e-01
8.129042983055114746e-01
1.058019042015075684e+00
1.134235024452209473e+00
8.135427832603454590e-01
2.840292453765869141e-01
-1.944047659635543823e-01
-3.273460566997528076e-01
-2.169873118400573730e-01
-6.247164681553840637e-02
-1.545156687498092651e-01
-4.076283276081085205e-01
-6.269007921218872070e-01
-4.880786240100860596e-01
-5.521297082304954529e-02
4.391497969627380371e-01
5.478618741035461426e-01
1.876837760210037231e-01
-4.891875982284545898e-01
-9.685961604118347168e-01
-9.750146865844726562e-01
-4.382088482379913330e-01
2.445769906044006348e-01
