8.474012017250061035e-01
8.423393368721008301e-01
7.932177186012268066e-01
6.416465640068054199e-01
3.231046795845031738e-01
-4.883643239736557007e-02
-3.322303295135498047e-01
-4.415954053401947021e-01
-4.726796150207519531e-01
-5.503901243209838867e-01
-7.513681054115295410e-01
-9.833589792251586914e-01
-1.148761153221130371e+00
-1.214351773262023926e+00
-1.302542448043823242e+00
-1.474646329879760742e+00
-1.624078631401062012e+00
-1.400856971740722656e+00
-5.322101712226867676e-01
9.289615750312805176e-01
2.422999858856201172e+00
3.238247394561767578e+00
2.936245918273925781e+00
1.782137632369995117e+00
5.471819043159484863e-01
4.520043358206748962e-02
4.698991477489471436e-01
1.315945744514465332e+00
1.687387824058532715e+00
1.049234628677368164e+00
-4.313290715217590332e-01
-1.925795078277587891e+00
-2.610574483871459961e+00
-2.156146287918090820e+00
-9.738055467605590820e-01
2.116007655858993530e-01
8.002045154571533203e-01
7.263438701629638672e-01
2.888835370540618896e-01
-9.097121655941009521e-02
-2.366962730884552002e-01
-1.626930385828018188e-01
-1.654022186994552612e-02
1.459389328956604004e-01
2.600807249546051025e-01
2.670675516128540039e-01
1.746704429388046265e-02
-4.997000694274902344e-01
-1.110333681106567383e+00
-1.405277252197265625e+00
-1.103418111801147461e+00
-2.515254318714141846e-01
6.406484246253967285e-01
1.011092305183410645e+00
6.137705445289611816e-01
-1.706779748201370239e-01
-6.740140318870544434e-01
-3.960385024547576904e-01
4.865106642246246338e-01
1.301330447196960449e+00
1.340756058692932129e+00
5.295722484588623047e-01
-5.473244786262512207e-01
-1.023497462272644043e+00
-5.262214541435241699e-01
5.692117810249328613e-01
1.343536496162414551e+00
1.131507992744445801e+00
-1.297551859170198441e-02
-1.277375698089599609e+00
-1.788340210914611816e+00
-1.202160477638244629e+00
-3.493408905342221260e-03
9.842144846916198730e-01
1.176352024078369141e+00
6.969707012176513672e-01
1.185620203614234924e-01
-2.923056483268737793e-03
3.515509963035583496e-01
7.676231265068054199e-01
7.449516057968139648e-01
2.195857018232345581e-01
-4.374603629112243652e-01
-6.757251024246215820e-01
-2.902381122112274170e-01
4.731786847114562988e-01
1.058289051055908203e+00
1.087020516395568848e+00
5.569491982460021973e-01
-1.596273928880691528e-01
-6.939050555229187012e-01
-8.891082406044006348e-01
-9.023689031600952148e-01
-9.480683803558349609e-01
-1.149188995361328125e+00
-1.401997685432434082e+00
-1.540949821472167969e+00
-1.420534133911132812e+00
-1.040536761283874512e+00
-4.520043432712554932e-01
2.344861626625061035e-01
9.112806916236877441e-01
1.402211546897888184e+00
1.554210543632507324e+00
1.293630719184875488e+00
7.684073448181152344e-01
2.512402534484863281e-01
-1.440140046179294586e-02
-7.072370499372482300e-02
-2.111729979515075684e-01
-7.728989124298095703e-01
-1.747417449951171875e+00
-2.680015087127685547e+00
-2.871368169784545898e+00
-1.915885210037231445e+00
-5.382701382040977478e-02
1.846088409423828125e+00
2.830588102340698242e+00
2.447311162948608398e+00
1.059714913368225098e+00
-4.497942328453063965e-01
-1.259338259696960449e+00
-1.146123290061950684e+00
-5.034786462783813477e-01
2.823244780302047729e-02
9.474980831146240234e-02
-1.776648014783859253e-01
-3.517648875713348389e-01
-1.036615595221519470e-01
5.262927412986755371e-01
1.173500180244445801e+00
1.465378046035766602e+00
1.277446985244750977e+00
7.853040695190429688e-01
2.662833034992218018e-01
-1.029486209154129028e-01
-3.282378613948822021e-01
-4.813774824142456055e-01
-5.731329321861267090e-01
-5.125330090522766113e-01
-2.188727557659149170e-01
2.627186179161071777e-01
7.407453060150146484e-01
1.000255703926086426e+00
9.507775902748107910e-01
6.817851066589355469e-01
3.782149851322174072e-01
1.782351434230804443e-01
8.754910528659820557e-02
9.624698199331760406e-03
-1.519276350736618042e-01
-4.172841310501098633e-01
-7.251318693161010742e-01
-9.894902706146240234e-01
-1.142629861831665039e+00
-1.154464721679687500e+00
-1.019647598266601562e+00
-7.664111256599426270e-01
-4.651224315166473389e-01
-2.214393466711044312e-01
-1.148547306656837463e-01
-1.403067111968994141e-01
-1.954883188009262085e-01
-1.665429174900054932e-01
-3.728679195046424866e-02
7.043853402137756348e-02
-1.069410936906933784e-03
-2.873150706291198730e-01
-6.134853959083557129e-01
-7.068092823028564453e-01
-4.192090630531311035e-01
9.981168061494827271e-02
4.842292666435241699e-01
4.310438930988311768e-01
-1.440140046179294586e-02
-4.489386975765228271e-01
-4.065900146961212158e-01
2.345574498176574707e-01
1.096217513084411621e+00
1.537598967552185059e+00
1.156318306922912598e+00
1.393085867166519165e-01
-8.167447447776794434e-01
-1.001966714859008789e+00
-2.226513475179672241e-01
1.036045312881469727e+00
1.963438391685485840e+00
2.004788875579833984e+00
1.245222091674804688e+00
3.010035157203674316e-01
-1.624791622161865234e-01
9.246839582920074463e-02
7.715443372726440430e-01
1.340898633003234863e+00
1.454184889793395996e+00
1.161736726760864258e+00
7.781033515930175781e-01
5.703524947166442871e-01
5.476809740066528320e-01
5.188781619071960449e-01
3.081329166889190674e-01
-7.599946856498718262e-02
-4.794525504112243652e-01
-7.599946856498718262e-01
-9.161286950111389160e-01
-1.029985308647155762e+00
-1.133005142211914062e+00
-1.116393685340881348e+00
-8.428383469581604004e-01
-3.191122114658355713e-01
2.031167745590209961e-01
3.844888508319854736e-01
5.439736694097518921e-02
-5.925249457359313965e-01
-1.114682674407958984e+00
-1.120457410812377930e+00
-5.840409398078918457e-01
