9.573388844728469849e-02
1.084387600421905518e-01
-2.083479613065719604e-01
-5.726735591888427734e-01
-7.733866572380065918e-01
-5.324712991714477539e-01
-1.025933306664228439e-02
4.997845888137817383e-01
5.291907191276550293e-01
3.107623569667339325e-02
-7.812004685401916504e-01
-1.336457014083862305e+00
-1.336039543151855469e+00
-7.362861037254333496e-01
2.654304169118404388e-02
6.002306342124938965e-01
7.613379359245300293e-01
7.346755862236022949e-01
7.271003723144531250e-01
8.783659338951110840e-01
9.180909991264343262e-01
5.890765786170959473e-01
-2.612551152706146240e-01
-1.286890149116516113e+00
-2.007310152053833008e+00
-1.961202740669250488e+00
-1.217520356178283691e+00
-1.662369817495346069e-01
5.955781340599060059e-01
8.355988264083862305e-01
6.525412797927856445e-01
4.897041916847229004e-01
6.151424646377563477e-01
1.061423420906066895e+00
1.505676388740539551e+00
1.685393691062927246e+00
1.499771356582641602e+00
1.191573739051818848e+00
1.023189544677734375e+00
1.166760563850402832e+00
1.462790012359619141e+00
1.644535303115844727e+00
1.432429552078247070e+00
8.109048008918762207e-01
-7.062238454818725586e-02
-9.109929800033569336e-01
-1.496788978576660156e+00
-1.689091801643371582e+00
-1.518500566482543945e+00
-1.075023055076599121e+00
-5.462498068809509277e-01
-1.064107567071914673e-01
9.042528271675109863e-02
3.745849430561065674e-02
-1.602126061916351318e-01
-3.126114308834075928e-01
-3.115974068641662598e-01
-1.914081275463104248e-01
-1.170876175165176392e-01
-2.225440144538879395e-01
-4.858867824077606201e-01
-7.038379311561584473e-01
-6.455029249191284180e-01
-2.373961955308914185e-01
3.559153378009796143e-01
8.314831256866455078e-01
9.757699370384216309e-01
7.958140373229980469e-01
5.000828504562377930e-01
2.783738672733306885e-01
1.541882306337356567e-01
-5.565091595053672791e-02
-5.250154137611389160e-01
-1.250385999679565430e+00
-1.949392557144165039e+00
-2.273933410644531250e+00
-2.010888814926147461e+00
-1.288440942764282227e+00
-4.316673874855041504e-01
2.176529467105865479e-01
5.743436813354492188e-01
7.504821419715881348e-01
9.451112151145935059e-01
1.165150046348571777e+00
1.261659383773803711e+00
1.011200428009033203e+00
4.239132404327392578e-01
-2.494449466466903687e-01
-5.785786509513854980e-01
-3.211409747600555420e-01
4.518878161907196045e-01
1.293451309204101562e+00
1.734304428100585938e+00
1.496490716934204102e+00
7.400438785552978516e-01
-1.410658210515975952e-01
-6.936979293823242188e-01
-7.508400082588195801e-01
-4.053032994270324707e-01
1.896783709526062012e-02
2.835631966590881348e-01
2.808790504932403564e-01
1.335502713918685913e-01
-2.761669270694255829e-02
-1.031301543116569519e-01
-1.741700768470764160e-01
-3.450595438480377197e-01
-7.160059809684753418e-01
-1.192587852478027344e+00
-1.598487615585327148e+00
-1.690582990646362305e+00
-1.401412963867187500e+00
-8.144240379333496094e-01
-2.082286626100540161e-01
1.891415417194366455e-01
2.637006342411041260e-01
1.444657295942306519e-01
2.463432773947715759e-02
7.813794165849685669e-02
2.622094750404357910e-01
4.183064103126525879e-01
3.467296659946441650e-01
2.606586366891860962e-02
-4.146679341793060303e-01
-7.401034832000732422e-01
-8.305287957191467285e-01
-7.043747901916503906e-01
-5.089702606201171875e-01
-3.290144205093383789e-01
-1.430341899394989014e-01
1.561565846204757690e-01
5.753576755523681641e-01
9.589493870735168457e-01
1.040308237075805664e+00
6.824842095375061035e-01
4.390040040016174316e-02
-4.445511996746063232e-01
-3.645045459270477295e-01
3.701114058494567871e-01
1.389244914054870605e+00
2.069939613342285156e+00
1.956251978874206543e+00
1.069535493850708008e+00
-7.861512154340744019e-02
-8.469318151473999023e-01
-8.549244999885559082e-01
-2.297016978263854980e-01
5.640843510627746582e-01
1.025754332542419434e+00
9.532828927040100098e-01
4.356041252613067627e-01
-2.598832249641418457e-01
-9.582335948944091797e-01
-1.565204381942749023e+00
-2.057890892028808594e+00
-2.304174661636352539e+00
-2.186967611312866211e+00
-1.665113568305969238e+00
-9.937834143638610840e-01
-5.427902936935424805e-01
-6.430573463439941406e-01
-1.199447274208068848e+00
-1.779159188270568848e+00
-1.752138972282409668e+00
-8.395951986312866211e-01
7.740427851676940918e-01
2.387919425964355469e+00
3.333567380905151367e+00
3.233061790466308594e+00
2.325826644897460938e+00
1.118923425674438477e+00
2.004148811101913452e-01
-2.282701581716537476e-01
-2.034568935632705688e-01
-1.395746413618326187e-02
2.115092724561691284e-01
3.919422924518585205e-01
6.376891136169433594e-01
9.147507548332214355e-01
1.205531239509582520e+00
1.328881859779357910e+00
1.259452462196350098e+00
9.498829841613769531e-01
5.513198375701904297e-01
1.116000711917877197e-01
-2.217089533805847168e-01
-4.648312926292419434e-01
-5.334256887435913086e-01
-5.108193159103393555e-01
-3.915844261646270752e-01
-3.395719826221466064e-01
-3.538276851177215576e-01
-4.922690391540527344e-01
-5.779225230216979980e-01
-5.575827956199645996e-01
-3.111202418804168701e-01
4.771782841999083757e-04
2.941803932189941406e-01
3.863950967788696289e-01
3.910475969314575195e-01
3.828162550926208496e-01
5.676631927490234375e-01
8.373285531997680664e-01
1.071503758430480957e+00
9.518513679504394531e-01
4.628032743930816650e-01
-3.478033244609832764e-01
-1.116597175598144531e+00
-1.667917013168334961e+00
-1.819421052932739258e+00
-1.718199610710144043e+00
-1.395448207855224609e+00
-9.948570728302001953e-01
-4.200958311557769775e-01
2.435398548841476440e-01
9.903238415718078613e-01
1.558583498001098633e+00
