-1.726766824722290039e-01
-1.282415241003036499e-01
-3.656548559665679932e-01
-2.591290771961212158e-01
1.418822854757308960e-01
5.831316709518432617e-01
7.614653706550598145e-01
5.772921442985534668e-01
1.911989301443099976e-01
-8.960026502609252930e-02
-8.143404871225357056e-02
1.384606957435607910e-01
2.799324095249176025e-01
1.016899123787879944e-01
-3.817135393619537354e-01
-8.725076913833618164e-01
-1.017309665679931641e+00
-6.750586032867431641e-01
-4.397894814610481262e-02
4.824454188346862793e-01
5.980954766273498535e-01
2.973597347736358643e-01
-1.422472596168518066e-01
-3.929364085197448730e-01
-3.200791478157043457e-01
-6.847759336233139038e-02
9.028458595275878906e-02
-2.002775855362415314e-02
-3.269679844379425049e-01
-5.840896964073181152e-01
-5.516073107719421387e-01
-1.939362138509750366e-01
3.187561333179473877e-01
7.165284156799316406e-01
8.373336195945739746e-01
6.907979846000671387e-01
4.490506052970886230e-01
2.865931093692779541e-01
3.017849922180175781e-01
4.443516135215759277e-01
6.051211357116699219e-01
6.548939943313598633e-01
5.474101901054382324e-01
2.866843640804290771e-01
-4.744616895914077759e-02
-3.887392282485961914e-01
-6.678504347801208496e-01
-8.810388445854187012e-01
-1.022784233093261719e+00
-1.112247705459594727e+00
-1.109054207801818848e+00
-9.888420104980468750e-01
-7.337732315063476562e-01
-4.532021582126617432e-01
-3.081263601779937744e-01
-4.794344007968902588e-01
-9.567702412605285645e-01
-1.535202860832214355e+00
-1.825536966323852539e+00
-1.550486087799072266e+00
-6.870114207267761230e-01
4.135116040706634521e-01
1.299751281738281250e+00
1.658426046371459961e+00
1.609565615653991699e+00
1.552995204925537109e+00
1.928960442543029785e+00
2.784451484680175781e+00
3.748931646347045898e+00
4.177954673767089844e+00
3.661658048629760742e+00
2.244112491607666016e+00
4.922083914279937744e-01
-9.321347475051879883e-01
-1.584382653236389160e+00
-1.530868887901306152e+00
-1.128945112228393555e+00
-8.113294839859008789e-01
-7.318115234375000000e-01
-8.317221999168395996e-01
-9.118788838386535645e-01
-9.256108999252319336e-01
-9.288499951362609863e-01
-1.065942049026489258e+00
-1.317041754722595215e+00
-1.553861975669860840e+00
-1.548524379730224609e+00
-1.240078568458557129e+00
-7.164827585220336914e-01
-2.470394223928451538e-01
-1.738172210752964020e-02
-1.037428751587867737e-01
-3.630087971687316895e-01
-6.343187689781188965e-01
-7.499688267707824707e-01
-6.861901879310607910e-01
-4.417968094348907471e-01
-9.356931596994400024e-02
3.148783147335052490e-01
6.688541173934936523e-01
8.932197690010070801e-01
9.086397290229797363e-01
7.842760682106018066e-01
6.401126980781555176e-01
6.517460942268371582e-01
8.305360674858093262e-01
1.056042194366455078e+00
1.061014890670776367e+00
6.942651867866516113e-01
-2.153326198458671570e-02
-7.935827970504760742e-01
-1.296922802925109863e+00
-1.297287702560424805e+00
-8.563120961189270020e-01
-2.022849172353744507e-01
3.506454229354858398e-01
6.516092419624328613e-01
6.898855566978454590e-01
6.095920205116271973e-01
5.194442868232727051e-01
4.979110360145568848e-01
5.215885043144226074e-01
5.865076184272766113e-01
6.701771020889282227e-01
7.893400192260742188e-01
8.988767862319946289e-01
9.488777518272399902e-01
8.460472822189331055e-01
5.652024745941162109e-01
1.178854778409004211e-01
-3.959017693996429443e-01
-8.815863132476806641e-01
-1.231045603752136230e+00
-1.396149158477783203e+00
-1.346193790435791016e+00
-1.120368242263793945e+00
-7.742393612861633301e-01
-4.035205543041229248e-01
-6.628777086734771729e-02
1.990458071231842041e-01
4.083563983440399170e-01
5.511967539787292480e-01
5.974567532539367676e-01
4.794344007968902588e-01
1.889634877443313599e-01
-1.912445574998855591e-01
-4.844983816146850586e-01
-5.609596967697143555e-01
-4.490962326526641846e-01
-3.805274069309234619e-01
-6.212254762649536133e-01
-1.246648073196411133e+00
-1.975585460662841797e+00
-2.284624338150024414e+00
-1.730644583702087402e+00
-3.141939938068389893e-01
1.422518253326416016e+00
2.659494638442993164e+00
2.793347597122192383e+00
1.830327153205871582e+00
3.951718509197235107e-01
-6.572206616401672363e-01
-7.820861935615539551e-01
-5.004658550024032593e-02
9.445437192916870117e-01
1.522200822830200195e+00
1.336795806884765625e+00
5.478207468986511230e-01
-3.793412446975708008e-01
-9.985593557357788086e-01
-1.148060441017150879e+00
-9.319522380828857422e-01
-5.738249421119689941e-01
-2.193016707897186279e-01
7.778434455394744873e-02
3.121866583824157715e-01
4.215865731239318848e-01
3.400156795978546143e-01
5.556676164269447327e-02
-2.953067719936370850e-01
-5.248732566833496094e-01
-5.009220242500305176e-01
-2.935275435447692871e-01
-9.238316118717193604e-02
-8.494689315557479858e-02
-2.434809654951095581e-01
-3.556637763977050781e-01
-1.407417654991149902e-01
4.775639474391937256e-01
1.312388420104980469e+00
1.957473754882812500e+00
2.085167884826660156e+00
1.608060121536254883e+00
7.731444239616394043e-01
-4.749178886413574219e-02
-5.386052727699279785e-01
-6.496019363403320312e-01
-5.263787508010864258e-01
-4.207653999328613281e-01
-4.695345759391784668e-01
-6.768834590911865234e-01
-8.962307572364807129e-01
-9.978294372558593750e-01
-9.069517850875854492e-01
-6.932159066200256348e-01
-4.685309231281280518e-01
-3.664760291576385498e-01
-4.055734872817993164e-01
-5.248275995254516602e-01
-5.600016713142395020e-01
-3.942594230175018311e-01
1.145095005631446838e-02
5.187143683433532715e-01
9.281200766563415527e-01
1.035558223724365234e+00
8.107820153236389160e-01
3.657917082309722900e-01
