8.907688856124877930e-01
9.585345387458801270e-01
6.716733574867248535e-01
-2.433647774159908295e-02
-8.476758599281311035e-01
-1.369027733802795410e+00
-1.462474465370178223e+00
-1.108519792556762695e+00
-5.719744563102722168e-01
-2.406756579875946045e-02
2.892813980579376221e-01
3.375509977340698242e-01
9.169877320528030396e-02
-2.190283089876174927e-01
-3.879718482494354248e-01
-1.316321045160293579e-01
4.998389780521392822e-01
1.283782839775085449e+00
1.723990678787231445e+00
1.563181757926940918e+00
7.983978390693664551e-01
-7.529518008232116699e-02
-5.745963454246520996e-01
-3.915349245071411133e-01
1.867589354515075684e-01
6.388661861419677734e-01
4.199050962924957275e-01
-4.580232799053192139e-01
-1.558139681816101074e+00
-2.150080680847167969e+00
-1.862547278404235840e+00
-7.834732532501220703e-01
4.609813094139099121e-01
1.279278516769409180e+00
1.334203720092773438e+00
8.424320816993713379e-01
2.106920480728149414e-01
-1.405061781406402588e-01
-1.593972146511077881e-01
1.458844076842069626e-02
1.107242554426193237e-01
7.428676635026931763e-02
-2.561380714178085327e-02
1.647082157433032990e-02
2.520371675491333008e-01
6.226642727851867676e-01
8.896932005882263184e-01
8.886848092079162598e-01
5.235031843185424805e-01
-9.942997246980667114e-02
-8.111711144447326660e-01
-1.366540312767028809e+00
-1.598879694938659668e+00
-1.401028156280517578e+00
-8.416925668716430664e-01
-9.458956867456436157e-02
5.354697704315185547e-01
8.082802891731262207e-01
6.052522659301757812e-01
7.206824421882629395e-02
-4.955364167690277100e-01
-7.588006258010864258e-01
-5.624281167984008789e-01
1.499180868268013000e-02
6.796062588691711426e-01
1.115847706794738770e+00
1.134738683700561523e+00
7.872380018234252930e-01
2.994327843189239502e-01
-4.880741238594055176e-02
-9.163154661655426025e-02
1.511954069137573242e-01
5.003095865249633789e-01
7.155731320381164551e-01
6.320089101791381836e-01
2.343562543392181396e-01
-3.370803892612457275e-01
-8.758442997932434082e-01
-1.210168361663818359e+00
-1.297967910766601562e+00
-1.206201910972595215e+00
-1.063678860664367676e+00
-9.415931105613708496e-01
-8.324823379516601562e-01
-6.313366293907165527e-01
-2.668945193290710449e-01
2.584238052368164062e-01
7.856917381286621094e-01
1.112687945365905762e+00
1.052384614944458008e+00
6.102271080017089844e-01
-2.944579347968101501e-02
-4.962759017944335938e-01
-4.638721048831939697e-01
2.332133799791336060e-01
1.398070096969604492e+00
2.562725305557250977e+00
3.109556436538696289e+00
2.639297723770141602e+00
1.155915498733520508e+00
-8.178939223289489746e-01
-2.511027097702026367e+00
-3.220952987670898438e+00
-2.738526105880737305e+00
-1.382406115531921387e+00
1.313631981611251831e-01
1.149327158927917480e+00
1.353027462959289551e+00
9.204163551330566406e-01
2.649449110031127930e-01
-2.007423341274261475e-01
-3.622908294200897217e-01
-3.200045228004455566e-01
-2.912982404232025146e-01
-3.557697236537933350e-01
-4.752335846424102783e-01
-5.025953054428100586e-01
-3.989300131797790527e-01
-1.925405263900756836e-01
-1.532794721424579620e-02
7.267329096794128418e-02
4.813513159751892090e-02
-3.569798171520233154e-02
-1.728427708148956299e-01
-3.316349387168884277e-01
-4.815530180931091309e-01
-4.943262934684753418e-01
-2.816846370697021484e-01
1.520693749189376831e-01
5.780249834060668945e-01
6.892870664596557617e-01
2.796005904674530029e-01
-4.962759017944335938e-01
-1.190873980522155762e+00
-1.279614686965942383e+00
-5.763442516326904297e-01
6.215213537216186523e-01
1.649569511413574219e+00
1.932060837745666504e+00
1.344422340393066406e+00
3.163742125034332275e-01
-4.833009541034698486e-01
-5.708988308906555176e-01
4.242076724767684937e-02
9.210886359214782715e-01
1.525803089141845703e+00
1.549668908119201660e+00
1.038401246070861816e+00
2.736845314502716064e-01
-4.495525658130645752e-01
-9.524167776107788086e-01
-1.165865182876586914e+00
-1.085258960723876953e+00
-7.384977936744689941e-01
-2.633986771106719971e-01
1.076317727565765381e-01
1.294135898351669312e-01
-2.520371675491333008e-01
-8.200451731681823730e-01
-1.165596246719360352e+00
-1.013190746307373047e+00
-4.079385399818420410e-01
2.303225845098495483e-01
4.574854373931884766e-01
1.005056202411651611e-01
-5.334529280662536621e-01
-9.323828816413879395e-01
-7.097915410995483398e-01
4.026947543025016785e-02
8.824326395988464355e-01
1.312892436981201172e+00
1.205932974815368652e+00
7.796412706375122070e-01
4.622586369514465332e-01
4.348296523094177246e-01
6.121094822883605957e-01
6.860601305961608887e-01
5.298898220062255859e-01
2.167425602674484253e-01
1.882379502058029175e-02
-5.243771709501743317e-03
3.966442309319972992e-03
-2.878023684024810791e-01
-9.506016373634338379e-01
-1.752360820770263672e+00
-2.154585123062133789e+00
-1.869202852249145508e+00
-9.857618212699890137e-01
-8.316083997488021851e-02
3.477023839950561523e-01
1.565736383199691772e-01
-2.029608488082885742e-01
-1.954985558986663818e-01
4.914354979991912842e-01
1.500323653221130371e+00
2.224165916442871094e+00
2.104029655456542969e+00
1.217630624771118164e+00
2.245409786701202393e-02
-8.283814191818237305e-01
-1.123847842216491699e+00
-9.604841470718383789e-01
-7.057578563690185547e-01
-4.277035295963287354e-01
-3.663917258381843567e-02
6.943963766098022461e-01
1.569635629653930664e+00
2.142416715621948242e+00
1.813807129859924316e+00
5.459572672843933105e-01
-1.172050118446350098e+00
-2.365882158279418945e+00
-2.432437658309936523e+00
-1.367548704147338867e+00
2.857183106243610382e-02
9.294248819351196289e-01
8.507683277130126953e-01
