-5.781498551368713379e-01
-6.151694059371948242e-01
-4.256614446640014648e-01
-2.133819907903671265e-01
-1.568985283374786377e-01
-3.119736313819885254e-01
-5.750119090080261230e-01
-7.202066183090209961e-01
-5.982074141502380371e-01
-2.361958920955657959e-01
1.471877843141555786e-01
3.226172924041748047e-01
1.980313807725906372e-01
-1.100409924983978271e-01
-3.982678353786468506e-01
-5.232353806495666504e-01
-4.952904880046844482e-01
-4.166291952133178711e-01
-3.674393892288208008e-01
-3.253736197948455811e-01
-2.169440090656280518e-01
-6.912015844136476517e-03
2.516737282276153564e-01
4.819329082965850830e-01
6.839503645896911621e-01
9.602189660072326660e-01
1.415351867675781250e+00
2.007495403289794922e+00
2.506220817565917969e+00
2.610452175140380859e+00
2.173722982406616211e+00
1.314597606658935547e+00
3.515374958515167236e-01
-4.352873861789703369e-01
-9.597949385643005371e-01
-1.322739362716674805e+00
-1.607022523880004883e+00
-1.742336869239807129e+00
-1.527809977531433105e+00
-8.818120956420898438e-01
-8.905051276087760925e-03
6.358630657196044922e-01
6.896750330924987793e-01
1.726731806993484497e-01
-4.452525675296783447e-01
-6.029992103576660156e-01
-7.365749776363372803e-02
8.024723529815673828e-01
1.388764023780822754e+00
1.227031230926513672e+00
4.413512945175170898e-01
-3.855887353420257568e-01
-6.499415636062622070e-01
-2.419629693031311035e-01
4.146361649036407471e-01
6.992585659027099609e-01
3.470849692821502686e-01
-3.856735229492187500e-01
-9.433841705322265625e-01
-9.988075494766235352e-01
-6.916680335998535156e-01
-4.958841502666473389e-01
-7.151180505752563477e-01
-1.204726219177246094e+00
-1.455679059028625488e+00
-1.101258039474487305e+00
-2.722401320934295654e-01
4.178165197372436523e-01
3.981830179691314697e-01
-3.807545602321624756e-01
-1.317141890525817871e+00
-1.623814940452575684e+00
-9.048804640769958496e-01
5.090721249580383301e-01
1.852929115295410156e+00
2.467377662658691406e+00
2.262900829315185547e+00
1.637384533882141113e+00
1.090359926223754883e+00
8.004369139671325684e-01
6.242017149925231934e-01
3.717222809791564941e-01
1.239498332142829895e-01
1.653371155261993408e-01
6.641471982002258301e-01
1.345807671546936035e+00
1.597226977348327637e+00
9.176443219184875488e-01
-5.820087194442749023e-01
-2.155870437622070312e+00
-2.890622138977050781e+00
-2.384687900543212891e+00
-1.034894227981567383e+00
2.565926909446716309e-01
7.620179653167724609e-01
4.073000848293304443e-01
-2.851736545562744141e-01
-7.143547534942626953e-01
-6.887421011924743652e-01
-4.811696112155914307e-01
-4.454645812511444092e-01
-5.985466837882995605e-01
-5.905321240425109863e-01
-9.333342313766479492e-02
7.616787552833557129e-01
1.365526080131530762e+00
1.103208661079406738e+00
-4.346513003110885620e-02
-1.342839360237121582e+00
-1.774691939353942871e+00
-8.228691816329956055e-01
1.089257359504699707e+00
2.842153072357177734e+00
3.439130783081054688e+00
2.683940172195434570e+00
1.271726131439208984e+00
1.615206748247146606e-01
-1.413782984018325806e-01
8.663342893123626709e-02
1.815782338380813599e-01
-2.961141467094421387e-01
-1.145868062973022461e+00
-1.778762817382812500e+00
-1.738986968994140625e+00
-1.152016758918762207e+00
-5.664036870002746582e-01
-4.943575561046600342e-01
-9.185772538185119629e-01
-1.369384884834289551e+00
-1.313537478446960449e+00
-6.835687160491943359e-01
1.195397153496742249e-01
5.373986363410949707e-01
3.993703424930572510e-01
1.272150257136672735e-04
-1.353143751621246338e-01
2.021022588014602661e-01
7.692267894744873047e-01
1.041636586189270020e+00
7.561661005020141602e-01
1.071150451898574829e-01
-3.449647426605224609e-01
-2.206756472587585449e-01
4.163323640823364258e-01
1.040915727615356445e+00
1.169826865196228027e+00
6.680485010147094727e-01
-1.179283261299133301e-01
-7.697780728340148926e-01
-1.071616888046264648e+00
-1.193658471107482910e+00
-1.340295076370239258e+00
-1.538284063339233398e+00
-1.477602481842041016e+00
-8.893601894378662109e-01
1.976073235273361206e-01
1.273464798927307129e+00
1.773462176322937012e+00
1.439565181732177734e+00
6.547333002090454102e-01
8.039989322423934937e-02
2.369167655706405640e-01
9.960936307907104492e-01
1.775073528289794922e+00
1.902161359786987305e+00
1.231992602348327637e+00
1.387067735195159912e-01
-7.044743895530700684e-01
-9.422392249107360840e-01
-6.596522927284240723e-01
-3.298685550689697266e-01
-2.804242968559265137e-01
-5.354056358337402344e-01
-7.564629316329956055e-01
-6.884877085685729980e-01
-3.012875616550445557e-01
9.761632233858108521e-02
2.515040934085845947e-01
8.264736086130142212e-02
-1.594004184007644653e-01
-2.455249875783920288e-01
-8.688785880804061890e-02
9.240050613880157471e-02
6.924737244844436646e-02
-2.580344676971435547e-01
-6.648256778717041016e-01
-8.783348798751831055e-01
-7.072306871414184570e-01
-2.933154404163360596e-01
1.072422638535499573e-01
2.230503410100936890e-01
5.410878732800483704e-02
-2.696534395217895508e-01
-5.191645026206970215e-01
-6.217846274375915527e-01
-5.557175874710083008e-01
-3.937304913997650146e-01
-1.275966614484786987e-01
1.800516545772552490e-01
4.466095268726348877e-01
4.621721804141998291e-01
1.287416070699691772e-01
-4.952904880046844482e-01
-1.059785962104797363e+00
-1.210238933563232422e+00
-7.555299997329711914e-01
6.424358487129211426e-02
7.940337657928466797e-01
9.817607402801513672e-01
5.873941779136657715e-01
-7.018028944730758667e-02
-4.575500190258026123e-01
-2.887356877326965332e-01
3.666760921478271484e-01
1.078868150711059570e+00
1.451650619506835938e+00
1.306498289108276367e+00
