-8.033415079116821289e-01
-8.004153370857238770e-01
-6.725201606750488281e-01
-7.514554858207702637e-01
-1.083611726760864258e+00
-1.426402211189270020e+00
-1.503838777542114258e+00
-1.049425482749938965e+00
-1.255399584770202637e-01
9.902597069740295410e-01
1.812799811363220215e+00
2.030050277709960938e+00
1.577992200851440430e+00
8.036270141601562500e-01
1.777828484773635864e-01
1.273242086172103882e-01
6.852954030036926270e-01
1.554725646972656250e+00
2.181426286697387695e+00
2.156803607940673828e+00
1.364595770835876465e+00
1.240411847829818726e-01
-1.072834849357604980e+00
-1.750279664993286133e+00
-1.746425628662109375e+00
-1.180032730102539062e+00
-3.991728127002716064e-01
2.698502242565155029e-01
5.973674654960632324e-01
5.451959967613220215e-01
1.829214841127395630e-01
-3.109593987464904785e-01
-7.331847548484802246e-01
-8.671463727951049805e-01
-5.997226834297180176e-01
2.355212345719337463e-02
7.544530034065246582e-01
1.266533255577087402e+00
1.320489048957824707e+00
9.328781962394714355e-01
3.617748916149139404e-01
-6.287702918052673340e-02
-1.767836660146713257e-01
-9.749151766300201416e-02
-1.171182841062545776e-01
-4.565543532371520996e-01
-1.048140883445739746e+00
-1.561006188392639160e+00
-1.617816805839538574e+00
-1.105807900428771973e+00
-2.648543417453765869e-01
4.432795047760009766e-01
6.845816969871520996e-01
4.527003467082977295e-01
8.542997390031814575e-02
-3.932490944862365723e-02
2.401602864265441895e-01
7.155563235282897949e-01
1.018736362457275391e+00
8.573686480522155762e-01
2.715631127357482910e-01
-4.567684531211853027e-01
-9.665648937225341797e-01
-1.102667570114135742e+00
-9.221013188362121582e-01
-6.477547883987426758e-01
-4.268643856048583984e-01
-3.138141930103302002e-01
-2.435860484838485718e-01
-2.076869010925292969e-01
-2.247443497180938721e-01
-3.579209148883819580e-01
-5.479080080986022949e-01
-6.696653962135314941e-01
-5.464092493057250977e-01
-1.682906299829483032e-01
3.371522128582000732e-01
7.116310000419616699e-01
8.304621577262878418e-01
7.343980073928833008e-01
6.683807373046875000e-01
8.102644085884094238e-01
1.173181176185607910e+00
1.498414635658264160e+00
1.500127553939819336e+00
1.017737150192260742e+00
2.195343375205993652e-01
-5.549023151397705078e-01
-9.477231502532958984e-01
-8.738551139831542969e-01
-4.920966327190399170e-01
-1.417409628629684448e-01
-4.503451287746429443e-02
-2.445852309465408325e-01
-5.494781732559204102e-01
-7.530969977378845215e-01
-7.156276702880859375e-01
-4.837463498115539551e-01
-1.623669117689132690e-01
1.266818791627883911e-01
3.669135272502899170e-01
5.681057572364807129e-01
7.513127326965332031e-01
8.449502587318420410e-01
7.631601691246032715e-01
4.342868924140930176e-01
-7.058499753475189209e-02
-5.819515585899353027e-01
-8.668608665466308594e-01
-8.012003898620605469e-01
-4.208692908287048340e-01
5.381303280591964722e-02
3.659857213497161865e-01
3.464303314685821533e-01
3.875394910573959351e-02
-3.484286963939666748e-01
-5.589703917503356934e-01
-4.691154658794403076e-01
-1.562290787696838379e-01
1.477360427379608154e-01
2.133251428604125977e-01
-3.932490944862365723e-02
-5.073698163032531738e-01
-9.859775304794311523e-01
-1.324128866195678711e+00
-1.493989706039428711e+00
-1.577564001083374023e+00
-1.629949688911437988e+00
-1.619815111160278320e+00
-1.411200404167175293e+00
-9.140365123748779297e-01
-1.527319550514221191e-01
6.790148615837097168e-01
1.377228260040283203e+00
1.818366646766662598e+00
2.068304538726806641e+00
2.237166166305541992e+00
2.394037723541259766e+00
2.409310817718505859e+00
2.100207090377807617e+00
1.332764744758605957e+00
2.602152824401855469e-01
-7.820732593536376953e-01
-1.378655672073364258e+00
-1.371732711791992188e+00
-8.721422553062438965e-01
-2.633555531501770020e-01
1.545875668525695801e-01
2.570036351680755615e-01
2.376623302698135376e-01
3.195951879024505615e-01
6.620287895202636719e-01
1.119510889053344727e+00
1.453451514244079590e+00
1.382295489311218262e+00
8.958371281623840332e-01
1.321060061454772949e-01
-5.834503173828125000e-01
-1.063485383987426758e+00
-1.205440521240234375e+00
-1.154482245445251465e+00
-1.046642065048217773e+00
-1.068624019622802734e+00
-1.210935950279235840e+00
-1.431683659553527832e+00
-1.517613172531127930e+00
-1.355888605117797852e+00
-8.385983109474182129e-01
-1.236843317747116089e-01
5.832362174987792969e-01
9.390160441398620605e-01
8.398116230964660645e-01
3.280882239341735840e-01
-2.206048816442489624e-01
-4.943804740905761719e-01
-2.630700767040252686e-01
2.734187543392181396e-01
7.853562831878662109e-01
8.382414579391479492e-01
3.789750635623931885e-01
-3.999578654766082764e-01
-9.749151468276977539e-01
-1.007745385169982910e+00
-3.509980142116546631e-01
6.673101782798767090e-01
1.647078514099121094e+00
2.126114368438720703e+00
2.008567810058593750e+00
1.347895145416259766e+00
4.878858029842376709e-01
-3.305861651897430420e-01
-8.252521157264709473e-01
-9.628536105155944824e-01
-6.983561515808105469e-01
-2.078296393156051636e-01
4.045969247817993164e-01
9.024031758308410645e-01
1.234131217002868652e+00
1.315493106842041016e+00
1.269316673278808594e+00
1.102310776710510254e+00
8.994770050048828125e-01
5.570433735847473145e-01
9.656370431184768677e-02
-5.182894468307495117e-01
-1.107306599617004395e+00
-1.584843754768371582e+00
-1.799667716026306152e+00
-1.836280584335327148e+00
-1.720232844352722168e+00
-1.573710083961486816e+00
-1.297008275985717773e+00
-8.542283773422241211e-01
-1.335334032773971558e-01
7.027097344398498535e-01
1.478573799133300781e+00
1.887238740921020508e+00
