-3.264026939868927002e-01
-3.744343221187591553e-01
-4.912257492542266846e-01
-4.716474711894989014e-01
-1.855807304382324219e-01
2.864500582218170166e-01
8.346120119094848633e-01
1.223965883255004883e+00
1.367913365364074707e+00
1.219484090805053711e+00
9.317957162857055664e-01
6.191036701202392578e-01
4.362356066703796387e-01
3.581584095954895020e-01
3.463347852230072021e-01
2.569057643413543701e-01
8.444601297378540039e-02
-1.362517476081848145e-01
-1.958121359348297119e-01
3.343637287616729736e-02
6.094619631767272949e-01
1.298092007637023926e+00
1.770535588264465332e+00
1.657931089401245117e+00
9.074997901916503906e-01
-2.422515451908111572e-01
-1.245667099952697754e+00
-1.658226013183593750e+00
-1.304224967956542969e+00
-4.921987652778625488e-01
2.747443914413452148e-01
5.196201205253601074e-01
1.743762940168380737e-01
-5.054966807365417480e-01
-1.066897511482238770e+00
-1.265717148780822754e+00
-1.128905177116394043e+00
-9.542635083198547363e-01
-9.710996747016906738e-01
-1.223140358924865723e+00
-1.491014599800109863e+00
-1.559862852096557617e+00
-1.347421050071716309e+00
-1.028448581695556641e+00
-8.280957341194152832e-01
-8.925212025642395020e-01
-1.134006142616271973e+00
-1.377201199531555176e+00
-1.467957139015197754e+00
-1.427149415016174316e+00
-1.335273027420043945e+00
-1.233224272727966309e+00
-9.933316111564636230e-01
-4.466144442558288574e-01
4.654555618762969971e-01
1.522593379020690918e+00
2.330432653427124023e+00
2.534854650497436523e+00
2.094756364822387695e+00
1.305787682533264160e+00
6.267698407173156738e-01
3.647041618824005127e-01
5.155216455459594727e-01
8.114954829216003418e-01
9.690651297569274902e-01
8.926686644554138184e-01
7.084737420082092285e-01
6.112015843391418457e-01
6.819958686828613281e-01
8.371477723121643066e-01
9.317957162857055664e-01
9.159915447235107422e-01
8.750364184379577637e-01
9.351570010185241699e-01
1.086859107017517090e+00
1.141377449035644531e+00
8.326070308685302734e-01
5.572729185223579407e-02
-1.012703418731689453e+00
-1.948391199111938477e+00
-2.341902494430541992e+00
-2.026586294174194336e+00
-1.200819969177246094e+00
-2.753340899944305420e-01
3.432388305664062500e-01
4.896335303783416748e-01
2.523944973945617676e-01
-1.038473621010780334e-01
-3.492833375930786133e-01
-3.716627061367034912e-01
-2.318432182073593140e-01
-5.929501727223396301e-02
5.513758398592472076e-03
-7.928607612848281860e-02
-2.751866579055786133e-01
-4.553420841693878174e-01
-5.186471343040466309e-01
-4.266823530197143555e-01
-2.766904234886169434e-01
-2.150365859270095825e-01
-3.669745326042175293e-01
-6.904876828193664551e-01
-1.007484555244445801e+00
-1.079251885414123535e+00
-8.204590678215026855e-01
-3.558880388736724854e-01
1.288509275764226913e-02
5.864633992314338684e-02
-2.147417217493057251e-01
-5.136051177978515625e-01
-4.917269945144653320e-01
1.149928197264671326e-02
7.856663465499877930e-01
1.398872971534729004e+00
1.462590813636779785e+00
9.395503401756286621e-01
1.458344906568527222e-01
-4.442261159420013428e-01
-5.493708252906799316e-01
-2.256218194961547852e-01
1.956057399511337280e-01
4.013544321060180664e-01
3.021362721920013428e-01
6.993922591209411621e-02
-6.085773929953575134e-02
9.287881664931774139e-03
1.586016416549682617e-01
1.814232915639877319e-01
-2.577018551528453827e-02
-3.540009856224060059e-01
-5.621969699859619141e-01
-4.539857804775238037e-01
-2.193709276616573334e-02
5.595432519912719727e-01
1.067752599716186523e+00
1.370036244392395020e+00
1.478925585746765137e+00
1.486120104789733887e+00
1.479574322700500488e+00
1.482021570205688477e+00
1.480311393737792969e+00
1.444427847862243652e+00
1.354438543319702148e+00
1.160454511642456055e+00
8.097263574600219727e-01
2.638053297996520996e-01
-4.021800160408020020e-01
-1.024350166320800781e+00
-1.390852928161621094e+00
-1.423227787017822266e+00
-1.210255265235900879e+00
-1.004152655601501465e+00
-1.006069302558898926e+00
-1.261500716209411621e+00
-1.581357717514038086e+00
-1.731850862503051758e+00
-1.558477044105529785e+00
-1.142586350440979004e+00
-6.615330576896667480e-01
-2.964456081390380859e-01
-3.774123266339302063e-02
2.058076709508895874e-01
5.511399507522583008e-01
9.311764836311340332e-01
1.198107242584228516e+00
1.161427497863769531e+00
8.226114511489868164e-01
2.906959652900695801e-01
-2.290126234292984009e-01
-6.872147917747497559e-01
-1.113189458847045898e+00
-1.614086389541625977e+00
-2.102363586425781250e+00
-2.366965055465698242e+00
-2.085763454437255859e+00
-1.180298089981079102e+00
1.700419485569000244e-01
1.467072486877441406e+00
2.280366659164428711e+00
2.371653318405151367e+00
1.917431592941284180e+00
1.232044935226440430e+00
6.716170310974121094e-01
3.229529261589050293e-01
1.636731177568435669e-01
4.446389153599739075e-02
-2.969173714518547058e-02
-5.133397504687309265e-02
6.023854762315750122e-02
2.116162776947021484e-01
3.208889365196228027e-01
2.590876817703247070e-01
1.227769553661346436e-01
4.555485025048255920e-02
2.395094037055969238e-01
6.684031486511230469e-01
1.188052773475646973e+00
1.478660225868225098e+00
1.418126821517944336e+00
1.016654491424560547e+00
5.637596845626831055e-01
2.731816768646240234e-01
2.990697920322418213e-01
4.906065464019775391e-01
6.752142906188964844e-01
6.221406459808349609e-01
3.466001749038696289e-01
-9.346852451562881470e-02
-4.944986104965209961e-01
-8.100507259368896484e-01
-9.888498187065124512e-01
-1.134949684143066406e+00
-1.239003419876098633e+00
-1.338369011878967285e+00
-1.329818248748779297e+00
-1.221253275871276855e+00
-9.695664048194885254e-01
