-4.051293134689331055e-01
-4.029906988143920898e-01
-1.969391554594039917e-01
1.047924607992172241e-01
3.356705904006958008e-01
3.579866588115692139e-01
2.418502122163772583e-01
1.769476830959320068e-01
3.920186460018157959e-01
9.033351540565490723e-01
1.519351124763488770e+00
1.865157008171081543e+00
1.683095216751098633e+00
9.411794543266296387e-01
-7.141136378049850464e-02
-9.914835691452026367e-01
-1.538877725601196289e+00
-1.734794020652770996e+00
-1.755436420440673828e+00
-1.823035478591918945e+00
-1.934336781501770020e+00
-1.934429764747619629e+00
-1.583695769309997559e+00
-8.560065031051635742e-01
6.592533737421035767e-02
8.121182918548583984e-01
1.144813418388366699e+00
1.043089389801025391e+00
7.781792879104614258e-01
6.242915391921997070e-01
7.273173332214355469e-01
9.335548281669616699e-01
1.004222273826599121e+00
7.430315017700195312e-01
2.409203648567199707e-01
-2.622135877609252930e-01
-4.749599695205688477e-01
-3.464567065238952637e-01
-1.636510342359542847e-02
2.134902179241180420e-01
1.790863126516342163e-01
-1.249698847532272339e-01
-4.800740480422973633e-01
-6.903098225593566895e-01
-6.198283433914184570e-01
-3.398548662662506104e-01
3.784430399537086487e-02
3.457128405570983887e-01
5.173604488372802734e-01
4.797950983047485352e-01
2.495678365230560303e-01
-1.689511090517044067e-01
-6.467005610466003418e-01
-1.050621151924133301e+00
-1.197907090187072754e+00
-1.063359856605529785e+00
-7.170891165733337402e-01
-3.806746304035186768e-01
-1.824337244033813477e-01
-1.589088886976242065e-01
-1.338963061571121216e-01
4.835144430398941040e-02
4.842583239078521729e-01
1.023562908172607422e+00
1.454169631004333496e+00
1.542225122451782227e+00
1.281406283378601074e+00
7.947303652763366699e-01
3.544532954692840576e-01
1.245049685239791870e-01
1.933127939701080322e-01
4.507842361927032471e-01
7.631159424781799316e-01
9.170967340469360352e-01
7.964040637016296387e-01
3.182826936244964600e-01
-3.987134397029876709e-01
-1.145464301109313965e+00
-1.578209757804870605e+00
-1.505961537361145020e+00
-9.277898073196411133e-01
-1.900583654642105103e-01
2.903876304626464844e-01
1.804810613393783569e-01
-4.331173598766326904e-01
-1.179403305053710938e+00
-1.538505792617797852e+00
-1.285497546195983887e+00
-5.355852246284484863e-01
2.569135427474975586e-01
7.321524620056152344e-01
7.732511758804321289e-01
6.472584605216979980e-01
6.445619463920593262e-01
9.060316681861877441e-01
1.189631462097167969e+00
1.161085605621337891e+00
5.932350158691406250e-01
-3.040561974048614502e-01
-1.069403767585754395e+00
-1.190003395080566406e+00
-5.484169721603393555e-01
5.817050933837890625e-01
1.600339770317077637e+00
2.038478374481201172e+00
1.708293676376342773e+00
8.551696538925170898e-01
-1.352910548448562622e-01
-8.647469878196716309e-01
-1.185912132263183594e+00
-1.097949743270874023e+00
-7.646967172622680664e-01
-3.209792077541351318e-01
6.769201904535293579e-02
3.271161317825317383e-01
3.790009319782257080e-01
2.631434500217437744e-01
2.445467375218868256e-02
-2.293904125690460205e-01
-4.837004244327545166e-01
-7.264804244041442871e-01
-9.968765974044799805e-01
-1.212412476539611816e+00
-1.251279592514038086e+00
-9.343916773796081543e-01
-2.663978636264801025e-01
5.939788818359375000e-01
1.298050284385681152e+00
1.596341490745544434e+00
1.419021964073181152e+00
1.001711726188659668e+00
6.441900134086608887e-01
5.776137709617614746e-01
7.354068756103515625e-01
9.024053215980529785e-01
8.133270740509033203e-01
4.298629462718963623e-01
-1.249698847532272339e-01
-6.026263833045959473e-01
-8.903174400329589844e-01
-9.932502508163452148e-01
-1.047273635864257812e+00
-1.088093519210815430e+00
-1.064103722572326660e+00
-8.106305599212646484e-01
-2.781137824058532715e-01
4.501333534717559814e-01
1.107898950576782227e+00
1.474812030792236328e+00
1.439478278160095215e+00
1.114779710769653320e+00
6.697604656219482422e-01
2.728137373924255371e-01
-5.458134040236473083e-02
-3.256283700466156006e-01
-5.728716254234313965e-01
-7.322454452514648438e-01
-7.590246796607971191e-01
-6.444689631462097168e-01
-5.321448445320129395e-01
-5.804033279418945312e-01
-8.987789750099182129e-01
-1.368066906929016113e+00
-1.729679942131042480e+00
-1.671379208564758301e+00
-1.089116334915161133e+00
-1.244119852781295776e-01
8.350852131843566895e-01
1.427483439445495605e+00
1.468582153320312500e+00
1.113663911819458008e+00
7.023977041244506836e-01
5.904455184936523438e-01
8.620504736900329590e-01
1.313578605651855469e+00
1.526324868202209473e+00
1.197535157203674316e+00
3.268371820449829102e-01
-6.864975094795227051e-01
-1.309394359588623047e+00
-1.169361114501953125e+00
-3.739798367023468018e-01
5.616206526756286621e-01
9.808834195137023926e-01
5.686873793601989746e-01
-4.612913727760314941e-01
-1.444685339927673340e+00
-1.759155750274658203e+00
-1.218363404273986816e+00
-2.583082914352416992e-01
4.134978353977203369e-01
2.931771278381347656e-01
-4.903022348880767822e-01
-1.298422217369079590e+00
-1.410095453262329102e+00
-6.174107789993286133e-01
6.282898187637329102e-01
1.474347114562988281e+00
1.332733154296875000e+00
2.816471755504608154e-01
-9.260231256484985352e-01
-1.443662524223327637e+00
-9.118896722793579102e-01
2.216727733612060547e-01
1.057594895362854004e+00
8.532170057296752930e-01
-3.832781910896301270e-01
-1.906162738800048828e+00
-2.682668209075927734e+00
-2.121233701705932617e+00
-4.165662825107574463e-01
1.545758485794067383e+00
2.799083709716796875e+00
2.823538303375244141e+00
1.826475858688354492e+00
4.653826653957366943e-01
-5.656189322471618652e-01
