-6.309855580329895020e-01
-6.492589116096496582e-01
-1.109717763029038906e-03
5.402106046676635742e-01
7.907109260559082031e-01
8.072826862335205078e-01
7.415134310722351074e-01
6.701955795288085938e-01
4.774745702743530273e-01
2.056676894426345825e-02
-6.721190810203552246e-01
-1.271144747734069824e+00
-1.356297016143798828e+00
-7.089617252349853516e-01
4.356012344360351562e-01
1.528007388114929199e+00
2.032706975936889648e+00
1.796041250228881836e+00
1.071913361549377441e+00
2.908940315246582031e-01
-2.999197244644165039e-01
-7.281967997550964355e-01
-1.153736591339111328e+00
-1.573653817176818848e+00
-1.768002390861511230e+00
-1.484802365303039551e+00
-7.742871046066284180e-01
-5.918494984507560730e-02
1.152626872062683105e-01
-4.502494931221008301e-01
-1.388922810554504395e+00
-1.965014219284057617e+00
-1.640606760978698730e+00
-5.140952467918395996e-01
6.991961598396301270e-01
1.212329745292663574e+00
7.714018225669860840e-01
-1.159285157918930054e-01
-5.814921259880065918e-01
-6.340187788009643555e-02
1.228235602378845215e+00
2.479849338531494141e+00
2.883490800857543945e+00
2.254798650741577148e+00
1.127695202827453613e+00
3.103510737419128418e-01
2.428802251815795898e-01
6.980864405632019043e-01
1.021976113319396973e+00
7.136964797973632812e-01
-1.676413714885711670e-01
-1.054379820823669434e+00
-1.350896477699279785e+00
-8.986494541168212891e-01
-8.648400753736495972e-02
4.825052917003631592e-01
4.583134353160858154e-01
-1.901316456496715546e-02
-4.871661067008972168e-01
-5.510118603706359863e-01
-1.913893222808837891e-01
2.589341402053833008e-01
3.931360244750976562e-01
3.565893322229385376e-02
-6.652387976646423340e-01
-1.371537208557128906e+00
-1.790566682815551758e+00
-1.805436849594116211e+00
-1.466159105300903320e+00
-8.922131061553955078e-01
-2.230532765388488770e-01
3.826307058334350586e-01
7.402557134628295898e-01
7.097015380859375000e-01
3.051723837852478027e-01
-2.455435544252395630e-01
-5.955485701560974121e-01
-4.851686060428619385e-01
6.221817806363105774e-02
7.331535220146179199e-01
1.102245688438415527e+00
9.169967770576477051e-01
2.565667629241943359e-01
-5.128375887870788574e-01
-9.729265570640563965e-01
-8.828914761543273926e-01
-3.047285079956054688e-01
4.733316302299499512e-01
1.094255685806274414e+00
1.302290797233581543e+00
1.015317797660827637e+00
3.366883695125579834e-01
-5.046256780624389648e-01
-1.219579815864562988e+00
-1.571878194808959961e+00
-1.454840064048767090e+00
-9.583522677421569824e-01
-2.998457551002502441e-01
2.861592173576354980e-01
7.039309740066528320e-01
1.023011803627014160e+00
1.397504568099975586e+00
1.875201106071472168e+00
2.308139085769653320e+00
2.383377790451049805e+00
1.841465711593627930e+00
6.682720780372619629e-01
-8.088362812995910645e-01
-2.087897062301635742e+00
-2.730127573013305664e+00
-2.607318878173828125e+00
-1.926987886428833008e+00
-1.106018781661987305e+00
-5.066231489181518555e-01
-2.763197422027587891e-01
-2.925955951213836670e-01
-3.047285079956054688e-01
-8.988714218139648438e-02
3.792275488376617432e-01
9.401528835296630859e-01
1.310576677322387695e+00
1.289196133613586426e+00
8.662456870079040527e-01
2.812024950981140137e-01
-1.295410543680191040e-01
-1.188877671957015991e-01
2.645567059516906738e-01
7.046707868576049805e-01
7.772463560104370117e-01
2.803147137165069580e-01
-6.154494881629943848e-01
-1.394471406936645508e+00
-1.535479545593261719e+00
-8.247422575950622559e-01
4.433692395687103271e-01
1.666648149490356445e+00
2.256574153900146484e+00
2.017762899398803711e+00
1.179851889610290527e+00
2.337805479764938354e-01
-4.460325539112091064e-01
-7.559397816658020020e-01
-8.741616606712341309e-01
-9.926055669784545898e-01
-1.176670789718627930e+00
-1.292155385017395020e+00
-1.203747868537902832e+00
-8.916952013969421387e-01
-5.430958867073059082e-01
-3.726432323455810547e-01
-5.035159587860107422e-01
-8.211911320686340332e-01
-1.109051942825317383e+00
-1.152996778488159180e+00
-9.234331846237182617e-01
-5.132074952125549316e-01
-8.966519683599472046e-02
2.767636179924011230e-01
5.779410004615783691e-01
8.691309690475463867e-01
1.130876421928405762e+00
1.314645648002624512e+00
1.328924059867858887e+00
1.172971725463867188e+00
9.017566442489624023e-01
6.476312875747680664e-01
4.858344495296478271e-01
4.578695595264434814e-01
5.049955844879150391e-01
5.818620324134826660e-01
6.253629326820373535e-01
6.358683109283447266e-01
6.033165454864501953e-01
5.492362976074218750e-01
4.474382102489471436e-01
2.908940315246582031e-01
3.639874234795570374e-02
-2.917078137397766113e-01
-6.438582539558410645e-01
-8.726080656051635742e-01
-8.559623360633850098e-01
-5.230469703674316406e-01
3.847021609544754028e-03
4.949341416358947754e-01
6.838080883026123047e-01
5.111359953880310059e-01
1.413780450820922852e-01
-7.657052576541900635e-02
7.701441645622253418e-02
5.501241087913513184e-01
9.565027356147766113e-01
9.009428620338439941e-01
2.419184744358062744e-01
-6.945353746414184570e-01
-1.367246270179748535e+00
-1.350526571273803711e+00
-7.260513305664062500e-01
1.383448205888271332e-02
2.666282057762145996e-01
-1.706006079912185669e-01
-9.992638826370239258e-01
-1.593184828758239746e+00
-1.534443736076354980e+00
-8.697228431701660156e-01
-1.037956029176712036e-01
2.723987102508544922e-01
1.140050068497657776e-01
-2.374056279659271240e-01
-3.264789581298828125e-01
6.325391680002212524e-02
6.723409891128540039e-01
1.039139747619628906e+00
8.567021489143371582e-01
2.914858758449554443e-01
-1.869504600763320923e-01
-1.359034329652786255e-01
4.532827138900756836e-01
