3.854721188545227051e-01
3.625281751155853271e-01
-1.304848045110702515e-01
-8.600454926490783691e-01
-1.423790574073791504e+00
-1.451238751411437988e+00
-1.011925816535949707e+00
-4.125684797763824463e-01
-6.531278043985366821e-02
-4.243923351168632507e-02
-1.827068775892257690e-01
-1.491355448961257935e-01
1.335815340280532837e-01
5.324258804321289062e-01
7.232264876365661621e-01
6.124480962753295898e-01
3.254378437995910645e-01
2.238792777061462402e-01
4.728842675685882568e-01
9.874335527420043945e-01
1.351158261299133301e+00
1.230456233024597168e+00
5.081447362899780273e-01
-5.182794332504272461e-01
-1.440541028976440430e+00
-1.864229559898376465e+00
-1.690249800682067871e+00
-9.852517843246459961e-01
-3.941288683563470840e-03
9.984128475189208984e-01
1.677370190620422363e+00
1.761756062507629395e+00
1.085684299468994141e+00
-1.364671140909194946e-01
-1.383814573287963867e+00
-1.950726747512817383e+00
-1.454405903816223145e+00
-4.525443911552429199e-02
1.534568905830383301e+00
2.476536989212036133e+00
2.353653192520141602e+00
1.469185709953308105e+00
5.432643890380859375e-01
2.319729924201965332e-01
5.740205645561218262e-01
1.045849084854125977e+00
9.299330115318298340e-01
-3.511969745159149170e-02
-1.473760485649108887e+00
-2.560500383377075195e+00
-2.659243822097778320e+00
-1.711434245109558105e+00
-3.106580078601837158e-01
7.793898582458496094e-01
1.077942490577697754e+00
6.896551251411437988e-01
8.262629806995391846e-02
-2.523832321166992188e-01
-1.672232449054718018e-01
1.703199744224548340e-01
4.457879066467285156e-01
4.962504804134368896e-01
3.595722019672393799e-01
2.290873974561691284e-01
2.528758943080902100e-01
4.785850644111633301e-01
8.222513198852539062e-01
1.164861917495727539e+00
1.353128910064697266e+00
1.260156631469726562e+00
7.892430424690246582e-01
-8.023337461054325104e-03
-9.148716330528259277e-01
-1.570251584053039551e+00
-1.683422923088073730e+00
-1.206245422363281250e+00
-4.305154085159301758e-01
2.003019154071807861e-01
3.493670821189880371e-01
2.301431074738502502e-02
-4.815410077571868896e-01
-8.062046766281127930e-01
-8.230959177017211914e-01
-6.907108426094055176e-01
-6.951447725296020508e-01
-9.570293426513671875e-01
-1.315053224563598633e+00
-1.438711166381835938e+00
-1.123830318450927734e+00
-4.742918610572814941e-01
1.480798423290252686e-01
4.167208969593048096e-01
2.825763225555419922e-01
1.611705496907234192e-02
-4.743622243404388428e-02
2.142371833324432373e-01
5.883077383041381836e-01
7.283642292022705078e-01
4.506441354751586914e-01
-6.200491636991500854e-02
-3.922286033630371094e-01
-1.998092532157897949e-01
4.740807116031646729e-01
1.229119062423706055e+00
1.567366003990173340e+00
1.274866104125976562e+00
5.522730946540832520e-01
-1.266139000654220581e-01
-3.851905763149261475e-01
-1.710237711668014526e-01
2.349993288516998291e-01
5.043441653251647949e-01
5.063148140907287598e-01
4.081345200538635254e-01
4.661277532577514648e-01
7.903691530227661133e-01
1.188580036163330078e+00
1.316742300987243652e+00
9.151531457901000977e-01
5.961199104785919189e-02
-8.983322978019714355e-01
-1.521900415420532227e+00
-1.601711511611938477e+00
-1.226726055145263672e+00
-7.180183529853820801e-01
-3.432440161705017090e-01
-1.917859166860580444e-01
-1.321035474538803101e-01
-2.632217854261398315e-02
1.560328006744384766e-01
2.484419494867324829e-01
7.403992116451263428e-02
-4.317822456359863281e-01
-1.080405712127685547e+00
-1.578697204589843750e+00
-1.662449598312377930e+00
-1.325117588043212891e+00
-7.517304420471191406e-01
-2.426003962755203247e-01
5.102561041712760925e-02
1.390711814165115356e-01
2.047358751296997070e-01
3.649914860725402832e-01
6.291986107826232910e-01
8.193657398223876953e-01
7.852314114570617676e-01
4.479696750640869141e-01
-5.447423830628395081e-02
-5.419975519180297852e-01
-8.221105933189392090e-01
-8.782035708427429199e-01
-7.596130371093750000e-01
-6.028060317039489746e-01
-4.457879066467285156e-01
-3.199481964111328125e-01
-1.718683391809463501e-01
-1.843960024416446686e-02
1.734167039394378662e-01
3.893430233001708984e-01
7.016901373863220215e-01
1.102434754371643066e+00
1.570744276046752930e+00
1.927501320838928223e+00
2.025259256362915039e+00
1.727973580360412598e+00
1.120663166046142578e+00
3.559828102588653564e-01
-3.143177628517150879e-01
-7.850202322006225586e-01
-9.747651219367980957e-01
-9.204316735267639160e-01
-5.745131969451904297e-01
1.858036033809185028e-02
7.743224501609802246e-01
1.357070088386535645e+00
1.426746487617492676e+00
7.269566059112548828e-01
-5.325666069984436035e-01
-1.831643581390380859e+00
-2.461686611175537109e+00
-2.112601041793823242e+00
-9.549179077148437500e-01
3.144585192203521729e-01
1.084347009658813477e+00
1.097648859024047852e+00
7.309682965278625488e-01
5.014585852622985840e-01
7.551790475845336914e-01
1.217858195304870605e+00
1.366078853607177734e+00
7.436367273330688477e-01
-4.393129348754882812e-01
-1.526545524597167969e+00
-1.712912201881408691e+00
-8.127500414848327637e-01
7.124583125114440918e-01
1.889847874641418457e+00
2.055522680282592773e+00
1.132557392120361328e+00
-2.125480622053146362e-01
-1.252977848052978516e+00
-1.551319360733032227e+00
-1.341093897819519043e+00
-1.068581938743591309e+00
-1.120100140571594238e+00
-1.356295943260192871e+00
-1.440822482109069824e+00
-1.025227665901184082e+00
-2.390813827514648438e-01
5.503727793693542480e-01
8.784850835800170898e-01
7.045757174491882324e-01
2.708228230476379395e-01
4.919572919607162476e-02
2.119146436452865601e-01
6.940187215805053711e-01
1.134598493576049805e+00
