5.366685986518859863e-01
5.228141546249389648e-01
5.946521759033203125e-01
7.138263583183288574e-01
7.572498321533203125e-01
5.663018226623535156e-01
1.452796012163162231e-01
-3.557265400886535645e-01
-6.792542934417724609e-01
-6.961233615875244141e-01
-4.505912363529205322e-01
-1.722829937934875488e-01
-4.355181008577346802e-02
-1.132731884717941284e-01
-2.397594451904296875e-01
-2.903667688369750977e-01
-2.371937930583953857e-01
-2.332170456647872925e-01
-4.116576015949249268e-01
-7.688593864440917969e-01
-1.057815074920654297e+00
-9.983562827110290527e-01
-4.646381437778472900e-01
3.210903704166412354e-01
9.430024623870849609e-01
1.025231361389160156e+00
5.513569116592407227e-01
-1.458568722009658813e-01
-5.570654869079589844e-01
-3.902986049652099609e-01
2.706754505634307861e-01
9.812305569648742676e-01
1.276407957077026367e+00
9.295970201492309570e-01
1.252675801515579224e-01
-7.197273373603820801e-01
-1.180645227432250977e+00
-1.100661277770996094e+00
-5.955501198768615723e-01
1.815193146467208862e-02
4.587371647357940674e-01
5.609139204025268555e-01
3.477089107036590576e-01
-7.061935216188430786e-02
-5.145398974418640137e-01
-8.322949409484863281e-01
-8.796952366828918457e-01
-6.102384328842163086e-01
-7.151732593774795532e-02
5.282661318778991699e-01
9.267106652259826660e-01
8.737942576408386230e-01
3.218600451946258545e-01
-5.675204992294311523e-01
-1.430218338966369629e+00
-1.920961856842041016e+00
-1.843607664108276367e+00
-1.297189712524414062e+00
-5.621325969696044922e-01
1.860092021524906158e-02
2.920344471931457520e-01
3.219241797924041748e-01
3.740709125995635986e-01
6.655921936035156250e-01
1.241066217422485352e+00
1.858103632926940918e+00
2.176307678222656250e+00
1.929171919822692871e+00
1.181735634803771973e+00
2.772178351879119873e-01
-2.876728475093841553e-01
-2.239807248115539551e-01
4.117217361927032471e-01
1.166213512420654297e+00
1.512254714965820312e+00
1.116247653961181641e+00
1.216756701469421387e-01
-9.789215326309204102e-01
-1.568314075469970703e+00
-1.348374247550964355e+00
-4.638043045997619629e-01
5.112687349319458008e-01
9.876446723937988281e-01
6.548806428909301758e-01
-2.562437057495117188e-01
-1.189945697784423828e+00
-1.542593479156494141e+00
-1.111629486083984375e+00
-1.471396833658218384e-01
7.380716800689697266e-01
1.031966209411621094e+00
5.615553259849548340e-01
-3.429624736309051514e-01
-1.170895814895629883e+00
-1.494295239448547363e+00
-1.313802242279052734e+00
-9.248505830764770508e-01
-7.389054894447326660e-01
-8.705230355262756348e-01
-1.123110651969909668e+00
-1.057815074920654297e+00
-4.225615859031677246e-01
7.140187621116638184e-01
1.884786248207092285e+00
2.609901428222656250e+00
2.609452486038208008e+00
2.050206184387207031e+00
1.294944763183593750e+00
7.231267690658569336e-01
3.986369371414184570e-01
1.941551119089126587e-01
-1.136580333113670349e-01
-5.171697139739990234e-01
-8.517296910285949707e-01
-8.441610336303710938e-01
-4.621366560459136963e-01
1.077570542693138123e-01
4.602124094963073730e-01
3.459770977497100830e-01
-2.547684609889984131e-01
-1.012403130531311035e+00
-1.559013605117797852e+00
-1.591533184051513672e+00
-1.113425374031066895e+00
-2.652876079082489014e-01
6.645659804344177246e-01
1.475117087364196777e+00
1.947708725929260254e+00
1.983114600181579590e+00
1.499619007110595703e+00
6.292883753776550293e-01
-3.927359580993652344e-01
-1.179619073867797852e+00
-1.508149743080139160e+00
-1.330863714218139648e+00
-9.190137386322021484e-01
-5.506513714790344238e-01
-4.305792152881622314e-01
-4.425094723701477051e-01
-3.843976259231567383e-01
-4.130686819553375244e-02
5.117818713188171387e-01
1.081034183502197266e+00
1.392759919166564941e+00
1.422136545181274414e+00
1.275766491889953613e+00
1.190907835960388184e+00
1.206109285354614258e+00
1.245876789093017578e+00
1.086229562759399414e+00
6.786128878593444824e-01
8.620563894510269165e-02
-4.554659724235534668e-01
-8.512165546417236328e-01
-1.089500784873962402e+00
-1.315854668617248535e+00
-1.531625390052795410e+00
-1.662473201751708984e+00
-1.507636666297912598e+00
-1.081547260284423828e+00
-5.668148994445800781e-01
-3.418079316616058350e-01
-5.532169938087463379e-01
-1.062818050384521484e+00
-1.375954985618591309e+00
-1.122597575187683105e+00
-2.563078403472900391e-01
7.373661398887634277e-01
1.292379021644592285e+00
1.070643305778503418e+00
3.562396764755249023e-01
-2.603487372398376465e-01
-2.160913795232772827e-01
4.700901508331298828e-01
1.317586541175842285e+00
1.638227939605712891e+00
1.179939746856689453e+00
2.087151408195495605e-01
-5.893926024436950684e-01
-7.425615191459655762e-01
-2.250711321830749512e-01
4.459730982780456543e-01
7.459610104560852051e-01
4.424453377723693848e-01
-1.439967751502990723e-01
-5.348726511001586914e-01
-3.865142762660980225e-01
1.275766491889953613e-01
5.584124326705932617e-01
4.176227152347564697e-01
-3.571376502513885498e-01
-1.464020609855651855e+00
-2.330887556076049805e+00
-2.571032047271728516e+00
-2.063740015029907227e+00
-1.065576076507568359e+00
8.011223375797271729e-02
9.992542266845703125e-01
1.513858318328857422e+00
1.543876290321350098e+00
1.212587594985961914e+00
6.938142776489257812e-01
2.532290816307067871e-01
1.770294457674026489e-02
-4.810582846403121948e-03
-2.802966162562370300e-02
-2.274443507194519043e-01
-6.511604785919189453e-01
-1.029208183288574219e+00
-1.012916326522827148e+00
-3.605371415615081787e-01
7.239606380462646484e-01
1.720649242401123047e+00
2.002613544464111328e+00
1.334712147712707520e+00
-3.142914175987243652e-02
-1.416556239128112793e+00
