6.720953583717346191e-01
6.815505027770996094e-01
5.040186047554016113e-01
2.670035362243652344e-01
1.219297349452972412e-01
2.790695130825042725e-01
5.607497692108154297e-01
7.242400646209716797e-01
4.237905144691467285e-01
-2.646044492721557617e-01
-1.075070261955261230e+00
-1.497802376747131348e+00
-1.373332381248474121e+00
-7.773725986480712891e-01
-1.643370091915130615e-01
2.040629535913467407e-01
2.257958054542541504e-01
1.728749126195907593e-01
1.979241371154785156e-01
3.565456867218017578e-01
3.696700632572174072e-01
9.426975250244140625e-02
-4.833441376686096191e-01
-1.008601665496826172e+00
-1.231222152709960938e+00
-1.065403342247009277e+00
-8.595058321952819824e-01
-9.212468862533569336e-01
-1.367123007774353027e+00
-1.779482603073120117e+00
-1.652049183845520020e+00
-6.575597524642944336e-01
8.588002324104309082e-01
2.191771745681762695e+00
2.598556995391845703e+00
1.976207256317138672e+00
7.976236939430236816e-01
-1.011141836643218994e-01
-2.580422759056091309e-01
2.513389587402343750e-01
8.203443884849548340e-01
9.644303321838378906e-01
6.043565869331359863e-01
2.155644297599792480e-01
3.015785217285156250e-01
1.046845793724060059e+00
2.040206193923950195e+00
2.656840562820434570e+00
2.434925556182861328e+00
1.484536886215209961e+00
2.945224046707153320e-01
-5.581390261650085449e-01
-8.717129230499267578e-01
-8.073611259460449219e-01
-7.312961816787719727e-01
-8.276122212409973145e-01
-1.029487729072570801e+00
-1.094333529472351074e+00
-9.057939648628234863e-01
-5.498833656311035156e-01
-2.737774252891540527e-01
-2.236789762973785400e-01
-3.422217667102813721e-01
-4.033983349800109863e-01
-2.457646280527114868e-01
8.643745630979537964e-02
3.476549685001373291e-01
3.015785217285156250e-01
-8.657857775688171387e-02
-6.050621867179870605e-01
-9.534933567047119141e-01
-9.719803929328918457e-01
-7.442794442176818848e-01
-5.269509553909301758e-01
-5.171429514884948730e-01
-7.089282870292663574e-01
-8.666325211524963379e-01
-7.276975512504577637e-01
-1.819773018360137939e-01
5.904560089111328125e-01
1.228611469268798828e+00
1.362042665481567383e+00
8.660680651664733887e-01
-9.553985297679901123e-02
-1.091228842735290527e+00
-1.666231870651245117e+00
-1.515372157096862793e+00
-6.831028461456298828e-01
4.998554587364196777e-01
1.502812266349792480e+00
1.904587626457214355e+00
1.537175536155700684e+00
6.425302028656005859e-01
-3.098341822624206543e-01
-7.965652942657470703e-01
-5.779666900634765625e-01
2.343337088823318481e-01
1.180065393447875977e+00
1.768333911895751953e+00
1.680979251861572266e+00
1.014176011085510254e+00
1.353363543748855591e-01
-4.762880206108093262e-01
-5.921494960784912109e-01
-3.052476942539215088e-01
-4.304232448339462280e-02
-2.121775001287460327e-01
-9.784719944000244141e-01
-2.040276765823364258e+00
-2.834372520446777344e+00
-2.788225412368774414e+00
-1.767346143722534180e+00
-1.350541114807128906e-01
1.341791629791259766e+00
2.000339269638061523e+00
1.597082018852233887e+00
5.223644971847534180e-01
-5.251869559288024902e-01
-9.129912257194519043e-01
-5.209532380104064941e-01
2.939579188823699951e-01
9.238576292991638184e-01
1.004861950874328613e+00
5.754265189170837402e-01
4.981619864702224731e-02
-1.977124512195587158e-01
-7.281915098428726196e-02
1.405578851699829102e-01
8.989495784044265747e-02
-3.657892048358917236e-01
-9.569508433341979980e-01
-1.218873977661132812e+00
-7.921199202537536621e-01
2.514095306396484375e-01
1.449256300926208496e+00
2.194735288619995117e+00
2.124950170516967773e+00
1.290775895118713379e+00
1.113455593585968018e-01
-9.072757959365844727e-01
-1.421525716781616211e+00
-1.377848386764526367e+00
-9.565274715423583984e-01
-4.324695169925689697e-01
-5.341482162475585938e-02
3.570396080613136292e-02
-1.862109750509262085e-01
-6.028042435646057129e-01
-1.000063776969909668e+00
-1.129614114761352539e+00
-8.645862340927124023e-01
-2.648867070674896240e-01
3.849112987518310547e-01
7.592384219169616699e-01
6.486690044403076172e-01
1.405578851699829102e-01
-4.721954762935638428e-01
-8.180864453315734863e-01
-7.299554944038391113e-01
-2.783638834953308105e-01
2.267131060361862183e-01
5.114275217056274414e-01
4.280241727828979492e-01
1.015375554561614990e-01
-2.465407997369766235e-01
-3.549227714538574219e-01
-1.576336920261383057e-01
2.981915771961212158e-01
7.856988310813903809e-01
1.138645887374877930e+00
1.216192722320556641e+00
1.080644607543945312e+00
8.320575356483459473e-01
6.533966064453125000e-01
5.644189715385437012e-01
5.349949598312377930e-01
3.843468129634857178e-01
8.446174114942550659e-02
-3.060238659381866455e-01
-4.858137965202331543e-01
-2.638282775878906250e-01
4.053034782409667969e-01
1.142385601997375488e+00
1.483055114746093750e+00
1.014246582984924316e+00
-1.273629516363143921e-01
-1.429569721221923828e+00
-2.101029872894287109e+00
-1.748717904090881348e+00
-4.726894199848175049e-01
9.779075384140014648e-01
1.852795720100402832e+00
1.664538502693176270e+00
6.694845557212829590e-01
-5.291383862495422363e-01
-1.170469045639038086e+00
-1.000910520553588867e+00
-1.514948755502700806e-01
7.868278026580810547e-01
1.367617011070251465e+00
1.285695433616638184e+00
7.063174843788146973e-01
-1.267278939485549927e-01
-7.916259765625000000e-01
-1.103224158287048340e+00
-9.005019068717956543e-01
-3.552756011486053467e-01
3.351656496524810791e-01
7.479485869407653809e-01
6.833145618438720703e-01
4.530028253793716431e-02
-8.086312413215637207e-01
-1.485454201698303223e+00
-1.533859133720397949e+00
-9.765668511390686035e-01
-4.445355013012886047e-02
7.224760055541992188e-01
