1.032897949218750000e+00
1.064990639686584473e+00
1.448982834815979004e+00
1.259151101112365723e+00
5.130344629287719727e-01
-2.714813649654388428e-01
-6.493535637855529785e-01
-4.026507139205932617e-01
1.267286241054534912e-01
5.151242017745971680e-01
4.325789511203765869e-01
8.235867321491241455e-02
-1.758751422166824341e-01
1.809875667095184326e-02
5.108327865600585938e-01
9.154612421989440918e-01
7.511171102523803711e-01
3.138361871242523193e-02
-8.906827569007873535e-01
-1.398380875587463379e+00
-1.258516669273376465e+00
-6.183431148529052734e-01
-6.258065253496170044e-02
-7.463405199814587831e-05
-5.548295378684997559e-01
-1.349682211875915527e+00
-2.000565767288208008e+00
-2.229804277420043945e+00
-2.174276590347290039e+00
-2.012208700180053711e+00
-1.903504133224487305e+00
-1.676542043685913086e+00
-1.162238717079162598e+00
-2.474865168333053589e-01
7.942928671836853027e-01
1.606721878051757812e+00
1.841296672821044922e+00
1.567091107368469238e+00
1.071632981300354004e+00
8.014204502105712891e-01
8.991910219192504883e-01
1.271652221679687500e+00
1.544365048408508301e+00
1.489919543266296387e+00
1.042376518249511719e+00
4.593352675437927246e-01
-1.089657098054885864e-02
-1.502010226249694824e-01
-7.388771045953035355e-03
3.123435080051422119e-01
6.043492555618286133e-01
7.916806936264038086e-01
7.886580228805541992e-01
6.236421465873718262e-01
2.908489108085632324e-01
-1.033681631088256836e-01
-4.822852313518524170e-01
-7.207783460617065430e-01
-8.431035280227661133e-01
-9.189690947532653809e-01
-1.116189599037170410e+00
-1.451557636260986328e+00
-1.816331624984741211e+00
-1.908915162086486816e+00
-1.520258307456970215e+00
-6.261796951293945312e-01
4.467221200466156006e-01
1.263218641281127930e+00
1.465252995491027832e+00
1.094956159591674805e+00
5.174005627632141113e-01
2.619282007217407227e-01
5.949453115463256836e-01
1.381849408149719238e+00
2.081842184066772461e+00
2.150617599487304688e+00
1.346771478652954102e+00
-3.496605157852172852e-02
-1.385058760643005371e+00
-2.103336811065673828e+00
-2.009372472763061523e+00
-1.374871134757995605e+00
-7.461539506912231445e-01
-5.202366709709167480e-01
-7.353320121765136719e-01
-1.066147446632385254e+00
-1.143542885780334473e+00
-8.175414204597473145e-01
-2.813703715801239014e-01
1.318410485982894897e-01
2.069229036569595337e-01
3.018947318196296692e-02
-1.238552108407020569e-01
-2.753996476531028748e-02
2.857737839221954346e-01
5.725551247596740723e-01
6.008787155151367188e-01
3.885448575019836426e-01
2.029673010110855103e-01
3.294346928596496582e-01
7.853741049766540527e-01
1.254225254058837891e+00
1.315201282501220703e+00
8.101526498794555664e-01
3.119703382253646851e-02
-4.634774625301361084e-01
-2.832735478878021240e-01
4.347060322761535645e-01
1.077976942062377930e+00
9.946852922439575195e-01
3.045069240033626556e-02
-1.296729326248168945e+00
-2.111994266510009766e+00
-1.819913983345031738e+00
-5.411714911460876465e-01
9.360602498054504395e-01
1.719605803489685059e+00
1.415285468101501465e+00
3.874626755714416504e-01
-5.630019903182983398e-01
-7.731714248657226562e-01
-1.769946515560150146e-01
7.396607398986816406e-01
1.334568738937377930e+00
1.286952257156372070e+00
7.321227192878723145e-01
6.575259566307067871e-02
-4.301160275936126709e-01
-7.458553910255432129e-01
-1.054914951324462891e+00
-1.428383827209472656e+00
-1.715053200721740723e+00
-1.633925914764404297e+00
-1.061296224594116211e+00
-1.812487989664077759e-01
5.887880325317382812e-01
9.050124883651733398e-01
7.276819944381713867e-01
3.351815342903137207e-01
6.672284007072448730e-02
5.959529057145118713e-02
1.558358967304229736e-01
9.176256507635116577e-02
-2.434935867786407471e-01
-6.670791506767272949e-01
-8.344087004661560059e-01
-5.063546895980834961e-01
2.440533488988876343e-01
1.064990639686584473e+00
1.554403424263000488e+00
1.509287118911743164e+00
1.022673130035400391e+00
3.738419711589813232e-01
-1.532610207796096802e-01
-4.161967933177947998e-01
-4.131367802619934082e-01
-2.357316464185714722e-01
5.485602654516696930e-03
1.758005023002624512e-01
1.532237082719802856e-01
-1.383342146873474121e-01
-6.168504357337951660e-01
-1.047973990440368652e+00
-1.113763928413391113e+00
-6.502118706703186035e-01
2.272980064153671265e-01
1.100479125976562500e+00
1.508242249488830566e+00
1.194816470146179199e+00
3.226430118083953857e-01
-6.614069342613220215e-01
-1.247470855712890625e+00
-1.205004096031188965e+00
-6.302099227905273438e-01
1.034054756164550781e-01
6.450247764587402344e-01
7.796646356582641602e-01
5.446419715881347656e-01
6.541674584150314331e-02
-4.703811109066009521e-01
-9.470314979553222656e-01
-1.224931359291076660e+00
-1.218251585960388184e+00
-8.364238142967224121e-01
-1.444915235042572021e-01
6.985000967979431152e-01
1.383789896965026855e+00
1.680646896362304688e+00
1.462603449821472168e+00
8.832939863204956055e-01
2.135280221700668335e-01
-1.756512373685836792e-01
-9.646450728178024292e-02
4.706423282623291016e-01
1.239634275436401367e+00
1.854992032051086426e+00
1.933096528053283691e+00
1.375319004058837891e+00
3.069698512554168701e-01
-8.477308750152587891e-01
-1.707104682922363281e+00
-1.995602607727050781e+00
-1.800994277000427246e+00
-1.346995353698730469e+00
-9.566965699195861816e-01
-7.124566435813903809e-01
-5.840487480163574219e-01
-3.781707286834716797e-01
-7.691039144992828369e-02
2.661823332309722900e-01
4.327282309532165527e-01
3.788797557353973389e-01
1.452378630638122559e-01
-2.399484813213348389e-02
-3.716775774955749512e-02
1.104210764169692993e-01
1.816965937614440918e-01
