-4.228146970272064209e-01
-4.403812289237976074e-01
-1.367712616920471191e+00
-2.118003368377685547e+00
-2.380086421966552734e+00
-2.157066345214843750e+00
-1.514060974121093750e+00
-7.107169628143310547e-01
1.035127714276313782e-01
7.198735475540161133e-01
1.113567948341369629e+00
1.242310523986816406e+00
1.260898828506469727e+00
1.252410292625427246e+00
1.351521611213684082e+00
1.452794313430786133e+00
1.433891654014587402e+00
1.070889592170715332e+00
4.076454043388366699e-01
-3.841054737567901611e-01
-9.112975597381591797e-01
-9.801095724105834961e-01
-5.878692269325256348e-01
-1.130623593926429749e-01
9.691059589385986328e-02
-1.788876801729202271e-01
-6.965694427490234375e-01
-1.045227527618408203e+00
-7.647134065628051758e-01
1.762939691543579102e-01
1.478259921073913574e+00
2.522937297821044922e+00
2.879376411437988281e+00
2.398556709289550781e+00
1.406146764755249023e+00
3.496798276901245117e-01
-3.309736549854278564e-01
-5.426364541053771973e-01
-3.934192657470703125e-01
-1.793199628591537476e-01
-5.804418027400970459e-02
-8.020864427089691162e-02
-9.518145024776458740e-02
-7.859739707782864571e-04
2.554415464401245117e-01
5.273492336273193359e-01
6.495289206504821777e-01
4.677724242210388184e-01
3.615480288863182068e-02
-4.826666116714477539e-01
-8.328966498374938965e-01
-9.022981524467468262e-01
-7.206988334655761719e-01
-4.977180361747741699e-01
-4.063485562801361084e-01
-5.040057897567749023e-01
-6.470137834548950195e-01
-6.418656706809997559e-01
-3.729053437709808350e-01
6.291721761226654053e-02
4.387699663639068604e-01
5.351696610450744629e-01
3.241356611251831055e-01
-2.377571351826190948e-02
-2.515509724617004395e-01
-2.064753621816635132e-01
6.645409762859344482e-02
3.903539776802062988e-01
6.044139862060546875e-01
6.960192918777465820e-01
7.598403692245483398e-01
8.939667940139770508e-01
1.051161646842956543e+00
1.073286771774291992e+00
7.825943231582641602e-01
1.826996505260467529e-01
-5.540330410003662109e-01
-1.132627844810485840e+00
-1.381270647048950195e+00
-1.288407802581787109e+00
-1.038586020469665527e+00
-7.880567908287048340e-01
-6.305083036422729492e-01
-4.998008608818054199e-01
-3.576967716217041016e-01
-1.951573342084884644e-01
-1.386851072311401367e-01
-2.510007917881011963e-01
-5.367416143417358398e-01
-8.148585557937622070e-01
-9.300823211669921875e-01
-7.555174827575683594e-01
-3.726695775985717773e-01
1.061457842588424683e-01
5.165420770645141602e-01
8.487340211868286133e-01
1.085862398147583008e+00
1.284085035324096680e+00
1.372349858283996582e+00
1.338277935981750488e+00
1.125278949737548828e+00
8.376517891883850098e-01
5.289998054504394531e-01
3.024427890777587891e-01
9.918991476297378540e-02
-7.384225726127624512e-02
-2.512758970260620117e-01
-2.926967144012451172e-01
-1.465448439121246338e-01
2.205049991607666016e-01
5.749399662017822266e-01
6.943294405937194824e-01
3.649277091026306152e-01
-2.746978998184204102e-01
-9.612854719161987305e-01
-1.304166674613952637e+00
-1.215705275535583496e+00
-8.009467720985412598e-01
-4.185311496257781982e-01
-2.428266704082489014e-01
-3.031894564628601074e-01
-3.277904391288757324e-01
-1.676089465618133545e-01
2.033707648515701294e-01
4.615239202976226807e-01
3.188696503639221191e-01
-4.236792922019958496e-01
-1.540941357612609863e+00
-2.654823541641235352e+00
-3.249216556549072266e+00
-3.094811916351318359e+00
-2.137809991836547852e+00
-6.656806468963623047e-01
9.896198511123657227e-01
2.354502916336059570e+00
3.098584651947021484e+00
2.945476770401000977e+00
1.987453103065490723e+00
5.479024648666381836e-01
-7.183802127838134766e-01
-1.279054760932922363e+00
-8.357654213905334473e-01
3.313273489475250244e-01
1.657501220703125000e+00
2.438798666000366211e+00
2.368453979492187500e+00
1.509148597717285156e+00
3.491296470165252686e-01
-6.581352949142456055e-01
-1.192676186561584473e+00
-1.302634000778198242e+00
-1.139662265777587891e+00
-9.441119432449340820e-01
-7.781928181648254395e-01
-6.841510534286499023e-01
-6.015844941139221191e-01
-5.511249303817749023e-01
-5.006654262542724609e-01
-4.661218822002410889e-01
-3.914936482906341553e-01
-2.994560897350311279e-01
-1.882014721632003784e-01
-1.248126700520515442e-01
-8.488518744707107544e-02
-3.713726997375488281e-02
1.112939193844795227e-01
3.398944437503814697e-01
5.637398362159729004e-01
6.156927347183227539e-01
4.485946595668792725e-01
1.569197028875350952e-01
2.279324457049369812e-03
1.733465641736984253e-01
6.747586727142333984e-01
1.232957363128662109e+00
1.498773813247680664e+00
1.246633291244506836e+00
5.607924461364746094e-01
-2.429838627576828003e-01
-8.036977052688598633e-01
-9.573948979377746582e-01
-7.835374474525451660e-01
-4.999973475933074951e-01
-2.774488031864166260e-01
-1.257951408624649048e-01
4.947706311941146851e-02
3.190661370754241943e-01
6.193081736564636230e-01
8.000036478042602539e-01
7.144503593444824219e-01
3.691719770431518555e-01
-1.084644123911857605e-01
-5.119441747665405273e-01
-7.231746912002563477e-01
-7.163760066032409668e-01
-5.897555947303771973e-01
-4.302028715610504150e-01
-3.298339843750000000e-01
-2.987094223499298096e-01
-3.453962802886962891e-01
-3.903146684169769287e-01
-3.570286929607391357e-01
-1.143985167145729065e-01
3.421344757080078125e-01
9.307503700256347656e-01
1.376043915748596191e+00
1.448707222938537598e+00
1.006557583808898926e+00
2.260068207979202271e-01
-5.921921133995056152e-01
-1.074426412582397461e+00
-1.108380556106567383e+00
-7.552031278610229492e-01
-2.940328717231750488e-01
1.191929578781127930e-01
3.998642563819885254e-01
6.664273142814636230e-01
