1.746970891952514648e+00
1.747907400131225586e+00
1.103191137313842773e+00
5.996807813644409180e-01
3.400866091251373291e-01
2.633756399154663086e-01
-4.868829250335693359e-02
-7.738839387893676758e-01
-1.856609344482421875e+00
-2.729542255401611328e+00
-2.900965213775634766e+00
-2.110295772552490234e+00
-7.886344194412231445e-01
3.928592503070831299e-01
7.470175623893737793e-01
2.380766272544860840e-01
-7.096166610717773438e-01
-1.320976018905639648e+00
-1.200773477554321289e+00
-3.898761570453643799e-01
5.338362455368041992e-01
1.083411931991577148e+00
1.025650143623352051e+00
6.570665836334228516e-01
3.455748856067657471e-01
3.732902705669403076e-01
5.920802950859069824e-01
7.464132905006408691e-01
5.929260849952697754e-01
2.515797615051269531e-01
-3.810971975326538086e-02
-2.222263813018798828e-02
2.073677331209182739e-01
3.893201351165771484e-01
2.109393775463104248e-01
-3.032068014144897461e-01
-8.790071010589599609e-01
-1.101561784744262695e+00
-8.338560461997985840e-01
-2.589747309684753418e-01
1.836450397968292236e-01
2.097274661064147949e-01
-1.507001817226409912e-01
-5.214810967445373535e-01
-5.294575095176696777e-01
-6.285893917083740234e-02
6.070441603660583496e-01
1.062187314033508301e+00
1.035278439521789551e+00
6.217516660690307617e-01
1.862823963165283203e-01
7.414370775222778320e-02
3.668228983879089355e-01
8.207284212112426758e-01
1.103138089179992676e+00
1.015086293220520020e+00
6.663646101951599121e-01
3.231896460056304932e-01
2.404124587774276733e-01
4.151843786239624023e-01
6.738951206207275391e-01
7.422227263450622559e-01
5.259851217269897461e-01
7.345360517501831055e-02
-3.851522207260131836e-01
-6.936807036399841309e-01
-7.361125349998474121e-01
-5.779387950897216797e-01
-2.648321688175201416e-01
6.033514812588691711e-02
3.419732451438903809e-01
4.446870088577270508e-01
3.738471865653991699e-01
1.395631134510040283e-01
-3.934723138809204102e-02
-2.552247047424316406e-02
2.991970181465148926e-01
7.091284990310668945e-01
9.156358242034912109e-01
5.484187602996826172e-01
-3.513135612010955811e-01
-1.486609578132629395e+00
-2.217272520065307617e+00
-2.168419361114501953e+00
-1.264261245727539062e+00
-4.334536194801330566e-02
8.943439722061157227e-01
1.010681152343750000e+00
4.002524316310882568e-01
-5.492162108421325684e-01
-1.178963422775268555e+00
-1.246971368789672852e+00
-7.885202169418334961e-01
-3.109083175659179688e-01
-1.376668810844421387e-01
-4.617121219635009766e-01
-9.503307938575744629e-01
-1.276479840278625488e+00
-1.051467657089233398e+00
-3.430657088756561279e-01
6.953928470611572266e-01
1.637300610542297363e+00
2.309119701385498047e+00
2.503343582153320312e+00
2.308972835540771484e+00
1.686820983886718750e+00
8.235098719596862793e-01
-2.061599493026733398e-01
-1.058152198791503906e+00
-1.548333287239074707e+00
-1.413756847381591797e+00
-7.956542372703552246e-01
1.236652135848999023e-01
8.726704120635986328e-01
1.245475053787231445e+00
1.067490816116333008e+00
5.692275166511535645e-01
-9.533578157424926758e-02
-6.165706515312194824e-01
-9.683114290237426758e-01
-1.027308821678161621e+00
-8.780593276023864746e-01
-4.251982569694519043e-01
2.082527130842208862e-01
9.841896295547485352e-01
1.572340726852416992e+00
1.799826622009277344e+00
1.433019518852233887e+00
6.497402787208557129e-01
-3.263069093227386475e-01
-1.015031814575195312e+00
-1.228210210800170898e+00
-8.680718541145324707e-01
-2.623212635517120361e-01
3.156820535659790039e-01
5.110418200492858887e-01
3.477383553981781006e-01
-9.477829188108444214e-02
-4.872862994670867920e-01
-7.174009084701538086e-01
-6.811080574989318848e-01
-5.614960193634033203e-01
-4.330601692199707031e-01
-4.325554370880126953e-01
-4.280085265636444092e-01
-3.420503139495849609e-01
-1.108825206756591797e-03
4.988904595375061035e-01
1.029720544815063477e+00
1.258769035339355469e+00
1.036960363388061523e+00
2.875234484672546387e-01
-7.400460839271545410e-01
-1.766737461090087891e+00
-2.418765544891357422e+00
-2.566495180130004883e+00
-2.189758062362670898e+00
-1.526283621788024902e+00
-7.972173094749450684e-01
-2.663196623325347900e-01
-3.311932086944580078e-03
-2.781233191490173340e-02
-1.841314733028411865e-01
-3.471874892711639404e-01
-3.503109812736511230e-01
-1.616901159286499023e-01
2.114727348089218140e-01
6.394749283790588379e-01
1.032281875610351562e+00
1.305299997329711914e+00
1.489491820335388184e+00
1.619644641876220703e+00
1.732887029647827148e+00
1.764197111129760742e+00
1.618533611297607422e+00
1.232422232627868652e+00
6.960728168487548828e-01
2.426535785198211670e-01
1.400808244943618774e-01
5.007904171943664551e-01
1.153800725936889648e+00
1.707920789718627930e+00
1.742855548858642578e+00
1.106504082679748535e+00
-3.844961524009704590e-03
-1.100389957427978516e+00
-1.750223994255065918e+00
-1.787427425384521484e+00
-1.458267211914062500e+00
-1.163765430450439453e+00
-1.239445805549621582e+00
-1.641388177871704102e+00
-2.070677280426025391e+00
-2.115702629089355469e+00
-1.661035537719726562e+00
-8.778843879699707031e-01
-2.205372303724288940e-01
1.826107501983642578e-02
-1.981076896190643311e-01
-4.818087816238403320e-01
-4.269856810569763184e-01
2.388579994440078735e-01
1.276294946670532227e+00
2.202547311782836914e+00
2.410084962844848633e+00
1.715798377990722656e+00
3.284347057342529297e-01
-1.051103115081787109e+00
-1.792791128158569336e+00
-1.484081268310546875e+00
-3.526296913623809814e-01
1.053642034530639648e+00
1.953624844551086426e+00
1.948189496994018555e+00
1.000529527664184570e+00
-3.632404804229736328e-01
-1.580950975418090820e+00
