-1.109136104583740234e+00
-1.114184260368347168e+00
-9.825825691223144531e-03
5.257462859153747559e-01
2.047142982482910156e-01
-7.684726715087890625e-01
-1.699700713157653809e+00
-1.901869416236877441e+00
-1.042571067810058594e+00
5.478558540344238281e-01
2.153055906295776367e+00
3.018266201019287109e+00
2.880556583404541016e+00
2.001643657684326172e+00
1.033448457717895508e+00
4.981437623500823975e-01
5.700695514678955078e-01
9.622195959091186523e-01
1.274320125579833984e+00
1.200201511383056641e+00
7.636990547180175781e-01
1.400708258152008057e-01
-4.385716617107391357e-01
-8.976867794990539551e-01
-1.212454795837402344e+00
-1.411125898361206055e+00
-1.446031093597412109e+00
-1.329791784286499023e+00
-1.112220168113708496e+00
-9.419980645179748535e-01
-8.637731075286865234e-01
-8.030258417129516602e-01
-5.421332120895385742e-01
-5.060940980911254883e-03
6.369792819023132324e-01
9.341935515403747559e-01
5.416440963745117188e-01
-4.943243265151977539e-01
-1.575495123863220215e+00
-1.952275633811950684e+00
-1.215689063072204590e+00
2.724569439888000488e-01
1.599919795989990234e+00
1.865782260894775391e+00
8.820210695266723633e-01
-7.099715471267700195e-01
-1.846980333328247070e+00
-1.853604078292846680e+00
-8.713932037353515625e-01
2.583864331245422363e-01
7.060649394989013672e-01
2.524485588073730469e-01
-5.645604133605957031e-01
-9.692509174346923828e-01
-5.752884745597839355e-01
2.896603047847747803e-01
9.135512113571166992e-01
7.956428527832031250e-01
8.087337017059326172e-02
-5.985078811645507812e-01
-6.602221131324768066e-01
-8.285126090049743652e-02
5.963619947433471680e-01
7.430925369262695312e-01
1.820898056030273438e-01
-6.466109752655029297e-01
-1.050222873687744141e+00
-6.600512266159057617e-01
2.559336125850677490e-01
1.013653874397277832e+00
1.055160760879516602e+00
3.977532982826232910e-01
-4.158040285110473633e-01
-7.510068416595458984e-01
-4.022182226181030273e-01
2.912940382957458496e-01
7.217466831207275391e-01
5.312165617942810059e-01
-1.476932466030120850e-01
-7.884072065353393555e-01
-9.178656339645385742e-01
-4.216138124465942383e-01
3.733153641223907471e-01
1.011309146881103516e+00
1.191946387290954590e+00
9.805752038955688477e-01
6.506891846656799316e-01
5.054502487182617188e-01
6.279095411300659180e-01
9.156233668327331543e-01
1.125390172004699707e+00
1.089741706848144531e+00
7.457034587860107422e-01
2.291395068168640137e-01
-2.539874911308288574e-01
-4.561355710029602051e-01
-3.006874322891235352e-01
1.081639081239700317e-01
4.216509759426116943e-01
3.020425438880920410e-01
-4.228110909461975098e-01
-1.513426184654235840e+00
-2.475032329559326172e+00
-2.745659351348876953e+00
-2.122263431549072266e+00
-8.112074732780456543e-01
6.100079417228698730e-01
1.619139432907104492e+00
1.931986570358276367e+00
1.668947339057922363e+00
1.093972921371459961e+00
5.077540278434753418e-01
3.747078776359558105e-02
-2.196476161479949951e-01
-2.436398714780807495e-01
6.726980209350585938e-04
3.636551499366760254e-01
6.032123565673828125e-01
4.190359115600585938e-01
-1.823785603046417236e-01
-8.712806701660156250e-01
-1.046737432479858398e+00
-3.718981444835662842e-01
9.856019020080566406e-01
2.250954389572143555e+00
2.616638183593750000e+00
1.711925983428955078e+00
-3.644339740276336670e-03
-1.636998534202575684e+00
-2.383889913558959961e+00
-2.164402246475219727e+00
-1.495403051376342773e+00
-1.096987605094909668e+00
-1.186028718948364258e+00
-1.418850421905517578e+00
-1.145214796066284180e+00
-1.268512308597564697e-01
1.278679251670837402e+00
2.259030580520629883e+00
2.276834011077880859e+00
1.408423781394958496e+00
3.678570687770843506e-01
-1.646495908498764038e-01
1.224571466445922852e-02
4.183352291584014893e-01
4.473379850387573242e-01
-1.444901823997497559e-01
-8.930310606956481934e-01
-1.067977070808410645e+00
-2.010976523160934448e-01
1.398204803466796875e+00
2.890496253967285156e+00
3.401076793670654297e+00
2.695274353027343750e+00
1.211369991302490234e+00
-2.215161323547363281e-01
-1.036501288414001465e+00
-1.151443004608154297e+00
-9.510732293128967285e-01
-8.257562518119812012e-01
-9.585435390472412109e-01
-1.213620901107788086e+00
-1.409639239311218262e+00
-1.421659469604492188e+00
-1.286962509155273438e+00
-1.024712324142456055e+00
-6.420531868934631348e-01
-1.076993346214294434e-01
4.742546379566192627e-01
9.232099056243896484e-01
1.056664228439331055e+00
9.222270250320434570e-01
7.552888393402099609e-01
8.327046632766723633e-01
1.149437308311462402e+00
1.388700485229492188e+00
1.097586393356323242e+00
1.195815801620483398e-01
-1.224755287170410156e+00
-2.253448247909545898e+00
-2.417536735534667969e+00
-1.674396395683288574e+00
-5.565988421440124512e-01
2.326783537864685059e-01
2.841000258922576904e-01
-2.659469842910766602e-01
-9.464268684387207031e-01
-1.349347829818725586e+00
-1.428079128265380859e+00
-1.410400867462158203e+00
-1.491223096847534180e+00
-1.584921598434448242e+00
-1.396333456039428711e+00
-7.394475936889648438e-01
2.104571461677551270e-01
9.778257012367248535e-01
1.162782907485961914e+00
7.828258275985717773e-01
3.005841672420501709e-01
2.393925786018371582e-01
7.428667545318603516e-01
1.397959232330322266e+00
1.561107754707336426e+00
8.649866580963134766e-01
-4.232142865657806396e-01
-1.580732345581054688e+00
-1.918508529663085938e+00
-1.303230643272399902e+00
-1.924823969602584839e-01
7.049818038940429688e-01
9.898452758789062500e-01
7.710129618644714355e-01
5.213608741760253906e-01
5.864360332489013672e-01
9.324184060096740723e-01
1.159460902214050293e+00
9.217753410339355469e-01
