9.625050425529479980e-01
9.640851616859436035e-01
-6.225511059165000916e-02
-1.175657749176025391e+00
-1.810454368591308594e+00
-1.588769316673278809e+00
-7.615190148353576660e-01
9.717485308647155762e-02
3.422451019287109375e-01
-1.412590593099594116e-01
-1.015674710273742676e+00
-1.611601471900939941e+00
-1.563093066215515137e+00
-9.076763391494750977e-01
-1.583239138126373291e-01
2.476773709058761597e-01
1.165308207273483276e-01
-2.707465291023254395e-01
-5.649572014808654785e-01
-4.906145036220550537e-01
-1.437871754169464111e-01
2.946847081184387207e-01
6.223140954971313477e-01
8.932976126670837402e-01
1.176921725273132324e+00
1.538127779960632324e+00
1.800973892211914062e+00
1.809032320976257324e+00
1.473028540611267090e+00
1.015595674514770508e+00
7.034511566162109375e-01
7.446121573448181152e-01
9.813079833984375000e-01
1.112375497817993164e+00
8.342026472091674805e-01
2.248452305793762207e-01
-3.792189359664916992e-01
-5.151847004890441895e-01
-5.206359922885894775e-02
7.843511700630187988e-01
1.442612051963806152e+00
1.501706957817077637e+00
8.315955400466918945e-01
-2.640311717987060547e-01
-1.361474990844726562e+00
-2.071957588195800781e+00
-2.285742044448852539e+00
-2.037906885147094727e+00
-1.493806600570678711e+00
-7.819810509681701660e-01
-9.196059405803680420e-02
3.943876922130584717e-01
4.678613543510437012e-01
9.638481587171554565e-02
-5.662212967872619629e-01
-1.145399212837219238e+00
-1.304987192153930664e+00
-8.901374340057373047e-01
-7.971498370170593262e-02
7.814280390739440918e-01
1.341487050056457520e+00
1.477452754974365234e+00
1.271015524864196777e+00
9.516815543174743652e-01
7.044782042503356934e-01
6.434081196784973145e-01
7.780308723449707031e-01
1.093414545059204102e+00
1.515058636665344238e+00
1.916556715965270996e+00
2.088153362274169922e+00
1.835340619087219238e+00
1.070108413696289062e+00
-8.714134991168975830e-02
-1.357682824134826660e+00
-2.419890880584716797e+00
-3.061560869216918945e+00
-3.230787277221679688e+00
-3.003098011016845703e+00
-2.487597227096557617e+00
-1.783040046691894531e+00
-9.882603287696838379e-01
-2.332986444234848022e-01
3.320535719394683838e-01
6.107004880905151367e-01
6.153617501258850098e-01
4.762357771396636963e-01
3.461952805519104004e-01
3.156997561454772949e-01
3.677633702754974365e-01
4.525345861911773682e-01
5.439421534538269043e-01
6.835421323776245117e-01
8.851602077484130859e-01
1.076586723327636719e+00
1.071214437484741211e+00
7.184618711471557617e-01
2.528126165270805359e-02
-7.529866099357604980e-01
-1.265643239021301270e+00
-1.245418190956115723e+00
-7.093764543533325195e-01
9.677983075380325317e-02
8.312004804611206055e-01
1.285947203636169434e+00
1.409035325050354004e+00
1.271884560585021973e+00
9.141546487808227539e-01
3.732936382293701172e-01
-2.785679101943969727e-01
-8.098694682121276855e-01
-9.463882446289062500e-01
-5.243492126464843750e-01
2.752497494220733643e-01
1.001928091049194336e+00
1.165703177452087402e+00
6.336906552314758301e-01
-2.747757136821746826e-01
-9.444131851196289062e-01
-9.460722208023071289e-01
-3.223361074924468994e-01
3.906745016574859619e-01
5.977438688278198242e-01
4.440021887421607971e-02
-9.602929353713989258e-01
-1.823095083236694336e+00
-2.062160968780517578e+00
-1.667141199111938477e+00
-1.002797126770019531e+00
-5.207940340042114258e-01
-3.879093825817108154e-01
-4.639111757278442383e-01
-4.735496342182159424e-01
-3.180698752403259277e-01
-1.110005453228950500e-01
-4.424221068620681763e-02
-1.161357983946800232e-01
-1.120275929570198059e-01
2.298224717378616333e-01
9.063332676887512207e-01
1.580789923667907715e+00
1.769214391708374023e+00
1.240677952766418457e+00
2.255562692880630493e-01
-6.841741800308227539e-01
-9.559477567672729492e-01
-4.771048128604888916e-01
3.630231320858001709e-01
9.820190668106079102e-01
1.008090376853942871e+00
5.123406052589416504e-01
-1.173998638987541199e-01
-5.027810931205749512e-01
-5.433891415596008301e-01
-4.165087938308715820e-01
-3.615220487117767334e-01
-4.603559970855712891e-01
-5.945836901664733887e-01
-6.084094047546386719e-01
-4.673083424568176270e-01
-2.976868748664855957e-01
-2.222380936145782471e-01
-2.191569507122039795e-01
-9.267162531614303589e-02
3.192549347877502441e-01
9.659812450408935547e-01
1.514742612838745117e+00
1.589717388153076172e+00
1.038506865501403809e+00
1.294874697923660278e-01
-6.288713812828063965e-01
-7.890124320983886719e-01
-3.224151134490966797e-01
4.025250971317291260e-01
8.353087306022644043e-01
6.800659894943237305e-01
4.392619431018829346e-02
-6.024841070175170898e-01
-8.214830160140991211e-01
-4.542726874351501465e-01
2.189989387989044189e-01
7.401089668273925781e-01
7.156177163124084473e-01
1.313045620918273926e-01
-7.197259664535522461e-01
-1.346464276313781738e+00
-1.423177123069763184e+00
-8.783658742904663086e-01
-5.135256331413984299e-03
7.914615273475646973e-01
1.108899354934692383e+00
8.379948735237121582e-01
1.072083562612533569e-01
-6.869392991065979004e-01
-1.182215094566345215e+00
-1.123910069465637207e+00
-5.956107378005981445e-01
1.428391337394714355e-01
6.909685134887695312e-01
8.353087306022644043e-01
5.425990819931030273e-01
7.702884823083877563e-02
-2.804639935493469238e-01
-2.776198685169219971e-01
4.898244515061378479e-02
5.298004746437072754e-01
8.416290283203125000e-01
8.202189803123474121e-01
4.194319546222686768e-01
-1.361237913370132446e-01
-6.148086786270141602e-01
-7.670493125915527344e-01
-5.929245948791503906e-01
-1.860542893409729004e-01
1.956137716770172119e-01
4.308875203132629395e-01
4.565638005733489990e-01
