1.053448677062988281e+00
1.077593564987182617e+00
1.098332777619361877e-01
-6.270503401756286621e-01
-7.629745006561279297e-01
-4.817918539047241211e-01
-2.647895812988281250e-01
-5.339755415916442871e-01
-1.175181031227111816e+00
-1.687010765075683594e+00
-1.506455302238464355e+00
-5.834351181983947754e-01
6.102135181427001953e-01
1.335097312927246094e+00
1.201298475265502930e+00
3.702276349067687988e-01
-5.243902206420898438e-01
-9.233579039573669434e-01
-6.445780992507934570e-01
-8.985459804534912109e-03
5.349412560462951660e-01
6.807537674903869629e-01
4.810066819190979004e-01
1.550411581993103027e-01
-6.274074316024780273e-02
-1.148682832717895508e-01
-3.608670830726623535e-02
8.452022075653076172e-02
1.869358718395233154e-01
1.545654237270355225e-01
-1.273629665374755859e-01
-7.180211544036865234e-01
-1.430241346359252930e+00
-1.869620680809020996e+00
-1.598146677017211914e+00
-5.121147632598876953e-01
1.013117551803588867e+00
2.243575572967529297e+00
2.556071519851684570e+00
1.829737186431884766e+00
5.490166544914245605e-01
-5.426763296127319336e-01
-9.103152751922607422e-01
-5.387249588966369629e-01
1.938169300556182861e-01
8.621923923492431641e-01
1.297113776206970215e+00
1.571111679077148438e+00
1.759478807449340820e+00
1.740992903709411621e+00
1.267577648162841797e+00
2.619151473045349121e-01
-9.477766752243041992e-01
-1.724749207496643066e+00
-1.555408239364624023e+00
-4.698432981967926025e-01
8.708113431930541992e-01
1.587013721466064453e+00
1.163081169128417969e+00
-1.631183028221130371e-01
-1.572815895080566406e+00
-2.205395221710205078e+00
-1.745066046714782715e+00
-5.678696632385253906e-01
5.411620140075683594e-01
9.696113467216491699e-01
6.165304780006408691e-01
-8.558750152587890625e-02
-5.729816555976867676e-01
-5.098096132278442383e-01
-1.666516065597534180e-02
5.010595917701721191e-01
6.182642579078674316e-01
2.128312289714813232e-01
-5.221428275108337402e-01
-1.161121249198913574e+00
-1.363009810447692871e+00
-1.029205083847045898e+00
-4.055654108524322510e-01
1.238404512405395508e-01
2.291283011436462402e-01
-8.211348950862884521e-02
-5.220037102699279785e-01
-6.533452272415161133e-01
-2.741717696189880371e-01
4.703135788440704346e-01
1.105549812316894531e+00
1.232733249664306641e+00
7.643383741378784180e-01
7.165509462356567383e-02
-3.731691241264343262e-01
-2.956182360649108887e-01
1.080502569675445557e-01
4.380120933055877686e-01
3.980172276496887207e-01
1.434363722801208496e-01
6.966030597686767578e-02
4.818449616432189941e-01
1.162953019142150879e+00
1.552130222320556641e+00
1.144523024559020996e+00
9.306198358535766602e-02
-8.540000915527343750e-01
-8.065544962882995605e-01
4.369750916957855225e-01
2.151247024536132812e+00
3.040132999420166016e+00
2.249405860900878906e+00
-2.914130687713623047e-03
-2.426917552947998047e+00
-3.609737396240234375e+00
-2.933934688568115234e+00
-1.051484942436218262e+00
7.113062143325805664e-01
1.275558471679687500e+00
5.925040245056152344e-01
-5.369960069656372070e-01
-1.127617239952087402e+00
-8.564698696136474609e-01
-1.332724839448928833e-01
3.095717132091522217e-01
1.614076495170593262e-01
-2.996972501277923584e-01
-4.800985455513000488e-01
-1.184549182653427124e-01
5.093601346015930176e-01
8.018126487731933594e-01
4.544948935508728027e-01
-3.031364083290100098e-01
-8.503260612487792969e-01
-7.879077196121215820e-01
-2.501852512359619141e-01
1.799001991748809814e-01
5.543780326843261719e-02
-5.506662726402282715e-01
-1.046594262123107910e+00
-8.820590972900390625e-01
-6.662942469120025635e-03
1.022871494293212891e+00
1.540211915969848633e+00
1.276022195816040039e+00
5.888057947158813477e-01
8.069059252738952637e-02
9.048789739608764648e-02
4.004845023155212402e-01
4.994190931320190430e-01
5.268359184265136719e-02
-7.707644104957580566e-01
-1.495450973510742188e+00
-1.762991189956665039e+00
-1.652479648590087891e+00
-1.503303766250610352e+00
-1.509339928627014160e+00
-1.416767120361328125e+00
-7.530447244644165039e-01
6.517674922943115234e-01
2.288669586181640625e+00
3.194679498672485352e+00
2.667645692825317383e+00
9.116860628128051758e-01
-9.732253551483154297e-01
-1.740746974945068359e+00
-9.195790290832519531e-01
8.107191920280456543e-01
2.136099576950073242e+00
2.112523317337036133e+00
8.888186216354370117e-01
-4.606028497219085693e-01
-8.015568852424621582e-01
1.484457850456237793e-01
1.650540709495544434e+00
2.536229372024536133e+00
2.153450965881347656e+00
7.882788181304931641e-01
-6.233779191970825195e-01
-1.326132059097290039e+00
-1.270636796951293945e+00
-1.072142243385314941e+00
-1.344521522521972656e+00
-2.165294885635375977e+00
-2.964641094207763672e+00
-3.078451871871948242e+00
-2.275211334228515625e+00
-1.009648442268371582e+00
-5.568325519561767578e-03
2.483160495758056641e-01
-1.078609228134155273e-01
-5.549182295799255371e-01
-5.777373313903808594e-01
-1.217382550239562988e-01
5.000185370445251465e-01
8.396039605140686035e-01
7.323985099792480469e-01
2.959471642971038818e-01
-1.512099057435989380e-01
-4.101606011390686035e-01
-4.046214520931243896e-01
-2.105368971824645996e-01
1.400368511676788330e-01
5.762897133827209473e-01
1.026852250099182129e+00
1.294303894042968750e+00
1.259291410446166992e+00
9.034214019775390625e-01
4.655321538448333740e-01
1.870763301849365234e-01
2.084427177906036377e-01
3.567410707473754883e-01
3.890752494335174561e-01
1.330758929252624512e-01
-2.453830391168594360e-01
-4.610965549945831299e-01
-2.812640964984893799e-01
1.401948481798171997e-01
4.430438876152038574e-01
2.579428851604461670e-01
-3.774664103984832764e-01
