2.312162518501281738e-02
4.684907197952270508e-02
-1.875410825014114380e-01
-3.447512984275817871e-01
-5.307258367538452148e-01
-7.113935351371765137e-01
-6.953868865966796875e-01
-3.275771141052246094e-01
3.327593207359313965e-01
9.683041572570800781e-01
1.224677562713623047e+00
9.709204435348510742e-01
4.418874084949493408e-01
5.670970678329467773e-02
1.076960116624832153e-01
4.996284842491149902e-01
8.315728902816772461e-01
6.933389902114868164e-01
1.779806613922119141e-02
-8.669581413269042969e-01
-1.456230998039245605e+00
-1.453390240669250488e+00
-9.475576877593994141e-01
-3.275671005249023438e-01
4.358506202697753906e-02
5.053544044494628906e-02
-1.436139643192291260e-01
-3.152325749397277832e-01
-3.496109247207641602e-01
-2.921968698501586914e-01
-1.942428797483444214e-01
-1.845136284828186035e-02
3.481503129005432129e-01
8.978959321975708008e-01
1.405289411544799805e+00
1.488614082336425781e+00
9.042857885360717773e-01
-2.352513074874877930e-01
-1.445676088333129883e+00
-2.178838253021240234e+00
-2.147165298461914062e+00
-1.493221759796142578e+00
-6.018325090408325195e-01
1.887505650520324707e-01
7.968969345092773438e-01
1.294963479042053223e+00
1.690361618995666504e+00
1.777992725372314453e+00
1.302427411079406738e+00
2.448628991842269897e-01
-9.836578965187072754e-01
-1.732095479965209961e+00
-1.535568952560424805e+00
-4.899550974369049072e-01
7.896988987922668457e-01
1.596024990081787109e+00
1.644392013549804688e+00
1.235278487205505371e+00
9.507308006286621094e-01
1.113610506057739258e+00
1.493796825408935547e+00
1.493093490600585938e+00
6.889309883117675781e-01
-7.383087873458862305e-01
-2.054271697998046875e+00
-2.483791351318359375e+00
-1.791992902755737305e+00
-4.633698463439941406e-01
6.499488353729248047e-01
9.440740346908569336e-01
4.479625523090362549e-01
-2.696466743946075439e-01
-5.892616510391235352e-01
-2.795567512512207031e-01
3.986892700195312500e-01
9.867304563522338867e-01
1.190011024475097656e+00
1.049717187881469727e+00
7.848572731018066406e-01
5.508802533149719238e-01
2.999998331069946289e-01
-8.383309096097946167e-02
-6.051723957061767578e-01
-1.053092718124389648e+00
-1.165749907493591309e+00
-8.306720256805419922e-01
-2.250086963176727295e-01
3.205946087837219238e-01
5.216063857078552246e-01
3.362007141113281250e-01
-9.876783937215805054e-02
-5.796316862106323242e-01
-9.957857131958007812e-01
-1.282446384429931641e+00
-1.383243680000305176e+00
-1.197916269302368164e+00
-7.303812503814697266e-01
-1.648456156253814697e-01
1.184692978858947754e-01
-1.653863191604614258e-01
-9.702928066253662109e-01
-1.792113542556762695e+00
-1.992558956146240234e+00
-1.208941578865051270e+00
2.788602113723754883e-01
1.716050386428833008e+00
2.308001041412353516e+00
1.806486487388610840e+00
6.163056492805480957e-01
-4.492621719837188721e-01
-7.824454307556152344e-01
-2.946137189865112305e-01
5.565114021301269531e-01
1.208680033683776855e+00
1.313014030456542969e+00
9.281333088874816895e-01
2.890070080757141113e-01
-3.470180630683898926e-01
-8.570218682289123535e-01
-1.098915934562683105e+00
-9.182046651840209961e-01
-1.612569242715835571e-01
1.031013488769531250e+00
2.203090906143188477e+00
2.698472499847412109e+00
2.172429084777832031e+00
8.500725626945495605e-01
-4.578986465930938721e-01
-9.480020403861999512e-01
-3.346573114395141602e-01
8.341356515884399414e-01
1.616919517517089844e+00
1.288488864898681641e+00
-4.747992753982543945e-02
-1.599501609802246094e+00
-2.390001296997070312e+00
-2.022685527801513672e+00
-8.601350784301757812e-01
2.112134248018264771e-01
5.139790773391723633e-01
-5.121345818042755127e-02
-9.397036433219909668e-01
-1.497621774673461914e+00
-1.350085973739624023e+00
-6.675975322723388672e-01
1.262592673301696777e-01
6.139662265777587891e-01
6.885061860084533691e-01
4.318187832832336426e-01
3.724443912506103516e-02
-3.990257978439331055e-01
-7.762396335601806641e-01
-1.019283056259155273e+00
-9.971507787704467773e-01
-7.183281779289245605e-01
-3.172051310539245605e-01
-8.123257756233215332e-02
-1.583713293075561523e-01
-4.803936183452606201e-01
-7.082536816596984863e-01
-5.700870156288146973e-01
-4.374772310256958008e-02
5.074200630187988281e-01
6.675656437873840332e-01
2.430137395858764648e-01
-4.707061052322387695e-01
-9.481781721115112305e-01
-7.544100284576416016e-01
4.618137329816818237e-02
9.958062767982482910e-01
1.515070080757141113e+00
1.396083593368530273e+00
8.651710748672485352e-01
4.359302818775177002e-01
4.283728599548339844e-01
7.881687879562377930e-01
1.100520133972167969e+00
1.006024241447448730e+00
4.430308043956756592e-01
-2.326371669769287109e-01
-5.707443952560424805e-01
-2.877168059349060059e-01
4.892843961715698242e-01
1.377564430236816406e+00
1.927575826644897461e+00
1.913690447807312012e+00
1.345443964004516602e+00
4.586054682731628418e-01
-4.613266289234161377e-01
-1.108801126480102539e+00
-1.283782958984375000e+00
-9.036622047424316406e-01
-1.349270939826965332e-01
6.665360927581787109e-01
1.042118549346923828e+00
7.240048646926879883e-01
-2.101528942584991455e-01
-1.290962219238281250e+00
-1.952503681182861328e+00
-1.839318752288818359e+00
-1.074037790298461914e+00
-1.448557972908020020e-01
3.788252770900726318e-01
2.469091117382049561e-01
-3.597170710563659668e-01
-9.482633471488952637e-01
-1.087664246559143066e+00
-6.628727316856384277e-01
5.174049735069274902e-02
6.323035955429077148e-01
7.724972963333129883e-01
4.931225478649139404e-01
6.935888528823852539e-02
-1.630614399909973145e-01
-5.798715353012084961e-02
2.760012745857238770e-01
5.611808896064758301e-01
