9.492414593696594238e-01
1.037464976310729980e+00
6.296606063842773438e-01
-3.368381261825561523e-01
-1.550078392028808594e+00
-2.239981889724731445e+00
-2.162169933319091797e+00
-1.340567469596862793e+00
-4.501561522483825684e-01
1.119857430458068848e-01
9.021311998367309570e-02
-1.000122427940368652e-01
-1.723775416612625122e-01
1.415306925773620605e-01
4.821428060531616211e-01
5.553085207939147949e-01
3.887645900249481201e-02
-7.404012680053710938e-01
-1.382496953010559082e+00
-1.341075181961059570e+00
-6.970541477203369141e-01
2.411553263664245605e-01
8.021783828735351562e-01
7.661640644073486328e-01
1.789730638265609741e-01
-3.529430031776428223e-01
-4.063771963119506836e-01
2.967573106288909912e-01
1.395541787147521973e+00
2.432810306549072266e+00
2.836882114410400391e+00
2.551151514053344727e+00
1.747177124023437500e+00
9.650284647941589355e-01
4.904556870460510254e-01
4.483132362365722656e-01
5.083517432212829590e-01
3.936773538589477539e-01
-1.268799304962158203e-01
-8.284047842025756836e-01
-1.395057916641235352e+00
-1.449988603591918945e+00
-1.049835562705993652e+00
-4.770538806915283203e-01
-2.194998711347579956e-01
-4.201451838016510010e-01
-9.067758321762084961e-01
-1.149892091751098633e+00
-8.209213614463806152e-01
5.779361724853515625e-02
9.593232274055480957e-01
1.353839993476867676e+00
1.008967876434326172e+00
2.967628240585327148e-01
-1.832921504974365234e-01
8.493661880493164062e-03
6.996806859970092773e-01
1.295699834823608398e+00
1.190220475196838379e+00
3.472015857696533203e-01
-6.629230380058288574e-01
-1.027655839920043945e+00
-3.705034852027893066e-01
9.370168447494506836e-01
1.984896659851074219e+00
2.005574464797973633e+00
9.517940878868103027e-01
-4.460602104663848877e-01
-1.210951685905456543e+00
-8.599257469177246094e-01
2.584210038185119629e-01
1.208472728729248047e+00
1.214281916618347168e+00
1.979545950889587402e-01
-1.130675196647644043e+00
-1.876549243927001953e+00
-1.576577901840209961e+00
-5.973273515701293945e-01
2.314082980155944824e-01
1.697537004947662354e-01
-8.031016588211059570e-01
-2.076491355895996094e+00
-2.763695716857910156e+00
-2.425784111022949219e+00
-1.239776849746704102e+00
6.020759046077728271e-02
8.249723911285400391e-01
7.794147729873657227e-01
2.486239671707153320e-01
-2.844730615615844727e-01
-4.171677827835083008e-01
-2.062365114688873291e-01
9.453302621841430664e-02
1.477160155773162842e-01
-5.530378222465515137e-02
-3.488794565200805664e-01
-4.069424271583557129e-01
-1.472393870353698730e-01
3.659897446632385254e-01
8.358330726623535156e-01
1.119213461875915527e+00
1.150385022163391113e+00
1.094933152198791504e+00
9.988322854042053223e-01
8.834705352783203125e-01
5.842545628547668457e-01
1.205629706382751465e-01
-3.760357499122619629e-01
-5.123880505561828613e-01
-7.806272059679031372e-02
8.865056633949279785e-01
1.838609933853149414e+00
2.189476490020751953e+00
1.548158288002014160e+00
2.110956609249114990e-01
-1.126213431358337402e+00
-1.649841308593750000e+00
-1.147210597991943359e+00
-2.035284042358398438e-02
8.463946580886840820e-01
8.824620246887207031e-01
1.155652403831481934e-01
-7.152367830276489258e-01
-8.832441568374633789e-01
-1.444754451513290405e-01
8.917872905731201172e-01
1.323617577552795410e+00
5.286356210708618164e-01
-1.193038940429687500e+00
-2.900042772293090820e+00
-3.556812286376953125e+00
-2.881017923355102539e+00
-1.419640064239501953e+00
-2.088179737329483032e-01
9.441386163234710693e-02
-4.294153749942779541e-01
-1.028843522071838379e+00
-1.013500452041625977e+00
-2.460739463567733765e-01
7.138332724571228027e-01
1.160786032676696777e+00
7.849920392036437988e-01
-3.822551667690277100e-02
-6.141396760940551758e-01
-4.737842082977294922e-01
2.268969118595123291e-01
8.768393397331237793e-01
9.127981662750244141e-01
2.829341888427734375e-01
-5.213711857795715332e-01
-8.718465566635131836e-01
-4.696530103683471680e-01
4.369007945060729980e-01
1.313003182411193848e+00
1.697887182235717773e+00
1.524704813957214355e+00
9.950715303421020508e-01
4.013692140579223633e-01
-1.515634506940841675e-01
-6.263616681098937988e-01
-9.977219104766845703e-01
-1.064614653587341309e+00
-7.005322575569152832e-01
6.185063719749450684e-02
8.113862276077270508e-01
1.110447168350219727e+00
6.827881932258605957e-01
-1.918959170579910278e-01
-9.917168021202087402e-01
-1.157301306724548340e+00
-6.643323898315429688e-01
1.595714390277862549e-01
7.350966930389404297e-01
8.770762085914611816e-01
7.178947329521179199e-01
7.362692356109619141e-01
1.088305473327636719e+00
1.642209887504577637e+00
1.830376386642456055e+00
1.356028676033020020e+00
2.298375964164733887e-01
-9.240965247154235840e-01
-1.556646108627319336e+00
-1.302240967750549316e+00
-5.075030922889709473e-01
3.175087273120880127e-01
5.545458793640136719e-01
1.732416749000549316e-01
-6.105087995529174805e-01
-1.200403809547424316e+00
-1.327204227447509766e+00
-8.391597270965576172e-01
-9.242329001426696777e-02
6.345635056495666504e-01
9.085168838500976562e-01
7.202451825141906738e-01
9.947526454925537109e-02
-4.808115959167480469e-01
-7.157751917839050293e-01
-2.455044984817504883e-01
6.791547536849975586e-01
1.662745475769042969e+00
1.932213425636291504e+00
1.234304785728454590e+00
-3.651245236396789551e-01
-2.027429580688476562e+00
-3.055929660797119141e+00
-2.892411470413208008e+00
-1.886843562126159668e+00
-5.909538269042968750e-01
2.114468216896057129e-01
4.581376910209655762e-01
3.243111073970794678e-01
4.237263798713684082e-01
8.353244066238403320e-01
1.480028748512268066e+00
1.784096479415893555e+00
