1.746706664562225342e-01
1.094599068164825439e-01
5.547355413436889648e-01
9.629403352737426758e-01
1.270363688468933105e+00
1.576532363891601562e+00
1.820145368576049805e+00
1.850181102752685547e+00
1.350526094436645508e+00
2.677276134490966797e-01
-1.148074150085449219e+00
-2.239961862564086914e+00
-2.458582878112792969e+00
-1.607223272323608398e+00
-1.545294970273971558e-01
1.173412919044494629e+00
1.711779832839965820e+00
1.384938597679138184e+00
5.480308532714843750e-01
-2.002692818641662598e-01
-5.686224699020385742e-01
-5.792469382286071777e-01
-5.500500798225402832e-01
-6.471462845802307129e-01
-8.604048490524291992e-01
-9.510395526885986328e-01
-8.218631148338317871e-01
-5.226981639862060547e-01
-3.159725069999694824e-01
-3.386585712432861328e-01
-5.898717045783996582e-01
-8.511649966239929199e-01
-9.977940320968627930e-01
-1.008691310882568359e+00
-1.038765311241149902e+00
-1.122316598892211914e+00
-1.157855391502380371e+00
-8.644599318504333496e-01
-1.173368543386459351e-01
9.648411273956298828e-01
1.938670396804809570e+00
2.383273601531982422e+00
2.093347311019897461e+00
1.283996224403381348e+00
3.606968820095062256e-01
-2.699410915374755859e-01
-4.775326251983642578e-01
-3.319068551063537598e-01
-3.854775428771972656e-02
2.686576843261718750e-01
4.819306135177612305e-01
5.322269797325134277e-01
3.043395578861236572e-01
-2.332543730735778809e-01
-9.808062314987182617e-01
-1.643194675445556641e+00
-1.913649678230285645e+00
-1.632899522781372070e+00
-9.418797492980957031e-01
-1.604532003402709961e-01
3.955323994159698486e-01
6.267895698547363281e-01
6.338422298431396484e-01
5.954102277755737305e-01
5.917990207672119141e-01
5.905507802963256836e-01
5.348719954490661621e-01
4.578771591186523438e-01
4.584813416004180908e-01
5.753731727600097656e-01
6.819038391113281250e-01
5.399298667907714844e-01
1.259231567382812500e-02
-7.649160027503967285e-01
-1.403814554214477539e+00
-1.538252472877502441e+00
-1.101289987564086914e+00
-4.238548278808593750e-01
2.434179186820983887e-02
-2.203658223152160645e-02
-3.805562853813171387e-01
-6.004968285560607910e-01
-3.125800490379333496e-01
4.109430909156799316e-01
1.120586872100830078e+00
1.301655292510986328e+00
8.305646181106567383e-01
4.665754735469818115e-02
-4.671130478382110596e-01
-3.823513984680175781e-01
1.690762341022491455e-01
6.693165898323059082e-01
6.946277618408203125e-01
2.114776372909545898e-01
-3.417412340641021729e-01
-4.679252803325653076e-01
3.907221555709838867e-02
8.428380489349365234e-01
1.357558250427246094e+00
1.100976943969726562e+00
1.148463934659957886e-01
-1.115515947341918945e+00
-1.898159146308898926e+00
-1.833480477333068848e+00
-9.664798974990844727e-01
1.923325657844543457e-01
1.054235935211181641e+00
1.204601883888244629e+00
6.762694120407104492e-01
-1.859301924705505371e-01
-8.680631518363952637e-01
-1.062764286994934082e+00
-7.587331533432006836e-01
-3.123173713684082031e-01
-1.284766197204589844e-01
-4.614492952823638916e-01
-1.136442661285400391e+00
-1.713615536689758301e+00
-1.691844224929809570e+00
-9.426128864288330078e-01
2.460060417652130127e-01
1.252514600753784180e+00
1.603556871414184570e+00
1.198153734207153320e+00
4.251470267772674561e-01
-2.138463854789733887e-01
-3.824261426925659180e-01
-1.737830042839050293e-01
1.169198304414749146e-01
2.070767432451248169e-01
1.230257526040077209e-01
5.430555343627929688e-02
2.018134295940399170e-01
5.016875863075256348e-01
7.575496435165405273e-01
7.871915102005004883e-01
6.938133835792541504e-01
7.280687689781188965e-01
1.099332809448242188e+00
1.658138751983642578e+00
2.007592201232910156e+00
1.750348091125488281e+00
9.070461392402648926e-01
-8.741849660873413086e-02
-6.276382207870483398e-01
-4.486033320426940918e-01
2.133714854717254639e-01
7.598711252212524414e-01
7.475206851959228516e-01
1.696226447820663452e-01
-5.479961633682250977e-01
-9.914636611938476562e-01
-1.080919265747070312e+00
-1.132259249687194824e+00
-1.459626793861389160e+00
-2.018444061279296875e+00
-2.312577247619628906e+00
-1.805736899375915527e+00
-4.141461849212646484e-01
1.252129197120666504e+00
2.228610038757324219e+00
1.818799018859863281e+00
1.100647971034049988e-01
-2.062927484512329102e+00
-3.624251842498779297e+00
-3.895031929016113281e+00
-2.897659778594970703e+00
-1.195337057113647461e+00
5.322066545486450195e-01
1.839188456535339355e+00
2.575005769729614258e+00
2.765938520431518555e+00
2.479728221893310547e+00
1.847772836685180664e+00
1.094666719436645508e+00
5.137220025062561035e-01
2.576634287834167480e-01
2.233846783638000488e-01
8.454045653343200684e-02
-3.685911297798156738e-01
-9.838200807571411133e-01
-1.223118305206298828e+00
-6.101969480514526367e-01
8.311467170715332031e-01
2.368003845214843750e+00
3.015750885009765625e+00
2.188424587249755859e+00
2.551301419734954834e-01
-1.691661119461059570e+00
-2.502019643783569336e+00
-1.834583282470703125e+00
-3.081777691841125488e-01
9.191102981567382812e-01
1.091690778732299805e+00
3.113691210746765137e-01
-5.421262383460998535e-01
-6.310201883316040039e-01
2.538554668426513672e-01
1.476493954658508301e+00
2.180900335311889648e+00
1.881231784820556641e+00
8.967621922492980957e-01
-4.625372588634490967e-02
-3.161329627037048340e-01
6.209501624107360840e-02
5.966927409172058105e-01
6.716187000274658203e-01
1.353744268417358398e-01
-7.378904819488525391e-01
-1.416341185569763184e+00
-1.643828868865966797e+00
-1.461842417716979980e+00
-1.190725684165954590e+00
-9.910648465156555176e-01
-8.627402782440185547e-01
-6.018708944320678711e-01
-1.726614385843276978e-01
