-6.924557685852050781e-01
-6.961675286293029785e-01
-4.180249273777008057e-01
-4.028457403182983398e-01
-5.448172688484191895e-01
-5.841591954231262207e-01
-1.473061293363571167e-01
7.425760626792907715e-01
1.755027174949645996e+00
2.271562099456787109e+00
1.984207391738891602e+00
9.945276975631713867e-01
-5.628424882888793945e-02
-5.645381212234497070e-01
-2.161931693553924561e-01
6.619507074356079102e-01
1.502393841743469238e+00
1.747442722320556641e+00
1.350822329521179199e+00
5.963076353073120117e-01
-2.305678278207778931e-02
-2.954989969730377197e-01
-2.411524653434753418e-01
-1.260825395584106445e-01
-6.940233707427978516e-02
-8.486914634704589844e-02
-2.153390645980834961e-02
1.055055260658264160e-01
1.782100498676300049e-01
-5.576959252357482910e-02
-6.324256062507629395e-01
-1.388694524765014648e+00
-1.923159122467041016e+00
-1.969305515289306641e+00
-1.479028344154357910e+00
-7.537790536880493164e-01
-1.464720368385314941e-01
5.435740947723388672e-02
-1.689619123935699463e-01
-7.334831357002258301e-01
-1.482137441635131836e+00
-2.332057237625122070e+00
-3.122714519500732422e+00
-3.627423048019409180e+00
-3.514556646347045898e+00
-2.620837450027465820e+00
-1.081654071807861328e+00
5.709607005119323730e-01
1.714067697525024414e+00
1.941847443580627441e+00
1.380879640579223633e+00
5.662767887115478516e-01
1.371402740478515625e-01
3.827799260616302490e-01
1.125263452529907227e+00
1.858167886734008789e+00
2.166549444198608398e+00
1.978616476058959961e+00
1.587805509567260742e+00
1.344068288803100586e+00
1.370538473129272461e+00
1.447554826736450195e+00
1.228558659553527832e+00
5.479575395584106445e-01
-3.782072067260742188e-01
-1.063852310180664062e+00
-1.073539614677429199e+00
-3.383553326129913330e-01
7.600967884063720703e-01
1.612394571304321289e+00
1.728711128234863281e+00
1.021348953247070312e+00
-1.881919205188751221e-01
-1.358429551124572754e+00
-2.036970138549804688e+00
-2.030140876770019531e+00
-1.458867788314819336e+00
-6.185184717178344727e-01
1.404658704996109009e-01
5.676853060722351074e-01
5.456590056419372559e-01
1.542583256959915161e-01
-3.917375504970550537e-01
-7.700679302215576172e-01
-7.344169616699218750e-01
-2.020116746425628662e-01
6.245537996292114258e-01
1.383662104606628418e+00
1.691739082336425781e+00
1.410859584808349609e+00
6.746303439140319824e-01
-1.456873118877410889e-01
-7.315566539764404297e-01
-9.495981931686401367e-01
-9.579526782035827637e-01
-9.909739494323730469e-01
-1.213803529739379883e+00
-1.525594949722290039e+00
-1.687462091445922852e+00
-1.443875908851623535e+00
-7.788218855857849121e-01
1.233813166618347168e-01
9.304122924804687500e-01
1.433013916015625000e+00
1.577550172805786133e+00
1.503131628036499023e+00
1.326063632965087891e+00
1.104784488677978516e+00
7.641906738281250000e-01
2.735903859138488770e-01
-3.280963897705078125e-01
-8.528938293457031250e-01
-1.142724514007568359e+00
-1.116133332252502441e+00
-8.811798095703125000e-01
-5.848597288131713867e-01
-3.576157987117767334e-01
-1.701834201812744141e-01
5.772340297698974609e-02
4.184002578258514404e-01
8.679086565971374512e-01
1.304045677185058594e+00
1.592014193534851074e+00
1.706488013267517090e+00
1.674424886703491211e+00
1.565526723861694336e+00
1.371526956558227539e+00
1.067398190498352051e+00
6.232184171676635742e-01
1.129342541098594666e-01
-3.575533330440521240e-01
-6.894879937171936035e-01
-9.043633937835693359e-01
-1.065567731857299805e+00
-1.209300756454467773e+00
-1.218032598495483398e+00
-9.139911532402038574e-01
-2.149865627288818359e-01
6.613073945045471191e-01
1.247818231582641602e+00
1.073268532752990723e+00
4.225677251815795898e-02
-1.412293195724487305e+00
-2.501105785369873047e+00
-2.561727762222290039e+00
-1.487942934036254883e+00
1.710734367370605469e-01
1.555143594741821289e+00
2.035570621490478516e+00
1.581086874008178711e+00
7.118301391601562500e-01
7.663995027542114258e-02
1.642102003097534180e-02
3.829491436481475830e-01
7.607786059379577637e-01
8.099825382232666016e-01
5.258463025093078613e-01
1.439893543720245361e-01
-8.398514986038208008e-02
-1.364929974079132080e-01
-1.598900258541107178e-01
-3.174630403518676758e-01
-5.617383122444152832e-01
-7.186242341995239258e-01
-6.294440031051635742e-01
-3.944780230522155762e-01
-2.753503024578094482e-01
-5.222539305686950684e-01
-1.042540073394775391e+00
-1.456900954246520996e+00
-1.280016899108886719e+00
-3.762233853340148926e-01
9.506545662879943848e-01
2.032754898071289062e+00
2.347229003906250000e+00
1.764139652252197266e+00
6.901000142097473145e-01
-3.305278718471527100e-01
-8.887999057769775391e-01
-1.020394802093505859e+00
-9.747799634933471680e-01
-1.045981168746948242e+00
-1.227501630783081055e+00
-1.360503911972045898e+00
-1.205065488815307617e+00
-7.812209129333496094e-01
-2.489506602287292480e-01
1.068945527076721191e-01
2.207160145044326782e-01
1.592745929956436157e-01
1.620779633522033691e-01
2.993601560592651367e-01
5.350884199142456055e-01
6.220034956932067871e-01
4.334931075572967529e-01
-7.504698634147644043e-02
-6.798799633979797363e-01
-1.164878368377685547e+00
-1.267304778099060059e+00
-9.387506246566772461e-01
-1.823257505893707275e-01
7.760689258575439453e-01
1.700619935989379883e+00
2.211600542068481445e+00
2.093257904052734375e+00
1.239949703216552734e+00
-5.471134185791015625e-02
-1.354871988296508789e+00
-2.087809085845947266e+00
-2.011010169982910156e+00
-1.159001708030700684e+00
-2.424120903015136719e-04
9.991905093193054199e-01
1.422168970108032227e+00
1.248726725578308105e+00
6.077511310577392578e-01
-1.581463217735290527e-01
