-5.825560092926025391e-01
-6.063582897186279297e-01
-9.339609146118164062e-01
-1.064033508300781250e+00
-8.185273408889770508e-01
-1.707430779933929443e-01
6.220985651016235352e-01
1.183455824851989746e+00
1.224985837936401367e+00
8.091243505477905273e-01
3.043991327285766602e-01
1.677449494600296021e-01
5.696483850479125977e-01
1.254341006278991699e+00
1.662678480148315430e+00
1.347495794296264648e+00
3.037602901458740234e-01
-9.638549089431762695e-01
-1.771768569946289062e+00
-1.707025051116943359e+00
-9.206387996673583984e-01
-1.164156198501586914e-02
3.885155320167541504e-01
5.244737863540649414e-02
-7.139335870742797852e-01
-1.325500369071960449e+00
-1.352330088615417480e+00
-8.169444799423217773e-01
-1.296305656433105469e-01
2.467351555824279785e-01
1.601976156234741211e-01
-1.501562297344207764e-01
-2.610583305358886719e-01
7.000225782394409180e-02
7.263585329055786133e-01
1.303846836090087891e+00
1.434754371643066406e+00
1.027936220169067383e+00
3.380776345729827881e-01
-2.568249106407165527e-01
-4.845871329307556152e-01
-3.468837738037109375e-01
-2.559944987297058105e-02
2.502816319465637207e-01
3.720797300338745117e-01
3.301448822021484375e-01
1.886557936668395996e-01
-7.545113563537597656e-03
-1.836483478546142578e-01
-2.524524331092834473e-01
-1.013606190681457520e-01
2.734809219837188721e-01
7.335957884788513184e-01
9.983849525451660156e-01
8.647875785827636719e-01
3.518629670143127441e-01
-2.146540731191635132e-01
-4.303046762943267822e-01
-6.587910652160644531e-02
6.957160830497741699e-01
1.384192466735839844e+00
1.510272264480590820e+00
9.439824819564819336e-01
-2.862189710140228271e-02
-8.646156787872314453e-01
-1.165686011314392090e+00
-8.897923231124877930e-01
-3.678672909736633301e-01
-9.498819708824157715e-04
-1.549282670021057129e-02
-3.143444955348968506e-01
-6.342898607254028320e-01
-7.318313717842102051e-01
-5.655525326728820801e-01
-2.507707476615905762e-01
3.107318282127380371e-02
1.789985150098800659e-01
1.783379465341567993e-01
9.565164893865585327e-02
1.042917370796203613e-02
1.420357823371887207e-02
1.588281542062759399e-01
4.209609329700469971e-01
6.348868608474731445e-01
5.466920733451843262e-01
-4.078310728073120117e-02
-1.061185240745544434e+00
-2.129320859909057617e+00
-2.712565660476684570e+00
-2.488051891326904297e+00
-1.610029935836791992e+00
-6.584997773170471191e-01
-2.440057992935180664e-01
-5.267435312271118164e-01
-1.046578884124755859e+00
-1.021057367324829102e+00
3.780764341354370117e-02
1.885425686836242676e+00
3.600198268890380859e+00
4.195663452148437500e+00
3.288005828857421875e+00
1.397197246551513672e+00
-4.327465891838073730e-01
-1.323944568634033203e+00
-1.150954246520996094e+00
-4.861105680465698242e-01
-1.045288145542144775e-01
-3.306435644626617432e-01
-8.748020529747009277e-01
-1.103965997695922852e+00
-6.502202749252319336e-01
3.216235041618347168e-01
1.203653573989868164e+00
1.476383209228515625e+00
1.023308277130126953e+00
2.009883224964141846e-01
-5.637599229812622070e-01
-1.039315581321716309e+00
-1.325195312500000000e+00
-1.536558866500854492e+00
-1.635063052177429199e+00
-1.339853763580322266e+00
-5.028170943260192871e-01
7.019882202148437500e-01
1.687615752220153809e+00
1.927473545074462891e+00
1.293560028076171875e+00
3.023428320884704590e-01
-3.241379857063293457e-01
-1.051254570484161377e-01
7.343744039535522461e-01
1.536526441574096680e+00
1.628344058990478516e+00
9.389796853065490723e-01
-8.397862315177917480e-02
-7.628690600395202637e-01
-8.602046966552734375e-01
-6.283633708953857422e-01
-6.493402719497680664e-01
-1.161982417106628418e+00
-1.916238665580749512e+00
-2.232247591018676758e+00
-1.696817398071289062e+00
-4.354999661445617676e-01
7.866687774658203125e-01
1.241454720497131348e+00
6.466335058212280273e-01
-4.870502948760986328e-01
-1.375893592834472656e+00
-1.395852804183959961e+00
-6.463910341262817383e-01
3.199582099914550781e-01
8.025727868080139160e-01
6.047687530517578125e-01
-2.160012722015380859e-02
-4.726153016090393066e-01
-4.016063809394836426e-01
2.208326160907745361e-01
9.901314973831176758e-01
1.539037704467773438e+00
1.594178199768066406e+00
1.230274915695190430e+00
5.733717679977416992e-01
-1.292606294155120850e-01
-7.642738819122314453e-01
-1.144578218460083008e+00
-1.222912907600402832e+00
-9.476830363273620605e-01
-5.153676271438598633e-01
-1.184443086385726929e-01
4.532016813755035400e-03
-8.180589973926544189e-02
-2.064196020364761353e-01
-5.975741147994995117e-02
3.790055513381958008e-01
9.575142860412597656e-01
1.279882550239562988e+00
1.175836920738220215e+00
6.737101078033447266e-01
1.508034169673919678e-01
-1.183420121669769287e-01
1.275098696351051331e-02
3.293924629688262939e-01
6.496394276618957520e-01
8.420301675796508789e-01
1.076400160789489746e+00
1.445753335952758789e+00
1.934990763664245605e+00
2.160928726196289062e+00
1.792774915695190430e+00
6.931679844856262207e-01
-7.057683467864990234e-01
-1.763521909713745117e+00
-1.871260881423950195e+00
-1.033933043479919434e+00
2.640827298164367676e-01
1.202022314071655273e+00
1.301400899887084961e+00
5.385619401931762695e-01
-5.469884872436523438e-01
-1.406780004501342773e+00
-1.673901557922363281e+00
-1.468544721603393555e+00
-1.055495977401733398e+00
-7.532978057861328125e-01
-5.984024405479431152e-01
-5.657620429992675781e-01
-5.439531803131103516e-01
-5.940014123916625977e-01
-7.248966693878173828e-01
-9.350485801696777344e-01
-1.001810073852539062e+00
-7.458350658416748047e-01
-6.052421033382415771e-02
8.287944793701171875e-01
1.599470615386962891e+00
1.909607887268066406e+00
