-2.103348076343536377e-01
-2.169158011674880981e-01
-9.218849539756774902e-01
-1.227942943572998047e+00
-1.013052940368652344e+00
-6.599264144897460938e-01
-4.374479353427886963e-01
-5.865443944931030273e-01
-8.474947214126586914e-01
-9.852840304374694824e-01
-7.133604884147644043e-01
-2.332319617271423340e-01
1.974255442619323730e-01
1.776816695928573608e-01
-2.374748885631561279e-01
-8.506904244422912598e-01
-1.185026884078979492e+00
-1.093559622764587402e+00
-5.675972700119018555e-01
2.872365713119506836e-02
5.146031975746154785e-01
7.577803134918212891e-01
9.836066961288452148e-01
1.299850106239318848e+00
1.811263799667358398e+00
2.270523309707641602e+00
2.484218597412109375e+00
2.218805074691772461e+00
1.598423957824707031e+00
8.023428916931152344e-01
1.883943080902099609e-01
-1.207609176635742188e-01
-4.828000068664550781e-02
2.188539057970046997e-01
5.581863522529602051e-01
7.491872906684875488e-01
7.480407953262329102e-01
4.850554466247558594e-01
9.221975505352020264e-02
-3.183417916297912598e-01
-5.081613063812255859e-01
-4.110479354858398438e-01
-3.137832880020141602e-02
3.595893085002899170e-01
5.065554380416870117e-01
1.698897778987884521e-01
-5.730395317077636719e-01
-1.485746026039123535e+00
-2.166964769363403320e+00
-2.401130199432373047e+00
-2.150506734848022461e+00
-1.661519050598144531e+00
-1.175076723098754883e+00
-8.637368679046630859e-01
-6.396304368972778320e-01
-3.336823880672454834e-01
2.347219288349151611e-01
1.022403001785278320e+00
1.828848361968994141e+00
2.327828407287597656e+00
2.309077262878417969e+00
1.734632372856140137e+00
8.061963915824890137e-01
-1.750586926937103271e-01
-8.961150050163269043e-01
-1.176780104637145996e+00
-9.832708835601806641e-01
-4.490668177604675293e-01
1.943776756525039673e-01
6.752963066101074219e-01
7.931270003318786621e-01
5.071347355842590332e-01
-2.057522535324096680e-02
-4.764356613159179688e-01
-5.605828166007995605e-01
-1.530723869800567627e-01
5.708894729614257812e-01
1.242104053497314453e+00
1.484698414802551270e+00
1.180365324020385742e+00
5.142472386360168457e-01
-1.131971180438995361e-01
-3.993156552314758301e-01
-2.973205447196960449e-01
-7.960346341133117676e-02
-6.053183972835540771e-02
-3.960053920745849609e-01
-8.902956247329711914e-01
-1.200531125068664551e+00
-1.034773588180541992e+00
-4.514386653900146484e-01
2.501255869865417480e-01
6.893896460533142090e-01
7.695895433425903320e-01
6.649079322814941406e-01
7.349895238876342773e-01
1.122229337692260742e+00
1.680443406105041504e+00
1.980641007423400879e+00
1.728180050849914551e+00
9.262049198150634766e-01
-9.554147720336914062e-03
-6.356235742568969727e-01
-7.144374251365661621e-01
-4.677111506462097168e-01
-2.921920120716094971e-01
-5.243399143218994141e-01
-1.078291893005371094e+00
-1.607243537902832031e+00
-1.692781567573547363e+00
-1.270073771476745605e+00
-5.893729925155639648e-01
-1.165690273046493530e-01
-9.530415385961532593e-02
-4.778127372264862061e-01
-9.019316434860229492e-01
-1.068554401397705078e+00
-8.527004718780517578e-01
-4.221808314323425293e-01
3.808921575546264648e-02
4.032028317451477051e-01
7.436358928680419922e-01
1.100880980491638184e+00
1.448389530181884766e+00
1.588229179382324219e+00
1.388076305389404297e+00
8.483387827873229980e-01
2.106162011623382568e-01
-2.840665280818939209e-01
-5.111846923828125000e-01
-6.087221503257751465e-01
-7.626024484634399414e-01
-1.054488658905029297e+00
-1.286317348480224609e+00
-1.166192650794982910e+00
-5.199472308158874512e-01
4.604589939117431641e-01
1.331518054008483887e+00
1.643689155578613281e+00
1.290143013000488281e+00
5.525029897689819336e-01
-7.415783405303955078e-02
-2.487963140010833740e-01
1.952546834945678711e-02
4.121925830841064453e-01
5.760726928710937500e-01
3.734757602214813232e-01
-5.418211966753005981e-02
-4.266253709793090820e-01
-5.474274754524230957e-01
-3.940542638301849365e-01
-9.466201066970825195e-02
2.192309498786926270e-01
4.459299445152282715e-01
5.387772321701049805e-01
4.228606224060058594e-01
7.880565524101257324e-02
-4.290964007377624512e-01
-8.458575606346130371e-01
-9.041450023651123047e-01
-4.721426963806152344e-01
1.863127946853637695e-01
5.746118426322937012e-01
1.953932940959930420e-01
-9.531348943710327148e-01
-2.352264642715454102e+00
-3.121512889862060547e+00
-2.699194669723510742e+00
-1.163600564002990723e+00
6.280499696731567383e-01
1.685793042182922363e+00
1.415472269058227539e+00
1.664708554744720459e-01
-1.126200914382934570e+00
-1.426653146743774414e+00
-4.548113048076629639e-01
1.275492310523986816e+00
2.639564514160156250e+00
2.822300434112548828e+00
1.682493448257446289e+00
7.808521389961242676e-03
-1.201185226440429688e+00
-1.190587043762207031e+00
-1.079072058200836182e-01
1.331286311149597168e+00
2.121649742126464844e+00
1.801852703094482422e+00
4.790995121002197266e-01
-1.075416803359985352e+00
-2.159179687500000000e+00
-2.312405109405517578e+00
-1.760087728500366211e+00
-9.487936496734619141e-01
-4.698878526687622070e-01
-4.640061557292938232e-01
-8.576105237007141113e-01
-1.227636814117431641e+00
-1.372506856918334961e+00
-1.160523891448974609e+00
-8.343163132667541504e-01
-5.325075387954711914e-01
-4.642406702041625977e-01
-5.217425823211669922e-01
-6.852098703384399414e-01
-7.756797075271606445e-01
-8.436144590377807617e-01
-7.707589864730834961e-01
-5.621876716613769531e-01
1.264035701751708984e-03
8.882125020027160645e-01
2.049875974655151367e+00
3.023006439208984375e+00
3.451655864715576172e+00
2.971918106079101562e+00
1.783999800682067871e+00
2.526371181011199951e-01
-9.563336968421936035e-01
