1.935315132141113281e+00
1.928512930870056152e+00
1.779452323913574219e+00
1.055368900299072266e+00
-4.034191370010375977e-02
-9.616637229919433594e-01
-1.453726291656494141e+00
-1.464710593223571777e+00
-1.321062564849853516e+00
-1.140256166458129883e+00
-9.218117594718933105e-01
-3.621175885200500488e-01
5.426290035247802734e-01
1.553604602813720703e+00
2.007957458496093750e+00
1.514868140220642090e+00
6.937209516763687134e-02
-1.608547210693359375e+00
-2.729146480560302734e+00
-2.689599037170410156e+00
-1.680344104766845703e+00
-2.736189961433410645e-01
7.468703389167785645e-01
1.109197497367858887e+00
8.876028656959533691e-01
5.495547056198120117e-01
3.222966194152832031e-01
2.813504934310913086e-01
1.600725203752517700e-01
-1.371672004461288452e-01
-6.336564421653747559e-01
-1.040457725524902344e+00
-1.194005966186523438e+00
-9.502045512199401855e-01
-4.702561497688293457e-01
1.294513046741485596e-01
6.347693204879760742e-01
1.027389526367187500e+00
1.216987013816833496e+00
1.262441277503967285e+00
1.137212753295898438e+00
9.799200296401977539e-01
8.283716440200805664e-01
7.804865241050720215e-01
7.137650251388549805e-01
5.574277639389038086e-01
1.955370604991912842e-01
-2.133100032806396484e-01
-4.860941171646118164e-01
-3.854310512542724609e-01
-8.051335811614990234e-03
3.947910070419311523e-01
4.134166240692138672e-01
-4.893839359283447266e-02
-8.240950107574462891e-01
-1.424430370330810547e+00
-1.537030696868896484e+00
-1.103510379791259766e+00
-4.914408326148986816e-01
-6.404370069503784180e-02
-4.379957914352416992e-02
-2.509705424308776855e-01
-4.250434041023254395e-01
-3.555412292480468750e-01
-1.719408333301544189e-01
-8.716118335723876953e-02
-2.778249084949493408e-01
-5.880382061004638672e-01
-7.429746389389038086e-01
-4.966302216053009033e-01
4.304210841655731201e-02
5.687254667282104492e-01
7.368098497390747070e-01
5.443397760391235352e-01
2.630429863929748535e-01
2.853021323680877686e-01
7.104433774948120117e-01
1.302470207214355469e+00
1.596119523048400879e+00
1.329036593437194824e+00
6.091071367263793945e-01
-9.660462290048599243e-02
-3.605078458786010742e-01
-6.287518143653869629e-02
4.918793737888336182e-01
8.596678376197814941e-01
7.542377710342407227e-01
2.695167064666748047e-01
-2.636004686355590820e-01
-5.232923626899719238e-01
-4.438055455684661865e-01
-1.938313692808151245e-01
-1.052376627922058105e-02
4.472032189369201660e-03
-9.708376228809356689e-02
-2.303285002708435059e-01
-4.254831671714782715e-01
-8.256672620773315430e-01
-1.519042730331420898e+00
-2.360912322998046875e+00
-2.941430091857910156e+00
-2.815497398376464844e+00
-1.806768417358398438e+00
-2.294719219207763672e-01
1.240025997161865234e+00
1.904949665069580078e+00
1.497096538543701172e+00
3.314087390899658203e-01
-8.336820602416992188e-01
-1.268286228179931641e+00
-6.659813523292541504e-01
6.519088745117187500e-01
1.981257677078247070e+00
2.613162994384765625e+00
2.267956733703613281e+00
1.163219928741455078e+00
-1.324124038219451904e-01
-1.104066848754882812e+00
-1.509144306182861328e+00
-1.468870520591735840e+00
-1.221178531646728516e+00
-9.475312232971191406e-01
-6.079134941101074219e-01
-1.007511168718338013e-01
6.173713207244873047e-01
1.358599424362182617e+00
1.839940071105957031e+00
1.819676876068115234e+00
1.327852249145507812e+00
5.946926474571228027e-01
-5.249679088592529297e-02
-4.562495946884155273e-01
-6.259849071502685547e-01
-6.990483999252319336e-01
-7.075215578079223633e-01
-5.825023651123046875e-01
-1.908197700977325439e-01
4.182936251163482666e-01
1.008303284645080566e+00
1.218715190887451172e+00
8.834974765777587891e-01
1.406192183494567871e-01
-5.779472589492797852e-01
-8.880360722541809082e-01
-6.806305050849914551e-01
-2.394398301839828491e-01
2.889907732605934143e-02
-1.332432031631469727e-01
-5.996840000152587891e-01
-1.015636682510375977e+00
-1.043859601020812988e+00
-6.619830131530761719e-01
-1.371026635169982910e-01
1.507896482944488525e-01
7.282733917236328125e-03
-4.950482547283172607e-01
-1.073371410369873047e+00
-1.444729089736938477e+00
-1.422986745834350586e+00
-9.541755318641662598e-01
-5.964452028274536133e-02
1.132238030433654785e+00
2.341466426849365234e+00
3.132099628448486328e+00
3.083587646484375000e+00
2.060393810272216797e+00
3.935592770576477051e-01
-1.213554620742797852e+00
-2.071136474609375000e+00
-1.912519216537475586e+00
-1.056313872337341309e+00
-1.444767415523529053e-01
3.035764098167419434e-01
2.420375943183898926e-01
1.107291877269744873e-02
-6.632521748542785645e-03
2.183569520711898804e-01
3.765602409839630127e-01
1.045499891042709351e-01
-5.681268572807312012e-01
-1.186953544616699219e+00
-1.140254020690917969e+00
-2.259245514869689941e-01
1.163207650184631348e+00
2.194939851760864258e+00
2.234985828399658203e+00
1.233042240142822266e+00
-1.744030416011810303e-01
-1.197583913803100586e+00
-1.345301151275634766e+00
-7.740795016288757324e-01
1.661605387926101685e-02
5.127738714218139648e-01
6.137859821319580078e-01
4.838239848613739014e-01
4.076837897300720215e-01
4.297140240669250488e-01
4.882753193378448486e-01
4.590577781200408936e-01
4.398467242717742920e-01
5.410006642341613770e-01
8.370038270950317383e-01
1.097308158874511719e+00
1.075702667236328125e+00
6.327057480812072754e-01
7.474789768457412720e-02
-1.677657514810562134e-01
2.442597597837448120e-01
1.054975271224975586e+00
1.661199569702148438e+00
1.369252681732177734e+00
1.043242141604423523e-01
-1.628536224365234375e+00
-2.882537603378295898e+00
-3.084193229675292969e+00
-2.231801509857177734e+00
-1.023435473442077637e+00
