7.120827436447143555e-01
6.913647651672363281e-01
2.185467481613159180e-01
-6.887330114841461182e-02
-1.529771238565444946e-01
-6.999319419264793396e-03
1.815903484821319580e-01
3.940337002277374268e-01
5.215892791748046875e-01
6.011015772819519043e-01
4.863687157630920410e-01
1.569527387619018555e-01
-4.419650435447692871e-01
-1.042114734649658203e+00
-1.364083409309387207e+00
-1.064456462860107422e+00
-2.303056120872497559e-01
7.971944808959960938e-01
1.360163807868957520e+00
1.094469547271728516e+00
-8.679156191647052765e-03
-1.351260662078857422e+00
-2.269123315811157227e+00
-2.248909473419189453e+00
-1.425677418708801270e+00
-2.877000272274017334e-01
4.815531969070434570e-01
6.170600056648254395e-01
2.275618761777877808e-01
-1.880297213792800903e-01
-3.022026121616363525e-01
-3.992411866784095764e-02
2.462640553712844849e-01
2.284577935934066772e-01
-2.641263306140899658e-01
-9.646182060241699219e-01
-1.492086887359619141e+00
-1.491191029548645020e+00
-9.879679679870605469e-01
-2.124433517456054688e-01
4.806572794914245605e-01
9.697697162628173828e-01
1.285578966140747070e+00
1.603852033615112305e+00
1.939035534858703613e+00
2.198514223098754883e+00
2.182947874069213867e+00
1.880857110023498535e+00
1.438668131828308105e+00
1.144192814826965332e+00
1.106564402580261230e+00
1.200803279876708984e+00
1.072015762329101562e+00
4.878245890140533447e-01
-4.794254004955291748e-01
-1.366995096206665039e+00
-1.650159597396850586e+00
-1.067424178123474121e+00
1.146768480539321899e-01
1.266372919082641602e+00
1.742718577384948730e+00
1.310272574424743652e+00
2.434643357992172241e-01
-8.633240461349487305e-01
-1.503621816635131836e+00
-1.526747584342956543e+00
-1.149120330810546875e+00
-7.105149030685424805e-01
-4.055125713348388672e-01
-1.923972964286804199e-01
7.772044092416763306e-02
4.382694065570831299e-01
7.186341285705566406e-01
6.295468211174011230e-01
1.780626922845840454e-02
-9.939033985137939453e-01
-2.002925395965576172e+00
-2.578213453292846680e+00
-2.477031230926513672e+00
-1.804928541183471680e+00
-8.919932842254638672e-01
-1.278915703296661377e-01
2.832764685153961182e-01
3.392150104045867920e-01
2.294096946716308594e-01
1.390344798564910889e-01
1.986126899719238281e-01
3.823868334293365479e-01
6.025574207305908203e-01
7.018917798995971680e-01
5.913584828376770020e-01
2.327693700790405273e-01
-2.602066993713378906e-01
-7.196980118751525879e-01
-9.170228242874145508e-01
-7.446715831756591797e-01
-2.197226434946060181e-01
4.316060543060302734e-01
9.507315754890441895e-01
1.101748943328857422e+00
8.739070296287536621e-01
4.115040004253387451e-01
1.170286256819963455e-02
-1.098053231835365295e-01
1.424501538276672363e-01
6.188518404960632324e-01
1.077335238456726074e+00
1.227456688880920410e+00
9.546511769294738770e-01
3.097618818283081055e-01
-4.332298934459686279e-01
-9.830404520034790039e-01
-1.106396436691284180e+00
-8.296713232994079590e-01
-3.502459526062011719e-01
5.879428237676620483e-03
5.045109614729881287e-02
-2.247061580419540405e-01
-5.886707901954650879e-01
-7.957946062088012695e-01
-6.915887594223022461e-01
-3.640766143798828125e-01
-7.223297841846942902e-03
1.766068339347839355e-01
1.612083315849304199e-01
3.527656942605972290e-02
-5.330681800842285156e-02
-7.615259289741516113e-02
-9.093515574932098389e-02
-1.946930736303329468e-01
-3.629567027091979980e-01
-4.684504568576812744e-01
-3.454304039478302002e-01
2.586948499083518982e-02
4.912962317466735840e-01
7.890753149986267090e-01
7.551425695419311523e-01
4.323339760303497314e-01
5.022711679339408875e-02
-1.623842120170593262e-01
-1.337150037288665771e-01
1.276675891131162643e-02
8.343189209699630737e-02
-8.175205439329147339e-03
-1.801904886960983276e-01
-2.525354623794555664e-01
-1.213961988687515259e-01
1.706714034080505371e-01
4.465005993843078613e-01
5.594416260719299316e-01
4.482924044132232666e-01
1.733031570911407471e-01
-2.149631083011627197e-01
-6.700308322906494141e-01
-1.164742708206176758e+00
-1.555976748466491699e+00
-1.651615381240844727e+00
-1.283619165420532227e+00
-5.618493556976318359e-01
1.621042340993881226e-01
4.022648930549621582e-01
-3.544455394148826599e-02
-9.260939955711364746e-01
-1.628657698631286621e+00
-1.600884318351745605e+00
-7.087790966033935547e-01
5.393955707550048828e-01
1.439060091972351074e+00
1.485759615898132324e+00
8.536930084228515625e-01
1.303553283214569092e-01
-2.872520685195922852e-02
4.732659757137298584e-01
1.246326804161071777e+00
1.631457448005676270e+00
1.390456795692443848e+00
7.675733566284179688e-01
4.214150309562683105e-01
7.043555378913879395e-01
1.486487507820129395e+00
2.073142528533935547e+00
1.915349841117858887e+00
9.120393395423889160e-01
-3.053943216800689697e-01
-1.004038333892822266e+00
-7.208179235458374023e-01
2.222424000501632690e-01
1.166814565658569336e+00
1.439452052116394043e+00
1.015405297279357910e+00
2.677099704742431641e-01
-2.026443034410476685e-01
-2.582468986511230469e-01
-8.130409568548202515e-02
-1.459218114614486694e-01
-5.424192547798156738e-01
-1.080862879753112793e+00
-1.243527054786682129e+00
-8.609722852706909180e-01
-6.691349297761917114e-02
5.803835988044738770e-01
7.885153293609619141e-01
5.452190041542053223e-01
3.345674872398376465e-01
4.574195444583892822e-01
9.409325122833251953e-01
1.218497514724731445e+00
8.029619455337524414e-01
-5.201894044876098633e-01
-2.184739589691162109e+00
-3.413092136383056641e+00
-3.463151216506958008e+00
-2.374841213226318359e+00
-6.675111055374145508e-01
7.625898718833923340e-01
1.468905210494995117e+00
1.394152402877807617e+00
