3.626227080821990967e-01
3.726436495780944824e-01
-6.553071141242980957e-01
-1.321914434432983398e+00
-1.078495979309082031e+00
-5.015224218368530273e-02
1.222436189651489258e+00
1.911785602569580078e+00
1.669988274574279785e+00
6.398231983184814453e-01
-4.542081952095031738e-01
-1.015923500061035156e+00
-7.550583481788635254e-01
-2.990373969078063965e-02
6.749926209449768066e-01
9.127038717269897461e-01
7.536572813987731934e-01
4.566643238067626953e-01
3.913379907608032227e-01
5.360794663429260254e-01
6.901062130928039551e-01
4.735246300697326660e-01
-1.654611825942993164e-01
-1.073747158050537109e+00
-1.808185100555419922e+00
-2.116260766983032227e+00
-1.896733045578002930e+00
-1.385309696197509766e+00
-7.679230570793151855e-01
-2.283568084239959717e-01
2.752572298049926758e-01
7.004846334457397461e-01
1.012907147407531738e+00
1.015834808349609375e+00
6.824357509613037109e-01
9.478327631950378418e-02
-3.953905105590820312e-01
-5.498661994934082031e-01
-2.958567142486572266e-01
3.756228089332580566e-02
6.930017471313476562e-02
-4.835464060306549072e-01
-1.426928043365478516e+00
-2.307400703430175781e+00
-2.565151691436767578e+00
-2.033137083053588867e+00
-9.158935546875000000e-01
2.364176064729690552e-01
1.016329407691955566e+00
1.279123067855834961e+00
1.268786668777465820e+00
1.244346141815185547e+00
1.337188720703125000e+00
1.354634165763854980e+00
1.074283361434936523e+00
4.063946008682250977e-01
-3.529821038246154785e-01
-7.527265548706054688e-01
-4.020583033561706543e-01
6.452603340148925781e-01
1.947504162788391113e+00
2.826719760894775391e+00
2.829527378082275391e+00
1.904138088226318359e+00
4.814419746398925781e-01
-8.444584608078002930e-01
-1.562247514724731445e+00
-1.524846553802490234e+00
-8.977122306823730469e-01
-7.035252451896667480e-02
6.000211238861083984e-01
8.801973462104797363e-01
7.607747316360473633e-01
3.709815144538879395e-01
-6.780317425727844238e-02
-3.787209987640380859e-01
-4.751006364822387695e-01
-4.225595891475677490e-01
-3.704550266265869141e-01
-4.817032516002655029e-01
-8.000357151031494141e-01
-1.218510985374450684e+00
-1.505803942680358887e+00
-1.450667500495910645e+00
-9.841697216033935547e-01
-2.450516819953918457e-01
4.857640862464904785e-01
9.321814179420471191e-01
9.644058942794799805e-01
6.641312241554260254e-01
2.571709752082824707e-01
-1.921799406409263611e-02
-5.940669775009155273e-02
6.494548916816711426e-02
1.452067494392395020e-01
-1.689514517784118652e-02
-4.878844618797302246e-01
-1.118466615676879883e+00
-1.618175387382507324e+00
-1.685722827911376953e+00
-1.205931782722473145e+00
-3.196192383766174316e-01
5.990078449249267578e-01
1.158314824104309082e+00
1.135076999664306641e+00
6.335520744323730469e-01
-1.752592623233795166e-03
-3.611516356468200684e-01
-2.305570244789123535e-01
3.167960047721862793e-01
9.574170112609863281e-01
1.356195449829101562e+00
1.337439060211181641e+00
9.942542314529418945e-01
5.672969818115234375e-01
2.966715991497039795e-01
2.411652356386184692e-01
2.894163727760314941e-01
2.372263073921203613e-01
-2.949553728103637695e-02
-4.669856131076812744e-01
-8.618423938751220703e-01
-9.746325016021728516e-01
-6.553300023078918457e-01
2.980724722146987915e-02
8.371852636337280273e-01
1.426336765289306641e+00
1.547225475311279297e+00
1.149478912353515625e+00
4.397687911987304688e-01
-2.426697760820388794e-01
-5.949047803878784180e-01
-5.383862257003784180e-01
-2.459466159343719482e-01
-3.949910402297973633e-02
-1.553570330142974854e-01
-5.852291584014892578e-01
-1.060223817825317383e+00
-1.228129267692565918e+00
-8.799590468406677246e-01
-9.532332420349121094e-02
8.026833534240722656e-01
1.428957343101501465e+00
1.525829553604125977e+00
1.055562496185302734e+00
1.552418768405914307e-01
-9.354224205017089844e-01
-1.945682644844055176e+00
-2.574371814727783203e+00
-2.561868667602539062e+00
-1.786567091941833496e+00
-4.312458336353302002e-01
1.022782206535339355e+00
1.954904794692993164e+00
1.978896856307983398e+00
1.167335391044616699e+00
6.607112288475036621e-02
-7.067495584487915039e-01
-8.533084392547607422e-01
-6.378417015075683594e-01
-5.925652980804443359e-01
-1.068760871887207031e+00
-1.800299763679504395e+00
-2.080907821655273438e+00
-1.249405980110168457e+00
6.292826533317565918e-01
2.703920364379882812e+00
3.756140232086181641e+00
3.126997470855712891e+00
1.174612879753112793e+00
-8.218626379966735840e-01
-1.606101989746093750e+00
-7.457133531570434570e-01
9.712868928909301758e-01
2.194559335708618164e+00
1.903479099273681641e+00
2.348773181438446045e-01
-1.740076541900634766e+00
-2.711947441101074219e+00
-2.177659034729003906e+00
-6.319270730018615723e-01
7.676513791084289551e-01
1.209508180618286133e+00
6.622470617294311523e-01
-1.101075410842895508e-01
-3.868753910064697266e-01
1.439446210861206055e-02
4.903916120529174805e-01
3.524329960346221924e-01
-6.518765687942504883e-01
-1.895004510879516602e+00
-2.440207481384277344e+00
-1.613978862762451172e+00
2.810766100883483887e-01
2.265167474746704102e+00
3.165268421173095703e+00
2.541839599609375000e+00
7.710505723953247070e-01
-1.098090410232543945e+00
-2.214081287384033203e+00
-2.218398094177246094e+00
-1.486771106719970703e+00
-5.513125658035278320e-01
1.089007556438446045e-01
4.637875258922576904e-01
5.899699926376342773e-01
6.652426123619079590e-01
6.363327503204345703e-01
5.212569236755371094e-01
3.113977909088134766e-01
2.155577093362808228e-01
2.911636829376220703e-01
5.291793942451477051e-01
6.134886145591735840e-01
3.521049618721008301e-01
-3.392569124698638916e-01
-1.125317454338073730e+00
