-3.831147253513336182e-01
-3.884029090404510498e-01
-9.246250987052917480e-01
-5.624602437019348145e-01
3.540264964103698730e-01
8.429439663887023926e-01
4.991756975650787354e-01
-5.819649696350097656e-01
-1.470740437507629395e+00
-1.560367584228515625e+00
-6.445360779762268066e-01
5.431729555130004883e-01
1.335540652275085449e+00
1.256488800048828125e+00
7.155765891075134277e-01
1.815955489873886108e-01
1.006656438112258911e-01
1.637410819530487061e-01
2.623704820871353149e-02
-6.219602823257446289e-01
-1.310891389846801758e+00
-1.469934344291687012e+00
-5.788277387619018555e-01
9.616470336914062500e-01
2.375179767608642578e+00
2.706129312515258789e+00
1.861242294311523438e+00
3.432213068008422852e-01
-8.131987452507019043e-01
-1.117101550102233887e+00
-6.070224046707153320e-01
-1.323265396058559418e-02
1.818062365055084229e-01
-1.704966574907302856e-01
-5.722000598907470703e-01
-6.568171977996826172e-01
-2.832310795783996582e-01
9.544457495212554932e-02
1.052998453378677368e-01
-4.222012460231781006e-01
-1.039524316787719727e+00
-1.271483421325683594e+00
-7.931888103485107422e-01
7.967545092105865479e-02
8.537593483924865723e-01
1.052315235137939453e+00
7.774692773818969727e-01
4.003601074218750000e-01
3.937654793262481689e-01
7.368674278259277344e-01
1.075101256370544434e+00
8.546698093414306641e-01
-4.469531774520874023e-02
-1.279347658157348633e+00
-2.076658248901367188e+00
-1.876614570617675781e+00
-6.064586639404296875e-01
1.100492596626281738e+00
2.365658044815063477e+00
2.471103429794311523e+00
1.382014274597167969e+00
-3.142258226871490479e-01
-1.656264662742614746e+00
-1.932714700698852539e+00
-1.026318550109863281e+00
4.595976769924163818e-01
1.612238168716430664e+00
1.725749135017395020e+00
7.808204293251037598e-01
-5.654063820838928223e-01
-1.384454011917114258e+00
-1.108959197998046875e+00
8.959662914276123047e-02
1.421388864517211914e+00
2.027889966964721680e+00
1.600863933563232422e+00
5.588617920875549316e-01
-2.732076942920684814e-01
-3.434947729110717773e-01
2.372783720493316650e-01
7.604417204856872559e-01
5.578545331954956055e-01
-4.797122478485107422e-01
-1.716142892837524414e+00
-2.307626485824584961e+00
-1.787989854812622070e+00
-5.126942992210388184e-01
6.955612897872924805e-01
1.095363736152648926e+00
6.699022650718688965e-01
-7.507741451263427734e-03
-1.898782849311828613e-01
3.065548837184906006e-01
1.049722909927368164e+00
1.247532367706298828e+00
5.281037092208862305e-01
-8.353329896926879883e-01
-1.976069927215576172e+00
-2.192140102386474609e+00
-1.326088309288024902e+00
1.313006877899169922e-02
1.032958269119262695e+00
1.150563836097717285e+00
4.421032667160034180e-01
-6.729596853256225586e-01
-1.634599208831787109e+00
-2.197089672088623047e+00
-2.264883041381835938e+00
-1.905499815940856934e+00
-1.079785108566284180e+00
9.613072872161865234e-02
1.375140309333801270e+00
2.206785678863525391e+00
2.178003311157226562e+00
1.197146892547607422e+00
-1.830490529537200928e-01
-1.193729519844055176e+00
-1.201512336730957031e+00
-3.026288151741027832e-01
8.599019646644592285e-01
1.395085334777832031e+00
9.288559556007385254e-01
-2.690886855125427246e-01
-1.343783736228942871e+00
-1.586777448654174805e+00
-7.768768072128295898e-01
5.736849308013916016e-01
1.725290060043334961e+00
2.078959703445434570e+00
1.636254906654357910e+00
7.881018519401550293e-01
1.028372645378112793e-01
-1.527281403541564941e-01
-3.435134887695312500e-03
2.482722401618957520e-01
3.826321959495544434e-01
3.001527190208435059e-01
1.065091639757156372e-01
-1.170513778924942017e-01
-3.182761073112487793e-01
-5.557794570922851562e-01
-8.197937607765197754e-01
-1.032156109809875488e+00
-9.984269142150878906e-01
-5.969080924987792969e-01
1.400138735771179199e-01
9.376598000526428223e-01
1.433331727981567383e+00
1.352229952812194824e+00
7.118774056434631348e-01
-1.796600818634033203e-01
-8.820137977600097656e-01
-1.093321442604064941e+00
-8.382402062416076660e-01
-4.332354068756103516e-01
-2.777183651924133301e-01
-5.421286821365356445e-01
-1.069863557815551758e+00
-1.444849848747253418e+00
-1.331727623939514160e+00
-6.705225706100463867e-01
2.122952491044998169e-01
8.867765665054321289e-01
1.015177607536315918e+00
6.186487674713134766e-01
-9.189479053020477295e-02
-8.013163805007934570e-01
-1.385124444961547852e+00
-1.776214599609375000e+00
-1.990911722183227539e+00
-1.886412024497985840e+00
-1.386464476585388184e+00
-4.754655957221984863e-01
5.168828964233398438e-01
1.215173959732055664e+00
1.280946969985961914e+00
8.634762763977050781e-01
3.553386926651000977e-01
3.110737502574920654e-01
8.265233039855957031e-01
1.641956806182861328e+00
2.110799312591552734e+00
1.906953811645507812e+00
1.065369367599487305e+00
2.033630609512329102e-01
-1.727677285671234131e-01
2.054334878921508789e-01
9.255306124687194824e-01
1.475564241409301758e+00
1.351744651794433594e+00
6.778002381324768066e-01
-2.101856768131256104e-01
-7.359405755996704102e-01
-7.667889595031738281e-01
-3.300687372684478760e-01
1.626663208007812500e-01
5.305980443954467773e-01
5.578032732009887695e-01
3.761518597602844238e-01
-1.446315646171569824e-02
-3.616970181465148926e-01
-5.842890739440917969e-01
-3.931550979614257812e-01
1.329914331436157227e-01
8.648136854171752930e-01
1.221397638320922852e+00
9.017339944839477539e-01
-2.296466231346130371e-01
-1.544858455657958984e+00
-2.380115509033203125e+00
-2.080797672271728516e+00
-8.949484825134277344e-01
5.471880435943603516e-01
1.237770199775695801e+00
8.981106877326965332e-01
-2.600546479225158691e-01
-1.311602592468261719e+00
