-1.985912770032882690e-01
-2.070862799882888794e-01
-6.447160243988037109e-01
-8.792329430580139160e-01
-5.787838101387023926e-01
1.150936111807823181e-01
9.413012862205505371e-01
1.439382553100585938e+00
1.506849408149719238e+00
1.184888720512390137e+00
8.399093151092529297e-01
6.601988673210144043e-01
7.918440103530883789e-01
1.051407456398010254e+00
1.312204122543334961e+00
1.341114521026611328e+00
1.127889990806579590e+00
6.138873696327209473e-01
-6.193132326006889343e-02
-8.179593086242675781e-01
-1.396962404251098633e+00
-1.672063469886779785e+00
-1.508767604827880859e+00
-1.072425842285156250e+00
-5.589712858200073242e-01
-2.829110622406005859e-01
-2.950780987739562988e-01
-5.426937937736511230e-01
-7.529588341712951660e-01
-8.138762116432189941e-01
-6.947543621063232422e-01
-6.058582067489624023e-01
-6.575407385826110840e-01
-8.940581083297729492e-01
-1.103446245193481445e+00
-1.117065668106079102e+00
-8.145613074302673340e-01
-3.524878621101379395e-01
6.617882847785949707e-02
2.146495729684829712e-01
9.506183862686157227e-02
-1.970566958189010620e-01
-4.573874771595001221e-01
-5.967055559158325195e-01
-5.611361265182495117e-01
-3.969633281230926514e-01
-1.067082136869430542e-01
2.490132451057434082e-01
6.029809117317199707e-01
7.971602678298950195e-01
7.347905039787292480e-01
4.169403016567230225e-01
4.661291092634201050e-02
-1.270962208509445190e-01
6.045154854655265808e-02
5.120843648910522461e-01
9.509198069572448730e-01
1.087113976478576660e+00
8.681620359420776367e-01
5.115363001823425293e-01
3.643260896205902100e-01
6.167098879814147949e-01
1.142495870590209961e+00
1.560861110687255859e+00
1.497395277023315430e+00
8.586531281471252441e-01
-1.053106486797332764e-01
-9.453295469284057617e-01
-1.312368512153625488e+00
-1.129177927970886230e+00
-6.179430484771728516e-01
-9.963817894458770752e-02
1.671049594879150391e-01
1.287678182125091553e-01
-1.247669532895088196e-01
-3.914552927017211914e-01
-4.929294884204864502e-01
-2.812120616436004639e-01
2.374764829874038696e-01
9.071020483970642090e-01
1.357008457183837891e+00
1.204619050025939941e+00
2.211441546678543091e-01
-1.373450398445129395e+00
-2.980677843093872070e+00
-3.813270568847656250e+00
-3.414717674255371094e+00
-1.896441221237182617e+00
-3.178775776177644730e-03
1.379780530929565430e+00
1.665788173675537109e+00
9.819129109382629395e-01
-3.932365030050277710e-02
-6.177512407302856445e-01
-4.125009775161743164e-01
3.910716474056243896e-01
1.192342400550842285e+00
1.515015482902526855e+00
1.237174034118652344e+00
7.024546265602111816e-01
3.315244019031524658e-01
3.857828080654144287e-01
7.215546965599060059e-01
1.031869053840637207e+00
1.018112540245056152e+00
6.923428773880004883e-01
2.483555674552917480e-01
-3.252764418721199036e-02
-8.434717357158660889e-02
3.425404895097017288e-03
9.536327794194221497e-03
-1.437574028968811035e-01
-4.049924910068511963e-01
-5.647533535957336426e-01
-5.030412673950195312e-01
-1.989475190639495850e-01
1.915212422609329224e-01
5.314036607742309570e-01
7.178004980087280273e-01
7.767996191978454590e-01
7.107030153274536133e-01
5.076998472213745117e-01
6.998787820339202881e-02
-6.198613047599792480e-01
-1.462812304496765137e+00
-2.169267892837524414e+00
-2.437271595001220703e+00
-2.079303026199340820e+00
-1.203057050704956055e+00
-1.330975443124771118e-01
7.168961763381958008e-01
1.103446245193481445e+00
1.031348347663879395e+00
7.370923757553100586e-01
4.849277436733245850e-01
4.174335598945617676e-01
4.816393554210662842e-01
5.321983098983764648e-01
4.687872231006622314e-01
3.368132114410400391e-01
2.868023216724395752e-01
4.339576959609985352e-01
7.452859282493591309e-01
1.013618469238281250e+00
9.997798204421997070e-01
5.798251628875732422e-01
-1.272058337926864624e-01
-8.425674438476562500e-01
-1.247340679168701172e+00
-1.196918725967407227e+00
-7.322145700454711914e-01
-7.464642822742462158e-02
5.697681903839111328e-01
1.037130475044250488e+00
1.293597340583801270e+00
1.300201535224914551e+00
1.061628937721252441e+00
5.519012808799743652e-01
-1.153676435351371765e-01
-7.643311619758605957e-01
-1.104460239410400391e+00
-9.957789182662963867e-01
-4.637724459171295166e-01
1.541432291269302368e-01
4.884627461433410645e-01
2.255012691020965576e-01
-5.624241232872009277e-01
-1.569465756416320801e+00
-2.271427154541015625e+00
-2.353335380554199219e+00
-1.717772126197814941e+00
-6.736264228820800781e-01
4.139807522296905518e-01
1.144879937171936035e+00
1.427845835685729980e+00
1.280690431594848633e+00
9.329981207847595215e-01
4.842700660228729248e-01
6.587738543748855591e-02
-3.567079901695251465e-01
-6.828887462615966797e-01
-8.769859075546264648e-01
-7.620292901992797852e-01
-3.586536049842834473e-01
2.965030670166015625e-01
8.997032046318054199e-01
1.245970487594604492e+00
1.096266627311706543e+00
5.476537346839904785e-01
-2.542198598384857178e-01
-9.348067045211791992e-01
-1.315245866775512695e+00
-1.212566018104553223e+00
-7.494786381721496582e-01
-1.208482868969440460e-02
7.053593993186950684e-01
1.250903129577636719e+00
1.346951484680175781e+00
9.725683927536010742e-01
1.292062699794769287e-01
-7.953242659568786621e-01
-1.432038545608520508e+00
-1.312724828720092773e+00
-4.526193141937255859e-01
8.645722270011901855e-01
1.887124180793762207e+00
2.096978187561035156e+00
1.247505068778991699e+00
-1.492928564548492432e-01
-1.396825313568115234e+00
-1.739859104156494141e+00
-1.135425806045532227e+00
1.844238117337226868e-02
8.578584194183349609e-01
9.177345037460327148e-01
1.220540329813957214e-01
-9.123360514640808105e-01
