1.075270399451255798e-01
9.817559272050857544e-02
6.621549129486083984e-01
8.005068302154541016e-01
4.441578984260559082e-01
-7.039190083742141724e-02
-2.042586654424667358e-01
3.081018924713134766e-01
1.219018340110778809e+00
1.879099011421203613e+00
1.755904436111450195e+00
8.511300086975097656e-01
-2.391919493675231934e-01
-7.839550971984863281e-01
-4.560850262641906738e-01
4.080394506454467773e-01
1.116563677787780762e+00
1.179775238037109375e+00
7.056647539138793945e-01
2.547007203102111816e-01
3.164878487586975098e-01
8.266271948814392090e-01
1.187796473503112793e+00
7.760750651359558105e-01
-4.593748450279235840e-01
-1.845777034759521484e+00
-2.442574024200439453e+00
-1.782643437385559082e+00
-3.057170510292053223e-01
8.958098888397216797e-01
8.499151468276977539e-01
-5.576553940773010254e-01
-2.468477725982666016e+00
-3.624398946762084961e+00
-3.245994806289672852e+00
-1.538891792297363281e+00
4.722682535648345947e-01
1.675845861434936523e+00
1.571965694427490234e+00
5.166573524475097656e-01
-6.589280366897583008e-01
-1.248936653137207031e+00
-1.114102363586425781e+00
-6.227129101753234863e-01
-2.899118065834045410e-01
-3.576771020889282227e-01
-6.990436315536499023e-01
-9.703006744384765625e-01
-9.352306127548217773e-01
-5.975041389465332031e-01
-1.755695492029190063e-01
1.228552907705307007e-01
2.217066884040832520e-01
2.190942168235778809e-01
2.364413738250732422e-01
3.262461125850677490e-01
4.022343158721923828e-01
3.415942788124084473e-01
6.657937169075012207e-02
-3.470073938369750977e-01
-7.232760787010192871e-01
-8.477770090103149414e-01
-6.226807236671447754e-01
-1.050325110554695129e-01
4.764526486396789551e-01
8.666850328445434570e-01
8.899028301239013672e-01
5.833571553230285645e-01
1.447822749614715576e-01
-1.539360284805297852e-01
-1.628426164388656616e-01
9.509736299514770508e-02
4.308842718601226807e-01
6.633903980255126953e-01
7.145053744316101074e-01
6.668649315834045410e-01
6.394897699356079102e-01
6.972506046295166016e-01
7.715816497802734375e-01
7.622707486152648926e-01
6.241724491119384766e-01
4.548985958099365234e-01
3.952802121639251709e-01
5.231976509094238281e-01
7.372516989707946777e-01
8.338357210159301758e-01
6.384055018424987793e-01
1.661936193704605103e-01
-3.995272815227508545e-01
-8.225513696670532227e-01
-1.003658294677734375e+00
-1.012626767158508301e+00
-1.010721683502197266e+00
-1.066632747650146484e+00
-1.093021392822265625e+00
-9.052480459213256836e-01
-4.133626818656921387e-01
2.648679614067077637e-01
8.284472227096557617e-01
9.868828654289245605e-01
6.460866332054138184e-01
-2.102337032556533813e-02
-6.886465549468994141e-01
-1.073524355888366699e+00
-1.082314848899841309e+00
-8.236410021781921387e-01
-5.032726526260375977e-01
-3.008689880371093750e-01
-2.967789769172668457e-01
-4.782639741897583008e-01
-7.636243104934692383e-01
-1.040388464927673340e+00
-1.174701452255249023e+00
-1.064099550247192383e+00
-6.789144873619079590e-01
-1.178577542304992676e-01
4.329769909381866455e-01
7.729716300964355469e-01
8.150759935379028320e-01
6.109601259231567383e-01
3.263337016105651855e-01
1.030174791812896729e-01
8.099675178527832031e-04
-4.094856977462768555e-02
-9.960114955902099609e-02
-2.254960834980010986e-01
-3.754172921180725098e-01
-4.884314239025115967e-01
-4.964824020862579346e-01
-3.952108919620513916e-01
-1.778301894664764404e-01
1.421475708484649658e-01
5.839853286743164062e-01
1.118381023406982422e+00
1.696737051010131836e+00
2.205272197723388672e+00
2.562169075012207031e+00
2.698844432830810547e+00
2.627223014831542969e+00
2.360440731048583984e+00
1.963604569435119629e+00
1.488295793533325195e+00
1.046193599700927734e+00
7.009584903717041016e-01
4.678584933280944824e-01
1.932104825973510742e-01
-3.136802315711975098e-01
-1.195516467094421387e+00
-2.291443824768066406e+00
-3.193328619003295898e+00
-3.360646963119506836e+00
-2.544201850891113281e+00
-9.410393238067626953e-01
7.692757844924926758e-01
1.868575692176818848e+00
1.943409919738769531e+00
1.192030429840087891e+00
1.711332798004150391e-01
-5.219737291336059570e-01
-7.114275693893432617e-01
-6.044877767562866211e-01
-6.322079300880432129e-01
-9.984518885612487793e-01
-1.613212466239929199e+00
-2.112253904342651367e+00
-2.235118389129638672e+00
-1.910462737083435059e+00
-1.329300880432128906e+00
-6.610387563705444336e-01
-2.731065452098846436e-02
5.767276883125305176e-01
1.047551512718200684e+00
1.232042789459228516e+00
9.389755725860595703e-01
2.596588730812072754e-01
-4.722720980644226074e-01
-7.560504674911499023e-01
-3.854640126228332520e-01
4.359806180000305176e-01
1.103973865509033203e+00
1.139317750930786133e+00
4.761223495006561279e-01
-3.753450512886047363e-01
-8.089854121208190918e-01
-5.103247165679931641e-01
1.982232332229614258e-01
7.165674567222595215e-01
5.838771462440490723e-01
-2.403393387794494629e-02
-5.052489042282104492e-01
-2.339021861553192139e-01
8.023317456245422363e-01
2.015475749969482422e+00
2.536424160003662109e+00
1.966722726821899414e+00
6.184581518173217773e-01
-5.858700871467590332e-01
-8.453568816184997559e-01
6.254518032073974609e-02
1.565616846084594727e+00
2.806119918823242188e+00
3.119373798370361328e+00
2.495079994201660156e+00
1.383306741714477539e+00
4.106607437133789062e-01
-1.076363921165466309e-01
-1.822703927755355835e-01
-1.099283695220947266e-01
-1.343316435813903809e-01
-4.072712957859039307e-01
-8.872841596603393555e-01
-1.503212094306945801e+00
-2.092772006988525391e+00
-2.509106636047363281e+00
-2.557714939117431641e+00
-2.181271314620971680e+00
-1.458284020423889160e+00
