2.981871068477630615e-01
1.975131332874298096e-01
-4.564451575279235840e-01
-8.760976791381835938e-01
-7.923161983489990234e-01
-2.159083634614944458e-01
5.421814322471618652e-01
1.116993427276611328e+00
1.297840476036071777e+00
1.143304824829101562e+00
8.309651613235473633e-01
4.894326031208038330e-01
8.041737973690032959e-02
-4.963549673557281494e-01
-1.255292892456054688e+00
-2.004633188247680664e+00
-2.437437534332275391e+00
-2.308086633682250977e+00
-1.607889771461486816e+00
-5.810921192169189453e-01
3.946991562843322754e-01
9.999641776084899902e-01
1.102139115333557129e+00
7.983407974243164062e-01
3.462969064712524414e-01
5.458347499370574951e-02
1.389829069375991821e-01
5.988383293151855469e-01
1.172054052352905273e+00
1.432341933250427246e+00
1.032604455947875977e+00
-4.311484098434448242e-02
-1.367635130882263184e+00
-2.264487266540527344e+00
-2.190540075302124023e+00
-1.114713907241821289e+00
4.223240017890930176e-01
1.603757858276367188e+00
1.847991824150085449e+00
1.143122911453247070e+00
2.687256038188934326e-02
-8.215968608856201172e-01
-1.003626942634582520e+00
-6.173816919326782227e-01
-5.529791116714477539e-02
3.202124834060668945e-01
4.490332007408142090e-01
5.030856132507324219e-01
6.759040355682373047e-01
9.462777972221374512e-01
1.133530497550964355e+00
1.055929899215698242e+00
7.505676150321960449e-01
4.091214239597320557e-01
2.260484248399734497e-01
1.719185709953308105e-01
6.530019640922546387e-02
-2.517826557159423828e-01
-6.539312601089477539e-01
-8.064831495285034180e-01
-4.086078107357025146e-01
4.222067296504974365e-01
1.140771985054016113e+00
1.054037809371948242e+00
-1.020063385367393494e-01
-1.904052257537841797e+00
-3.355946063995361328e+00
-3.547610282897949219e+00
-2.223769187927246094e+00
-4.062514752149581909e-02
1.873052120208740234e+00
2.579985141754150391e+00
1.953246235847473145e+00
6.434702277183532715e-01
-3.656637966632843018e-01
-4.826036095619201660e-01
1.910333037376403809e-01
9.584490656852722168e-01
1.137836813926696777e+00
5.031938552856445312e-01
-5.242252945899963379e-01
-1.264507770538330078e+00
-1.233843445777893066e+00
-5.379999876022338867e-01
2.719045281410217285e-01
5.596084594726562500e-01
1.112243533134460449e-01
-7.646731138229370117e-01
-1.411737322807312012e+00
-1.339294552803039551e+00
-5.083619356155395508e-01
6.018564701080322266e-01
1.391035676002502441e+00
1.496845245361328125e+00
1.071712851524353027e+00
5.814474225044250488e-01
4.885829091072082520e-01
8.626252412796020508e-01
1.396235227584838867e+00
1.609387636184692383e+00
1.269573211669921875e+00
5.234062671661376953e-01
-1.662701070308685303e-01
-3.983730673789978027e-01
-5.501361191272735596e-02
6.002551317214965820e-01
1.178785681724548340e+00
1.372544407844543457e+00
1.136688470840454102e+00
5.727519989013671875e-01
-1.637722253799438477e-01
-9.910894632339477539e-01
-1.803995966911315918e+00
-2.444911479949951172e+00
-2.674481391906738281e+00
-2.375981807708740234e+00
-1.660071969032287598e+00
-9.000775814056396484e-01
-4.613203406333923340e-01
-4.568696022033691406e-01
-5.901376008987426758e-01
-4.004734754562377930e-01
4.019490480422973633e-01
1.623104453086853027e+00
2.694769382476806641e+00
3.017310142517089844e+00
2.406036615371704102e+00
1.184320688247680664e+00
-2.635243535041809082e-02
-7.494786977767944336e-01
-8.847872614860534668e-01
-6.746093034744262695e-01
-4.002756476402282715e-01
-1.791186332702636719e-01
3.518176078796386719e-02
2.451981902122497559e-01
2.987978160381317139e-01
-2.706204354763031006e-02
-7.466978430747985840e-01
-1.536021471023559570e+00
-1.882108807563781738e+00
-1.487104654312133789e+00
-5.598446130752563477e-01
2.690721154212951660e-01
4.195146262645721436e-01
-1.606351137161254883e-01
-9.063835144042968750e-01
-1.063794732093811035e+00
-3.117409944534301758e-01
9.370304346084594727e-01
1.826694250106811523e+00
1.733881950378417969e+00
7.845723628997802734e-01
-2.174636125564575195e-01
-4.237571358680725098e-01
3.823220133781433105e-01
1.587885260581970215e+00
2.233704805374145508e+00
1.746226787567138672e+00
3.859583735466003418e-01
-9.875330328941345215e-01
-1.562703609466552734e+00
-1.167954444885253906e+00
-2.882147133350372314e-01
3.841067254543304443e-01
5.259116291999816895e-01
3.294419050216674805e-01
2.250894606113433838e-01
3.913106024265289307e-01
6.031641364097595215e-01
4.473477303981781006e-01
-2.037972509860992432e-01
-1.032432556152343750e+00
-1.462731719017028809e+00
-1.173890352249145508e+00
-3.573816418647766113e-01
3.893401026725769043e-01
5.705602169036865234e-01
1.325525343418121338e-01
-5.042915344238281250e-01
-8.824096918106079102e-01
-8.616751432418823242e-01
-7.340389490127563477e-01
-8.624361753463745117e-01
-1.328909277915954590e+00
-1.784753799438476562e+00
-1.779214620590209961e+00
-1.133918285369873047e+00
-1.752860993146896362e-01
5.456364154815673828e-01
6.390776634216308594e-01
2.088181823492050171e-01
-3.222896754741668701e-01
-5.476835966110229492e-01
-4.381962418556213379e-01
-2.490729987621307373e-01
-2.527227103710174561e-01
-3.999301195144653320e-01
-4.093474149703979492e-01
-3.165444731712341309e-02
5.904513001441955566e-01
1.019021630287170410e+00
8.397116065025329590e-01
1.203768849372863770e-01
-6.043766736984252930e-01
-6.728876233100891113e-01
1.045372635126113892e-01
1.285037755966186523e+00
2.043649673461914062e+00
1.847548723220825195e+00
8.283929824829101562e-01
-2.655765414237976074e-01
-6.997451782226562500e-01
-2.676515579223632812e-01
5.155993103981018066e-01
8.886483907699584961e-01
3.887899219989776611e-01
