-2.856302559375762939e-01
-2.938435971736907959e-01
1.739824414253234863e-01
2.647680640220642090e-01
9.809494018554687500e-02
-8.164402842521667480e-02
1.998744904994964600e-02
4.213193655014038086e-01
9.682099819183349609e-01
1.322636723518371582e+00
1.290332794189453125e+00
8.048848509788513184e-01
5.796901881694793701e-02
-7.402966022491455078e-01
-1.348308682441711426e+00
-1.690066933631896973e+00
-1.730000495910644531e+00
-1.564036130905151367e+00
-1.261478066444396973e+00
-9.551953673362731934e-01
-6.908106207847595215e-01
-5.099543929100036621e-01
-3.171740770339965820e-01
-1.768195629119873047e-02
5.125150680541992188e-01
1.230316281318664551e+00
1.979095458984375000e+00
2.443086385726928711e+00
2.383962869644165039e+00
1.711716651916503906e+00
6.519157290458679199e-01
-4.122792482376098633e-01
-1.056718587875366211e+00
-1.118091464042663574e+00
-7.226831316947937012e-01
-2.684684395790100098e-01
-1.187757849693298340e-01
-4.218249022960662842e-01
-9.640747308731079102e-01
-1.363029122352600098e+00
-1.282233953475952148e+00
-7.074124813079833984e-01
7.754121720790863037e-02
6.484658122062683105e-01
7.526008486747741699e-01
4.396800398826599121e-01
2.079430222511291504e-02
-1.914333552122116089e-01
-9.309664368629455566e-02
1.512818634510040283e-01
2.799842953681945801e-01
1.594850420951843262e-01
-9.938502311706542969e-02
-2.361482977867126465e-01
-7.580190896987915039e-02
3.075925111770629883e-01
6.069356799125671387e-01
5.180956721305847168e-01
-3.250081464648246765e-02
-7.791088223457336426e-01
-1.292575359344482422e+00
-1.224825859069824219e+00
-5.639595389366149902e-01
3.977593183517456055e-01
1.206280589103698730e+00
1.546004652976989746e+00
1.337578892707824707e+00
7.778193950653076172e-01
1.358245909214019775e-01
-3.368833661079406738e-01
-5.649300813674926758e-01
-5.694336295127868652e-01
-4.921561181545257568e-01
-4.394111633300781250e-01
-5.062390565872192383e-01
-6.408382654190063477e-01
-7.335058450698852539e-01
-5.786170959472656250e-01
-9.809697419404983521e-02
6.509988903999328613e-01
1.346873760223388672e+00
1.640828371047973633e+00
1.263405084609985352e+00
3.251045942306518555e-01
-8.059583306312561035e-01
-1.582879662513732910e+00
-1.700265884399414062e+00
-1.154639959335327148e+00
-3.396939039230346680e-01
3.330335021018981934e-01
5.641158819198608398e-01
4.310923218727111816e-01
1.449694782495498657e-01
-2.007801830768585205e-02
-4.126164317131042480e-02
9.802639484405517578e-03
-3.727817535400390625e-02
-1.366063952445983887e-01
-1.619058251380920410e-01
1.255798935890197754e-01
7.271277904510498047e-01
1.483606576919555664e+00
1.993207454681396484e+00
1.990733861923217773e+00
1.370016098022460938e+00
4.020537137985229492e-01
-5.622022151947021484e-01
-1.129663109779357910e+00
-1.206189274787902832e+00
-8.501818180084228516e-01
-3.447620272636413574e-01
1.305419504642486572e-01
4.249002933502197266e-01
5.933234691619873047e-01
6.463190317153930664e-01
6.499346494674682617e-01
5.302361845970153809e-01
3.061620295047760010e-01
-1.378107070922851562e-02
-2.291973531246185303e-01
-1.966334879398345947e-01
2.190344333648681641e-01
8.593546152114868164e-01
1.459126591682434082e+00
1.617268085479736328e+00
1.182767987251281738e+00
2.229082882404327393e-01
-8.369235396385192871e-01
-1.589590549468994141e+00
-1.739896297454833984e+00
-1.421373844146728516e+00
-9.664883613586425781e-01
-8.296237587928771973e-01
-1.150504112243652344e+00
-1.790650844573974609e+00
-2.268936157226562500e+00
-2.180021524429321289e+00
-1.300389170646667480e+00
1.396845579147338867e-01
1.697284817695617676e+00
2.796719551086425781e+00
3.123601436614990234e+00
2.620183944702148438e+00
1.609179496765136719e+00
5.013660192489624023e-01
-2.770427167415618896e-01
-5.849217176437377930e-01
-4.883056879043579102e-01
-2.982406914234161377e-01
-2.717159688472747803e-01
-5.595312714576721191e-01
-1.033637285232543945e+00
-1.482404708862304688e+00
-1.671359419822692871e+00
-1.573332548141479492e+00
-1.262088298797607422e+00
-8.838212490081787109e-01
-4.332067966461181641e-01
1.593731641769409180e-01
9.736728072166442871e-01
1.849356174468994141e+00
2.448134422302246094e+00
2.380469083786010742e+00
1.575941085815429688e+00
3.770512938499450684e-01
-5.501616001129150391e-01
-6.806913018226623535e-01
4.188859462738037109e-02
1.097695469856262207e+00
1.776563048362731934e+00
1.642707467079162598e+00
8.746247291564941406e-01
8.620145916938781738e-02
-1.276634037494659424e-01
3.349586725234985352e-01
1.032068967819213867e+00
1.325008630752563477e+00
8.921262025833129883e-01
-4.340670257806777954e-02
-9.175634980201721191e-01
-1.292177796363830566e+00
-1.192847013473510742e+00
-1.021213889122009277e+00
-1.163780450820922852e+00
-1.605839371681213379e+00
-1.951174974441528320e+00
-1.780366301536560059e+00
-1.107250928878784180e+00
-4.245287775993347168e-01
-3.625977635383605957e-01
-1.103945612907409668e+00
-2.180916547775268555e+00
-2.732981920242309570e+00
-2.209510803222656250e+00
-8.067090511322021484e-01
5.561197400093078613e-01
9.345232248306274414e-01
1.440590620040893555e-02
-1.564171791076660156e+00
-2.700413465499877930e+00
-2.538634300231933594e+00
-1.116925716400146484e+00
7.703604102134704590e-01
2.094225883483886719e+00
2.365461826324462891e+00
1.803524136543273926e+00
1.128272771835327148e+00
8.810811042785644531e-01
1.141716957092285156e+00
1.490438461303710938e+00
1.522236943244934082e+00
1.107357144355773926e+00
5.487193465232849121e-01
1.845930814743041992e-01
1.803040802478790283e-01
3.140834271907806396e-01
3.034775555133819580e-01
