1.231110572814941406e+00
1.312520384788513184e+00
1.264527589082717896e-01
-7.731685638427734375e-01
-1.438635706901550293e+00
-1.884982466697692871e+00
-2.216134548187255859e+00
-2.268921613693237305e+00
-1.986811041831970215e+00
-1.303233385086059570e+00
-5.059775710105895996e-01
1.422054469585418701e-01
3.387271463871002197e-01
1.794892996549606323e-01
-1.460797190666198730e-01
-2.779660224914550781e-01
-1.674553006887435913e-01
1.313479244709014893e-01
3.215209245681762695e-01
3.258295655250549316e-01
1.306228935718536377e-01
-1.631802320480346680e-02
-2.562350034713745117e-02
1.596096009016036987e-01
3.432949185371398926e-01
4.330989122390747070e-01
3.409969210624694824e-01
2.219575494527816772e-01
1.696835160255432129e-01
3.215256035327911377e-01
6.032494306564331055e-01
9.738000631332397461e-01
1.286246299743652344e+00
1.510505795478820801e+00
1.538670897483825684e+00
1.362748622894287109e+00
9.470389485359191895e-01
4.437689483165740967e-01
2.908232808113098145e-02
-4.783809185028076172e-02
2.299601137638092041e-01
7.138444185256958008e-01
1.039655685424804688e+00
9.677308797836303711e-01
4.549117088317871094e-01
-2.068060636520385742e-01
-6.650820970535278320e-01
-6.508035659790039062e-01
-2.018117010593414307e-01
4.814378321170806885e-01
1.132527351379394531e+00
1.631225585937500000e+00
1.923186302185058594e+00
1.977557659149169922e+00
1.677349328994750977e+00
9.455775618553161621e-01
-1.259238719940185547e-01
-1.171495914459228516e+00
-1.729934811592102051e+00
-1.545548200607299805e+00
-8.137356042861938477e-01
-1.186640262603759766e-01
-5.276620388031005859e-02
-7.723795175552368164e-01
-1.820099711418151855e+00
-2.421234607696533203e+00
-2.004494190216064453e+00
-6.672071218490600586e-01
8.869429230690002441e-01
1.780082821846008301e+00
1.616693258285522461e+00
6.960486173629760742e-01
-1.642480790615081787e-01
-2.986828684806823730e-01
3.932553529739379883e-01
1.318860292434692383e+00
1.726919174194335938e+00
1.191445350646972656e+00
2.189157903194427490e-02
-1.053299903869628906e+00
-1.304616928100585938e+00
-6.241874694824218750e-01
5.122490525245666504e-01
1.265093326568603516e+00
1.112244367599487305e+00
5.983147025108337402e-02
-1.263302922248840332e+00
-2.168183088302612305e+00
-2.203820228576660156e+00
-1.544956326484680176e+00
-6.766880750656127930e-01
-1.977059245109558105e-01
-2.874217927455902100e-01
-7.830494046211242676e-01
-1.168012499809265137e+00
-1.087890267372131348e+00
-4.057946801185607910e-01
5.571663379669189453e-01
1.406750202178955078e+00
1.729724407196044922e+00
1.486296296119689941e+00
7.986123561859130859e-01
1.498496532440185547e-02
-6.847645640373229980e-01
-1.159785747528076172e+00
-1.493499994277954102e+00
-1.645851731300354004e+00
-1.616271972656250000e+00
-1.232215404510498047e+00
-5.050511360168457031e-01
5.077009797096252441e-01
1.463135600090026855e+00
2.093341588973999023e+00
2.134041547775268555e+00
1.676155090332031250e+00
8.985449075698852539e-01
1.821792125701904297e-01
-2.959079742431640625e-01
-4.109128713607788086e-01
-3.178197145462036133e-01
-1.254597753286361694e-01
-3.028708696365356445e-02
-1.456630229949951172e-02
-7.915884256362915039e-02
-5.162957310676574707e-02
9.043580293655395508e-02
3.873234391212463379e-01
6.361387968063354492e-01
6.815309524536132812e-01
3.149229288101196289e-01
-3.572818338871002197e-01
-1.113781452178955078e+00
-1.514867663383483887e+00
-1.372311592102050781e+00
-7.218022346496582031e-01
-3.944940865039825439e-02
2.277788221836090088e-01
-2.035564780235290527e-01
-1.039844393730163574e+00
-1.736926555633544922e+00
-1.684621095657348633e+00
-8.068398833274841309e-01
5.082306265830993652e-01
1.484542489051818848e+00
1.616840481758117676e+00
8.424881696701049805e-01
-3.023688197135925293e-01
-1.207082986831665039e+00
-1.456568717956542969e+00
-1.179093003273010254e+00
-7.361970543861389160e-01
-5.176210999488830566e-01
-5.510859489440917969e-01
-6.691398620605468750e-01
-6.159709692001342773e-01
-3.947853446006774902e-01
-1.561532318592071533e-01
-1.152570471167564392e-01
-2.406220734119415283e-01
-3.471672236919403076e-01
-1.889133602380752563e-01
2.226469814777374268e-01
6.691501736640930176e-01
8.403225541114807129e-01
6.705926656723022461e-01
3.700581192970275879e-01
2.955520153045654297e-01
5.846871733665466309e-01
1.015872001647949219e+00
1.121104001998901367e+00
5.872266888618469238e-01
-4.524317383766174316e-01
-1.428576350212097168e+00
-1.713055729866027832e+00
-1.075045347213745117e+00
1.418926119804382324e-01
1.238359212875366211e+00
1.663685560226440430e+00
1.360515117645263672e+00
7.875676155090332031e-01
5.032765269279479980e-01
7.747300863265991211e-01
1.354463219642639160e+00
1.759403467178344727e+00
1.615696310997009277e+00
1.016894102096557617e+00
3.754112720489501953e-01
1.681450307369232178e-01
4.822738766670227051e-01
1.030009627342224121e+00
1.274831771850585938e+00
9.243785142898559570e-01
4.247605800628662109e-02
-8.902436494827270508e-01
-1.425976157188415527e+00
-1.324558258056640625e+00
-8.135390281677246094e-01
-2.672349810600280762e-01
-7.514986395835876465e-02
-2.522714138031005859e-01
-6.164509057998657227e-01
-8.055286407470703125e-01
-6.993336081504821777e-01
-3.420863449573516846e-01
-4.963999986648559570e-02
-9.408593177795410156e-04
-2.685934007167816162e-01
-5.923963785171508789e-01
-7.408301234245300293e-01
-5.025906562805175781e-01
-2.677059173583984375e-02
4.682745933532714844e-01
6.474627256393432617e-01
4.909288287162780762e-01
9.761321544647216797e-02
-1.855018287897109985e-01
-2.218654602766036987e-01
