1.003508329391479492e+00
1.004906654357910156e+00
8.079589009284973145e-01
5.347490906715393066e-01
3.479122817516326904e-01
3.561946153640747070e-01
4.269710183143615723e-01
3.158047497272491455e-01
-1.772636920213699341e-01
-9.154680371284484863e-01
-1.521692633628845215e+00
-1.557941436767578125e+00
-9.219756126403808594e-01
1.207931637763977051e-01
1.046587228775024414e+00
1.503729701042175293e+00
1.450593590736389160e+00
1.168724894523620605e+00
8.923420310020446777e-01
6.654918193817138672e-01
2.818148732185363770e-01
-3.606584966182708740e-01
-1.126129984855651855e+00
-1.580906033515930176e+00
-1.399770140647888184e+00
-5.877776145935058594e-01
3.626483976840972900e-01
8.829840421676635742e-01
6.448397040367126465e-01
-1.235897988080978394e-01
-9.310646653175354004e-01
-1.327487826347351074e+00
-1.321948289871215820e+00
-1.209276199340820312e+00
-1.338674306869506836e+00
-1.665934562683105469e+00
-1.874391555786132812e+00
-1.567245602607727051e+00
-7.682144045829772949e-01
1.267629116773605347e-01
5.244230628013610840e-01
2.115762680768966675e-01
-5.501305460929870605e-01
-1.083804011344909668e+00
-8.982042074203491211e-01
6.894783675670623779e-02
1.315763473510742188e+00
2.263715505599975586e+00
2.541711807250976562e+00
2.286465167999267578e+00
1.828462123870849609e+00
1.497598528861999512e+00
1.285968542098999023e+00
1.053363680839538574e+00
6.242952346801757812e-01
1.008402407169342041e-01
-3.150517940521240234e-01
-3.783525824546813965e-01
-1.119192242622375488e-01
3.291963338851928711e-01
6.654380559921264648e-01
7.922009229660034180e-01
6.808733344078063965e-01
4.505273103713989258e-01
1.391326487064361572e-01
-1.730687469244003296e-01
-4.525172114372253418e-01
-5.581440329551696777e-01
-4.560667872428894043e-01
-1.916771233081817627e-01
-4.350920394062995911e-02
-2.400804460048675537e-01
-8.691622018814086914e-01
-1.627426981925964355e+00
-2.077685356140136719e+00
-1.842445373535156250e+00
-1.014587283134460449e+00
-3.592601791024208069e-02
4.844633936882019043e-01
3.001005649566650391e-01
-3.883021473884582520e-01
-9.741436243057250977e-01
-9.838242530822753906e-01
-3.168803751468658447e-01
5.899288654327392578e-01
1.180771946907043457e+00
1.079985499382019043e+00
4.386416077613830566e-01
-2.963358461856842041e-01
-6.141843199729919434e-01
-3.785676956176757812e-01
1.926989704370498657e-01
6.124095320701599121e-01
5.405574440956115723e-01
-9.417133778333663940e-02
-9.710780978202819824e-01
-1.662922739982604980e+00
-1.775057196617126465e+00
-1.237565159797668457e+00
-2.300233095884323120e-01
8.187689781188964844e-01
1.535030484199523926e+00
1.684220314025878906e+00
1.357336521148681641e+00
8.175320029258728027e-01
4.035223126411437988e-01
2.519123554229736328e-01
2.968198955059051514e-01
2.754686474800109863e-01
1.850082352757453918e-02
-4.611222445964813232e-01
-8.909437060356140137e-01
-9.839856028556823730e-01
-5.928868055343627930e-01
1.099293082952499390e-01
7.939757108688354492e-01
1.124140143394470215e+00
1.008886456489562988e+00
5.580902099609375000e-01
1.312267687171697617e-02
-4.719323217868804932e-01
-8.317303061485290527e-01
-1.082136750221252441e+00
-1.174479603767395020e+00
-1.038089752197265625e+00
-6.219826340675354004e-01
-4.237979277968406677e-02
4.707491397857666016e-01
6.761943101882934570e-01
5.358247160911560059e-01
2.380905300378799438e-01
9.992595762014389038e-02
3.092971742153167725e-01
7.958580851554870605e-01
1.245148420333862305e+00
1.338082790374755859e+00
9.509100317955017090e-01
2.552468180656433105e-01
-4.221307039260864258e-01
-7.925236225128173828e-01
-7.741841673851013184e-01
-4.854852557182312012e-01
-1.425208747386932373e-01
9.094445407390594482e-02
1.533847302198410034e-01
8.174782246351242065e-02
-5.469574779272079468e-02
-1.997443437576293945e-01
-3.352736234664916992e-01
-4.886583685874938965e-01
-7.185741066932678223e-01
-1.079178810119628906e+00
-1.552132964134216309e+00
-2.000724077224731445e+00
-2.193853378295898438e+00
-1.935594797134399414e+00
-1.201208949089050293e+00
-2.065208107233047485e-01
7.019018530845642090e-01
1.248106360435485840e+00
1.409880995750427246e+00
1.393800377845764160e+00
1.458284378051757812e+00
1.666902661323547363e+00
1.843682289123535156e+00
1.711487412452697754e+00
1.171844244003295898e+00
4.191727042198181152e-01
-1.461780071258544922e-01
-2.364770919084548950e-01
1.226217299699783325e-01
5.902515649795532227e-01
7.931151986122131348e-01
5.853036642074584961e-01
1.494048982858657837e-01
-2.187291979789733887e-01
-3.625946044921875000e-01
-4.120197892189025879e-01
-6.036431193351745605e-01
-1.040509939193725586e+00
-1.509000301361083984e+00
-1.643830418586730957e+00
-1.215622425079345703e+00
-3.882483839988708496e-01
3.810416460037231445e-01
6.442481279373168945e-01
3.230114579200744629e-01
-2.623459696769714355e-01
-6.217136979103088379e-01
-4.918852448463439941e-01
1.500502787530422211e-02
5.328129529953002930e-01
7.897269725799560547e-01
8.090882897377014160e-01
8.644832372665405273e-01
1.184106469154357910e+00
1.731117725372314453e+00
2.191164255142211914e+00
2.229349136352539062e+00
1.741981506347656250e+00
9.406915307044982910e-01
1.640334576368331909e-01
-3.432870805263519287e-01
-5.589507222175598145e-01
-5.829372406005859375e-01
-4.848936498165130615e-01
-2.369611263275146484e-01
1.720468997955322266e-01
6.048800945281982422e-01
7.589640021324157715e-01
3.694248497486114502e-01
-5.509910583496093750e-01
-1.622156500816345215e+00
-2.302330493927001953e+00
-2.239406347274780273e+00
-1.512549877166748047e+00
-5.735254883766174316e-01
