-4.345676898956298828e-01
-4.635160565376281738e-01
-2.510227262973785400e-01
7.110485434532165527e-02
5.049197673797607422e-01
8.862443566322326660e-01
1.134187459945678711e+00
1.035913586616516113e+00
5.877956151962280273e-01
-1.665728837251663208e-01
-8.887764811515808105e-01
-1.313284158706665039e+00
-1.205360770225524902e+00
-7.319214940071105957e-01
-1.695840507745742798e-01
7.815375179052352905e-02
-4.550984501838684082e-02
-4.105467200279235840e-01
-6.114059686660766602e-01
-4.667325615882873535e-01
3.387574851512908936e-02
5.416013598442077637e-01
7.972093224525451660e-01
6.271461844444274902e-01
2.334347069263458252e-01
-1.590449362993240356e-01
-2.944110631942749023e-01
-2.137936204671859741e-01
-6.980457343161106110e-03
1.121663749217987061e-01
1.091551929712295532e-01
-5.173750966787338257e-02
-2.709375619888305664e-01
-5.199072360992431641e-01
-6.356322765350341797e-01
-4.901376068592071533e-01
1.088130176067352295e-01
1.073758602142333984e+00
2.108987808227539062e+00
2.635533332824707031e+00
2.268374919891357422e+00
9.969735741615295410e-01
-5.633639693260192871e-01
-1.610295772552490234e+00
-1.532073616981506348e+00
-4.653638303279876709e-01
8.609915375709533691e-01
1.483415722846984863e+00
9.478366374969482422e-01
-4.637213647365570068e-01
-1.824842214584350586e+00
-2.279324769973754883e+00
-1.530910134315490723e+00
-1.040225028991699219e-01
1.104828476905822754e+00
1.356261849403381348e+00
5.938179492950439453e-01
-6.493878364562988281e-01
-1.591749668121337891e+00
-1.784191250801086426e+00
-1.290221214294433594e+00
-6.117481589317321777e-01
-2.336400151252746582e-01
-3.324613869190216064e-01
-6.497984528541564941e-01
-7.514941692352294922e-01
-3.176108300685882568e-01
5.795148611068725586e-01
1.527009248733520508e+00
1.989704132080078125e+00
1.642802834510803223e+00
5.726028084754943848e-01
-7.388335466384887695e-01
-1.662580728530883789e+00
-1.745388150215148926e+00
-9.604288339614868164e-01
2.960535287857055664e-01
1.429830431938171387e+00
1.964656591415405273e+00
1.781248569488525391e+00
1.104281067848205566e+00
3.254809379577636719e-01
-2.656680047512054443e-01
-5.793779492378234863e-01
-6.991407275199890137e-01
-6.914759278297424316e-01
-5.526880025863647461e-01
-2.068815976381301880e-01
3.202798068523406982e-01
8.719412684440612793e-01
1.180929183959960938e+00
1.107976555824279785e+00
7.131700515747070312e-01
2.640255391597747803e-01
-1.854611746966838837e-02
-8.137023448944091797e-02
-1.221580058336257935e-01
-3.186373710632324219e-01
-6.654018759727478027e-01
-8.581856489181518555e-01
-5.701391100883483887e-01
2.866093814373016357e-01
1.325123548507690430e+00
1.926127195358276367e+00
1.580183982849121094e+00
3.529237210750579834e-01
-1.163957118988037109e+00
-2.127397060394287109e+00
-2.059782505035400391e+00
-1.077659487724304199e+00
1.114820167422294617e-01
7.614858150482177734e-01
4.828834235668182373e-01
-4.706333875656127930e-01
-1.489095807075500488e+00
-1.947684526443481445e+00
-1.654026269912719727e+00
-8.343015313148498535e-01
-9.649456478655338287e-03
4.287506639957427979e-01
3.499125540256500244e-01
-1.006007101386785507e-02
-3.096038103103637695e-01
-2.347349971532821655e-01
2.524598836898803711e-01
9.837654829025268555e-01
1.610569477081298828e+00
1.862755656242370605e+00
1.614265084266662598e+00
1.021610498428344727e+00
3.558664619922637939e-01
-8.492890000343322754e-02
-2.082503139972686768e-01
-8.602387458086013794e-02
6.255037337541580200e-02
1.139457076787948608e-01
4.790510237216949463e-02
-1.779332384467124939e-02
-3.387574851512908936e-02
-4.626264050602912903e-02
-1.985324323177337646e-01
-5.105999112129211426e-01
-8.267051577568054199e-01
-8.196562528610229492e-01
-2.913998961448669434e-01
6.346057057380676270e-01
1.459599971771240234e+00
1.638285994529724121e+00
9.300433397293090820e-01
-3.329404592514038086e-01
-1.450703382492065430e+00
-1.764481782913208008e+00
-1.125496149063110352e+00
3.579195216298103333e-02
9.958101511001586914e-01
1.230545163154602051e+00
7.232301235198974609e-01
-1.045699939131736755e-01
-7.367804646492004395e-01
-9.049957990646362305e-01
-6.799786686897277832e-01
-3.078244924545288086e-01
3.763972222805023193e-02
3.181582987308502197e-01
5.436544418334960938e-01
6.129800081253051758e-01
3.515549898147583008e-01
-3.341038525104522705e-01
-1.232598185539245605e+00
-1.887803196907043457e+00
-1.841129899024963379e+00
-1.026743173599243164e+00
1.684890836477279663e-01
1.071158051490783691e+00
1.243479490280151367e+00
7.278153300285339355e-01
6.029199063777923584e-02
-1.992167830467224121e-01
1.717055737972259521e-01
8.472359180450439453e-01
1.307877659797668457e+00
1.179902672767639160e+00
6.051098704338073730e-01
2.183103933930397034e-02
-1.124401167035102844e-01
2.192684859037399292e-01
6.755303740501403809e-01
7.254885435104370117e-01
1.733480244874954224e-01
-7.971408963203430176e-01
-1.630758047103881836e+00
-1.906143903732299805e+00
-1.489643335342407227e+00
-7.175499796867370605e-01
-3.195954486727714539e-02
1.892251521348953247e-01
-3.243859857320785522e-02
-4.629685878753662109e-01
-6.870959997177124023e-01
-5.199072360992431641e-01
4.078777134418487549e-02
6.580107808113098145e-01
9.919093251228332520e-01
7.248725891113281250e-01
-6.371378153562545776e-02
-1.068899631500244141e+00
-1.704463481903076172e+00
-1.585658788681030273e+00
-5.877956151962280273e-01
8.492890000343322754e-01
2.111040830612182617e+00
2.553068161010742188e+00
2.051433324813842773e+00
8.741312026977539062e-01
-3.025549352169036865e-01
-1.000053167343139648e+00
-9.964261054992675781e-01
