-6.672081947326660156e-01
-7.597921490669250488e-01
-1.007104754447937012e+00
-8.344571590423583984e-01
-1.735225915908813477e-01
6.228669881820678711e-01
1.077686548233032227e+00
8.156680464744567871e-01
3.094255924224853516e-03
-8.124363422393798828e-01
-9.480653405189514160e-01
-2.165719121694564819e-01
9.946623444557189941e-01
1.830924510955810547e+00
1.689819097518920898e+00
5.524762272834777832e-01
-8.521494269371032715e-01
-1.663676142692565918e+00
-1.371369123458862305e+00
-2.760639786720275879e-01
8.640213608741760254e-01
1.259105443954467773e+00
7.284424304962158203e-01
-3.554167151451110840e-01
-1.278079509735107422e+00
-1.603117227554321289e+00
-1.291424632072448730e+00
-7.214215397834777832e-01
-2.198815047740936279e-01
6.582044064998626709e-02
3.089658021926879883e-01
6.698837280273437500e-01
1.216451764106750488e+00
1.757749557495117188e+00
2.098210096359252930e+00
2.082756042480468750e+00
1.786687850952148438e+00
1.326906204223632812e+00
8.737089633941650391e-01
4.622323513031005859e-01
1.254175901412963867e-01
-1.810167878866195679e-01
-4.334692060947418213e-01
-6.490725874900817871e-01
-7.694753408432006836e-01
-7.498575448989868164e-01
-4.729310572147369385e-01
7.303015887737274170e-02
7.840980887413024902e-01
1.317341327667236328e+00
1.312170505523681641e+00
5.590028762817382812e-01
-7.242476940155029297e-01
-2.004574537277221680e+00
-2.666063308715820312e+00
-2.455114841461181641e+00
-1.579002380371093750e+00
-5.885967612266540527e-01
8.144854754209518433e-02
3.530451059341430664e-01
5.194581747055053711e-01
8.548396825790405273e-01
1.330441355705261230e+00
1.550193309783935547e+00
1.122082710266113281e+00
2.689933776855468750e-02
-1.235549449920654297e+00
-1.986955046653747559e+00
-1.850816845893859863e+00
-1.055916547775268555e+00
-2.388336956501007080e-01
5.232483148574829102e-02
-2.166692912578582764e-01
-5.882592201232910156e-01
-5.451369285583496094e-01
3.731697797775268555e-02
7.833197116851806641e-01
1.179447174072265625e+00
1.030257344245910645e+00
6.477959156036376953e-01
5.306173563003540039e-01
8.914435505867004395e-01
1.378874778747558594e+00
1.379955530166625977e+00
5.473845005035400391e-01
-7.607234120368957520e-01
-1.707788228988647461e+00
-1.554562091827392578e+00
-3.277757167816162109e-01
1.178389310836791992e+00
1.900286316871643066e+00
1.341257333755493164e+00
-1.258207857608795166e-01
-1.487703323364257812e+00
-1.919548988342285156e+00
-1.299164772033691406e+00
-3.063680529594421387e-01
2.264256477355957031e-01
-1.321007013320922852e-01
-1.055108547210693359e+00
-1.862167119979858398e+00
-1.969154477119445801e+00
-1.364689707756042480e+00
-4.240248203277587891e-01
3.538154959678649902e-01
7.937931418418884277e-01
9.547743201255798340e-01
1.032116174697875977e+00
1.007974624633789062e+00
7.864349484443664551e-01
2.523580491542816162e-01
-4.179058670997619629e-01
-9.374766349792480469e-01
-1.003106117248535156e+00
-6.662364006042480469e-01
-1.820146143436431885e-01
6.718859076499938965e-02
-4.241809248924255371e-03
-2.643686532974243164e-01
-3.722953796386718750e-01
-1.956251859664916992e-01
2.213909626007080078e-01
5.904847383499145508e-01
7.582263946533203125e-01
6.798441410064697266e-01
5.422772169113159180e-01
4.355434179306030273e-01
4.146005511283874512e-01
3.567435741424560547e-01
2.561493515968322754e-01
1.184064447879791260e-01
7.735761255025863647e-02
9.417465329170227051e-02
8.859758079051971436e-02
-1.362843513488769531e-01
-5.487366318702697754e-01
-9.994460344314575195e-01
-1.171173810958862305e+00
-9.825336337089538574e-01
-5.380778312683105469e-01
-2.006799727678298950e-01
-1.437162011861801147e-01
-3.273902535438537598e-01
-3.822464942932128906e-01
-7.993948459625244141e-02
5.611882805824279785e-01
1.087528705596923828e+00
1.086638689041137695e+00
4.025985002517700195e-01
-5.432028174400329590e-01
-1.156445384025573730e+00
-9.683820009231567383e-01
-1.392744183540344238e-01
7.624927163124084473e-01
1.024884939193725586e+00
4.199812710285186768e-01
-7.711614966392517090e-01
-1.833902835845947266e+00
-2.226755619049072266e+00
-1.765318155288696289e+00
-7.839251756668090820e-01
2.909214496612548828e-01
1.109218478202819824e+00
1.664299368858337402e+00
2.038183212280273438e+00
2.331644535064697266e+00
2.421641588211059570e+00
2.164284944534301758e+00
1.439118027687072754e+00
3.978106975555419922e-01
-6.867382526397705078e-01
-1.450735807418823242e+00
-1.727718472480773926e+00
-1.508840680122375488e+00
-1.012024164199829102e+00
-4.522980153560638428e-01
-2.994003519415855408e-02
2.300572842359542847e-01
3.600950241088867188e-01
4.655699133872985840e-01
5.559560060501098633e-01
5.904961228370666504e-01
4.438625276088714600e-01
9.375564754009246826e-02
-3.603680729866027832e-01
-6.419177055358886719e-01
-5.091947317123413086e-01
1.029967069625854492e-01
9.281502962112426758e-01
1.537912249565124512e+00
1.577874660491943359e+00
1.074942469596862793e+00
4.291496574878692627e-01
1.825263500213623047e-01
5.998578071594238281e-01
1.472363948822021484e+00
2.217075586318969727e+00
2.300734758377075195e+00
1.598299860954284668e+00
4.828687310218811035e-01
-4.775322675704956055e-01
-9.327430725097656250e-01
-9.679647684097290039e-01
-9.556174278259277344e-01
-1.170544266700744629e+00
-1.524297356605529785e+00
-1.614623904228210449e+00
-1.112699627876281738e+00
-9.771162271499633789e-02
8.830463886260986328e-01
1.188250780105590820e+00
5.284985303878784180e-01
-7.466506958007812500e-01
-1.879134416580200195e+00
-2.138331174850463867e+00
-1.320633649826049805e+00
2.050264030694961548e-01
