3.524309992790222168e-01
3.720042407512664795e-01
1.023083105683326721e-01
1.109092831611633301e-01
2.570371627807617188e-01
2.046371996402740479e-01
-1.957051157951354980e-01
-8.926771879196166992e-01
-1.490097999572753906e+00
-1.614380240440368652e+00
-1.040076732635498047e+00
-2.914473414421081543e-03
1.033943414688110352e+00
1.530665397644042969e+00
1.323003292083740234e+00
5.988062024116516113e-01
-1.316237449645996094e-01
-4.985622763633728027e-01
-4.013419151306152344e-01
-1.387330740690231323e-01
-4.799906164407730103e-02
-3.365387916564941406e-01
-8.426498770713806152e-01
-1.286042690277099609e+00
-1.409582018852233887e+00
-1.253347396850585938e+00
-9.944244623184204102e-01
-8.354525566101074219e-01
-7.386307120323181152e-01
-5.468065738677978516e-01
-9.079432487487792969e-02
5.504050254821777344e-01
1.146405100822448730e+00
1.437535285949707031e+00
1.417231559753417969e+00
1.279124975204467773e+00
1.281172275543212891e+00
1.431134462356567383e+00
1.495917320251464844e+00
1.160110354423522949e+00
3.866322338581085205e-01
-5.025673508644104004e-01
-9.971197843551635742e-01
-8.261291384696960449e-01
-1.797192990779876709e-01
3.998690843582153320e-01
4.741368591785430908e-01
7.814750075340270996e-02
-2.695676088333129883e-01
-5.819618701934814453e-03
9.662252664566040039e-01
2.107873439788818359e+00
2.602592229843139648e+00
1.998898863792419434e+00
5.969798564910888672e-01
-7.028312683105468750e-01
-1.064007401466369629e+00
-3.130054473876953125e-01
9.044351577758789062e-01
1.633542060852050781e+00
1.273565173149108887e+00
2.278578281402587891e-02
-1.364377498626708984e+00
-2.121072769165039062e+00
-2.041232585906982422e+00
-1.471175193786621094e+00
-9.765365123748779297e-01
-8.063040971755981445e-01
-8.128185272216796875e-01
-6.291986703872680664e-01
-1.460366249084472656e-01
4.192649424076080322e-01
6.459991931915283203e-01
3.855122923851013184e-01
-1.393777728080749512e-01
-4.228471517562866211e-01
-1.917588412761688232e-01
4.199610352516174316e-01
8.701249361038208008e-01
7.351616621017456055e-01
-1.986837387084960938e-02
-8.971498012542724609e-01
-1.337281942367553711e+00
-1.038729310035705566e+00
-2.614030241966247559e-01
5.040645003318786621e-01
8.112766146659851074e-01
6.493314504623413086e-01
2.391318082809448242e-01
-1.277742981910705566e-01
-4.545846879482269287e-01
-8.570160865783691406e-01
-1.452073216438293457e+00
-2.005381107330322266e+00
-2.145140647888183594e+00
-1.528656840324401855e+00
-3.024435937404632568e-01
1.033907651901245117e+00
1.790582656860351562e+00
1.680169582366943359e+00
8.747153878211975098e-01
4.345357418060302734e-03
-4.191261529922485352e-01
-1.891201138496398926e-01
3.922200202941894531e-01
9.378138184547424316e-01
1.145928502082824707e+00
1.107418775558471680e+00
1.005333662033081055e+00
1.030842065811157227e+00
1.062581062316894531e+00
9.157244563102722168e-01
4.014877378940582275e-01
-3.309444487094879150e-01
-9.920858144760131836e-01
-1.203508853912353516e+00
-8.993433713912963867e-01
-2.449687123298645020e-01
3.310984075069427490e-01
5.405656099319458008e-01
2.637939751148223877e-01
-2.702754437923431396e-01
-7.840874791145324707e-01
-9.912864565849304199e-01
-8.855613470077514648e-01
-5.855451226234436035e-01
-3.749277889728546143e-01
-3.965789675712585449e-01
-6.908932328224182129e-01
-1.041043877601623535e+00
-1.220684647560119629e+00
-9.987452626228332520e-01
-4.064105153083801270e-01
3.866351246833801270e-01
1.042078971862792969e+00
1.358929991722106934e+00
1.263923883438110352e+00
9.391072988510131836e-01
5.660304427146911621e-01
2.873463630676269531e-01
1.826640591025352478e-02
-3.554043769836425781e-01
-9.238284826278686523e-01
-1.521413564682006836e+00
-1.868810415267944336e+00
-1.655189514160156250e+00
-8.541105389595031738e-01
2.896161675453186035e-01
1.287240743637084961e+00
1.750073194503784180e+00
1.534683704376220703e+00
8.699279427528381348e-01
1.308568269014358521e-01
-3.503056466579437256e-01
-5.238872766494750977e-01
-5.511169433593750000e-01
-6.773706078529357910e-01
-9.605132937431335449e-01
-1.232110977172851562e+00
-1.158889651298522949e+00
-5.380014181137084961e-01
5.294281244277954102e-01
1.582690954208374023e+00
2.059014320373535156e+00
1.606219291687011719e+00
3.535559177398681641e-01
-1.135464191436767578e+00
-2.156472206115722656e+00
-2.275386571884155273e+00
-1.566019177436828613e+00
-5.135991573333740234e-01
3.310819864273071289e-01
7.269311547279357910e-01
8.436574339866638184e-01
1.057061672210693359e+00
1.556955933570861816e+00
2.147610902786254883e+00
2.342049598693847656e+00
1.786520600318908691e+00
5.752298831939697266e-01
-6.914898157119750977e-01
-1.323683738708496094e+00
-9.822307229042053223e-01
1.935283839702606201e-02
9.820581674575805664e-01
1.272249937057495117e+00
8.207743167877197266e-01
7.494543492794036865e-02
-3.189987242221832275e-01
-8.830490708351135254e-02
5.477457642555236816e-01
1.024704694747924805e+00
9.962209463119506836e-01
5.373519659042358398e-01
1.332770586013793945e-01
1.470606923103332520e-01
5.534790754318237305e-01
8.364737033843994141e-01
5.054762363433837891e-01
-5.513082742691040039e-01
-1.805812954902648926e+00
-2.540592670440673828e+00
-2.273352384567260742e+00
-1.229226112365722656e+00
-7.400944828987121582e-02
4.623275995254516602e-01
2.224723100662231445e-01
-4.235696494579315186e-01
-7.869945764541625977e-01
-5.270966887474060059e-01
2.259735912084579468e-01
8.835853338241577148e-01
1.002243757247924805e+00
4.975368976593017578e-01
-1.874199211597442627e-01
-5.722026228904724121e-01
-3.718923032283782959e-01
