-2.698693573474884033e-01
-2.556346356868743896e-01
2.442970871925354004e-01
4.358946681022644043e-01
2.664287984371185303e-01
-4.723731428384780884e-02
-2.210694402456283569e-01
-1.228532195091247559e-01
9.688562154769897461e-02
1.549986749887466431e-01
-1.140671223402023315e-01
-5.625094175338745117e-01
-8.156427145004272461e-01
-5.629235506057739258e-01
1.429032087326049805e-01
8.545849323272705078e-01
1.011361360549926758e+00
3.677570521831512451e-01
-7.603890895843505859e-01
-1.629315495491027832e+00
-1.529677271842956543e+00
-2.798900008201599121e-01
1.595249176025390625e+00
3.125329971313476562e+00
3.464693307876586914e+00
2.399661064147949219e+00
4.914228916168212891e-01
-1.254028320312500000e+00
-1.961294412612915039e+00
-1.389357566833496094e+00
-2.851786464452743530e-02
1.213094234466552734e+00
1.578923583030700684e+00
8.837801814079284668e-01
-4.070247411727905273e-01
-1.529576420783996582e+00
-1.908917307853698730e+00
-1.518689274787902832e+00
-8.300117254257202148e-01
-4.579437077045440674e-01
-6.903256773948669434e-01
-1.307921767234802246e+00
-1.735910534858703613e+00
-1.497484445571899414e+00
-5.661437511444091797e-01
5.753463506698608398e-01
1.276473164558410645e+00
1.150603413581848145e+00
3.570345640182495117e-01
-5.418789982795715332e-01
-9.498194456100463867e-01
-6.502506136894226074e-01
1.142314299941062927e-01
8.335617780685424805e-01
1.120246887207031250e+00
9.156699180603027344e-01
4.859884381294250488e-01
1.608547568321228027e-01
1.367011666297912598e-01
3.801698088645935059e-01
7.520834803581237793e-01
1.108547925949096680e+00
1.376592278480529785e+00
1.486102819442749023e+00
1.358157157897949219e+00
9.273427128791809082e-01
2.715053558349609375e-01
-3.729816079139709473e-01
-6.964787244796752930e-01
-5.571427345275878906e-01
-1.146900653839111328e-01
2.133516669273376465e-01
4.848527908325195312e-02
-6.629977226257324219e-01
-1.540876030921936035e+00
-2.004800081253051758e+00
-1.650748491287231445e+00
-5.578317642211914062e-01
7.493534088134765625e-01
1.609577775001525879e+00
1.634973168373107910e+00
9.047501683235168457e-01
-1.315432339906692505e-01
-9.731366634368896484e-01
-1.351757049560546875e+00
-1.324501037597656250e+00
-1.147953629493713379e+00
-1.071165084838867188e+00
-1.191509008407592773e+00
-1.436905384063720703e+00
-1.645686864852905273e+00
-1.650981664657592773e+00
-1.344486355781555176e+00
-7.050007581710815430e-01
1.771252006292343140e-01
1.102869749069213867e+00
1.805486559867858887e+00
2.069844961166381836e+00
1.831493020057678223e+00
1.246805906295776367e+00
6.028544902801513672e-01
1.868163943290710449e-01
1.160811334848403931e-01
3.131351768970489502e-01
5.518033504486083984e-01
6.225997209548950195e-01
4.250522851943969727e-01
4.413998126983642578e-02
-3.297136425971984863e-01
-4.710732996463775635e-01
-2.728808522224426270e-01
2.014977037906646729e-01
6.715624928474426270e-01
7.957437634468078613e-01
3.348988890647888184e-01
-5.939570069313049316e-01
-1.525193095207214355e+00
-1.801570057868957520e+00
-1.022912025451660156e+00
6.695861220359802246e-01
2.503705024719238281e+00
3.517225265502929688e+00
3.077799081802368164e+00
1.358996391296386719e+00
-7.871317863464355469e-01
-2.290027618408203125e+00
-2.574384450912475586e+00
-1.812535524368286133e+00
-7.813235521316528320e-01
-2.072504311800003052e-01
-3.415156602859497070e-01
-8.048292994499206543e-01
-1.045826435089111328e+00
-7.488539218902587891e-01
-1.368066072463989258e-01
3.328851759433746338e-01
3.092194497585296631e-01
-8.110333979129791260e-02
-4.288445115089416504e-01
-3.281410038471221924e-01
2.062430828809738159e-01
8.423593640327453613e-01
1.147467136383056641e+00
1.028664827346801758e+00
7.081997990608215332e-01
5.780034065246582031e-01
7.558117508888244629e-01
1.052692174911499023e+00
1.057929039001464844e+00
5.823380947113037109e-01
-2.579867839813232422e-01
-1.050716757774353027e+00
-1.515691518783569336e+00
-1.625968456268310547e+00
-1.665256381034851074e+00
-1.831890821456909180e+00
-2.100349903106689453e+00
-2.121031999588012695e+00
-1.617472410202026367e+00
-5.738148689270019531e-01
5.872591733932495117e-01
1.370386362075805664e+00
1.455850601196289062e+00
1.009753108024597168e+00
4.388723969459533691e-01
1.930855065584182739e-01
3.800922632217407227e-01
8.689283728599548340e-01
1.360852479934692383e+00
1.713507175445556641e+00
1.862181901931762695e+00
1.846664428710937500e+00
1.592958450317382812e+00
1.074576854705810547e+00
3.332387804985046387e-01
-3.252759873867034912e-01
-5.790949463844299316e-01
-2.361904978752136230e-01
4.558544754981994629e-01
1.015872240066528320e+00
9.627342224121093750e-01
2.893446683883666992e-01
-5.941483974456787109e-01
-1.058539032936096191e+00
-8.462325334548950195e-01
-2.015634775161743164e-01
1.946246623992919922e-01
-1.424567699432373047e-01
-1.180905342102050781e+00
-2.234074115753173828e+00
-2.526760816574096680e+00
-1.670293211936950684e+00
-8.153885602951049805e-02
1.361087918281555176e+00
1.799128532409667969e+00
1.063578486442565918e+00
-3.147551119327545166e-01
-1.369219064712524414e+00
-1.416931867599487305e+00
-3.894897699356079102e-01
1.066307425498962402e+00
2.098306655883789062e+00
2.072254896163940430e+00
1.005036711692810059e+00
-5.738408565521240234e-01
-1.857139587402343750e+00
-2.282945394515991211e+00
-1.713501930236816406e+00
-5.445937514305114746e-01
6.261449456214904785e-01
1.237860441207885742e+00
1.124329447746276855e+00
4.829464256763458252e-01
-1.970727592706680298e-01
-5.047670006752014160e-01
-2.616395652294158936e-01
3.383911252021789551e-01
