-1.392148494720458984e+00
-1.415435791015625000e+00
-6.631233692169189453e-01
2.103844434022903442e-01
9.329429268836975098e-01
1.121711373329162598e+00
9.076575636863708496e-01
4.843819439411163330e-01
3.188281655311584473e-01
4.507044553756713867e-01
8.003400564193725586e-01
8.826628327369689941e-01
5.178051590919494629e-01
-3.309985697269439697e-01
-1.151864886283874512e+00
-1.539065241813659668e+00
-1.142273783683776855e+00
-2.475132495164871216e-01
7.092618942260742188e-01
1.102674603462219238e+00
8.279142379760742188e-01
5.939882248640060425e-02
-5.637983679771423340e-01
-6.448132395744323730e-01
2.586664259433746338e-02
1.070087075233459473e+00
2.048768997192382812e+00
2.439384222030639648e+00
2.177920341491699219e+00
1.364465355873107910e+00
4.177898764610290527e-01
-4.247651398181915283e-01
-9.442777633666992188e-01
-1.222671151161193848e+00
-1.284540414810180664e+00
-1.281488656997680664e+00
-1.193280577659606934e+00
-1.095190763473510742e+00
-9.350863695144653320e-01
-7.804678082466125488e-01
-5.869765877723693848e-01
-4.206962287425994873e-01
-2.627716660499572754e-01
-2.210290133953094482e-01
-3.141416609287261963e-01
-5.956956744194030762e-01
-9.313808083534240723e-01
-1.174679756164550781e+00
-1.102347612380981445e+00
-6.930225491523742676e-01
-5.947148054838180542e-02
4.703950583934783936e-01
6.457578539848327637e-01
3.571195304393768311e-01
-1.821927130222320557e-01
-6.432874202728271484e-01
-7.084989547729492188e-01
-3.521786928176879883e-01
2.058795839548110962e-01
5.936248898506164551e-01
5.862863659858703613e-01
2.154342532157897949e-01
-2.235720753669738770e-01
-4.090344607830047607e-01
-1.921106874942779541e-01
2.916536629199981689e-01
7.328761219978332520e-01
8.565418720245361328e-01
5.936612486839294434e-01
1.133845373988151550e-01
-3.219888508319854736e-01
-5.109388232231140137e-01
-4.411497712135314941e-01
-2.190308868885040283e-01
-1.097152568399906158e-02
1.089886650443077087e-01
1.195605620741844177e-01
7.552914321422576904e-02
-7.956172339618206024e-03
-7.389431446790695190e-02
-7.807221263647079468e-02
1.120766773819923401e-01
5.652515292167663574e-01
1.299798846244812012e+00
2.119320869445800781e+00
2.766786098480224609e+00
2.934083700180053711e+00
2.526502609252929688e+00
1.593886494636535645e+00
4.104149639606475830e-01
-7.777431011199951172e-01
-1.712066531181335449e+00
-2.296064138412475586e+00
-2.424852371215820312e+00
-2.126732110977172852e+00
-1.433418869972229004e+00
-5.779668688774108887e-01
1.910571306943893433e-01
5.620545148849487305e-01
4.801313877105712891e-01
5.809095874428749084e-02
-3.257670998573303223e-01
-4.200423061847686768e-01
-1.263541877269744873e-01
2.717813849449157715e-01
4.504501521587371826e-01
1.316219717264175415e-01
-5.497751235961914062e-01
-1.262524724006652832e+00
-1.530128121376037598e+00
-1.190810084342956543e+00
-3.383007943630218506e-01
5.899556279182434082e-01
1.240799546241760254e+00
1.378670215606689453e+00
1.125780224800109863e+00
6.725326776504516602e-01
2.861678898334503174e-01
2.346889115869998932e-02
-9.289467334747314453e-02
-1.732556372880935669e-01
-2.205203920602798462e-01
-2.789746522903442383e-01
-2.851506769657135010e-01
-2.538346052169799805e-01
-1.150920242071151733e-01
1.149467080831527710e-01
4.594598710536956787e-01
7.936190962791442871e-01
9.891447424888610840e-01
8.573774695396423340e-01
4.025314748287200928e-01
-2.398840487003326416e-01
-7.345472574234008789e-01
-8.508381843566894531e-01
-5.254706740379333496e-01
-2.183406241238117218e-02
3.274382650852203369e-01
2.611005008220672607e-01
-1.487331986427307129e-01
-6.316619515419006348e-01
-8.595209121704101562e-01
-7.448648214340209961e-01
-4.228033423423767090e-01
-1.475343257188796997e-01
-5.086137680336833000e-04
1.610489189624786377e-01
6.128069162368774414e-01
1.454380989074707031e+00
2.454606294631958008e+00
3.108392953872680664e+00
2.972193479537963867e+00
1.983303070068359375e+00
5.575496554374694824e-01
-6.428877711296081543e-01
-1.126288890838623047e+00
-8.462969660758972168e-01
-2.099848240613937378e-01
2.555057406425476074e-01
2.138720899820327759e-01
-2.671312093734741211e-01
-8.905826807022094727e-01
-1.328571796417236328e+00
-1.494961142539978027e+00
-1.459539890289306641e+00
-1.388297557830810547e+00
-1.290498375892639160e+00
-1.130612015724182129e+00
-8.228280544281005859e-01
-4.735920727252960205e-01
-2.207383662462234497e-01
-2.281495928764343262e-01
-3.878906369209289551e-01
-4.911029040813446045e-01
-2.426814287900924683e-01
3.357577323913574219e-01
1.020460844039916992e+00
1.360941410064697266e+00
1.174607157707214355e+00
5.380770564079284668e-01
-5.631081014871597290e-02
-2.313829362392425537e-01
1.872788518667221069e-01
8.165794014930725098e-01
1.176423668861389160e+00
7.996134757995605469e-01
-2.143080383539199829e-01
-1.485551834106445312e+00
-2.348524093627929688e+00
-2.504632234573364258e+00
-1.913586616516113281e+00
-1.020715117454528809e+00
-1.799402832984924316e-01
2.665862739086151123e-01
3.902157545089721680e-01
2.397387325763702393e-01
3.153405338525772095e-02
-2.658596634864807129e-01
-5.264878869056701660e-01
-7.482798099517822266e-01
-6.795443296432495117e-01
-2.972847521305084229e-01
4.428935945034027100e-01
1.186232566833496094e+00
1.695572972297668457e+00
1.661423206329345703e+00
1.249191761016845703e+00
6.600716710090637207e-01
3.379738330841064453e-01
3.276562392711639404e-01
6.026709675788879395e-01
7.510771751403808594e-01
6.308263540267944336e-01
1.161092519760131836e-01
-4.648729860782623291e-01
-9.294553399085998535e-01
-9.997166991233825684e-01
