-1.296639442443847656e-01
-1.232625246047973633e-01
9.850358963012695312e-02
3.986360728740692139e-01
8.379635214805603027e-01
1.244065642356872559e+00
1.419818997383117676e+00
1.147156715393066406e+00
5.048485994338989258e-01
-2.679542899131774902e-01
-7.708967924118041992e-01
-8.219900131225585938e-01
-4.433149099349975586e-01
5.509700253605842590e-02
4.336667656898498535e-01
5.719568729400634766e-01
6.266469359397888184e-01
7.299678325653076172e-01
9.227440357208251953e-01
9.707173109054565430e-01
6.596826314926147461e-01
-8.073271811008453369e-02
-9.250474572181701660e-01
-1.420800924301147461e+00
-1.195230245590209961e+00
-3.562711477279663086e-01
6.262346506118774414e-01
1.110463023185729980e+00
7.966672778129577637e-01
-1.745554357767105103e-01
-1.247133970260620117e+00
-1.931055188179016113e+00
-2.021842479705810547e+00
-1.758345723152160645e+00
-1.480172157287597656e+00
-1.413046717643737793e+00
-1.434803724288940430e+00
-1.309785366058349609e+00
-8.729321956634521484e-01
-2.839251160621643066e-01
1.563170254230499268e-01
1.882790774106979370e-01
-9.793382883071899414e-02
-3.829374909400939941e-01
-3.011384308338165283e-01
1.827300190925598145e-01
7.815363407135009766e-01
1.021460652351379395e+00
6.670874357223510742e-01
-1.468674242496490479e-01
-9.295893311500549316e-01
-1.228204488754272461e+00
-8.671726584434509277e-01
-9.793198108673095703e-02
6.619425415992736816e-01
1.063170433044433594e+00
1.074430704116821289e+00
8.739329576492309570e-01
7.102354764938354492e-01
6.593482494354248047e-01
6.600134372711181641e-01
5.719517469406127930e-01
3.705891966819763184e-01
1.188475042581558228e-01
-6.159687042236328125e-02
-1.579004526138305664e-01
-2.326319217681884766e-01
-3.969358503818511963e-01
-6.415169239044189453e-01
-8.561078310012817383e-01
-8.613002300262451172e-01
-5.893698930740356445e-01
-1.026249527931213379e-01
4.077717065811157227e-01
7.999591827392578125e-01
1.027333021163940430e+00
1.171987771987915039e+00
1.293742060661315918e+00
1.377350807189941406e+00
1.285273432731628418e+00
9.044834971427917480e-01
2.133129239082336426e-01
-6.393476724624633789e-01
-1.456299781799316406e+00
-2.063754558563232422e+00
-2.413731336593627930e+00
-2.492794513702392578e+00
-2.275586128234863281e+00
-1.645931243896484375e+00
-5.371456742286682129e-01
9.597407579421997070e-01
2.460383892059326172e+00
3.440008878707885742e+00
3.458948850631713867e+00
2.499715566635131836e+00
1.003137826919555664e+00
-2.844009399414062500e-01
-7.739540934562683105e-01
-3.393179178237915039e-01
5.556122064590454102e-01
1.194980382919311523e+00
1.021095752716064453e+00
4.758091270923614502e-02
-1.189981698989868164e+00
-1.929375648498535156e+00
-1.726317882537841797e+00
-6.938335895538330078e-01
5.197973847389221191e-01
1.203837871551513672e+00
9.879971146583557129e-01
1.172564327716827393e-01
-7.928364276885986328e-01
-1.125455260276794434e+00
-7.252011895179748535e-01
8.519262075424194336e-02
7.002384662628173828e-01
7.283145785331726074e-01
1.849741339683532715e-01
-4.863229990005493164e-01
-8.334432840347290039e-01
-6.680081486701965332e-01
-2.602946162223815918e-01
-4.089081287384033203e-02
-3.136707544326782227e-01
-9.137699604034423828e-01
-1.361761331558227539e+00
-1.120685577392578125e+00
-7.527597248554229736e-02
1.413390755653381348e+00
2.611181020736694336e+00
2.932248830795288086e+00
2.205544948577880859e+00
8.582028746604919434e-01
-4.412320852279663086e-01
-1.077330827713012695e+00
-9.059665203094482422e-01
-1.722899377346038818e-01
5.954777002334594727e-01
1.017279505729675293e+00
9.522860646247863770e-01
6.205666661262512207e-01
3.093376755714416504e-01
2.823927700519561768e-01
5.236461162567138672e-01
8.763477802276611328e-01
1.036606192588806152e+00
8.420254588127136230e-01
2.388399243354797363e-01
-5.685528516769409180e-01
-1.339213132858276367e+00
-1.778324484825134277e+00
-1.790991187095642090e+00
-1.387017250061035156e+00
-7.933433055877685547e-01
-2.084708809852600098e-01
1.529536247253417969e-01
2.777567505836486816e-01
1.966086030006408691e-01
8.229202032089233398e-02
1.560628414154052734e-02
9.587657451629638672e-02
2.667261064052581787e-01
4.965589046478271484e-01
6.442642211914062500e-01
6.571613550186157227e-01
4.391098916530609131e-01
5.529130995273590088e-02
-4.213348627090454102e-01
-7.634772062301635742e-01
-8.378471136093139648e-01
-5.242685079574584961e-01
4.558685421943664551e-02
6.915002465248107910e-01
1.107483506202697754e+00
1.174562454223632812e+00
8.482457399368286133e-01
3.233754634857177734e-01
-2.592397332191467285e-01
-7.295713424682617188e-01
-1.119053483009338379e+00
-1.421385526657104492e+00
-1.700316429138183594e+00
-1.843514800071716309e+00
-1.789844989776611328e+00
-1.420297265052795410e+00
-8.368180990219116211e-01
-1.742829084396362305e-01
2.805360257625579834e-01
4.028573632240295410e-01
1.225529313087463379e-01
-3.699551522731781006e-01
-8.949406743049621582e-01
-1.187787890434265137e+00
-1.189043998718261719e+00
-8.719615340232849121e-01
-4.179199635982513428e-01
5.574354529380798340e-02
3.680633902549743652e-01
5.288872718811035156e-01
5.462650060653686523e-01
5.863314867019653320e-01
6.917777061462402344e-01
9.179816842079162598e-01
1.108026504516601562e+00
1.154299020767211914e+00
8.995011448860168457e-01
4.347354173660278320e-01
-8.889038860797882080e-02
-3.526583015918731689e-01
-2.293018996715545654e-01
2.924937009811401367e-01
8.971004486083984375e-01
1.270580768585205078e+00
1.098034262657165527e+00
4.167011976242065430e-01
-5.743478536605834961e-01
-1.452079534530639648e+00
