-7.556170821189880371e-01
-7.381393909454345703e-01
-6.176612377166748047e-01
-3.458788096904754639e-01
5.548438429832458496e-02
3.471061587333679199e-01
5.488544106483459473e-01
5.415639281272888184e-01
4.372387826442718506e-01
1.593380570411682129e-01
-1.363414525985717773e-01
-4.355034828186035156e-01
-4.867853522300720215e-01
-2.741625010967254639e-01
2.789765000343322754e-01
8.932248950004577637e-01
1.382640600204467773e+00
1.425712466239929199e+00
1.054857850074768066e+00
3.221123814582824707e-01
-4.183052182197570801e-01
-9.865288734436035156e-01
-1.139171719551086426e+00
-9.465295076370239258e-01
-4.473161995410919189e-01
7.221168279647827148e-02
4.668075740337371826e-01
5.050247907638549805e-01
2.585430443286895752e-01
-1.640186309814453125e-01
-3.944558501243591309e-01
-2.580515742301940918e-01
3.246253430843353271e-01
1.016119003295898438e+00
1.460319519042968750e+00
1.298412799835205078e+00
6.403068304061889648e-01
-1.801505684852600098e-01
-6.150221824645996094e-01
-4.716983437538146973e-01
1.214980185031890869e-01
6.110559701919555664e-01
5.693964362144470215e-01
-1.694805920124053955e-01
-1.230406165122985840e+00
-2.102252721786499023e+00
-2.332135915756225586e+00
-1.947013616561889648e+00
-1.266275644302368164e+00
-7.735013961791992188e-01
-6.706896424293518066e-01
-8.859026432037353516e-01
-1.078695774078369141e+00
-1.002477049827575684e+00
-5.898678302764892578e-01
-4.903453588485717773e-02
3.798122406005859375e-01
5.213322639465332031e-01
4.136276245117187500e-01
1.931997239589691162e-01
3.962156176567077637e-02
4.269796609878540039e-02
2.225924283266067505e-01
5.175998210906982422e-01
8.377155661582946777e-01
1.063607335090637207e+00
1.084524631500244141e+00
8.511435985565185547e-01
4.261298477649688721e-01
5.718976259231567383e-03
-1.756349205970764160e-01
5.834001302719116211e-02
6.806960701942443848e-01
1.494288921356201172e+00
2.167922496795654297e+00
2.448554039001464844e+00
2.210960149765014648e+00
1.564492106437683105e+00
7.149966359138488770e-01
-5.020910501480102539e-02
-5.592391490936279297e-01
-7.268557548522949219e-01
-6.738077998161315918e-01
-5.667059421539306641e-01
-6.299750208854675293e-01
-8.953641653060913086e-01
-1.264843344688415527e+00
-1.422676563262939453e+00
-1.145543456077575684e+00
-3.585166335105895996e-01
6.320750713348388672e-01
1.399399995803833008e+00
1.501775979995727539e+00
8.977515697479248047e-01
-1.600182652473449707e-01
-1.137000441551208496e+00
-1.701198339462280273e+00
-1.760505199432373047e+00
-1.626987457275390625e+00
-1.583451032638549805e+00
-1.798383235931396484e+00
-2.026902437210083008e+00
-1.951695561408996582e+00
-1.269549012184143066e+00
-9.837821125984191895e-02
1.223368287086486816e+00
2.147494316101074219e+00
2.387922763824462891e+00
1.871625661849975586e+00
9.282243847846984863e-01
-7.269060611724853516e-02
-6.919639706611633301e-01
-7.606906890869140625e-01
-2.301744818687438965e-01
6.137552261352539062e-01
1.432472109794616699e+00
1.775202870368957520e+00
1.490369319915771484e+00
6.746889352798461914e-01
-1.394485533237457275e-01
-4.267446696758270264e-01
1.771957576274871826e-01
1.426565051078796387e+00
2.715540885925292969e+00
3.246325016021728516e+00
2.681609153747558594e+00
1.200913429260253906e+00
-4.393455982208251953e-01
-1.537703633308410645e+00
-1.712822556495666504e+00
-1.240369915962219238e+00
-6.635743379592895508e-01
-5.404510498046875000e-01
-9.580851197242736816e-01
-1.671152591705322266e+00
-2.205528736114501953e+00
-2.319666624069213867e+00
-2.002161502838134766e+00
-1.521318435668945312e+00
-1.070017814636230469e+00
-7.493385076522827148e-01
-4.535102546215057373e-01
-1.168115437030792236e-01
2.987066805362701416e-01
6.919550895690917969e-01
1.013526320457458496e+00
1.238664150238037109e+00
1.438419818878173828e+00
1.610551714897155762e+00
1.701412558555603027e+00
1.574491739273071289e+00
1.188449978828430176e+00
6.157667040824890137e-01
6.011217832565307617e-02
-3.216999471187591553e-01
-5.086675882339477539e-01
-6.413539052009582520e-01
-8.598654866218566895e-01
-1.155117988586425781e+00
-1.319836497306823730e+00
-1.083520531654357910e+00
-3.452445566654205322e-01
7.050046920776367188e-01
1.632301211357116699e+00
2.035298585891723633e+00
1.757243037223815918e+00
1.011767029762268066e+00
1.771913319826126099e-01
-4.006984829902648926e-01
-6.679319739341735840e-01
-7.587404251098632812e-01
-8.989380002021789551e-01
-1.118886113166809082e+00
-1.310560703277587891e+00
-1.241636633872985840e+00
-8.673166036605834961e-01
-2.884015142917633057e-01
1.999445259571075439e-01
4.464820027351379395e-01
4.261359274387359619e-01
3.760322332382202148e-01
4.366535544395446777e-01
6.526199579238891602e-01
7.517364621162414551e-01
5.062450170516967773e-01
-2.300968617200851440e-01
-1.177536725997924805e+00
-1.949264287948608398e+00
-2.096243858337402344e+00
-1.604681730270385742e+00
-7.167544364929199219e-01
7.028639316558837891e-03
2.638645768165588379e-01
-3.888688981533050537e-02
-5.224953889846801758e-01
-8.511440753936767578e-01
-7.119981646537780762e-01
-2.393506467342376709e-01
3.781192302703857422e-01
7.990769743919372559e-01
1.006018996238708496e+00
9.849855899810791016e-01
9.228545427322387695e-01
7.546218633651733398e-01
4.925752878189086914e-01
4.815161228179931641e-03
-5.107932090759277344e-01
-8.857689499855041504e-01
-7.734967470169067383e-01
-2.134502828121185303e-01
6.509495973587036133e-01
1.311740279197692871e+00
1.520947575569152832e+00
1.112624883651733398e+00
4.166258573532104492e-01
-3.063188791275024414e-01
-6.979509592056274414e-01
