-1.939483433961868286e-01
-2.023371309041976929e-01
-1.081729412078857422e+00
-1.297968983650207520e+00
-8.073076605796813965e-01
-3.515770435333251953e-01
-4.567825794219970703e-01
-1.356572151184082031e+00
-2.349457979202270508e+00
-2.681448936462402344e+00
-1.720504999160766602e+00
1.564707010984420776e-01
2.176311969757080078e+00
3.294714927673339844e+00
3.222858905792236328e+00
2.154609918594360352e+00
9.019004702568054199e-01
-4.133358597755432129e-02
-3.853730261325836182e-01
-4.233289957046508789e-01
-3.440961241722106934e-01
-3.927437067031860352e-01
-4.338725209236145020e-01
-4.637480974197387695e-01
-3.531355857849121094e-01
-2.246979773044586182e-01
-1.217097043991088867e-02
2.219912409782409668e-01
5.898782014846801758e-01
9.428690671920776367e-01
1.195856928825378418e+00
1.114317893981933594e+00
7.659769058227539062e-01
2.406167984008789062e-01
-1.701699495315551758e-01
-4.354920387268066406e-01
-5.610300302505493164e-01
-7.442433834075927734e-01
-9.363328218460083008e-01
-1.033378481864929199e+00
-7.800992727279663086e-01
-2.269210964441299438e-01
4.051661491394042969e-01
6.848713159561157227e-01
4.927378296852111816e-01
1.487123966217041016e-02
-2.112691104412078857e-01
1.341814100742340088e-01
9.744970798492431641e-01
1.698948621749877930e+00
1.702090501785278320e+00
7.515688538551330566e-01
-6.930622458457946777e-01
-1.844035148620605469e+00
-2.030052900314331055e+00
-1.200680732727050781e+00
1.530905961990356445e-01
1.318944931030273438e+00
1.869989037513732910e+00
1.804712295532226562e+00
1.423659086227416992e+00
9.943253993988037109e-01
5.985230803489685059e-01
1.959742903709411621e-01
-2.000812292098999023e-01
-4.406887888908386230e-01
-4.046228528022766113e-01
-1.590380668640136719e-01
-2.558133378624916077e-02
-2.995850741863250732e-01
-9.995445013046264648e-01
-1.700464248657226562e+00
-1.855228543281555176e+00
-1.161741971969604492e+00
6.306385993957519531e-02
1.123254060745239258e+00
1.334749221801757812e+00
6.308822631835937500e-01
-4.710003733634948730e-01
-1.122544288635253906e+00
-8.784850835800170898e-01
1.238395571708679199e-01
1.158955931663513184e+00
1.598103046417236328e+00
1.207716941833496094e+00
4.100033044815063477e-01
-2.391315698623657227e-01
-3.256271779537200928e-01
7.792945951223373413e-03
4.120272397994995117e-01
4.898454546928405762e-01
2.612151801586151123e-01
-9.288337826728820801e-02
-2.700369954109191895e-01
-2.961452007293701172e-01
-2.872487008571624756e-01
-4.704562127590179443e-01
-7.376418113708496094e-01
-8.994060754776000977e-01
-6.720533967018127441e-01
-1.720689684152603149e-01
2.936368286609649658e-01
2.362684607505798340e-01
-4.028318822383880615e-01
-1.326688408851623535e+00
-1.802411317825317383e+00
-1.360281825065612793e+00
7.457178831100463867e-02
1.851731061935424805e+00
3.195428133010864258e+00
3.462130069732666016e+00
2.745160102844238281e+00
1.566496133804321289e+00
7.199777364730834961e-01
5.311199426651000977e-01
8.807830810546875000e-01
1.127887964248657227e+00
8.010692596435546875e-01
-2.611955404281616211e-01
-1.580780029296875000e+00
-2.568260431289672852e+00
-2.705544471740722656e+00
-2.067149877548217773e+00
-1.031067371368408203e+00
-1.971239745616912842e-01
1.860791295766830444e-01
1.157329678535461426e-01
-9.354934096336364746e-02
-2.954976856708526611e-01
-4.473149180412292480e-01
-7.351307868957519531e-01
-1.147245764732360840e+00
-1.529351353645324707e+00
-1.489951372146606445e+00
-8.741291165351867676e-01
1.811075955629348755e-01
1.100440979003906250e+00
1.374775409698486328e+00
7.990068793296813965e-01
-2.093793749809265137e-01
-9.800832271575927734e-01
-9.234023094177246094e-01
-5.396583676338195801e-02
1.119238853454589844e+00
1.847354054450988770e+00
1.741553544998168945e+00
9.335142374038696289e-01
2.619564533233642578e-02
-4.182447195053100586e-01
-1.931634247303009033e-01
3.892706334590911865e-01
8.098258972167968750e-01
6.620532274246215820e-01
-4.750311374664306641e-02
-9.606989026069641113e-01
-1.579745531082153320e+00
-1.556877970695495605e+00
-8.447816371917724609e-01
3.194760978221893311e-01
1.525706529617309570e+00
2.366042613983154297e+00
2.542292594909667969e+00
1.996796131134033203e+00
8.868929147720336914e-01
-4.125282168388366699e-01
-1.531152248382568359e+00
-2.181504726409912109e+00
-2.337544441223144531e+00
-2.095118284225463867e+00
-1.653463363647460938e+00
-1.095561265945434570e+00
-5.149613618850708008e-01
4.711350798606872559e-02
3.902063369750976562e-01
3.927145898342132568e-01
-1.030690968036651611e-02
-5.372897982597351074e-01
-8.415221571922302246e-01
-5.714782476425170898e-01
1.640526503324508667e-01
9.959703683853149414e-01
1.327497005462646484e+00
9.645003676414489746e-01
5.486744642257690430e-02
-7.819871902465820312e-01
-1.135070323944091797e+00
-8.463745117187500000e-01
-3.306478261947631836e-01
3.275910019874572754e-02
-4.019990563392639160e-02
-2.892357707023620605e-01
-4.333908855915069580e-01
-1.724373996257781982e-01
2.904278039932250977e-01
7.317020297050476074e-01
8.424076437950134277e-01
7.769054174423217773e-01
6.667830348014831543e-01
7.220739126205444336e-01
6.614694595336914062e-01
2.559387683868408203e-01
-7.291910052299499512e-01
-1.870384454727172852e+00
-2.644664525985717773e+00
-2.454275369644165039e+00
-1.485492706298828125e+00
-2.680051326751708984e-01
3.399346768856048584e-01
1.900565624237060547e-01
-3.938771784305572510e-01
-4.971484839916229248e-01
2.474898397922515869e-01
1.690674901008605957e+00
2.825953960418701172e+00
2.921799182891845703e+00
1.674456477165222168e+00
-1.560571491718292236e-01
