6.927515268325805664e-01
6.776180863380432129e-01
3.588516712188720703e-01
-2.771615982055664062e-01
-9.076274037361145020e-01
-1.051717877388000488e+00
-6.610828042030334473e-01
2.915723621845245361e-02
4.528765082359313965e-01
3.437040150165557861e-01
-2.686747312545776367e-01
-8.945869803428649902e-01
-1.185236215591430664e+00
-1.017922639846801758e+00
-7.753324508666992188e-01
-8.036358356475830078e-01
-1.270213842391967773e+00
-1.789830446243286133e+00
-1.903985738754272461e+00
-1.286404371261596680e+00
-2.412767857313156128e-01
6.672173738479614258e-01
8.587908744812011719e-01
3.829936981201171875e-01
-2.707310318946838379e-01
-3.586892485618591309e-01
3.716191947460174561e-01
1.644332885742187500e+00
2.687843799591064453e+00
2.962023735046386719e+00
2.368455171585083008e+00
1.424421429634094238e+00
6.666328310966491699e-01
3.939307928085327148e-01
3.610023856163024902e-01
2.213258296251296997e-01
-2.428784370422363281e-01
-7.649464607238769531e-01
-9.540749788284301758e-01
-5.196299552917480469e-01
3.208611011505126953e-01
1.115406751632690430e+00
1.406933426856994629e+00
1.195340037345886230e+00
7.877682447433471680e-01
6.089146137237548828e-01
7.135562896728515625e-01
8.426057100296020508e-01
5.694709420204162598e-01
-1.938552856445312500e-01
-1.149080395698547363e+00
-1.712799549102783203e+00
-1.545179605484008789e+00
-7.437481880187988281e-01
1.280220746994018555e-01
5.228281617164611816e-01
2.119098305702209473e-01
-5.111113786697387695e-01
-1.148912549018859863e+00
-1.300336122512817383e+00
-9.686288833618164062e-01
-4.321115911006927490e-01
-4.726603627204895020e-02
5.007609724998474121e-02
-5.830720067024230957e-02
-1.490784436464309692e-01
-7.476802170276641846e-02
2.071576714515686035e-01
6.220627427101135254e-01
1.077252149581909180e+00
1.448661088943481445e+00
1.609687089920043945e+00
1.435556173324584961e+00
9.214581847190856934e-01
2.373156845569610596e-01
-2.999429702758789062e-01
-4.291162490844726562e-01
-1.512082815170288086e-01
2.151444554328918457e-01
2.326851785182952881e-01
-3.173994123935699463e-01
-1.228278279304504395e+00
-1.961054086685180664e+00
-2.032696485519409180e+00
-1.376208305358886719e+00
-4.347193837165832520e-01
1.691618561744689941e-01
8.008986711502075195e-02
-4.898778498172760010e-01
-9.386492967605590820e-01
-7.078523635864257812e-01
2.437672615051269531e-01
1.409343719482421875e+00
2.041650533676147461e+00
1.705735921859741211e+00
5.369327068328857422e-01
-8.310249447822570801e-01
-1.727705717086791992e+00
-1.809410333633422852e+00
-1.231132626533508301e+00
-4.002569019794464111e-01
2.913593351840972900e-01
7.193724513053894043e-01
9.468061327934265137e-01
1.121312856674194336e+00
1.289338946342468262e+00
1.453186750411987305e+00
1.582531929016113281e+00
1.706042766571044922e+00
1.789410948753356934e+00
1.723672389984130859e+00
1.286961317062377930e+00
3.685188889503479004e-01
-9.047093987464904785e-01
-2.073563575744628906e+00
-2.617889881134033203e+00
-2.238752841949462891e+00
-1.155456304550170898e+00
2.840512990951538086e-02
6.375709772109985352e-01
4.129866361618041992e-01
-3.658705949783325195e-01
-1.030242323875427246e+00
-1.044054627418518066e+00
-3.425730764865875244e-01
5.647286772727966309e-01
9.953435063362121582e-01
5.352392196655273438e-01
-6.085982918739318848e-01
-1.761144042015075684e+00
-2.171386241912841797e+00
-1.535722613334655762e+00
-1.497055888175964355e-01
1.259028196334838867e+00
2.029390573501586914e+00
1.928088903427124023e+00
1.267160415649414062e+00
6.064585447311401367e-01
3.768445253372192383e-01
5.882839560508728027e-01
8.998641967773437500e-01
8.914400935173034668e-01
3.956770002841949463e-01
-4.102316498756408691e-01
-1.151695966720581055e+00
-1.546402692794799805e+00
-1.584731101989746094e+00
-1.483202815055847168e+00
-1.462305068969726562e+00
-1.540774345397949219e+00
-1.526285529136657715e+00
-1.196684241294860840e+00
-5.394175648689270020e-01
1.977439820766448975e-01
6.542568802833557129e-01
6.572949290275573730e-01
3.531436324119567871e-01
1.376950442790985107e-01
3.147777318954467773e-01
8.645161986351013184e-01
1.386049151420593262e+00
1.417333841323852539e+00
7.532485723495483398e-01
-3.171640038490295410e-01
-1.224302172660827637e+00
-1.442391872406005859e+00
-9.004029035568237305e-01
3.586542606353759766e-02
7.636633515357971191e-01
9.178518056869506836e-01
5.191782116889953613e-01
-1.020630449056625366e-02
-2.465158998966217041e-01
3.064137697219848633e-02
6.423708796501159668e-01
1.259832859039306641e+00
1.538307189941406250e+00
1.400086283683776855e+00
9.211260676383972168e-01
3.453485667705535889e-01
-1.565178781747817993e-01
-4.059349894523620605e-01
-3.604107797145843506e-01
1.695252954959869385e-02
5.706968903541564941e-01
1.097436785697937012e+00
1.271924495697021484e+00
9.641166925430297852e-01
2.180347442626953125e-01
-5.885258913040161133e-01
-1.093534231185913086e+00
-1.032888412475585938e+00
-5.654684901237487793e-01
-2.142205834388732910e-02
1.672770529985427856e-01
-9.466334432363510132e-02
-6.846184730529785156e-01
-1.223342776298522949e+00
-1.523173928260803223e+00
-1.542793154716491699e+00
-1.536677956581115723e+00
-1.637940883636474609e+00
-1.889721393585205078e+00
-2.024415016174316406e+00
-1.856387495994567871e+00
-1.272752642631530762e+00
-5.295012593269348145e-01
1.093934476375579834e-01
3.809327483177185059e-01
4.090137481689453125e-01
4.178333282470703125e-01
7.407064437866210938e-01
1.347165465354919434e+00
2.031729459762573242e+00
2.337537527084350586e+00
2.082184076309204102e+00
1.293157935142517090e+00
