-2.586516380310058594e+00
-2.702639818191528320e+00
-2.085741281509399414e+00
-1.156750321388244629e+00
4.868924617767333984e-03
9.709815382957458496e-01
1.658384084701538086e+00
1.878229022026062012e+00
1.864172577857971191e+00
1.634586811065673828e+00
1.437958121299743652e+00
1.184169292449951172e+00
1.017133712768554688e+00
8.277398943901062012e-01
7.926869392395019531e-01
8.056178092956542969e-01
9.561773538589477539e-01
1.014844655990600586e+00
1.005535602569580078e+00
7.638319134712219238e-01
4.677647650241851807e-01
1.031975448131561279e-01
-1.198108568787574768e-01
-3.043381571769714355e-01
-3.768225908279418945e-01
-5.102018713951110840e-01
-6.011376976966857910e-01
-7.248126864433288574e-01
-7.181030511856079102e-01
-6.765053272247314453e-01
-5.366749763488769531e-01
-4.828373491764068604e-01
-4.799640774726867676e-01
-6.520045399665832520e-01
-8.680641651153564453e-01
-1.158201217651367188e+00
-1.339206695556640625e+00
-1.421499252319335938e+00
-1.247684121131896973e+00
-8.899128437042236328e-01
-3.152291774749755859e-01
2.578689157962799072e-01
7.448902130126953125e-01
9.324437379837036133e-01
8.634364008903503418e-01
5.359490513801574707e-01
1.527027189731597900e-01
-2.529273033142089844e-01
-5.830860733985900879e-01
-9.263338446617126465e-01
-1.222541213035583496e+00
-1.453981161117553711e+00
-1.421048402786254883e+00
-1.059890508651733398e+00
-3.356505334377288818e-01
5.096341371536254883e-01
1.228226184844970703e+00
1.532063961029052734e+00
1.407491922378540039e+00
9.799830913543701172e-01
5.705395936965942383e-01
3.852920532226562500e-01
5.203924179077148438e-01
8.240229487419128418e-01
1.098448514938354492e+00
1.136644959449768066e+00
9.018645286560058594e-01
4.586941301822662354e-01
-1.640018820762634277e-02
-3.651444911956787109e-01
-4.602963030338287354e-01
-2.673262059688568115e-01
1.651848107576370239e-01
6.932545304298400879e-01
1.105082511901855469e+00
1.203659415245056152e+00
8.821076154708862305e-01
2.182451486587524414e-01
-5.848173499107360840e-01
-1.264392495155334473e+00
-1.697668313980102539e+00
-1.902457356452941895e+00
-2.059530735015869141e+00
-2.265718460083007812e+00
-2.498367547988891602e+00
-2.503946542739868164e+00
-2.065429210662841797e+00
-1.077278494834899902e+00
2.113176584243774414e-01
1.419173717498779297e+00
2.108724355697631836e+00
2.157422304153442383e+00
1.659245729446411133e+00
9.703352451324462891e-01
3.233567476272583008e-01
-1.278242468833923340e-01
-4.857277870178222656e-01
-7.779790163040161133e-01
-1.048887848854064941e+00
-1.137043356895446777e+00
-9.966700077056884766e-01
-5.723578929901123047e-01
-4.284882545471191406e-02
5.033686757087707520e-01
9.279296994209289551e-01
1.300052046775817871e+00
1.565197110176086426e+00
1.712133526802062988e+00
1.527595400810241699e+00
9.969367980957031250e-01
1.790803074836730957e-01
-5.190435647964477539e-01
-8.063861727714538574e-01
-4.911953210830688477e-01
1.050132662057876587e-01
5.706963539123535156e-01
4.494625329971313477e-01
-1.862645894289016724e-01
-1.006258964538574219e+00
-1.419915199279785156e+00
-1.241188168525695801e+00
-5.752004384994506836e-01
5.086004734039306641e-02
3.467609584331512451e-01
2.471249997615814209e-01
1.559055149555206299e-01
3.317174315452575684e-01
8.445138931274414062e-01
1.240340232849121094e+00
1.122181653976440430e+00
2.807709276676177979e-01
-8.464877009391784668e-01
-1.668900251388549805e+00
-1.642929553985595703e+00
-8.985702991485595703e-01
6.538009643554687500e-02
5.389996170997619629e-01
3.333543837070465088e-01
-3.094577789306640625e-01
-7.325937151908874512e-01
-5.905777215957641602e-01
8.215418457984924316e-02
7.346158027648925781e-01
9.460383057594299316e-01
5.902912020683288574e-01
1.007731705904006958e-01
-5.833581089973449707e-02
3.869342207908630371e-01
1.143478870391845703e+00
1.734765410423278809e+00
1.719251155853271484e+00
1.149398326873779297e+00
3.436068296432495117e-01
-2.743426263332366943e-01
-6.303324699401855469e-01
-8.912304639816284180e-01
-1.344953060150146484e+00
-1.964587211608886719e+00
-2.446063756942749023e+00
-2.324272871017456055e+00
-1.435955882072448730e+00
-2.976411581039428711e-02
1.282642483711242676e+00
1.966845512390136719e+00
1.835113048553466797e+00
1.156496286392211914e+00
3.771929144859313965e-01
-1.662815511226654053e-01
-4.300544559955596924e-01
-5.572687387466430664e-01
-6.561588048934936523e-01
-6.780404448509216309e-01
-4.735217988491058350e-01
-2.333095669746398926e-02
4.846356511116027832e-01
7.087512016296386719e-01
4.847651720046997070e-01
-3.451561927795410156e-02
-3.458770513534545898e-01
-1.687899231910705566e-02
1.044353723526000977e+00
2.326811075210571289e+00
3.085861444473266602e+00
2.697525501251220703e+00
1.226286768913269043e+00
-6.852331161499023438e-01
-2.021180629730224609e+00
-2.148731231689453125e+00
-1.029747605323791504e+00
6.020102500915527344e-01
1.884219884872436523e+00
2.146812677383422852e+00
1.469251632690429688e+00
3.367017209529876709e-01
-5.168805718421936035e-01
-8.181515336036682129e-01
-6.473963260650634766e-01
-5.383603572845458984e-01
-7.890709638595581055e-01
-1.463497996330261230e+00
-2.076220273971557617e+00
-2.215068340301513672e+00
-1.581743717193603516e+00
-5.126640796661376953e-01
5.220662355422973633e-01
9.295324087142944336e-01
6.959195137023925781e-01
5.648417770862579346e-02
-3.700805902481079102e-01
-3.571783602237701416e-01
1.156140863895416260e-01
5.393106937408447266e-01
6.280149817466735840e-01
2.036745548248291016e-01
-2.958269715309143066e-01
-4.965076148509979248e-01
5.690872669219970703e-03
