-8.776353001594543457e-01
-8.638935089111328125e-01
-3.994066119194030762e-01
-1.798842251300811768e-01
-3.072100877761840820e-01
-4.755644202232360840e-01
-3.854699432849884033e-01
1.441236734390258789e-01
8.136646747589111328e-01
1.190263271331787109e+00
8.828399181365966797e-01
2.392765879631042480e-02
-9.383718967437744141e-01
-1.398725867271423340e+00
-1.163462042808532715e+00
-4.304195046424865723e-01
2.598300278186798096e-01
5.699195265769958496e-01
4.717850685119628906e-01
3.218294978141784668e-01
4.045315980911254883e-01
7.732998728752136230e-01
1.100908160209655762e+00
1.059227943420410156e+00
5.182638168334960938e-01
-2.275308966636657715e-01
-7.445915937423706055e-01
-6.860070824623107910e-01
-1.012811064720153809e-01
6.923766136169433594e-01
1.276415824890136719e+00
1.458364486694335938e+00
1.279369831085205078e+00
9.661365747451782227e-01
6.927378177642822266e-01
5.294343829154968262e-01
4.218892753124237061e-01
3.131240010261535645e-01
1.648185253143310547e-01
-2.602219581604003906e-02
-2.722657024860382080e-01
-5.725597143173217773e-01
-8.758765459060668945e-01
-1.063844799995422363e+00
-1.014213681221008301e+00
-7.218453288078308105e-01
-3.496196866035461426e-01
-1.795043349266052246e-01
-4.059830904006958008e-01
-9.993115067481994629e-01
-1.652539491653442383e+00
-1.987152814865112305e+00
-1.749177217483520508e+00
-1.011708736419677734e+00
-7.903635501861572266e-02
6.435340642929077148e-01
9.282526969909667969e-01
7.478717565536499023e-01
3.055350482463836670e-01
-1.674789339303970337e-01
-4.340965449810028076e-01
-3.991956114768981934e-01
-3.118288516998291016e-02
5.246440768241882324e-01
1.066076755523681641e+00
1.295229673385620117e+00
1.073523283004760742e+00
4.313775897026062012e-01
-2.942144274711608887e-01
-7.355208992958068848e-01
-6.145081520080566406e-01
-4.461604356765747070e-02
6.413681507110595703e-01
9.962178468704223633e-01
8.816911578178405762e-01
4.375962018966674805e-01
8.519580215215682983e-02
8.572277426719665527e-02
4.653023183345794678e-01
8.674253821372985840e-01
9.437978863716125488e-01
4.754428863525390625e-01
-3.393302261829376221e-01
-1.153628349304199219e+00
-1.553862094879150391e+00
-1.432483553886413574e+00
-8.624406456947326660e-01
-1.489563286304473877e-01
4.984664916992187500e-01
8.894882202148437500e-01
1.021577239036560059e+00
8.650318384170532227e-01
5.187879800796508789e-01
5.429753661155700684e-02
-3.091096282005310059e-01
-4.361773133277893066e-01
-2.126738876104354858e-01
1.985440403223037720e-01
5.562440752983093262e-01
5.174269080162048340e-01
1.368848606944084167e-03
-8.684130907058715820e-01
-1.648647546768188477e+00
-1.953061103820800781e+00
-1.538181066513061523e+00
-6.154357194900512695e-01
3.671078681945800781e-01
8.125529885292053223e-01
4.530822634696960449e-01
-5.939525365829467773e-01
-1.706251025199890137e+00
-2.200098276138305664e+00
-1.592925906181335449e+00
-4.416753351688385010e-02
1.802545547485351562e+00
3.028020620346069336e+00
3.069419622421264648e+00
1.931695699691772461e+00
2.893269062042236328e-01
-1.027635216712951660e+00
-1.418042659759521484e+00
-9.224987030029296875e-01
-1.814469695091247559e-02
6.558896303176879883e-01
8.066549301147460938e-01
5.280930995941162109e-01
2.251193076372146606e-01
1.982972025871276855e-01
5.174553394317626953e-01
9.636352062225341797e-01
1.299682259559631348e+00
1.369912981986999512e+00
1.183992147445678711e+00
7.552189230918884277e-01
8.690955489873886108e-02
-8.188495635986328125e-01
-1.778108119964599609e+00
-2.430274724960327148e+00
-2.373000860214233398e+00
-1.496037244796752930e+00
-1.453434079885482788e-01
9.829909205436706543e-01
1.273212552070617676e+00
6.108140945434570312e-01
-5.030140280723571777e-01
-1.273438811302185059e+00
-1.164139747619628906e+00
-2.548665702342987061e-01
8.181824088096618652e-01
1.355604887008666992e+00
1.063478589057922363e+00
2.501287460327148438e-01
-4.997987151145935059e-01
-7.558168768882751465e-01
-5.896361470222473145e-01
-3.964187502861022949e-01
-5.623948574066162109e-01
-1.047957539558410645e+00
-1.468608260154724121e+00
-1.347661256790161133e+00
-5.970713496208190918e-01
4.600992798805236816e-01
1.235931634902954102e+00
1.402995944023132324e+00
1.027784585952758789e+00
5.863236188888549805e-01
4.689769148826599121e-01
7.854224443435668945e-01
1.192420959472656250e+00
1.308378219604492188e+00
9.131965041160583496e-01
2.465389221906661987e-01
-3.162389993667602539e-01
-4.347822368144989014e-01
-2.059493660926818848e-01
6.011825799942016602e-02
-4.870833456516265869e-02
-5.599204897880554199e-01
-1.221630334854125977e+00
-1.508678317070007324e+00
-1.160388708114624023e+00
-2.053038775920867920e-01
8.688877820968627930e-01
1.612367153167724609e+00
1.717447996139526367e+00
1.386752486228942871e+00
9.767753481864929199e-01
9.210628271102905273e-01
1.219989061355590820e+00
1.628904461860656738e+00
1.625376462936401367e+00
9.820306301116943359e-01
-2.616884112358093262e-01
-1.585611462593078613e+00
-2.521223068237304688e+00
-2.723776340484619141e+00
-2.386785507202148438e+00
-1.856052279472351074e+00
-1.585856914520263672e+00
-1.598456859588623047e+00
-1.720849990844726562e+00
-1.530387282371520996e+00
-9.335851669311523438e-01
-4.078024625778198242e-02
6.696478128433227539e-01
9.253767132759094238e-01
6.250478029251098633e-01
1.343463510274887085e-01
-2.204178571701049805e-01
-1.492115557193756104e-01
1.953394860029220581e-01
6.147140264511108398e-01
8.192179203033447266e-01
8.728307485580444336e-01
8.699280023574829102e-01
1.035335421562194824e+00
1.282528400421142578e+00
