-1.333110630512237549e-01
-1.543129533529281616e-01
-6.946439743041992188e-01
-1.365455746650695801e+00
-1.731706500053405762e+00
-1.435921669006347656e+00
-3.539370596408843994e-01
1.059757709503173828e+00
2.130990982055664062e+00
2.231338500976562500e+00
1.354737877845764160e+00
-2.386569976806640625e-04
-1.001130223274230957e+00
-1.163776874542236328e+00
-4.960294663906097412e-01
4.216092526912689209e-01
1.014122962951660156e+00
9.559544324874877930e-01
4.707745909690856934e-01
-4.007460176944732666e-02
-1.887168586254119873e-01
8.488073945045471191e-03
3.327872455120086670e-01
4.387925565242767334e-01
2.466273307800292969e-01
-1.478829681873321533e-01
-4.365737438201904297e-01
-4.405358433723449707e-01
-9.421512484550476074e-02
3.891524672508239746e-01
7.552034854888916016e-01
7.028886675834655762e-01
1.665604710578918457e-01
-7.310159802436828613e-01
-1.559821605682373047e+00
-1.881459712982177734e+00
-1.385616064071655273e+00
-2.501468360424041748e-01
9.845876693725585938e-01
1.584047198295593262e+00
1.194022655487060547e+00
2.962543070316314697e-02
-1.105554223060607910e+00
-1.427823662757873535e+00
-6.409175395965576172e-01
7.180699110031127930e-01
1.693258523941040039e+00
1.485534667968750000e+00
1.152959465980529785e-01
-1.641812324523925781e+00
-2.693969964981079102e+00
-2.451440811157226562e+00
-1.122423648834228516e+00
4.213650822639465332e-01
1.367630362510681152e+00
1.453160285949707031e+00
1.121847510337829590e+00
1.015348792076110840e+00
1.469822406768798828e+00
2.176913261413574219e+00
2.489131927490234375e+00
1.887104034423828125e+00
4.497888684272766113e-01
-1.228264689445495605e+00
-2.385905027389526367e+00
-2.625597476959228516e+00
-2.059779644012451172e+00
-1.191907644271850586e+00
-5.009554624557495117e-01
-2.131576836109161377e-01
-2.377248853445053101e-01
-3.830867409706115723e-01
-5.045111179351806641e-01
-5.927203297615051270e-01
-6.631659269332885742e-01
-6.923248767852783203e-01
-5.801021456718444824e-01
-2.544958889484405518e-01
2.687061131000518799e-01
8.602624535560607910e-01
1.363196372985839844e+00
1.663454413414001465e+00
1.736845016479492188e+00
1.616129279136657715e+00
1.352660894393920898e+00
9.881676435470581055e-01
5.628077983856201172e-01
1.156555265188217163e-01
-3.156346678733825684e-01
-6.961953043937683105e-01
-9.762071371078491211e-01
-1.064163446426391602e+00
-8.471361994743347168e-01
-2.605307102203369141e-01
6.027639508247375488e-01
1.468727111816406250e+00
1.976505279541015625e+00
1.892582654953002930e+00
1.259940266609191895e+00
3.998300731182098389e-01
-3.104371428489685059e-01
-6.720705628395080566e-01
-7.843697667121887207e-01
-8.978335857391357422e-01
-1.175421953201293945e+00
-1.508979916572570801e+00
-1.620141983032226562e+00
-1.298637628555297852e+00
-6.371682882308959961e-01
1.850950717926025391e-02
3.141880631446838379e-01
1.948613673448562622e-01
-6.826721131801605225e-02
-9.334456920623779297e-02
2.536038756370544434e-01
7.418876290321350098e-01
9.402947425842285156e-01
6.113848686218261719e-01
-7.198458909988403320e-02
-6.140859127044677734e-01
-5.955401062965393066e-01
3.689207136631011963e-03
7.610316872596740723e-01
1.150968194007873535e+00
9.188429713249206543e-01
2.553855180740356445e-01
-4.210464954376220703e-01
-7.932045459747314453e-01
-8.612217903137207031e-01
-8.157857060432434082e-01
-7.739049196243286133e-01
-6.089000105857849121e-01
-1.035340949892997742e-01
7.496911883354187012e-01
1.570430994033813477e+00
1.796074867248535156e+00
1.109936356544494629e+00
-2.152292132377624512e-01
-1.433627486228942871e+00
-1.826737761497497559e+00
-1.245553851127624512e+00
-2.265368700027465820e-01
4.234863519668579102e-01
2.665654420852661133e-01
-4.242386817932128906e-01
-9.093203544616699219e-01
-6.165181994438171387e-01
3.420346379280090332e-01
1.226976513862609863e+00
1.254414439201354980e+00
2.632746696472167969e-01
-1.111707210540771484e+00
-1.877554655075073242e+00
-1.444492340087890625e+00
-5.500355362892150879e-02
1.389742612838745117e+00
2.036155939102172852e+00
1.676536798477172852e+00
8.663057088851928711e-01
3.981379270553588867e-01
6.846718788146972656e-01
1.433729171752929688e+00
1.965744495391845703e+00
1.764106512069702148e+00
9.286161661148071289e-01
3.130794316530227661e-02
-3.302653431892395020e-01
-5.823332071304321289e-02
4.383966326713562012e-01
5.555371642112731934e-01
4.139833152294158936e-02
-8.702831268310546875e-01
-1.626934289932250977e+00
-1.872238039970397949e+00
-1.655203700065612793e+00
-1.397949218750000000e+00
-1.441106557846069336e+00
-1.805504441261291504e+00
-2.126541376113891602e+00
-2.060713291168212891e+00
-1.537784099578857422e+00
-9.121764302253723145e-01
-5.877654552459716797e-01
-7.324838042259216309e-01
-1.028989076614379883e+00
-9.994989633560180664e-01
-3.408096134662628174e-01
6.847991943359375000e-01
1.469454407691955566e+00
1.414655923843383789e+00
5.092746615409851074e-01
-6.807124614715576172e-01
-1.265427470207214355e+00
-7.516146898269653320e-01
6.847560405731201172e-01
2.167279958724975586e+00
2.793828010559082031e+00
2.118796348571777344e+00
5.552395582199096680e-01
-1.020073413848876953e+00
-1.720540761947631836e+00
-1.303827285766601562e+00
-1.315640658140182495e-01
1.028041601181030273e+00
1.655859231948852539e+00
1.642579793930053711e+00
1.360716581344604492e+00
1.162977457046508789e+00
1.206569671630859375e+00
1.239575624465942383e+00
9.884203672409057617e-01
3.067916333675384521e-01
-5.463695526123046875e-01
-1.225781559944152832e+00
-1.426980495452880859e+00
-1.246004104614257812e+00
-9.491580128669738770e-01
