1.678755283355712891e-01
1.393275856971740723e-01
-2.420960068702697754e-01
-4.933224916458129883e-01
-4.649301171302795410e-01
-3.266852498054504395e-01
-1.299628615379333496e-01
-7.496953010559082031e-02
-9.217438846826553345e-02
-2.023649513721466064e-01
-2.064008116722106934e-01
-9.272018074989318848e-02
2.509159743785858154e-01
6.599917411804199219e-01
1.014341592788696289e+00
9.897738695144653320e-01
5.076203346252441406e-01
-4.243054389953613281e-01
-1.362516522407531738e+00
-1.865410566329956055e+00
-1.482288718223571777e+00
-2.974460124969482422e-01
1.290861964225769043e+00
2.505767822265625000e+00
2.840379238128662109e+00
2.099828004837036133e+00
7.027851939201354980e-01
-7.897902727127075195e-01
-1.775338053703308105e+00
-2.077604293823242188e+00
-1.743829488754272461e+00
-1.109069347381591797e+00
-4.120702147483825684e-01
1.052354574203491211e-01
4.017585813999176025e-01
4.256598055362701416e-01
2.860658764839172363e-01
6.013952195644378662e-02
-9.758988022804260254e-02
-2.086858153343200684e-01
-3.542892038822174072e-01
-7.275160551071166992e-01
-1.308052897453308105e+00
-1.864315867424011230e+00
-1.923421144485473633e+00
-1.201513290405273438e+00
1.824466884136199951e-01
1.567774772644042969e+00
2.195816278457641602e+00
1.672598719596862793e+00
3.733949959278106689e-01
-8.173608779907226562e-01
-1.069344997406005859e+00
-2.790887653827667236e-01
8.686593174934387207e-01
1.384934186935424805e+00
8.032326102256774902e-01
-4.164005815982818604e-01
-1.172230482101440430e+00
-5.826702713966369629e-01
1.266618251800537109e+00
3.280038595199584961e+00
4.090493679046630859e+00
3.069339513778686523e+00
7.851057052612304688e-01
-1.375581741333007812e+00
-2.239801406860351562e+00
-1.630190610885620117e+00
-4.384254813194274902e-01
1.913211941719055176e-01
-2.667139172554016113e-01
-1.298270940780639648e+00
-1.898651957511901855e+00
-1.387572288513183594e+00
-6.129834055900573730e-02
1.107855319976806641e+00
1.202786803245544434e+00
1.941337734460830688e-01
-1.106695532798767090e+00
-1.607573986053466797e+00
-8.985840082168579102e-01
5.194367170333862305e-01
1.544504046440124512e+00
1.436429023742675781e+00
2.702128887176513672e-01
-1.057761549949645996e+00
-1.651713848114013672e+00
-1.161488771438598633e+00
-7.321500778198242188e-02
8.808883428573608398e-01
1.201499342918395996e+00
1.042930126190185547e+00
8.143367767333984375e-01
8.344913721084594727e-01
9.124773144721984863e-01
7.048657536506652832e-01
1.726728677749633789e-02
-7.666154503822326660e-01
-1.053459286689758301e+00
-4.204975962638854980e-01
8.212087154388427734e-01
1.901127219200134277e+00
2.004693984985351562e+00
1.037331581115722656e+00
-4.185966849327087402e-01
-1.408846855163574219e+00
-1.457586765289306641e+00
-7.651504874229431152e-01
-1.131202876567840576e-01
-6.182253360748291016e-02
-6.026919484138488770e-01
-1.071324944496154785e+00
-8.609983921051025391e-01
1.388683021068572998e-01
1.271676778793334961e+00
1.732660412788391113e+00
1.097278952598571777e+00
-1.942474246025085449e-01
-1.249029397964477539e+00
-1.263347864151000977e+00
-2.135196477174758911e-01
1.253839373588562012e+00
2.195776700973510742e+00
2.113800287246704102e+00
1.104200124740600586e+00
-2.383467406034469604e-01
-1.393695592880249023e+00
-2.113592863082885742e+00
-2.471557378768920898e+00
-2.490484476089477539e+00
-2.069036006927490234e+00
-1.013001322746276855e+00
5.713418722152709961e-01
2.195039510726928711e+00
3.117015361785888672e+00
2.880734682083129883e+00
1.625943660736083984e+00
9.483888745307922363e-02
-8.986482024192810059e-01
-9.732227325439453125e-01
-4.364834427833557129e-01
4.851152002811431885e-02
-1.190755516290664673e-02
-5.472768545150756836e-01
-1.048075199127197266e+00
-1.025049924850463867e+00
-4.439496397972106934e-01
2.421569228172302246e-01
5.045799016952514648e-01
1.966132521629333496e-01
-2.767578065395355225e-01
-3.169358372688293457e-01
3.779487609863281250e-01
1.469588398933410645e+00
2.239197969436645508e+00
2.070498943328857422e+00
9.840164184570312500e-01
-4.355307817459106445e-01
-1.407708168029785156e+00
-1.591749191284179688e+00
-1.202194571495056152e+00
-8.412696719169616699e-01
-8.755609393119812012e-01
-1.238317251205444336e+00
-1.420202612876892090e+00
-1.050277829170227051e+00
-1.279695630073547363e-01
8.279833793640136719e-01
1.317735195159912109e+00
1.126773357391357422e+00
6.152251362800598145e-01
2.575722336769104004e-01
3.830463290214538574e-01
7.555611133575439453e-01
9.483031630516052246e-01
5.569162368774414062e-01
-2.700501084327697754e-01
-1.116493940353393555e+00
-1.443940162658691406e+00
-1.207787752151489258e+00
-6.823540925979614258e-01
-4.272211790084838867e-01
-6.188355684280395508e-01
-1.137106299400329590e+00
-1.464881181716918945e+00
-1.341285109519958496e+00
-7.392191290855407715e-01
-9.699195623397827148e-02
2.825978994369506836e-01
2.226927280426025391e-01
1.977854594588279724e-02
-8.927735686302185059e-02
1.147730648517608643e-01
4.156951904296875000e-01
6.367042064666748047e-01
5.424000024795532227e-01
2.887317836284637451e-01
-1.969242095947265625e-02
-1.749892234802246094e-01
-3.224967718124389648e-01
-5.072416663169860840e-01
-8.502606749534606934e-01
-1.092795848846435547e+00
-1.080268859863281250e+00
-6.239230632781982422e-01
-1.198828220367431641e-02
4.813808500766754150e-01
5.018746852874755859e-01
2.368297278881072998e-01
-1.135143637657165527e-02
2.551741898059844971e-01
9.865849614143371582e-01
1.881808876991271973e+00
2.228787183761596680e+00
1.736880064010620117e+00
4.165157675743103027e-01
-1.073145270347595215e+00
