2.868099510669708252e-01
2.091146707534790039e-01
3.875204324722290039e-01
7.227365970611572266e-01
1.096772670745849609e+00
1.262023925781250000e+00
1.050017833709716797e+00
4.960886836051940918e-01
-1.248203516006469727e-01
-5.028664469718933105e-01
-4.804873466491699219e-01
-1.853446364402770996e-01
9.638661146163940430e-02
9.688431024551391602e-02
-2.330043017864227295e-01
-7.517463564872741699e-01
-1.223805308341979980e+00
-1.497959733009338379e+00
-1.531473278999328613e+00
-1.375593066215515137e+00
-1.078541278839111328e+00
-7.022327780723571777e-01
-3.303670287132263184e-01
-1.058768033981323242e-01
-1.433117687702178955e-01
-4.443426728248596191e-01
-8.275411128997802734e-01
-1.035541653633117676e+00
-8.886480331420898438e-01
-4.412217438220977783e-01
7.200571894645690918e-02
3.937430679798126221e-01
4.544472694396972656e-01
3.911117911338806152e-01
4.173546731472015381e-01
5.946846604347229004e-01
7.654252052307128906e-01
6.604442596435546875e-01
1.643762588500976562e-01
-5.436933636665344238e-01
-1.040973663330078125e+00
-9.447371363639831543e-01
-1.685734987258911133e-01
9.903830289840698242e-01
2.039659261703491211e+00
2.577915906906127930e+00
2.517874717712402344e+00
2.077256679534912109e+00
1.602290272712707520e+00
1.339770078659057617e+00
1.324446201324462891e+00
1.409317731857299805e+00
1.397034406661987305e+00
1.171610355377197266e+00
7.598597407341003418e-01
3.103114962577819824e-01
2.530813217163085938e-04
-7.562842965126037598e-02
6.651610136032104492e-03
1.320850849151611328e-02
-3.291453421115875244e-01
-1.133965134620666504e+00
-2.230309009552001953e+00
-3.203346967697143555e+00
-3.641799688339233398e+00
-3.413062572479248047e+00
-2.786853790283203125e+00
-2.239006280899047852e+00
-2.099352836608886719e+00
-2.252623796463012695e+00
-2.215424060821533203e+00
-1.505400657653808594e+00
-9.905570745468139648e-02
1.466893196105957031e+00
2.400595188140869141e+00
2.248402595520019531e+00
1.233741998672485352e+00
1.487305760383605957e-01
-2.391723692417144775e-01
2.782354056835174561e-01
1.196048855781555176e+00
1.742826938629150391e+00
1.477870821952819824e+00
6.623062491416931152e-01
3.561794757843017578e-03
9.949904680252075195e-02
9.124246835708618164e-01
1.822180032730102539e+00
2.075416326522827148e+00
1.390580534934997559e+00
1.107162237167358398e-01
-1.063210725784301758e+00
-1.641366481781005859e+00
-1.606716275215148926e+00
-1.328377366065979004e+00
-1.106652736663818359e+00
-9.243277311325073242e-01
-4.784471392631530762e-01
4.100621342658996582e-01
1.549453735351562500e+00
2.388254404067993164e+00
2.455663442611694336e+00
1.699771761894226074e+00
5.954545140266418457e-01
-2.406947016716003418e-01
-4.440465271472930908e-01
-1.526053845882415771e-01
2.360056638717651367e-01
3.919395804405212402e-01
3.404439091682434082e-01
3.005159497261047363e-01
4.269845485687255859e-01
5.511170625686645508e-01
3.557873666286468506e-01
-3.406277596950531006e-01
-1.274644374847412109e+00
-1.895395755767822266e+00
-1.713641285896301270e+00
-7.554922699928283691e-01
4.486529231071472168e-01
1.161582589149475098e+00
9.891191720962524414e-01
7.335382699966430664e-02
-1.014503002166748047e+00
-1.755177259445190430e+00
-1.956189870834350586e+00
-1.816239833831787109e+00
-1.591375112533569336e+00
-1.380970597267150879e+00
-1.034684538841247559e+00
-4.243898391723632812e-01
3.824748098850250244e-01
1.048285245895385742e+00
1.261843681335449219e+00
9.640226364135742188e-01
4.859143495559692383e-01
2.716858088970184326e-01
5.877251625061035156e-01
1.264849901199340820e+00
1.861088037490844727e+00
1.932095766067504883e+00
1.388266324996948242e+00
4.924360513687133789e-01
-2.942361235618591309e-01
-6.627551317214965820e-01
-5.653896927833557129e-01
-2.248959094285964966e-01
1.060778200626373291e-01
2.512190341949462891e-01
2.074426412582397461e-01
2.919593453407287598e-02
-2.042433768510818481e-01
-4.728265702724456787e-01
-7.526577115058898926e-01
-1.031990528106689453e+00
-1.256502866744995117e+00
-1.377745866775512695e+00
-1.317224502563476562e+00
-1.026129126548767090e+00
-4.772631525993347168e-01
2.375666648149490356e-01
9.319061040878295898e-01
1.344747066497802734e+00
1.316657543182373047e+00
8.814234733581542969e-01
3.140506744384765625e-01
-5.045726895332336426e-02
-1.780986785888671875e-04
3.912514448165893555e-01
8.623162508010864258e-01
1.143634557723999023e+00
1.176379203796386719e+00
1.084839105606079102e+00
1.030996561050415039e+00
9.848204851150512695e-01
7.331614494323730469e-01
4.786479473114013672e-02
-1.024113059043884277e+00
-2.094320058822631836e+00
-2.605592012405395508e+00
-2.217383146286010742e+00
-1.047166705131530762e+00
3.608205318450927734e-01
1.386499524116516113e+00
1.691675662994384766e+00
1.377705931663513184e+00
8.090512156486511230e-01
3.156111538410186768e-01
-2.195292711257934570e-02
-3.180249631404876709e-01
-6.901415586471557617e-01
-1.097140073776245117e+00
-1.376079559326171875e+00
-1.413122653961181641e+00
-1.279743432998657227e+00
-1.180199742317199707e+00
-1.262156963348388672e+00
-1.453766345977783203e+00
-1.502107143402099609e+00
-1.185867309570312500e+00
-5.302684307098388672e-01
1.701122373342514038e-01
5.644863843917846680e-01
5.131465196609497070e-01
2.065735161304473877e-01
1.404105126857757568e-02
2.085679322481155396e-01
7.528608441352844238e-01
1.344572067260742188e+00
1.638663768768310547e+00
1.495006084442138672e+00
1.033393144607543945e+00
5.179960727691650391e-01
1.455537676811218262e-01
-4.072332382202148438e-02
-1.228188276290893555e-01
-1.711447536945343018e-01
