5.205428600311279297e-01
5.312253236770629883e-01
-5.640390515327453613e-02
-7.408134937286376953e-01
-1.120118141174316406e+00
-8.961335420608520508e-01
-2.659681439399719238e-01
2.990552783012390137e-01
2.912981510162353516e-01
-3.004033267498016357e-01
-1.050300359725952148e+00
-1.293567895889282227e+00
-7.587078213691711426e-01
3.000763058662414551e-01
1.166790008544921875e+00
1.306028604507446289e+00
6.628519296646118164e-01
-2.197829484939575195e-01
-7.470782995223999023e-01
-6.438568234443664551e-01
-2.227869629859924316e-01
2.980967611074447632e-02
-1.781024634838104248e-01
-5.985515117645263672e-01
-7.657717466354370117e-01
-3.650608956813812256e-01
3.585494756698608398e-01
8.491394519805908203e-01
6.420000791549682617e-01
-1.195342987775802612e-01
-8.105235695838928223e-01
-7.297849655151367188e-01
2.476605474948883057e-01
1.587472438812255859e+00
2.401489973068237305e+00
2.170928478240966797e+00
1.061705112457275391e+00
-1.613860130310058594e-01
-7.784129977226257324e-01
-5.664969086647033691e-01
6.137888506054878235e-02
5.109323263168334961e-01
4.470788240432739258e-01
4.826724529266357422e-02
-2.766692638397216797e-01
-2.475113272666931152e-01
2.297210693359375000e-02
2.313745617866516113e-01
1.915142536163330078e-01
7.540428638458251953e-02
2.180557548999786377e-01
7.755395174026489258e-01
1.443712472915649414e+00
1.638864398002624512e+00
9.324270486831665039e-01
-5.055441260337829590e-01
-1.929819822311401367e+00
-2.461090803146362305e+00
-1.716210961341857910e+00
-9.760294854640960693e-02
1.419222354888916016e+00
1.916771173477172852e+00
1.102115869522094727e+00
-5.217271447181701660e-01
-2.000665664672851562e+00
-2.509267330169677734e+00
-1.808552980422973633e+00
-3.167806565761566162e-01
1.186461806297302246e+00
2.006386756896972656e+00
1.872838973999023438e+00
1.005055665969848633e+00
-6.556224822998046875e-02
-8.171499967575073242e-01
-9.933428764343261719e-01
-7.076808214187622070e-01
-3.045121729373931885e-01
-1.153394356369972229e-01
-2.106600850820541382e-01
-3.747384250164031982e-01
-2.748350501060485840e-01
2.267141193151473999e-01
9.216209053993225098e-01
1.336471438407897949e+00
1.095486879348754883e+00
2.165602445602416992e-01
-8.181875348091125488e-01
-1.394556999206542969e+00
-1.184885978698730469e+00
-4.270293116569519043e-01
2.666279375553131104e-01
3.401788473129272461e-01
-2.591167688369750977e-01
-1.071123719215393066e+00
-1.455820560455322266e+00
-1.114430904388427734e+00
-2.799202799797058105e-01
4.602258205413818359e-01
6.606745123863220215e-01
3.253763318061828613e-01
-1.126866266131401062e-01
-2.034016996622085571e-01
1.696634143590927124e-01
6.859688758850097656e-01
9.055789709091186523e-01
6.224286556243896484e-01
6.176644563674926758e-02
-3.323327898979187012e-01
-2.266324758529663086e-01
3.359187245368957520e-01
1.027502536773681641e+00
1.481974720954895020e+00
1.562726020812988281e+00
1.359421730041503906e+00
1.046393513679504395e+00
6.961777210235595703e-01
3.007888197898864746e-01
-1.223937869071960449e-01
-4.177505970001220703e-01
-3.956325054168701172e-01
-1.746565848588943481e-02
4.599084854125976562e-01
6.180567741394042969e-01
1.721431314945220947e-01
-7.545841932296752930e-01
-1.672040462493896484e+00
-2.046575307846069336e+00
-1.704061985015869141e+00
-9.633646011352539062e-01
-4.083605408668518066e-01
-4.522516727447509766e-01
-1.040721893310546875e+00
-1.715221643447875977e+00
-1.963228106498718262e+00
-1.584496617317199707e+00
-7.827707529067993164e-01
2.363115549087524414e-02
5.218617916107177734e-01
6.585689187049865723e-01
5.997925400733947754e-01
5.322232246398925781e-01
5.649601221084594727e-01
7.106330990791320801e-01
9.748461246490478516e-01
1.329295396804809570e+00
1.675000905990600586e+00
1.778688192367553711e+00
1.428331255912780762e+00
6.129636764526367188e-01
-3.106849491596221924e-01
-8.156510591506958008e-01
-5.480577945709228516e-01
2.784652113914489746e-01
9.634953737258911133e-01
7.319214344024658203e-01
-6.016533374786376953e-01
-2.424048900604248047e+00
-3.600197076797485352e+00
-3.298515558242797852e+00
-1.563210487365722656e+00
6.031798720359802246e-01
1.969400763511657715e+00
1.864197731018066406e+00
6.846191883087158203e-01
-5.118893980979919434e-01
-7.551229596138000488e-01
5.198770761489868164e-02
1.180586099624633789e+00
1.613505244255065918e+00
9.353694319725036621e-01
-4.188922643661499023e-01
-1.424654006958007812e+00
-1.335889577865600586e+00
-1.581081151962280273e-01
1.289859771728515625e+00
2.089604377746582031e+00
1.794547915458679199e+00
7.945189476013183594e-01
-1.354460716247558594e-01
-3.421334028244018555e-01
1.616094112396240234e-01
8.880183696746826172e-01
1.210426211357116699e+00
9.461500644683837891e-01
3.343194425106048584e-01
-1.251663714647293091e-01
-2.218472212553024292e-01
-9.773378074169158936e-02
-2.068958580493927002e-01
-7.837824821472167969e-01
-1.697485327720642090e+00
-2.367255687713623047e+00
-2.275125026702880859e+00
-1.234571814537048340e+00
3.051707744598388672e-01
1.624339580535888672e+00
2.026796340942382812e+00
1.374985933303833008e+00
1.287052035331726074e-02
-1.330739140510559082e+00
-2.102950096130371094e+00
-2.060042381286621094e+00
-1.452233195304870605e+00
-6.481148004531860352e-01
-2.238902449607849121e-02
3.589708507061004639e-01
5.348123311996459961e-01
6.597181558609008789e-01
7.173649072647094727e-01
6.897961497306823730e-01
4.931375682353973389e-01
2.359310239553451538e-01
3.618773818016052246e-02
7.176518440246582031e-02
2.929444313049316406e-01
5.811085104942321777e-01
6.954388022422790527e-01
