4.299684166908264160e-01
4.402690529823303223e-01
2.838073670864105225e-01
1.682835817337036133e-02
-1.287842988967895508e-01
-7.002818584442138672e-02
5.064594745635986328e-02
-5.036476254463195801e-02
-4.793718457221984863e-01
-1.012840986251831055e+00
-1.154305458068847656e+00
-5.328807830810546875e-01
7.779495120048522949e-01
2.160785913467407227e+00
2.826085329055786133e+00
2.285519123077392578e+00
7.238733172416687012e-01
-1.126626968383789062e+00
-2.408518552780151367e+00
-2.680018663406372070e+00
-2.095602989196777344e+00
-1.236321210861206055e+00
-6.496212482452392578e-01
-5.299824476242065430e-01
-6.576154232025146484e-01
-6.779382228851318359e-01
-3.901100754737854004e-01
9.239110350608825684e-02
4.860154688358306885e-01
5.739874243736267090e-01
4.068203568458557129e-01
2.569785118103027344e-01
4.183832406997680664e-01
9.580998420715332031e-01
1.636653542518615723e+00
2.019232034683227539e+00
1.745912075042724609e+00
7.545430660247802734e-01
-6.344277262687683105e-01
-1.865382671356201172e+00
-2.413694858551025391e+00
-2.062702178955078125e+00
-1.007817268371582031e+00
2.417520284652709961e-01
1.134307861328125000e+00
1.363567471504211426e+00
1.006802797317504883e+00
4.471844732761383057e-01
1.065327376127243042e-01
1.887817382812500000e-01
5.563596487045288086e-01
8.623388409614562988e-01
7.924900054931640625e-01
3.189549148082733154e-01
-2.858511507511138916e-01
-6.066393852233886719e-01
-3.937438726425170898e-01
2.728319168090820312e-01
9.880239963531494141e-01
1.295616269111633301e+00
9.518861174583435059e-01
1.155914068222045898e-01
-7.822327613830566406e-01
-1.282739520072937012e+00
-1.231398224830627441e+00
-8.334090709686279297e-01
-5.388000011444091797e-01
-6.703280806541442871e-01
-1.215101957321166992e+00
-1.757248878479003906e+00
-1.806497097015380859e+00
-1.107376694679260254e+00
8.848420530557632446e-02
1.209105014801025391e+00
1.680162310600280762e+00
1.391648530960083008e+00
7.216911315917968750e-01
3.211407065391540527e-01
5.463600754737854004e-01
1.213399529457092285e+00
1.625614404678344727e+00
1.156540155410766602e+00
-2.975130677223205566e-01
-2.060733795166015625e+00
-3.138656377792358398e+00
-2.797063350677490234e+00
-1.166911244392395020e+00
8.909152746200561523e-01
2.244399547576904297e+00
2.288652896881103516e+00
1.195233702659606934e+00
-2.061921954154968262e-01
-1.121494889259338379e+00
-1.195312738418579102e+00
-7.029547095298767090e-01
-1.021192371845245361e-01
2.865948081016540527e-01
5.607227683067321777e-01
9.210112094879150391e-01
1.451955556869506836e+00
1.855616211891174316e+00
1.768950223922729492e+00
1.010420441627502441e+00
-8.668804168701171875e-02
-9.473586082458496094e-01
-1.054064750671386719e+00
-4.268306791782379150e-01
4.906958937644958496e-01
1.046759724617004395e+00
9.387295246124267578e-01
2.712602913379669189e-01
-4.814171791076660156e-01
-9.612743854522705078e-01
-1.039874315261840820e+00
-9.287247657775878906e-01
-8.136845827102661133e-01
-7.918515801429748535e-01
-7.324327230453491211e-01
-5.698155164718627930e-01
-3.058169186115264893e-01
-1.227044463157653809e-01
-8.721083402633666992e-02
-1.655393391847610474e-01
-1.337938904762268066e-01
9.739777445793151855e-02
4.715854823589324951e-01
6.968806385993957520e-01
6.111382246017456055e-01
2.409677058458328247e-01
-8.067578077316284180e-02
-1.013472378253936768e-01
2.117617428302764893e-01
4.937398731708526611e-01
3.711552023887634277e-01
-3.055320382118225098e-01
-1.162931084632873535e+00
-1.636351108551025391e+00
-1.269806623458862305e+00
-1.877821385860443115e-01
1.072919487953186035e+00
1.816732525825500488e+00
1.773910284042358398e+00
1.145072579383850098e+00
5.134665369987487793e-01
2.865121066570281982e-01
5.220678448677062988e-01
8.442488908767700195e-01
8.864091634750366211e-01
4.919146895408630371e-01
-8.724730461835861206e-02
-5.201442837715148926e-01
-5.795901417732238770e-01
-4.150737226009368896e-01
-3.269446194171905518e-01
-6.088119149208068848e-01
-1.221631884574890137e+00
-1.894051790237426758e+00
-2.203822612762451172e+00
-1.935156822204589844e+00
-1.115096449851989746e+00
-8.308464288711547852e-02
7.850830554962158203e-01
1.177064776420593262e+00
1.071478486061096191e+00
6.382516622543334961e-01
2.164572477340698242e-01
3.744283318519592285e-02
1.761356294155120850e-01
4.415931999683380127e-01
5.948447585105895996e-01
4.692647457122802734e-01
1.856338977813720703e-01
8.975148200988769531e-03
1.974375247955322266e-01
6.849035024642944336e-01
1.123004555702209473e+00
1.044036030769348145e+00
3.006936609745025635e-01
-8.022962212562561035e-01
-1.595313072204589844e+00
-1.550170302391052246e+00
-6.389077305793762207e-01
5.515090227127075195e-01
1.259127140045166016e+00
1.044034481048583984e+00
1.551038622856140137e-01
-7.038184404373168945e-01
-8.704842329025268555e-01
-2.637870311737060547e-01
6.047896146774291992e-01
1.006045818328857422e+00
5.878326296806335449e-01
-3.948182463645935059e-01
-1.276046633720397949e+00
-1.525689363479614258e+00
-1.107881784439086914e+00
-4.686003327369689941e-01
-1.100995391607284546e-01
-2.044919878244400024e-01
-4.867567420005798340e-01
-5.631170868873596191e-01
-2.797931432723999023e-01
1.194292306900024414e-01
2.276013940572738647e-01
-1.571225523948669434e-01
-8.136398792266845703e-01
-1.253381013870239258e+00
-1.098255991935729980e+00
-3.755693435668945312e-01
5.143606662750244141e-01
1.113064527511596680e+00
1.229908704757690430e+00
1.027287960052490234e+00
8.057675361633300781e-01
7.293326258659362793e-01
7.012559175491333008e-01
5.159838795661926270e-01
