1.247387290000915527e+00
1.260843992233276367e+00
5.096023082733154297e-01
-5.238261222839355469e-01
-1.526356339454650879e+00
-2.100259780883789062e+00
-2.002353191375732422e+00
-1.329673767089843750e+00
-4.762938320636749268e-01
1.239954829216003418e-01
2.920695841312408447e-01
1.981137990951538086e-01
1.666126698255538940e-01
3.720147013664245605e-01
6.621930599212646484e-01
7.097209095954895020e-01
3.283545970916748047e-01
-2.788707911968231201e-01
-6.372020840644836426e-01
-3.662858009338378906e-01
4.426634907722473145e-01
1.227811455726623535e+00
1.322715759277343750e+00
4.918974339962005615e-01
-8.587549328804016113e-01
-1.901973485946655273e+00
-1.980887055397033691e+00
-1.036480784416198730e+00
3.462260365486145020e-01
1.399496316909790039e+00
1.660876512527465820e+00
1.256308794021606445e+00
6.631549000740051270e-01
3.244574069976806641e-01
3.009702861309051514e-01
3.606030344963073730e-01
2.325855344533920288e-01
-7.816107571125030518e-02
-3.425669074058532715e-01
-3.064382076263427734e-01
-1.352252066135406494e-02
2.354190945625305176e-01
5.989435315132141113e-02
-6.069383025169372559e-01
-1.467786073684692383e+00
-1.963798522949218750e+00
-1.710931539535522461e+00
-6.874514818191528320e-01
6.886551380157470703e-01
1.898956537246704102e+00
2.545876502990722656e+00
2.602683782577514648e+00
2.262721061706542969e+00
1.836717009544372559e+00
1.479715943336486816e+00
1.225751399993896484e+00
9.438875317573547363e-01
5.442444086074829102e-01
-4.221078753471374512e-02
-7.246481180191040039e-01
-1.378401994705200195e+00
-1.788987278938293457e+00
-1.843606710433959961e+00
-1.482847809791564941e+00
-8.374968171119689941e-01
-6.617540121078491211e-02
6.101520657539367676e-01
1.094364285469055176e+00
1.293887972831726074e+00
1.212717890739440918e+00
7.990157604217529297e-01
1.211435794830322266e-01
-6.952077150344848633e-01
-1.330379843711853027e+00
-1.525093913078308105e+00
-1.147785305976867676e+00
-4.553194642066955566e-01
1.350958943367004395e-01
1.972061991691589355e-01
-2.739002704620361328e-01
-9.436684846878051758e-01
-1.255007386207580566e+00
-9.666624069213867188e-01
-2.382351160049438477e-01
3.668361306190490723e-01
4.428376257419586182e-01
-4.763758182525634766e-02
-6.261655688285827637e-01
-8.244078159332275391e-01
-4.785618185997009277e-01
2.745926380157470703e-03
1.145305037498474121e-01
-3.764213323593139648e-01
-1.026994228363037109e+00
-1.136082410812377930e+00
-2.206354737281799316e-01
1.351855754852294922e+00
2.618086814880371094e+00
2.543452739715576172e+00
9.525392055511474609e-01
-1.354442834854125977e+00
-2.937376976013183594e+00
-2.798468112945556641e+00
-9.330390095710754395e-01
1.544154524803161621e+00
3.293158054351806641e+00
3.500376224517822266e+00
2.465244770050048828e+00
1.130286216735839844e+00
4.589104652404785156e-01
6.387283205986022949e-01
1.173840761184692383e+00
1.233557462692260742e+00
4.466077983379364014e-01
-9.541803598403930664e-01
-2.210506439208984375e+00
-2.718245267868041992e+00
-2.298345804214477539e+00
-1.364035129547119141e+00
-4.432966709136962891e-01
7.587116956710815430e-02
2.604548633098602295e-01
3.466186821460723877e-01
5.857242345809936523e-01
9.009152650833129883e-01
1.060423374176025391e+00
7.628980278968811035e-01
7.515214383602142334e-03
-9.749032258987426758e-01
-1.729070782661437988e+00
-1.964768290519714355e+00
-1.612614393234252930e+00
-9.678460359573364258e-01
-3.827911913394927979e-01
-1.499567925930023193e-01
-2.278786301612854004e-01
-4.136253595352172852e-01
-4.299089014530181885e-01
-2.577285468578338623e-01
-7.069231569766998291e-02
-1.743104755878448486e-01
-6.174162030220031738e-01
-1.148239612579345703e+00
-1.239138126373291016e+00
-5.593861937522888184e-01
7.915493845939636230e-01
2.148643016815185547e+00
2.752247810363769531e+00
2.184404850006103516e+00
7.837219238281250000e-01
-6.134751439094543457e-01
-1.148000597953796387e+00
-5.931096076965332031e-01
5.804527997970581055e-01
1.506986618041992188e+00
1.633444309234619141e+00
1.025986194610595703e+00
3.014448881149291992e-01
6.728582084178924561e-03
2.051492631435394287e-01
3.786734342575073242e-01
-3.801609575748443604e-02
-1.157575964927673340e+00
-2.385859251022338867e+00
-2.862572908401489258e+00
-2.066366672515869141e+00
-3.048097193241119385e-01
1.491754293441772461e+00
2.350532054901123047e+00
1.943594455718994141e+00
7.211062312126159668e-01
-4.366605579853057861e-01
-8.950417041778564453e-01
-6.138677597045898438e-01
-8.108332753181457520e-02
1.858765333890914917e-01
1.302314549684524536e-02
-3.480786979198455811e-01
-5.494757890701293945e-01
-4.638193249702453613e-01
-2.986493408679962158e-01
-3.447767496109008789e-01
-6.729763746261596680e-01
-9.932443499565124512e-01
-8.719168305397033691e-01
-7.342636585235595703e-02
1.193923354148864746e+00
2.377076864242553711e+00
2.904419660568237305e+00
2.544176101684570312e+00
1.513627767562866211e+00
3.187552094459533691e-01
-5.516918897628784180e-01
-8.711645603179931641e-01
-7.275331020355224609e-01
-4.037399291992187500e-01
-1.863189637660980225e-01
-2.205125242471694946e-01
-4.554767310619354248e-01
-6.930848360061645508e-01
-6.982220411300659180e-01
-3.528325855731964111e-01
2.554551362991333008e-01
8.371960520744323730e-01
1.056822299957275391e+00
7.332944869995117188e-01
-7.888376712799072266e-04
-7.650245428085327148e-01
-1.141758680343627930e+00
-9.614239931106567383e-01
-3.927344083786010742e-01
1.669049859046936035e-01
3.926119208335876465e-01
2.321835756301879883e-01
-7.439365983009338379e-02
-2.265428155660629272e-01
-9.039981663227081299e-02
