-2.190695405006408691e-01
-1.654371917247772217e-01
1.866544783115386963e-01
3.093526363372802734e-01
1.580214798450469971e-01
-1.359956860542297363e-01
-3.142204880714416504e-01
-2.361319661140441895e-01
2.632379531860351562e-02
1.676077544689178467e-01
-8.188027143478393555e-02
-7.549092769622802734e-01
-1.503308534622192383e+00
-1.812397360801696777e+00
-1.287637710571289062e+00
1.485532522201538086e-02
1.612142562866210938e+00
2.811628103256225586e+00
3.149869918823242188e+00
2.598935365676879883e+00
1.583195805549621582e+00
6.369991898536682129e-01
1.216198801994323730e-01
1.101213693618774414e-02
3.780227899551391602e-02
-1.067520380020141602e-01
-5.055806040763854980e-01
-1.020929098129272461e+00
-1.377101540565490723e+00
-1.400404930114746094e+00
-1.090342998504638672e+00
-6.439371109008789062e-01
-2.888887524604797363e-01
-1.924341320991516113e-01
-3.421945571899414062e-01
-5.984178781509399414e-01
-7.291246652603149414e-01
-5.666711330413818359e-01
-6.911399960517883301e-02
5.936568975448608398e-01
1.125059485435485840e+00
1.222162961959838867e+00
7.881412506103515625e-01
9.997114539146423340e-03
-6.856091022491455078e-01
-8.901807665824890137e-01
-4.630941152572631836e-01
3.299362361431121826e-01
9.688655138015747070e-01
9.851426482200622559e-01
2.740938663482666016e-01
-8.397079706192016602e-01
-1.803386926651000977e+00
-2.183474302291870117e+00
-1.906817436218261719e+00
-1.249293923377990723e+00
-5.953423976898193359e-01
-1.710108965635299683e-01
5.192133784294128418e-02
2.491545677185058594e-01
5.320217013359069824e-01
8.515403866767883301e-01
1.052406191825866699e+00
1.057573914527893066e+00
9.463709592819213867e-01
9.034249186515808105e-01
1.007427692413330078e+00
1.130914449691772461e+00
9.776893854141235352e-01
3.538623452186584473e-01
-6.450945138931274414e-01
-1.577723026275634766e+00
-1.939882755279541016e+00
-1.466821074485778809e+00
-3.786882162094116211e-01
7.686636447906494141e-01
1.379063248634338379e+00
1.228978395462036133e+00
5.406063795089721680e-01
-1.431096792221069336e-01
-3.764996528625488281e-01
-3.885447978973388672e-02
5.662457346916198730e-01
9.944104552268981934e-01
8.974402546882629395e-01
2.883862257003784180e-01
-5.636471509933471680e-01
-1.252223014831542969e+00
-1.532822251319885254e+00
-1.343142271041870117e+00
-8.398069143295288086e-01
-1.804984211921691895e-01
4.859995841979980469e-01
1.123997092247009277e+00
1.652623414993286133e+00
1.984173774719238281e+00
1.935840725898742676e+00
1.426302671432495117e+00
4.797251820564270020e-01
-6.269979476928710938e-01
-1.557254552841186523e+00
-1.976421236991882324e+00
-1.832366943359375000e+00
-1.287664175033569336e+00
-7.313483953475952148e-01
-4.482615292072296143e-01
-5.643161535263061523e-01
-8.818073272705078125e-01
-1.132526278495788574e+00
-1.048879861831665039e+00
-6.334273219108581543e-01
-1.531043648719787598e-02
5.521123409271240234e-01
9.771080017089843750e-01
1.242566108703613281e+00
1.465710878372192383e+00
1.634289264678955078e+00
1.691069602966308594e+00
1.467537522315979004e+00
9.667816162109375000e-01
3.056296408176422119e-01
-1.999332308769226074e-01
-3.616666197776794434e-01
-1.394177377223968506e-01
1.942330300807952881e-01
3.570620119571685791e-01
1.295901536941528320e-01
-3.722980022430419922e-01
-9.157272577285766602e-01
-1.203251600265502930e+00
-1.208448886871337891e+00
-1.037397265434265137e+00
-9.348090291023254395e-01
-9.361769556999206543e-01
-9.518232941627502441e-01
-7.254298329353332520e-01
-1.959545016288757324e-01
5.258596539497375488e-01
1.074887156486511230e+00
1.211719989776611328e+00
8.904976844787597656e-01
4.476480782032012939e-01
2.523939013481140137e-01
5.591002702713012695e-01
1.172106742858886719e+00
1.673138856887817383e+00
1.573652505874633789e+00
7.947230339050292969e-01
-3.575230538845062256e-01
-1.228677868843078613e+00
-1.345743775367736816e+00
-6.087520718574523926e-01
5.044202804565429688e-01
1.340595006942749023e+00
1.353202700614929199e+00
5.514675974845886230e-01
-6.430193185806274414e-01
-1.567266106605529785e+00
-1.856175899505615234e+00
-1.527006506919860840e+00
-1.012290716171264648e+00
-6.870408654212951660e-01
-6.813012361526489258e-01
-6.933387517929077148e-01
-3.673015832901000977e-01
4.642494618892669678e-01
1.468642234802246094e+00
2.088959455490112305e+00
1.839555144309997559e+00
7.860580682754516602e-01
-5.292739868164062500e-01
-1.335077404975891113e+00
-1.242969989776611328e+00
-4.261533021926879883e-01
4.297170341014862061e-01
7.249864339828491211e-01
3.125107884407043457e-01
-3.195964992046356201e-01
-5.190262198448181152e-01
6.589287519454956055e-02
1.082748413085937500e+00
1.756484031677246094e+00
1.383452177047729492e+00
-4.112657904624938965e-02
-1.807680606842041016e+00
-2.862599849700927734e+00
-2.573978662490844727e+00
-1.103699326515197754e+00
6.351547837257385254e-01
1.638574361801147461e+00
1.400774955749511719e+00
2.464038282632827759e-01
-9.946954250335693359e-01
-1.525406837463378906e+00
-1.121630787849426270e+00
-1.530033648014068604e-01
7.107397913932800293e-01
1.018381357192993164e+00
7.537196278572082520e-01
2.892036437988281250e-01
2.363006025552749634e-02
1.257079243659973145e-01
4.447825551033020020e-01
7.101087570190429688e-01
7.306677103042602539e-01
5.272094011306762695e-01
2.427797913551330566e-01
7.438838481903076172e-03
-1.705615222454071045e-01
-3.561770319938659668e-01
-5.825024843215942383e-01
-7.697690725326538086e-01
-7.690099477767944336e-01
-4.852421283721923828e-01
1.624616980552673340e-02
5.169541239738464355e-01
7.736949920654296875e-01
