-7.627200484275817871e-01
-7.314227223396301270e-01
5.253114104270935059e-01
2.058350324630737305e+00
2.977762222290039062e+00
2.647500038146972656e+00
1.291079521179199219e+00
-2.688019573688507080e-01
-1.134422659873962402e+00
-1.108520746231079102e+00
-6.987579464912414551e-01
-7.200065255165100098e-01
-1.463233947753906250e+00
-2.494562625885009766e+00
-2.916596174240112305e+00
-2.226961374282836914e+00
-7.124370932579040527e-01
6.457576751708984375e-01
1.008660912513732910e+00
2.806893587112426758e-01
-7.514010071754455566e-01
-1.126298189163208008e+00
-4.422697722911834717e-01
7.561635971069335938e-01
1.485415220260620117e+00
1.090155363082885742e+00
-1.499829739332199097e-01
-1.279701590538024902e+00
-1.382245898246765137e+00
-3.577482700347900391e-01
1.041194915771484375e+00
1.776203155517578125e+00
1.384881615638732910e+00
3.001368045806884766e-01
-4.822231829166412354e-01
-2.270079553127288818e-01
9.810488820075988770e-01
2.289743423461914062e+00
2.746186971664428711e+00
1.986597537994384766e+00
4.786251783370971680e-01
-8.606336712837219238e-01
-1.321230292320251465e+00
-8.379638195037841797e-01
7.715529203414916992e-02
7.864012122154235840e-01
9.567528367042541504e-01
6.908841133117675781e-01
2.941582798957824707e-01
-1.482516527175903320e-02
-2.578262686729431152e-01
-5.477293133735656738e-01
-9.044855833053588867e-01
-1.141047000885009766e+00
-1.029615998268127441e+00
-4.898241162300109863e-01
2.384950965642929077e-01
7.472192645072937012e-01
6.721351146697998047e-01
-1.926720142364501953e-02
-1.038056731224060059e+00
-1.881875991821289062e+00
-2.156752109527587891e+00
-1.692751288414001465e+00
-6.444984078407287598e-01
6.847424507141113281e-01
1.910687327384948730e+00
2.745131015777587891e+00
2.957538127899169922e+00
2.478569746017456055e+00
1.340419769287109375e+00
-2.055931687355041504e-01
-1.796919822692871094e+00
-2.961860895156860352e+00
-3.383020401000976562e+00
-2.960843801498413086e+00
-1.977719306945800781e+00
-8.863906860351562500e-01
-1.784773766994476318e-01
-3.330385684967041016e-02
-3.199986815452575684e-01
-6.070375442504882812e-01
-5.489385128021240234e-01
-3.126317262649536133e-02
6.602278947830200195e-01
1.141347408294677734e+00
1.125186324119567871e+00
7.380949854850769043e-01
3.248175680637359619e-01
2.807242870330810547e-01
6.265858411788940430e-01
1.076775074005126953e+00
1.163030028343200684e+00
7.248024940490722656e-01
-1.549062132835388184e-02
-4.783464074134826660e-01
-2.587295174598693848e-01
6.437669396400451660e-01
1.673004031181335449e+00
2.190899133682250977e+00
1.812876224517822266e+00
7.780756950378417969e-01
-3.447830677032470703e-01
-9.648704528808593750e-01
-9.614318013191223145e-01
-5.990693569183349609e-01
-3.490309417247772217e-01
-4.046918749809265137e-01
-6.525108814239501953e-01
-7.350074052810668945e-01
-4.914398193359375000e-01
-3.427699208259582520e-02
2.427693903446197510e-01
9.076023101806640625e-02
-4.664829075336456299e-01
-1.035434484481811523e+00
-1.238008022308349609e+00
-8.977438211441040039e-01
-2.406216263771057129e-01
3.773709535598754883e-01
6.573973894119262695e-01
6.241441965103149414e-01
4.670424163341522217e-01
4.229017496109008789e-01
4.994493722915649414e-01
5.679857730865478516e-01
4.278397560119628906e-01
7.347078621387481689e-02
-3.578000664710998535e-01
-6.201209425926208496e-01
-6.078599691390991211e-01
-3.779136538505554199e-01
-1.546978354454040527e-01
-1.131807267665863037e-01
-3.142315745353698730e-01
-6.222936511039733887e-01
-8.605304956436157227e-01
-8.842167258262634277e-01
-7.158037424087524414e-01
-4.821599721908569336e-01
-3.649813234806060791e-01
-4.427338838577270508e-01
-6.668655872344970703e-01
-8.403548598289489746e-01
-7.619857788085937500e-01
-3.316806256771087646e-01
3.442763388156890869e-01
1.009279012680053711e+00
1.386318683624267578e+00
1.369107842445373535e+00
1.083813548088073730e+00
8.116716146469116211e-01
7.830132246017456055e-01
1.010689616203308105e+00
1.277097463607788086e+00
1.288632512092590332e+00
9.058014750480651855e-01
2.271499335765838623e-01
-4.766356348991394043e-01
-9.757087230682373047e-01
-1.190929412841796875e+00
-1.197353243827819824e+00
-1.053117275238037109e+00
-7.328501939773559570e-01
-1.370574235916137695e-01
6.910566687583923340e-01
1.507762193679809570e+00
1.907491683959960938e+00
1.653499364852905273e+00
8.571827411651611328e-01
2.071976661682128906e-02
-3.363642096519470215e-01
-7.511772215366363525e-03
6.660024523735046387e-01
1.088403224945068359e+00
7.840414047241210938e-01
-1.670871973037719727e-01
-1.252578735351562500e+00
-1.834101200103759766e+00
-1.688821196556091309e+00
-1.069111585617065430e+00
-5.499017834663391113e-01
-4.879523515701293945e-01
-8.455456495285034180e-01
-1.177896022796630859e+00
-1.113802552223205566e+00
-5.640267729759216309e-01
1.290115118026733398e-01
5.913595557212829590e-01
6.176294684410095215e-01
4.075677394866943359e-01
2.601206600666046143e-01
4.193021357059478760e-01
7.801998853683471680e-01
1.121047496795654297e+00
1.190555572509765625e+00
1.007481098175048828e+00
6.882887482643127441e-01
4.295342564582824707e-01
2.357172369956970215e-01
9.018006920814514160e-02
-8.768808841705322266e-02
-2.133759260177612305e-01
-2.501764297485351562e-01
-1.641855835914611816e-01
-1.232996582984924316e-01
-2.376605570316314697e-01
-5.517423748970031738e-01
-8.297517299652099609e-01
-8.547718524932861328e-01
-4.919622540473937988e-01
2.281969785690307617e-02
3.787609338760375977e-01
3.073695600032806396e-01
-3.824608027935028076e-02
-3.192499577999114990e-01
-1.458536386489868164e-01
