1.023472905158996582e+00
1.030605554580688477e+00
6.982265114784240723e-01
4.297664761543273926e-01
2.271458208560943604e-01
9.063886106014251709e-02
-2.387774437665939331e-01
-7.539705038070678711e-01
-1.376097679138183594e+00
-1.691029310226440430e+00
-1.510519623756408691e+00
-7.805805802345275879e-01
6.622342765331268311e-02
6.515902876853942871e-01
6.532911062240600586e-01
2.798721790313720703e-01
-1.277832388877868652e-01
-1.210347041487693787e-01
2.938081622123718262e-01
8.954702615737915039e-01
1.192131519317626953e+00
1.000703454017639160e+00
3.487291932106018066e-01
-3.537768721580505371e-01
-8.306733369827270508e-01
-9.137406945228576660e-01
-8.145427107810974121e-01
-7.291161417961120605e-01
-8.470234274864196777e-01
-1.033623218536376953e+00
-1.120531201362609863e+00
-8.730300068855285645e-01
-3.354515731334686279e-01
3.676579892635345459e-01
9.523664116859436035e-01
1.288970232009887695e+00
1.294895768165588379e+00
1.066707491874694824e+00
6.576803922653198242e-01
1.777662932872772217e-01
-3.263438045978546143e-01
-7.179234027862548828e-01
-9.001887440681457520e-01
-7.586889863014221191e-01
-3.561909794807434082e-01
1.562038958072662354e-01
5.181558132171630859e-01
5.895915031433105469e-01
3.863673508167266846e-01
1.440236121416091919e-01
1.066049113869667053e-01
3.954202532768249512e-01
8.580515384674072266e-01
1.198550820350646973e+00
1.159156918525695801e+00
7.557810544967651367e-01
2.777324020862579346e-01
1.025996804237365723e-01
3.854894936084747314e-01
9.119849801063537598e-01
1.212431907653808594e+00
9.020541906356811523e-01
5.047685001045465469e-03
-1.027697682380676270e+00
-1.596549749374389648e+00
-1.416698575019836426e+00
-7.025060653686523438e-01
-4.274072125554084778e-02
9.886877983808517456e-02
-2.769094109535217285e-01
-6.557052135467529297e-01
-4.815601110458374023e-01
3.965175747871398926e-01
1.465858578681945801e+00
1.941877245903015137e+00
1.294731140136718750e+00
-2.247865647077560425e-01
-1.777937173843383789e+00
-2.420145273208618164e+00
-1.843392491340637207e+00
-4.906678795814514160e-01
6.888992190361022949e-01
1.008933424949645996e+00
3.873549401760101318e-01
-5.865190029144287109e-01
-1.266420245170593262e+00
-1.303784012794494629e+00
-9.158804416656494141e-01
-4.682276248931884766e-01
-2.278042137622833252e-01
-6.545530259609222412e-02
2.021817266941070557e-01
6.581193208694458008e-01
1.020180940628051758e+00
1.017382860183715820e+00
5.602930188179016113e-01
2.414110116660594940e-02
-1.726088672876358032e-01
1.642692238092422485e-01
6.316738724708557129e-01
6.377091407775878906e-01
-2.151301354169845581e-01
-1.564727425575256348e+00
-2.577227115631103516e+00
-2.402149200439453125e+00
-9.877551198005676270e-01
9.296518564224243164e-01
2.154263973236083984e+00
2.010953664779663086e+00
6.799011826515197754e-01
-7.987412214279174805e-01
-1.427397489547729492e+00
-8.146524429321289062e-01
4.596685171127319336e-01
1.446271419525146484e+00
1.397989273071289062e+00
3.793444931507110596e-01
-9.853958487510681152e-01
-1.875105142593383789e+00
-1.923112988471984863e+00
-1.219948649406433105e+00
-2.241830378770828247e-01
7.242330312728881836e-01
1.428549647331237793e+00
1.901934742927551270e+00
2.081127405166625977e+00
1.925033330917358398e+00
1.408249139785766602e+00
7.698267698287963867e-01
3.370975553989410400e-01
3.929512798786163330e-01
8.379156589508056641e-01
1.278326153755187988e+00
1.206890463829040527e+00
4.619728922843933105e-01
-6.870886683464050293e-01
-1.633364915847778320e+00
-1.908408880233764648e+00
-1.440291047096252441e+00
-6.471461057662963867e-01
-8.553630858659744263e-02
-1.266310513019561768e-01
-6.964159011840820312e-01
-1.409072160720825195e+00
-1.806796789169311523e+00
-1.665790796279907227e+00
-1.071480870246887207e+00
-3.476318418979644775e-01
1.504978239536285400e-01
2.029498517513275146e-01
-1.776565611362457275e-01
-7.506236433982849121e-01
-1.161790490150451660e+00
-1.099572300910949707e+00
-5.091577768325805664e-01
3.659571409225463867e-01
1.038506269454956055e+00
1.102864265441894531e+00
4.652099907398223877e-01
-4.921492636203765869e-01
-1.177591919898986816e+00
-1.105826973915100098e+00
-3.056043982505798340e-01
7.619260549545288086e-01
1.418618917465209961e+00
1.313111305236816406e+00
5.492649078369140625e-01
-3.115848004817962646e-01
-7.507882714271545410e-01
-5.056463479995727539e-01
2.013038694858551025e-01
1.005421996116638184e+00
1.529393672943115234e+00
1.705075025558471680e+00
1.557155847549438477e+00
1.239480972290039062e+00
7.784956693649291992e-01
2.979780137538909912e-01
-1.057270467281341553e-01
-1.952685862779617310e-01
4.784327372908592224e-02
5.173328518867492676e-01
7.980828285217285156e-01
6.608077883720397949e-01
8.378059417009353638e-02
-4.557730257511138916e-01
-5.057560801506042480e-01
2.143071442842483521e-01
1.311520218849182129e+00
2.161067485809326172e+00
2.089741468429565430e+00
1.100285530090332031e+00
-3.555325865745544434e-01
-1.440126419067382812e+00
-1.748309493064880371e+00
-1.298242568969726562e+00
-7.051396369934082031e-01
-4.241701066493988037e-01
-6.764994859695434570e-01
-1.068133950233459473e+00
-1.219454765319824219e+00
-8.195354938507080078e-01
-1.474801748991012573e-01
4.367893338203430176e-01
4.854007363319396973e-01
6.073681637644767761e-02
-6.239377260208129883e-01
-1.091232657432556152e+00
-1.203872799873352051e+00
-9.026577472686767578e-01
-4.736045002937316895e-01
-1.563685014843940735e-02
2.918329834938049316e-01
5.421872138977050781e-01
6.646484136581420898e-01
7.561102509498596191e-01
7.201729416847229004e-01
