6.127843260765075684e-01
6.045771837234497070e-01
7.477247118949890137e-01
5.390218496322631836e-01
1.031793355941772461e-01
-2.550096511840820312e-01
-2.757089734077453613e-01
7.243746519088745117e-02
5.346746444702148438e-01
7.717533111572265625e-01
6.007305383682250977e-01
1.621150672435760498e-01
-2.218575477600097656e-01
-2.959398627281188965e-01
-1.188520416617393494e-01
1.173549890518188477e-02
-1.977180838584899902e-01
-7.183522582054138184e-01
-1.199831724166870117e+00
-1.209517717361450195e+00
-6.409022808074951172e-01
1.678025424480438232e-01
6.185103654861450195e-01
3.374782502651214600e-01
-5.376917123794555664e-01
-1.395849823951721191e+00
-1.626803040504455566e+00
-1.047224164009094238e+00
-6.979324668645858765e-02
6.531422734260559082e-01
7.016263008117675781e-01
2.428891062736511230e-01
-1.488361060619354248e-01
8.771827816963195801e-02
1.014307618141174316e+00
2.166299581527709961e+00
2.838526010513305664e+00
2.606979370117187500e+00
1.552254557609558105e+00
2.029880285263061523e-01
-8.776528835296630859e-01
-1.383226633071899414e+00
-1.413920402526855469e+00
-1.270768284797668457e+00
-1.249378204345703125e+00
-1.414706945419311523e+00
-1.635184407234191895e+00
-1.638870954513549805e+00
-1.216741800308227539e+00
-3.093473315238952637e-01
8.621245622634887695e-01
1.866668462753295898e+00
2.186583757400512695e+00
1.548442840576171875e+00
1.273098289966583252e-01
-1.388987421989440918e+00
-2.175249338150024414e+00
-1.727215409278869629e+00
-2.845278382301330566e-01
1.299190402030944824e+00
2.039293527603149414e+00
1.516246438026428223e+00
1.154065132141113281e-01
-1.216227173805236816e+00
-1.698246240615844727e+00
-1.208633184432983398e+00
-3.354416787624359131e-01
1.979377120733261108e-01
9.720833599567413330e-02
-2.651320099830627441e-01
-2.847844660282135010e-01
3.087069392204284668e-01
1.093185901641845703e+00
1.305475831031799316e+00
4.645678102970123291e-01
-1.098285198211669922e+00
-2.426692485809326172e+00
-2.583792209625244141e+00
-1.399988293647766113e+00
4.250358939170837402e-01
1.805418729782104492e+00
2.097167491912841797e+00
1.475345611572265625e+00
7.210003733634948730e-01
4.981616735458374023e-01
8.629121780395507812e-01
1.268762111663818359e+00
1.144887328147888184e+00
4.029779136180877686e-01
-4.502199888229370117e-01
-7.988986968994140625e-01
-4.388620555400848389e-01
2.082358300685882568e-01
4.871032536029815674e-01
5.488678812980651855e-02
-7.888044118881225586e-01
-1.379233002662658691e+00
-1.221345901489257812e+00
-4.273052215576171875e-01
4.131813049316406250e-01
7.115541100502014160e-01
3.842542171478271484e-01
-1.374940723180770874e-01
-2.934775948524475098e-01
8.499109745025634766e-02
6.518846154212951660e-01
8.426501750946044922e-01
3.923005163669586182e-01
-4.421214163303375244e-01
-1.079034447669982910e+00
-1.108172297477722168e+00
-6.014832854270935059e-01
-3.415384888648986816e-02
1.449225842952728271e-01
-1.249246895313262939e-01
-4.947412610054016113e-01
-5.524278283119201660e-01
-1.878817677497863770e-01
3.061364293098449707e-01
5.083799362182617188e-01
2.366216778755187988e-01
-2.921850979328155518e-01
-6.568208932876586914e-01
-5.886907577514648438e-01
-1.912260353565216064e-01
1.722283065319061279e-01
1.991451531648635864e-01
-9.522709250450134277e-02
-4.064905345439910889e-01
-4.136191010475158691e-01
-5.139823257923126221e-02
4.329661130905151367e-01
6.872787475585937500e-01
5.212031602859497070e-01
4.435621201992034912e-02
-4.402513802051544189e-01
-6.390195488929748535e-01
-4.378705322742462158e-01
9.527304768562316895e-02
7.831532359123229980e-01
1.430413961410522461e+00
1.837466597557067871e+00
1.833905458450317383e+00
1.333980083465576172e+00
4.549211859703063965e-01
-4.689062833786010742e-01
-1.004643678665161133e+00
-8.926542997360229492e-01
-2.277465760707855225e-01
5.446312427520751953e-01
9.219098091125488281e-01
6.611663699150085449e-01
-4.064430668950080872e-02
-7.137911319732666016e-01
-9.285520315170288086e-01
-5.911508202552795410e-01
5.390113592147827148e-02
6.195061802864074707e-01
8.564161062240600586e-01
7.393102049827575684e-01
4.003889858722686768e-01
-4.721003770828247070e-02
-5.418065190315246582e-01
-1.030103564262390137e+00
-1.357514142990112305e+00
-1.336302042007446289e+00
-8.909959197044372559e-01
-2.310785353183746338e-01
2.332486510276794434e-01
1.468507349491119385e-01
-4.580248892307281494e-01
-1.124723434448242188e+00
-1.234149456024169922e+00
-4.964938759803771973e-01
7.835168242454528809e-01
1.819095253944396973e+00
1.878184676170349121e+00
7.849724888801574707e-01
-8.837127685546875000e-01
-2.164646863937377930e+00
-2.293674945831298828e+00
-1.200861573219299316e+00
4.966492652893066406e-01
1.883393526077270508e+00
2.318283319473266602e+00
1.721096873283386230e+00
5.309485197067260742e-01
-6.538034677505493164e-01
-1.379722356796264648e+00
-1.493829846382141113e+00
-1.043987870216369629e+00
-1.783468127250671387e-01
9.339576363563537598e-01
2.034851312637329102e+00
2.778347969055175781e+00
2.801693916320800781e+00
1.951853036880493164e+00
4.392128586769104004e-01
-1.149130940437316895e+00
-2.116715431213378906e+00
-2.004012346267700195e+00
-8.753506541252136230e-01
7.002031803131103516e-01
1.921293854713439941e+00
2.190569639205932617e+00
1.406081080436706543e+00
9.662076830863952637e-03
-1.293481707572937012e+00
-1.911570072174072266e+00
-1.680624246597290039e+00
-8.929991722106933594e-01
-9.022401273250579834e-02
2.859669029712677002e-01
1.225123405456542969e-01
-3.382360339164733887e-01
-7.097992897033691406e-01
-7.161359786987304688e-01
