1.053644061088562012e+00
1.038046360015869141e+00
5.637698769569396973e-01
1.198135316371917725e-02
-3.729245960712432861e-01
-4.313453137874603271e-01
-4.029102325439453125e-01
-5.082536339759826660e-01
-9.098119735717773438e-01
-1.338912129402160645e+00
-1.467398881912231445e+00
-9.940623044967651367e-01
-1.098314821720123291e-01
7.703663706779479980e-01
1.100267171859741211e+00
7.655538320541381836e-01
-1.837891340255737305e-02
-6.920196413993835449e-01
-9.137305617332458496e-01
-5.843125581741333008e-01
-6.059229373931884766e-03
5.683236122131347656e-01
9.671977758407592773e-01
1.312921404838562012e+00
1.659207105636596680e+00
1.989185929298400879e+00
2.029914379119873047e+00
1.614856243133544922e+00
7.327382564544677734e-01
-2.649229764938354492e-01
-1.016186714172363281e+00
-1.274765729904174805e+00
-1.198344826698303223e+00
-1.079364061355590820e+00
-1.195966243743896484e+00
-1.460526347160339355e+00
-1.592712879180908203e+00
-1.264007091522216797e+00
-4.994625151157379150e-01
3.753514289855957031e-01
8.492574095726013184e-01
6.666995286941528320e-01
-7.095989584922790527e-02
-8.999856710433959961e-01
-1.382666110992431641e+00
-1.317536354064941406e+00
-8.866358399391174316e-01
-4.182340502738952637e-01
-1.862996965646743774e-01
-1.975824236869812012e-01
-2.892226278781890869e-01
-2.631864547729492188e-01
-7.755935937166213989e-02
1.682865619659423828e-01
3.271272182464599609e-01
3.485704958438873291e-01
3.096465468406677246e-01
3.433537483215332031e-01
5.240366458892822266e-01
8.012136220932006836e-01
1.053254127502441406e+00
1.165213108062744141e+00
1.132701635360717773e+00
1.028271198272705078e+00
9.680668115615844727e-01
9.863762855529785156e-01
1.055214881896972656e+00
1.065832853317260742e+00
9.702126979827880859e-01
7.707656025886535645e-01
5.951719880104064941e-01
5.482075810432434082e-01
7.047139406204223633e-01
9.584329128265380859e-01
1.141571521759033203e+00
1.026954174041748047e+00
5.710999965667724609e-01
-1.292544305324554443e-01
-7.713989019393920898e-01
-1.136455416679382324e+00
-1.131906628608703613e+00
-9.811453819274902344e-01
-9.541553854942321777e-01
-1.271620512008666992e+00
-1.773530483245849609e+00
-2.108334064483642578e+00
-1.833110213279724121e+00
-9.055793881416320801e-01
3.421820402145385742e-01
1.202720284461975098e+00
1.182304143905639648e+00
1.933003962039947510e-01
-1.193778395652770996e+00
-2.258492231369018555e+00
-2.428730487823486328e+00
-1.812191605567932129e+00
-9.214664697647094727e-01
-4.578703045845031738e-01
-6.276887059211730957e-01
-1.172827005386352539e+00
-1.395641207695007324e+00
-8.594841361045837402e-01
4.595341980457305908e-01
1.958256363868713379e+00
2.997449159622192383e+00
3.126750230789184570e+00
2.524731397628784180e+00
1.609633088111877441e+00
8.901141285896301270e-01
4.429373145103454590e-01
1.471986770629882812e-01
-2.825599312782287598e-01
-7.768214344978332520e-01
-1.096317529678344727e+00
-8.296245932579040527e-01
4.208791255950927734e-02
1.228360414505004883e+00
2.062039375305175781e+00
2.121556758880615234e+00
1.321228742599487305e+00
1.712071299552917480e-01
-7.494667768478393555e-01
-9.612063169479370117e-01
-5.464606285095214844e-01
1.664088666439056396e-01
6.779431104660034180e-01
8.367033004760742188e-01
6.804307699203491211e-01
5.004712343215942383e-01
3.794352114200592041e-01
3.120132982730865479e-01
7.660043239593505859e-02
-3.473266661167144775e-01
-8.807045221328735352e-01
-1.201831579208374023e+00
-1.159830331802368164e+00
-7.354173660278320312e-01
-2.350578755140304565e-01
8.972993493080139160e-02
5.408072471618652344e-02
-1.899408698081970215e-01
-4.495767951011657715e-01
-5.037707090377807617e-01
-4.052434265613555908e-01
-2.593284249305725098e-01
-2.372593879699707031e-01
-2.826126515865325928e-01
-2.937197089195251465e-01
-1.100115180015563965e-01
1.832917928695678711e-01
3.990895748138427734e-01
2.541593015193939209e-01
-2.930954098701477051e-01
-1.087693452835083008e+00
-1.745623350143432617e+00
-1.995395183563232422e+00
-1.738143086433410645e+00
-1.177667498588562012e+00
-5.741847753524780273e-01
-1.617387831211090088e-01
4.770092293620109558e-02
1.358911097049713135e-01
2.568623125553131104e-01
4.644950628280639648e-01
7.748447656631469727e-01
1.129629611968994141e+00
1.484412312507629395e+00
1.745998859405517578e+00
1.816971898078918457e+00
1.589867234230041504e+00
1.068835496902465820e+00
3.906426429748535156e-01
-1.899545043706893921e-01
-4.633587002754211426e-01
-3.931591510772705078e-01
-1.433348059654235840e-01
5.926118791103363037e-02
1.239126920700073242e-01
1.699006855487823486e-01
4.268114566802978516e-01
9.695303440093994141e-01
1.588025808334350586e+00
1.834321141242980957e+00
1.376443266868591309e+00
2.567977309226989746e-01
-1.003764867782592773e+00
-1.762510061264038086e+00
-1.644646167755126953e+00
-8.951207399368286133e-01
-1.741708517074584961e-01
-1.684957891702651978e-01
-1.011048793792724609e+00
-2.229086399078369141e+00
-2.961267709732055664e+00
-2.633764743804931641e+00
-1.263281702995300293e+00
4.470210373401641846e-01
1.679423093795776367e+00
1.914043903350830078e+00
1.335506558418273926e+00
5.174852609634399414e-01
1.076927185058593750e-01
2.542412877082824707e-01
6.764346957206726074e-01
7.734899520874023438e-01
2.164102345705032349e-01
-9.423038959503173828e-01
-2.126776456832885742e+00
-2.729544878005981445e+00
-2.307605981826782227e+00
-9.978703260421752930e-01
7.164939641952514648e-01
2.078956604003906250e+00
2.601726293563842773e+00
2.107559919357299805e+00
9.668914675712585449e-01
-2.965156435966491699e-01
