4.134505093097686768e-01
4.419260621070861816e-01
8.682727813720703125e-01
9.409630298614501953e-01
6.567226052284240723e-01
2.838824689388275146e-01
-4.669422656297683716e-02
-2.099231630563735962e-01
-3.029730618000030518e-01
-3.107810616493225098e-01
-2.816788256168365479e-01
-1.338958442211151123e-01
1.816588640213012695e-02
7.743859291076660156e-02
-1.545096486806869507e-01
-5.918960571289062500e-01
-1.019730806350708008e+00
-1.025382518768310547e+00
-4.764222204685211182e-01
4.934906959533691406e-01
1.348684906959533691e+00
1.669161558151245117e+00
1.296125411987304688e+00
6.164262294769287109e-01
1.320567429065704346e-01
2.277561128139495850e-01
7.253649234771728516e-01
1.148488402366638184e+00
9.368457794189453125e-01
4.543781280517578125e-03
-1.331200838088989258e+00
-2.448203086853027344e+00
-2.967315912246704102e+00
-2.830000877380371094e+00
-2.328405380249023438e+00
-1.679354667663574219e+00
-9.374729990959167480e-01
4.971683025360107422e-02
1.246973276138305664e+00
2.337165832519531250e+00
2.715252876281738281e+00
1.984990119934082031e+00
2.467632293701171875e-01
-1.750152111053466797e+00
-3.073504447937011719e+00
-3.098731994628906250e+00
-1.950527071952819824e+00
-3.421023488044738770e-01
8.508837819099426270e-01
1.176596045494079590e+00
7.670819163322448730e-01
1.747764348983764648e-01
-9.659016132354736328e-02
1.302546411752700806e-01
6.639345288276672363e-01
1.211589813232421875e+00
1.588120222091674805e+00
1.791088104248046875e+00
1.859960079193115234e+00
1.753515243530273438e+00
1.355773210525512695e+00
6.374582052230834961e-01
-2.157420217990875244e-01
-8.552254438400268555e-01
-9.947537183761596680e-01
-6.633152961730957031e-01
-2.070042937994003296e-01
-7.898595929145812988e-02
-4.711160063743591309e-01
-1.177813291549682617e+00
-1.689867854118347168e+00
-1.594233274459838867e+00
-8.334751129150390625e-01
2.114643901586532593e-01
1.043901801109313965e+00
1.329588174819946289e+00
1.139901399612426758e+00
7.560626268386840820e-01
4.739288985729217529e-01
3.229392766952514648e-01
1.758710592985153198e-01
-1.236713379621505737e-01
-4.941148459911346436e-01
-7.214758396148681641e-01
-5.900400280952453613e-01
-1.896435171365737915e-01
1.517224609851837158e-01
7.142499089241027832e-03
-7.263243198394775391e-01
-1.772703051567077637e+00
-2.511740207672119141e+00
-2.464837551116943359e+00
-1.518504977226257324e+00
-1.035675406455993652e-01
1.171741485595703125e+00
1.797982692718505859e+00
1.745063543319702148e+00
1.312756657600402832e+00
9.749432206153869629e-01
9.476333856582641602e-01
1.175470590591430664e+00
1.317850470542907715e+00
1.120714545249938965e+00
4.918011724948883057e-01
-3.358581662178039551e-01
-1.071887850761413574e+00
-1.426517963409423828e+00
-1.365641117095947266e+00
-9.833357334136962891e-01
-5.375830531120300293e-01
-2.045559883117675781e-01
-1.165175959467887878e-01
-2.077807188034057617e-01
-3.704592585563659668e-01
-4.018729925155639648e-01
-2.303948551416397095e-01
1.381172835826873779e-01
4.937058687210083008e-01
6.350852251052856445e-01
4.028613269329071045e-01
-9.320312738418579102e-02
-6.022096872329711914e-01
-7.773968577384948730e-01
-4.943420588970184326e-01
1.432498991489410400e-01
7.729001045227050781e-01
1.105244636535644531e+00
1.038631796836853027e+00
8.069471716880798340e-01
7.203437089920043945e-01
9.977403879165649414e-01
1.524510145187377930e+00
2.007116794586181641e+00
2.121633052825927734e+00
1.814925551414489746e+00
1.246603488922119141e+00
6.826452016830444336e-01
1.881622076034545898e-01
-3.615848124027252197e-01
-1.179039478302001953e+00
-2.234814643859863281e+00
-3.176151990890502930e+00
-3.450160980224609375e+00
-2.728657245635986328e+00
-1.193277001380920410e+00
4.404938817024230957e-01
1.342871308326721191e+00
1.067329764366149902e+00
-1.252436339855194092e-01
-1.437677145004272461e+00
-2.028248786926269531e+00
-1.552211761474609375e+00
-3.353602290153503418e-01
8.842262029647827148e-01
1.469160914421081543e+00
1.270629644393920898e+00
6.401766538619995117e-01
1.111000925302505493e-01
-1.846495270729064941e-02
1.646218299865722656e-01
3.058527708053588867e-01
1.501224040985107422e-01
-2.656459212303161621e-01
-6.022718548774719238e-01
-5.364671349525451660e-01
2.694326639175415039e-02
7.995749115943908691e-01
1.351711273193359375e+00
1.318295240402221680e+00
6.880394220352172852e-01
-2.761173546314239502e-01
-1.128302335739135742e+00
-1.557260870933532715e+00
-1.422134399414062500e+00
-8.535011410713195801e-01
-5.057060718536376953e-02
7.229653596878051758e-01
1.319466829299926758e+00
1.607323646545410156e+00
1.600422739982604980e+00
1.320824861526489258e+00
9.265071749687194824e-01
5.368106961250305176e-01
3.305971622467041016e-01
3.477939069271087646e-01
6.105303168296813965e-01
9.611380696296691895e-01
1.255946516990661621e+00
1.245801925659179688e+00
8.262398242950439453e-01
-6.497657299041748047e-02
-1.208038091659545898e+00
-2.309193849563598633e+00
-2.923286676406860352e+00
-2.821254968643188477e+00
-1.949778318405151367e+00
-6.754909753799438477e-01
5.478605628013610840e-01
1.191309094429016113e+00
1.094675064086914062e+00
3.397370874881744385e-01
-6.087769269943237305e-01
-1.331194400787353516e+00
-1.449827909469604492e+00
-9.874365329742431641e-01
-1.209562420845031738e-01
7.120282053947448730e-01
1.230235338211059570e+00
1.206496715545654297e+00
7.727732062339782715e-01
1.234617084264755249e-01
-3.677458465099334717e-01
-5.517552495002746582e-01
-3.483849763870239258e-01
2.224922180175781250e-03
3.161492347717285156e-01
3.636590540409088135e-01
