4.782695472240447998e-01
4.559668898582458496e-01
1.732864379882812500e-01
-2.010283768177032471e-01
-4.571118652820587158e-01
-4.131698310375213623e-01
-8.154845237731933594e-02
4.040941596031188965e-01
8.046438694000244141e-01
9.527920484542846680e-01
7.557544708251953125e-01
2.891806960105895996e-01
-2.971536219120025635e-01
-7.586326599121093750e-01
-9.081777334213256836e-01
-6.214900016784667969e-01
2.990247309207916260e-02
8.601175546646118164e-01
1.558690786361694336e+00
1.874860525131225586e+00
1.636723756790161133e+00
8.848710656166076660e-01
-2.054691016674041748e-01
-1.293358087539672852e+00
-2.048705816268920898e+00
-2.205094337463378906e+00
-1.772167205810546875e+00
-1.010016202926635742e+00
-4.021351039409637451e-01
-3.269241750240325928e-01
-8.595287203788757324e-01
-1.594356417655944824e+00
-1.914735794067382812e+00
-1.332617640495300293e+00
6.303152441978454590e-02
1.639982581138610840e+00
2.515866279602050781e+00
2.200941562652587891e+00
8.932127952575683594e-01
-5.541434884071350098e-01
-1.250495195388793945e+00
-7.984423041343688965e-01
3.914401531219482422e-01
1.464158415794372559e+00
1.657946586608886719e+00
8.632622957229614258e-01
-4.158737957477569580e-01
-1.400394201278686523e+00
-1.621546506881713867e+00
-1.106677770614624023e+00
-2.974808514118194580e-01
3.885430693626403809e-01
7.716706991195678711e-01
9.735418558120727539e-01
1.138380646705627441e+00
1.297286748886108398e+00
1.296102643013000488e+00
1.009400486946105957e+00
4.323802590370178223e-01
-2.626174092292785645e-01
-9.090894460678100586e-01
-1.412412643432617188e+00
-1.785044670104980469e+00
-1.986372232437133789e+00
-1.903261542320251465e+00
-1.386127948760986328e+00
-4.750193357467651367e-01
5.502905845642089844e-01
1.247075557708740234e+00
1.333045005798339844e+00
8.642175197601318359e-01
2.338983118534088135e-01
-1.541371792554855347e-01
-1.480081826448440552e-01
5.365693569183349609e-02
1.675137877464294434e-01
1.029191315174102783e-01
8.974534273147583008e-02
4.269289970397949219e-01
1.156827211380004883e+00
1.895346403121948242e+00
2.086418628692626953e+00
1.438517093658447266e+00
2.369323670864105225e-01
-8.233599662780761719e-01
-1.137730956077575684e+00
-6.807283163070678711e-01
-2.649575471878051758e-02
1.050195991992950439e-01
-5.413503646850585938e-01
-1.520707249641418457e+00
-2.015747070312500000e+00
-1.497373461723327637e+00
-1.821754574775695801e-01
1.089062452316284180e+00
1.467209219932556152e+00
7.281212210655212402e-01
-5.701451897621154785e-01
-1.515280961990356445e+00
-1.515681862831115723e+00
-6.827496290206909180e-01
3.181256055831909180e-01
8.244194388389587402e-01
6.359316110610961914e-01
8.695417642593383789e-02
-3.234874010086059570e-01
-3.363275527954101562e-01
-9.795057028532028198e-02
7.631631940603256226e-02
1.775249093770980835e-02
-1.147148609161376953e-01
-1.845121383666992188e-02
4.685195684432983398e-01
1.162810921669006348e+00
1.674854278564453125e+00
1.677293300628662109e+00
1.167951822280883789e+00
4.212315678596496582e-01
-2.083621025085449219e-01
-5.574452877044677734e-01
-6.754246354103088379e-01
-7.239710092544555664e-01
-7.607752084732055664e-01
-7.254514098167419434e-01
-4.985213279724121094e-01
-8.731630444526672363e-02
3.769213855266571045e-01
6.883813142776489258e-01
7.535920143127441406e-01
6.014056205749511719e-01
3.640501201152801514e-01
1.182385087013244629e-01
-1.168171167373657227e-01
-3.737830221652984619e-01
-6.060361862182617188e-01
-7.233049273490905762e-01
-6.290513277053833008e-01
-3.720160424709320068e-01
-1.049813777208328247e-01
-2.256461977958679199e-02
-1.541409939527511597e-01
-3.653485178947448730e-01
-4.095826745033264160e-01
-1.669306755065917969e-01
2.923635244369506836e-01
7.060202360153198242e-01
8.480111956596374512e-01
6.400937438011169434e-01
2.321949154138565063e-01
-1.615653783082962036e-01
-3.559950888156890869e-01
-3.136461675167083740e-01
-6.127586960792541504e-02
3.226866424083709717e-01
7.770824432373046875e-01
1.171241998672485352e+00
1.341823339462280273e+00
1.114101648330688477e+00
4.777417182922363281e-01
-3.870403766632080078e-01
-1.136139392852783203e+00
-1.512342214584350586e+00
-1.475903749465942383e+00
-1.256085872650146484e+00
-1.112628936767578125e+00
-1.139914393424987793e+00
-1.138526558876037598e+00
-8.197436332702636719e-01
-5.405236780643463135e-02
9.098782539367675781e-01
1.590613722801208496e+00
1.572807788848876953e+00
8.713743686676025391e-01
-5.534778535366058350e-02
-5.538172721862792969e-01
-2.497349977493286133e-01
7.035672068595886230e-01
1.669551372528076172e+00
1.956935763359069824e+00
1.237769126892089844e+00
-2.064282000064849854e-01
-1.666199564933776855e+00
-2.389624595642089844e+00
-2.030199766159057617e+00
-8.041619658470153809e-01
6.242015361785888672e-01
1.528676271438598633e+00
1.484686613082885742e+00
5.818006992340087891e-01
-6.755514144897460938e-01
-1.655761003494262695e+00
-1.960977792739868164e+00
-1.604365587234497070e+00
-9.461721777915954590e-01
-4.039431214332580566e-01
-1.628283262252807617e-01
-6.855848431587219238e-02
1.984669566154479980e-01
8.103922009468078613e-01
1.578315973281860352e+00
2.034298896789550781e+00
1.773207068443298340e+00
8.064152598381042480e-01
-3.577798008918762207e-01
-1.016308069229125977e+00
-7.498428821563720703e-01
2.493234872817993164e-01
1.292138814926147461e+00
1.643335580825805664e+00
1.044142842292785645e+00
-1.362388432025909424e-01
-1.162812471389770508e+00
-1.474479675292968750e+00
-1.033561944961547852e+00
-3.137476742267608643e-01
1.143713891506195068e-01
-2.100229263305664062e-02
