-9.910593032836914062e-01
-9.155277013778686523e-01
-3.544283807277679443e-01
3.099739849567413330e-01
1.006282806396484375e+00
1.504384994506835938e+00
1.762106895446777344e+00
1.643660306930541992e+00
1.221916675567626953e+00
4.747050404548645020e-01
-4.239626526832580566e-01
-1.392198801040649414e+00
-2.157857656478881836e+00
-2.578641653060913086e+00
-2.426022529602050781e+00
-1.746926307678222656e+00
-6.258596777915954590e-01
5.718533992767333984e-01
1.584636330604553223e+00
2.125998020172119141e+00
2.234002828598022461e+00
1.989318490028381348e+00
1.662693023681640625e+00
1.340507626533508301e+00
1.116618394851684570e+00
8.908579349517822266e-01
6.898086667060852051e-01
4.803798198699951172e-01
3.696478903293609619e-01
3.031225800514221191e-01
2.463487684726715088e-01
7.260560989379882812e-03
-4.478091895580291748e-01
-1.127056598663330078e+00
-1.822015523910522461e+00
-2.402299165725708008e+00
-2.717519521713256836e+00
-2.807775497436523438e+00
-2.655491590499877930e+00
-2.299163818359375000e+00
-1.669386863708496094e+00
-8.494633436203002930e-01
1.404756307601928711e-02
5.869807004928588867e-01
6.740959286689758301e-01
2.513659596443176270e-01
-3.553459644317626953e-01
-7.812187671661376953e-01
-7.591140866279602051e-01
-4.067530632019042969e-01
-6.137251853942871094e-03
1.558112800121307373e-01
1.400149464607238770e-01
2.229489684104919434e-01
7.191891074180603027e-01
1.566450476646423340e+00
2.356588840484619141e+00
2.528820991516113281e+00
1.883609056472778320e+00
7.362864613533020020e-01
-1.999268233776092529e-01
-3.770050108432769775e-01
2.216171324253082275e-01
1.002664089202880859e+00
1.245804905891418457e+00
6.138319969177246094e-01
-5.522937774658203125e-01
-1.520876646041870117e+00
-1.694644212722778320e+00
-1.063845872879028320e+00
-1.517222523689270020e-01
4.157314300537109375e-01
4.100221693515777588e-01
1.139801591634750366e-01
1.003563404083251953e-02
2.948090732097625732e-01
6.599817276000976562e-01
5.449683666229248047e-01
-3.573945164680480957e-01
-1.733746767044067383e+00
-2.798510551452636719e+00
-2.812944650650024414e+00
-1.659110546112060547e+00
6.429013609886169434e-02
1.411248326301574707e+00
1.763768911361694336e+00
1.191216826438903809e+00
3.746163249015808105e-01
4.051075875759124756e-02
4.784493744373321533e-01
1.338481426239013672e+00
1.978235960006713867e+00
1.898090839385986328e+00
1.118524074554443359e+00
6.609416007995605469e-02
-7.002160549163818359e-01
-9.059640169143676758e-01
-6.176124811172485352e-01
-1.775038242340087891e-01
1.194008216261863708e-01
1.320295929908752441e-01
-3.524100035429000854e-02
-2.153962254524230957e-01
-2.295754402875900269e-01
-3.865802288055419922e-02
3.182932734489440918e-01
6.705930233001708984e-01
8.476010560989379883e-01
6.803495883941650391e-01
1.732235848903656006e-01
-5.268180370330810547e-01
-1.101903319358825684e+00
-1.298020362854003906e+00
-1.008041501045227051e+00
-4.143055081367492676e-01
1.939812153577804565e-01
5.445837974548339844e-01
6.137239933013916016e-01
5.385472774505615234e-01
5.307405591011047363e-01
6.217376589775085449e-01
6.938405036926269531e-01
5.433279871940612793e-01
1.469590961933135986e-01
-3.152756690979003906e-01
-5.086889863014221191e-01
-2.505960464477539062e-01
3.671303987503051758e-01
9.453803896903991699e-01
1.075411915779113770e+00
5.653678774833679199e-01
-3.728818297386169434e-01
-1.299029588699340820e+00
-1.776645421981811523e+00
-1.667294263839721680e+00
-1.140862941741943359e+00
-5.530632734298706055e-01
-1.631397008895874023e-01
-5.850851535797119141e-03
1.080169379711151123e-01
3.905420899391174316e-01
9.042794108390808105e-01
1.468250155448913574e+00
1.763345360755920410e+00
1.520891666412353516e+00
7.157626748085021973e-01
-3.786382377147674561e-01
-1.299761056900024414e+00
-1.612264871597290039e+00
-1.142422199249267578e+00
-6.914108991622924805e-02
1.134381771087646484e+00
1.942644000053405762e+00
2.003171443939208984e+00
1.328621864318847656e+00
2.380644977092742920e-01
-7.715159654617309570e-01
-1.302982807159423828e+00
-1.177576780319213867e+00
-5.264020562171936035e-01
3.522283136844635010e-01
1.075150728225708008e+00
1.384877920150756836e+00
1.162831187248229980e+00
5.361190438270568848e-01
-2.543934285640716553e-01
-8.695248365402221680e-01
-1.112412810325622559e+00
-9.427173733711242676e-01
-5.969522595405578613e-01
-3.551141023635864258e-01
-4.541383981704711914e-01
-8.083682060241699219e-01
-1.144935607910156250e+00
-1.067240715026855469e+00
-4.507016539573669434e-01
5.598034858703613281e-01
1.488801240921020508e+00
1.951364755630493164e+00
1.750578522682189941e+00
1.103063464164733887e+00
3.021395206451416016e-01
-3.620079457759857178e-01
-9.208375215530395508e-01
-1.456166982650756836e+00
-2.072357177734375000e+00
-2.552142858505249023e+00
-2.636135816574096680e+00
-2.079657793045043945e+00
-1.091911673545837402e+00
-1.130825877189636230e-01
2.625147402286529541e-01
-1.197300404310226440e-01
-1.024103403091430664e+00
-1.762362241744995117e+00
-1.843278408050537109e+00
-1.095813274383544922e+00
2.955286204814910889e-02
9.946320056915283203e-01
1.337848186492919922e+00
1.174502134323120117e+00
8.458738327026367188e-01
8.458918333053588867e-01
1.226953864097595215e+00
1.793942809104919434e+00
2.036308288574218750e+00
1.736408472061157227e+00
8.966419696807861328e-01
-2.664261870086193085e-02
-6.591277122497558594e-01
-6.946560144424438477e-01
-3.015154600143432617e-01
2.613504827022552490e-01
5.614873170852661133e-01
4.855049848556518555e-01
5.162432789802551270e-03
-5.880537629127502441e-01
