1.023486256599426270e-01
1.168340891599655151e-01
2.977265119552612305e-01
-1.030946969985961914e-01
-6.838386058807373047e-01
-8.773602843284606934e-01
-2.378885746002197266e-01
1.041478872299194336e+00
2.359524250030517578e+00
2.970313549041748047e+00
2.624751806259155273e+00
1.572197437286376953e+00
4.573165774345397949e-01
-2.928647994995117188e-01
-6.104204654693603516e-01
-8.429590463638305664e-01
-1.249928116798400879e+00
-1.832358717918395996e+00
-2.200858592987060547e+00
-2.011071205139160156e+00
-1.184096693992614746e+00
-1.158023774623870850e-01
6.763416528701782227e-01
8.241056203842163086e-01
4.355991482734680176e-01
-1.006722748279571533e-01
-3.411879539489746094e-01
-1.710155010223388672e-01
2.303722500801086426e-01
5.040320158004760742e-01
4.627403616905212402e-01
1.518795341253280640e-01
-1.583919376134872437e-01
-2.457364201545715332e-01
-4.090979695320129395e-02
2.952707409858703613e-01
5.418790578842163086e-01
5.191149711608886719e-01
2.183259725570678711e-01
-2.490446567535400391e-01
-6.950637102127075195e-01
-9.765486717224121094e-01
-1.032171487808227539e+00
-9.169993996620178223e-01
-7.537714242935180664e-01
-6.692112088203430176e-01
-7.058182954788208008e-01
-7.881699800491333008e-01
-7.673589587211608887e-01
-5.304377079010009766e-01
-1.139903962612152100e-01
2.932094633579254150e-01
4.389972686767578125e-01
1.934635639190673828e-01
-3.656877279281616211e-01
-9.560040831565856934e-01
-1.277377247810363770e+00
-1.148159265518188477e+00
-6.283189058303833008e-01
7.843870669603347778e-02
6.980272531509399414e-01
1.046255350112915039e+00
1.014653444290161133e+00
6.235681772232055664e-01
-4.820677638053894043e-02
-7.893553972244262695e-01
-1.349979758262634277e+00
-1.455890655517578125e+00
-1.016757726669311523e+00
-1.353424787521362305e-01
8.540956974029541016e-01
1.636673927307128906e+00
2.006712436676025391e+00
2.018626928329467773e+00
1.792091131210327148e+00
1.443812131881713867e+00
9.181941747665405273e-01
1.818796098232269287e-01
-7.113564014434814453e-01
-1.444978117942810059e+00
-1.680403947830200195e+00
-1.207465887069702148e+00
-2.308935672044754028e-01
8.255182504653930664e-01
1.503773689270019531e+00
1.711570739746093750e+00
1.634335756301879883e+00
1.598814129829406738e+00
1.630466341972351074e+00
1.489241003990173340e+00
8.094438314437866211e-01
-3.776333630084991455e-01
-1.587706804275512695e+00
-2.028721570968627930e+00
-1.297298669815063477e+00
3.088850677013397217e-01
1.754561662673950195e+00
2.019725084304809570e+00
7.249315381050109863e-01
-1.434978961944580078e+00
-3.203096389770507812e+00
-3.487762689590454102e+00
-2.188356399536132812e+00
-1.441601812839508057e-01
1.360739707946777344e+00
1.549242734909057617e+00
5.046873092651367188e-01
-9.077733755111694336e-01
-1.808754444122314453e+00
-1.787103176116943359e+00
-1.143984317779541016e+00
-4.268102049827575684e-01
-4.465270042419433594e-02
6.605470180511474609e-02
1.670776009559631348e-01
4.699756503105163574e-01
8.351309299468994141e-01
1.003683686256408691e+00
8.137695193290710449e-01
4.848726987838745117e-01
3.930110037326812744e-01
7.993440628051757812e-01
1.493775844573974609e+00
1.954043388366699219e+00
1.673625707626342773e+00
6.626579761505126953e-01
-5.387714505195617676e-01
-1.139564990997314453e+00
-7.217391729354858398e-01
4.775250554084777832e-01
1.642069578170776367e+00
1.969974517822265625e+00
1.183888435363769531e+00
-2.357182204723358154e-01
-1.418974399566650391e+00
-1.663804769515991211e+00
-9.206457138061523438e-01
2.409745156764984131e-01
1.034657597541809082e+00
1.014701008796691895e+00
3.203584551811218262e-01
-4.742107391357421875e-01
-8.189817070960998535e-01
-5.651095509529113770e-01
-3.021964430809020996e-02
2.846884131431579590e-01
9.020060300827026367e-02
-4.923864006996154785e-01
-1.027502536773681641e+00
-1.114621043205261230e+00
-6.554013490676879883e-01
6.835255026817321777e-02
6.300039291381835938e-01
7.182053327560424805e-01
3.470108211040496826e-01
-2.312131226062774658e-01
-6.698223948478698730e-01
-7.648848891258239746e-01
-4.627955555915832520e-01
1.208694279193878174e-01
8.420534133911132812e-01
1.488784909248352051e+00
1.868437767028808594e+00
1.778135776519775391e+00
1.201830625534057617e+00
3.137940764427185059e-01
-4.641622900962829590e-01
-7.705236673355102539e-01
-4.656848609447479248e-01
1.353799104690551758e-01
5.364023447036743164e-01
3.017685413360595703e-01
-5.046765804290771484e-01
-1.436392068862915039e+00
-1.860440135002136230e+00
-1.532109737396240234e+00
-6.642620563507080078e-01
1.209293901920318604e-01
3.931279778480529785e-01
1.194000840187072754e-01
-2.197225838899612427e-01
-1.921756714582443237e-01
3.045012354850769043e-01
7.792497873306274414e-01
6.663045287132263184e-01
-3.181440830230712891e-01
-1.725602984428405762e+00
-2.788600444793701172e+00
-2.825706958770751953e+00
-1.912886023521423340e+00
-6.894907951354980469e-01
-4.309174790978431702e-02
-2.928467094898223877e-01
-1.129583239555358887e+00
-1.720433592796325684e+00
-1.522033333778381348e+00
-5.149349570274353027e-01
6.567752361297607422e-01
1.385980844497680664e+00
1.399631023406982422e+00
1.091380596160888672e+00
9.719926118850708008e-01
1.391895890235900879e+00
2.083480119705200195e+00
2.572354078292846680e+00
2.396161794662475586e+00
1.646459341049194336e+00
6.972069740295410156e-01
7.770842313766479492e-02
-9.726440906524658203e-02
2.652905881404876709e-02
4.702413082122802734e-02
-1.681348085403442383e-01
-5.868000984191894531e-01
-9.212285280227661133e-01
-1.087363243103027344e+00
-1.088799834251403809e+00
