-9.336562752723693848e-01
-1.009592294692993164e+00
-1.846194744110107422e+00
-1.864745497703552246e+00
-1.057446241378784180e+00
-1.316618919372558594e-01
3.968081176280975342e-01
1.627649068832397461e-01
-4.496066272258758545e-01
-1.005966186523437500e+00
-9.530245065689086914e-01
-3.542486727237701416e-01
5.810010433197021484e-01
1.287439227104187012e+00
1.580145597457885742e+00
1.334921121597290039e+00
8.750786781311035156e-01
3.500089943408966064e-01
2.459985017776489258e-02
-1.935426294803619385e-01
-2.547585368156433105e-01
-2.986621260643005371e-01
-1.864902526140213013e-01
4.297881200909614563e-02
5.026907920837402344e-01
9.884992837905883789e-01
1.398738741874694824e+00
1.443297982215881348e+00
1.157550215721130371e+00
5.868110656738281250e-01
1.070474386215209961e-01
-1.008872389793395996e-01
1.536850929260253906e-01
6.491020917892456055e-01
1.182891964912414551e+00
1.389372825622558594e+00
1.224651098251342773e+00
6.826562285423278809e-01
5.990105867385864258e-02
-4.654064774513244629e-01
-6.106454133987426758e-01
-3.532099425792694092e-01
3.135294020175933838e-01
1.056153535842895508e+00
1.516564846038818359e+00
1.213879227638244629e+00
7.990431785583496094e-02
-1.590370893478393555e+00
-2.949709415435791016e+00
-3.233596324920654297e+00
-2.065396308898925781e+00
1.660341024398803711e-02
1.973092555999755859e+00
2.708013296127319336e+00
1.953184843063354492e+00
2.927247583866119385e-01
-1.093389272689819336e+00
-1.418796300888061523e+00
-7.007030248641967773e-01
1.735541522502899170e-01
3.072015941143035889e-01
-5.843390226364135742e-01
-1.820340156555175781e+00
-2.403911113739013672e+00
-1.747961044311523438e+00
-2.703189849853515625e-01
9.898622632026672363e-01
1.114678621292114258e+00
1.132238507270812988e-01
-1.141535282135009766e+00
-1.554327487945556641e+00
-7.377123236656188965e-01
7.218080759048461914e-01
1.705883502960205078e+00
1.496764659881591797e+00
3.234772086143493652e-01
-8.257004022598266602e-01
-1.033682942390441895e+00
-1.976628005504608154e-01
8.998595476150512695e-01
1.239091515541076660e+00
4.257927536964416504e-01
-9.825920462608337402e-01
-1.870485782623291016e+00
-1.446424603462219238e+00
1.936058998107910156e-01
2.119180917739868164e+00
3.298696994781494141e+00
3.254092693328857422e+00
2.333798885345458984e+00
1.256892204284667969e+00
5.731999278068542480e-01
2.523131966590881348e-01
-6.237417459487915039e-02
-6.852548718452453613e-01
-1.468693375587463379e+00
-1.980144858360290527e+00
-1.788066148757934570e+00
-9.264965057373046875e-01
1.856085211038589478e-01
9.296542406082153320e-01
9.934881925582885742e-01
4.324185550212860107e-01
-3.261907100677490234e-01
-9.005613327026367188e-01
-1.061688899993896484e+00
-9.175789356231689453e-01
-6.655062437057495117e-01
-5.653332471847534180e-01
-6.852843761444091797e-01
-1.005195498466491699e+00
-1.300489068031311035e+00
-1.369074821472167969e+00
-1.017983198165893555e+00
-3.387719690799713135e-01
4.060434997081756592e-01
7.711731195449829102e-01
5.327599048614501953e-01
-2.463429570198059082e-01
-1.083918809890747070e+00
-1.503032207489013672e+00
-1.239971876144409180e+00
-5.589779615402221680e-01
7.007537782192230225e-02
2.230063080787658691e-01
-3.650167584419250488e-02
-3.349870443344116211e-01
-2.076079249382019043e-01
3.891415596008300781e-01
1.128772377967834473e+00
1.479016542434692383e+00
1.245562434196472168e+00
6.317222714424133301e-01
1.504475474357604980e-01
8.036756515502929688e-02
3.187689185142517090e-01
3.971680998802185059e-01
1.428902149200439453e-02
-7.218592762947082520e-01
-1.247147440910339355e+00
-1.057402491569519043e+00
-7.267771661281585693e-02
1.177851557731628418e+00
1.985784292221069336e+00
1.911951303482055664e+00
1.133839607238769531e+00
2.072839140892028809e-01
-3.295668363571166992e-01
-3.731342554092407227e-01
-1.869793236255645752e-01
-1.229254007339477539e-01
-2.673075199127197266e-01
-4.458774328231811523e-01
-4.578802585601806641e-01
-3.557228147983551025e-01
-4.266376495361328125e-01
-9.025023579597473145e-01
-1.653819799423217773e+00
-2.159414291381835938e+00
-1.880257844924926758e+00
-6.805198192596435547e-01
9.592049717903137207e-01
2.252059936523437500e+00
2.584438323974609375e+00
1.962940573692321777e+00
9.004778265953063965e-01
7.594348490238189697e-02
-2.074399888515472412e-01
-8.072946965694427490e-02
2.105906605720520020e-02
-1.510651558637619019e-01
-5.623774528503417969e-01
-8.720480203628540039e-01
-8.534806966781616211e-01
-4.820085167884826660e-01
-6.060367822647094727e-02
1.440581381320953369e-01
-4.471032321453094482e-02
-4.797474741935729980e-01
-9.702962636947631836e-01
-1.235127806663513184e+00
-1.190132617950439453e+00
-7.603415846824645996e-01
-9.096783399581909180e-02
6.646615266799926758e-01
1.141929149627685547e+00
1.130063414573669434e+00
5.161397457122802734e-01
-3.399762213230133057e-01
-9.673322439193725586e-01
-8.243652582168579102e-01
8.822641521692276001e-02
1.412649512290954590e+00
2.389226675033569336e+00
2.595502853393554688e+00
1.960488677024841309e+00
1.042526960372924805e+00
3.483741581439971924e-01
2.593332827091217041e-01
5.465552210807800293e-01
8.998495936393737793e-01
9.183512926101684570e-01
6.733791828155517578e-01
2.827481031417846680e-01
5.161094665527343750e-02
-6.801563501358032227e-02
-6.502914428710937500e-02
-1.030496209859848022e-01
-4.062174260616302490e-02
8.656600117683410645e-02
3.033883869647979736e-01
2.465040683746337891e-01
-2.319691181182861328e-01
-1.199439167976379395e+00
-2.096868515014648438e+00
-2.399020433425903320e+00
-1.626267433166503906e+00
