2.490216195583343506e-01
2.807043194770812988e-01
-2.377027273178100586e-02
6.629353761672973633e-02
5.243344306945800781e-01
8.586205840110778809e-01
7.465552091598510742e-01
7.226648926734924316e-02
-7.113488912582397461e-01
-1.167665362358093262e+00
-9.881327152252197266e-01
-4.599567651748657227e-01
1.505982875823974609e-02
3.793677687644958496e-02
-2.408549189567565918e-01
-5.035119652748107910e-01
-3.625324070453643799e-01
6.234836578369140625e-02
4.350739717483520508e-01
2.944787442684173584e-01
-3.270635008811950684e-01
-1.091888666152954102e+00
-1.410893917083740234e+00
-1.107191801071166992e+00
-3.501622676849365234e-01
3.057806789875030518e-01
5.519719123840332031e-01
3.544446527957916260e-01
9.438049793243408203e-02
2.227365970611572266e-02
2.113221287727355957e-01
3.698814809322357178e-01
3.110946118831634521e-01
-2.230443060398101807e-04
-2.619252204895019531e-01
-2.744032740592956543e-01
6.934523582458496094e-03
2.898362576961517334e-01
3.727476000785827637e-01
2.437271773815155029e-01
2.488209903240203857e-01
6.419175863265991211e-01
1.397255659103393555e+00
1.993073821067810059e+00
1.882938027381896973e+00
8.348428010940551758e-01
-6.787303686141967773e-01
-1.845669984817504883e+00
-1.952356576919555664e+00
-1.000834941864013672e+00
3.685366511344909668e-01
1.221272349357604980e+00
1.057450532913208008e+00
5.181324481964111328e-02
-1.012649297714233398e+00
-1.373588085174560547e+00
-7.144490480422973633e-01
5.841122865676879883e-01
1.782649874687194824e+00
2.176318883895874023e+00
1.554224491119384766e+00
2.240909039974212646e-01
-1.122422695159912109e+00
-1.830348253250122070e+00
-1.555745840072631836e+00
-4.748227894306182861e-01
8.455110192298889160e-01
1.700444459915161133e+00
1.657547235488891602e+00
7.723017334938049316e-01
-4.259749054908752441e-01
-1.297497987747192383e+00
-1.495081663131713867e+00
-1.199768662452697754e+00
-9.364404082298278809e-01
-1.129390001296997070e+00
-1.717132806777954102e+00
-2.162647485733032227e+00
-1.880468368530273438e+00
-7.576376795768737793e-01
6.683143377304077148e-01
1.569402694702148438e+00
1.457001686096191406e+00
6.026911735534667969e-01
-1.548318564891815186e-01
-4.429079964756965637e-02
9.870334863662719727e-01
2.224489688873291016e+00
2.706801891326904297e+00
2.020513772964477539e+00
6.077897548675537109e-01
-5.499244332313537598e-01
-7.403029203414916992e-01
-4.999378323554992676e-02
6.940320134162902832e-01
6.497834920883178711e-01
-3.722350597381591797e-01
-1.703476905822753906e+00
-2.377924680709838867e+00
-1.848526597023010254e+00
-4.329749643802642822e-01
9.874640703201293945e-01
1.593920588493347168e+00
1.225747466087341309e+00
3.369055390357971191e-01
-4.007967114448547363e-01
-6.452330946922302246e-01
-4.669174849987030029e-01
-1.322003155946731567e-01
2.666038572788238525e-01
8.214980363845825195e-01
1.601812481880187988e+00
2.337825536727905273e+00
2.517270565032958984e+00
1.752887845039367676e+00
2.472643852233886719e-01
-1.228423714637756348e+00
-1.790948867797851562e+00
-1.139707684516906738e+00
1.826461255550384521e-01
1.112312197685241699e+00
8.656078577041625977e-01
-4.926489293575286865e-01
-2.066594123840332031e+00
-2.821875333786010742e+00
-2.319631099700927734e+00
-1.026900887489318848e+00
9.184630215167999268e-02
2.905552685260772705e-01
-4.389024078845977783e-01
-1.461095333099365234e+00
-2.029667377471923828e+00
-1.823603630065917969e+00
-1.074374437332153320e+00
-2.644874453544616699e-01
2.910182774066925049e-01
6.206713318824768066e-01
9.098472595214843750e-01
1.224625587463378906e+00
1.390487194061279297e+00
1.195597290992736816e+00
6.481032371520996094e-01
8.526784181594848633e-02
-8.710563182830810547e-02
2.827657163143157959e-01
8.838427066802978516e-01
1.192298650741577148e+00
8.514770865440368652e-01
4.223063588142395020e-02
-6.582065820693969727e-01
-6.461613178253173828e-01
1.825785338878631592e-01
1.374232769012451172e+00
2.153790473937988281e+00
2.022588253021240234e+00
1.019430994987487793e+00
-2.499205172061920166e-01
-1.115867137908935547e+00
-1.185067534446716309e+00
-6.120339632034301758e-01
1.774991005659103394e-01
7.215466499328613281e-01
8.912854194641113281e-01
7.599009871482849121e-01
5.420002341270446777e-01
2.610737979412078857e-01
-1.419543921947479248e-01
-8.171499371528625488e-01
-1.675494909286499023e+00
-2.489779472351074219e+00
-2.865267753601074219e+00
-2.631328105926513672e+00
-1.829512476921081543e+00
-8.548273444175720215e-01
-7.610887289047241211e-02
2.335653901100158691e-01
2.006652057170867920e-01
6.790490448474884033e-02
1.595217883586883545e-01
4.723224639892578125e-01
8.535594940185546875e-01
9.630964994430541992e-01
7.309072613716125488e-01
2.648121118545532227e-01
-3.049051761627197266e-02
5.418533086776733398e-02
5.342285633087158203e-01
9.870136380195617676e-01
1.037491917610168457e+00
4.312000870704650879e-01
-5.511550903320312500e-01
-1.479199290275573730e+00
-1.838281393051147461e+00
-1.583854913711547852e+00
-9.130855798721313477e-01
-3.112843334674835205e-01
1.895534992218017578e-02
3.026397898793220520e-02
1.051184535026550293e-02
6.775778532028198242e-02
2.689164876937866211e-01
3.960017561912536621e-01
4.235060811042785645e-01
3.466956913471221924e-01
4.279919564723968506e-01
7.062466144561767578e-01
1.154229879379272461e+00
1.424936056137084961e+00
1.371439933776855469e+00
9.376858472824096680e-01
4.579027295112609863e-01
1.308124661445617676e-01
9.080711007118225098e-02
3.974608331918716431e-02
-2.349710911512374878e-01
-9.023103117942810059e-01
-1.649003028869628906e+00
