-8.273230791091918945e-01
-8.359390497207641602e-01
-1.004492998123168945e+00
-1.239663362503051758e+00
-1.483543872833251953e+00
-1.558533191680908203e+00
-1.249370932579040527e+00
-5.957092642784118652e-01
9.423460066318511963e-02
3.541010320186614990e-01
-8.694801479578018188e-03
-7.463070154190063477e-01
-1.197272419929504395e+00
-7.884057164192199707e-01
5.903320312500000000e-01
2.374847173690795898e+00
3.719712257385253906e+00
3.969719171524047852e+00
3.143417358398437500e+00
1.813959598541259766e+00
7.707786560058593750e-01
4.196650385856628418e-01
6.456530094146728516e-01
8.988395929336547852e-01
7.122184634208679199e-01
-4.712551832199096680e-02
-1.042212247848510742e+00
-1.810397863388061523e+00
-1.996680974960327148e+00
-1.630122661590576172e+00
-9.684153795242309570e-01
-3.755037188529968262e-01
-2.470889687538146973e-02
7.530004531145095825e-02
1.045321375131607056e-01
2.046696543693542480e-01
4.706459641456604004e-01
8.202469944953918457e-01
1.126926422119140625e+00
1.203610301017761230e+00
9.737080931663513184e-01
4.499099254608154297e-01
-1.793197840452194214e-01
-6.869987249374389648e-01
-8.437169790267944336e-01
-5.980013608932495117e-01
-5.226168036460876465e-02
5.164569020271301270e-01
8.446413278579711914e-01
7.433260679244995117e-01
2.303257137537002563e-01
-5.381991267204284668e-01
-1.287606477737426758e+00
-1.777544260025024414e+00
-1.841267824172973633e+00
-1.488981246948242188e+00
-8.576593995094299316e-01
-1.922591924667358398e-01
2.988511919975280762e-01
5.082138180732727051e-01
4.998670816421508789e-01
4.289887547492980957e-01
4.519939422607421875e-01
6.106193661689758301e-01
8.374506235122680664e-01
1.016040444374084473e+00
1.082923293113708496e+00
1.050684809684753418e+00
9.537118673324584961e-01
7.792464494705200195e-01
4.499272704124450684e-01
-7.031459361314773560e-02
-6.815754771232604980e-01
-1.116241455078125000e+00
-1.104661107063293457e+00
-5.627124905586242676e-01
2.546416819095611572e-01
8.926692605018615723e-01
9.438932538032531738e-01
3.721551299095153809e-01
-4.790163338184356689e-01
-1.060827136039733887e+00
-1.037879467010498047e+00
-4.694572687149047852e-01
1.728950738906860352e-01
3.880438804626464844e-01
-8.823823928833007812e-02
-1.045098543167114258e+00
-2.010796070098876953e+00
-2.458262920379638672e+00
-2.165955543518066406e+00
-1.206941008567810059e+00
3.355675935745239258e-02
1.148859024047851562e+00
1.756665706634521484e+00
1.719918727874755859e+00
1.062216758728027344e+00
8.657780289649963379e-02
-8.413126468658447266e-01
-1.310193419456481934e+00
-1.183314561843872070e+00
-5.462151765823364258e-01
2.045691013336181641e-01
7.234075069427490234e-01
7.680080533027648926e-01
4.543687701225280762e-01
-7.168546319007873535e-03
-3.169027864933013916e-01
-3.970445394515991211e-01
-2.018042653799057007e-01
1.769297420978546143e-01
7.559196949005126953e-01
1.416193962097167969e+00
2.025214433670043945e+00
2.248624801635742188e+00
1.923840522766113281e+00
1.055636525154113770e+00
8.654592186212539673e-02
-5.202428102493286133e-01
-4.192265868186950684e-01
1.527578234672546387e-01
6.958312988281250000e-01
6.099741458892822266e-01
-1.612152904272079468e-01
-1.261744737625122070e+00
-1.988698840141296387e+00
-2.018650054931640625e+00
-1.446880340576171875e+00
-8.942643404006958008e-01
-8.064874410629272461e-01
-1.314386010169982910e+00
-1.948077201843261719e+00
-2.250095367431640625e+00
-1.935216784477233887e+00
-1.298867344856262207e+00
-7.156771421432495117e-01
-5.114231705665588379e-01
-4.932042360305786133e-01
-3.677954971790313721e-01
1.621955037117004395e-01
8.967763185501098633e-01
1.511321902275085449e+00
1.633578062057495117e+00
1.383884787559509277e+00
1.052495956420898438e+00
1.036966919898986816e+00
1.254800200462341309e+00
1.420793890953063965e+00
1.104781270027160645e+00
3.775452971458435059e-01
-3.906783163547515869e-01
-5.794130563735961914e-01
-5.071634054183959961e-02
9.056205749511718750e-01
1.537618875503540039e+00
1.405410051345825195e+00
4.877293109893798828e-01
-6.031318902969360352e-01
-1.316755652427673340e+00
-1.343283414840698242e+00
-9.890193939208984375e-01
-6.254323124885559082e-01
-5.407155156135559082e-01
-5.067189931869506836e-01
-2.393540143966674805e-01
4.666715264320373535e-01
1.272138118743896484e+00
1.700331687927246094e+00
1.304475903511047363e+00
2.378121614456176758e-01
-1.007189512252807617e+00
-1.727125763893127441e+00
-1.661230564117431641e+00
-9.256874322891235352e-01
-6.319171190261840820e-02
5.456237792968750000e-01
7.106165885925292969e-01
6.432101130485534668e-01
5.277272462844848633e-01
5.221447944641113281e-01
4.918335080146789551e-01
3.255900740623474121e-01
-1.105453073978424072e-01
-6.894422769546508789e-01
-1.244402647018432617e+00
-1.470373153686523438e+00
-1.217828035354614258e+00
-3.996027112007141113e-01
7.666435241699218750e-01
1.942241907119750977e+00
2.621934890747070312e+00
2.528853416442871094e+00
1.679545879364013672e+00
5.728980898857116699e-01
-1.982697248458862305e-01
-1.997283846139907837e-01
4.108109176158905029e-01
1.085834622383117676e+00
1.159364342689514160e+00
4.599354863166809082e-01
-6.409831047058105469e-01
-1.393334627151489258e+00
-1.328433752059936523e+00
-5.372196435928344727e-01
2.967977821826934814e-01
4.953049123287200928e-01
-1.778235882520675659e-01
-1.274330735206604004e+00
-2.084635972976684570e+00
-2.107561111450195312e+00
-1.447312951087951660e+00
-6.025204658508300781e-01
-6.747567653656005859e-02
1.109772324562072754e-01
2.655299603939056396e-01
7.917515039443969727e-01
1.703409552574157715e+00
