-6.390068531036376953e-01
-6.577208042144775391e-01
-2.196177691221237183e-01
4.695073068141937256e-01
9.224495887756347656e-01
6.514599323272705078e-01
-2.167058885097503662e-01
-1.241227388381958008e+00
-1.748099327087402344e+00
-1.536280393600463867e+00
-7.670633792877197266e-01
-3.557407483458518982e-02
3.026643693447113037e-01
1.480051875114440918e-01
-1.062802970409393311e-01
-1.332381963729858398e-01
2.768652439117431641e-01
8.659295439720153809e-01
1.335498094558715820e+00
1.369712829589843750e+00
1.053853273391723633e+00
5.781934857368469238e-01
2.832485437393188477e-01
2.327035069465637207e-01
3.975320458412170410e-01
5.155749917030334473e-01
4.665837287902832031e-01
1.489258706569671631e-01
-2.909651100635528564e-01
-7.352079153060913086e-01
-9.713990688323974609e-01
-9.743983745574951172e-01
-7.328803539276123047e-01
-4.270850718021392822e-01
-1.561773419380187988e-01
-3.571453690528869629e-02
3.205364942550659180e-02
1.276262998580932617e-01
3.597420752048492432e-01
5.828009843826293945e-01
5.845203399658203125e-01
9.627223014831542969e-02
-8.224370479583740234e-01
-1.840681552886962891e+00
-2.361075162887573242e+00
-1.996755361557006836e+00
-7.391240596771240234e-01
8.730648756027221680e-01
2.159241676330566406e+00
2.605858802795410156e+00
2.256095647811889648e+00
1.539223074913024902e+00
1.018504023551940918e+00
9.128652811050415039e-01
1.062878370285034180e+00
1.044094443321228027e+00
6.155517101287841797e-01
-1.188644170761108398e-01
-7.147615551948547363e-01
-7.742305994033813477e-01
-2.103300839662551880e-01
6.206834316253662109e-01
1.194927573204040527e+00
1.139221549034118652e+00
5.095310211181640625e-01
-2.911569476127624512e-01
-7.815150022506713867e-01
-7.466467618942260742e-01
-3.613543510437011719e-01
-5.581203103065490723e-02
-2.088752388954162598e-01
-8.771788477897644043e-01
-1.756773948669433594e+00
-2.365330696105957031e+00
-2.367754220962524414e+00
-1.775879144668579102e+00
-9.678432941436767578e-01
-4.236765801906585693e-01
-4.446376562118530273e-01
-9.199243783950805664e-01
-1.424090147018432617e+00
-1.445881247520446777e+00
-7.626166939735412598e-01
4.470763802528381348e-01
1.647811770439147949e+00
2.321377754211425781e+00
2.214432001113891602e+00
1.532886981964111328e+00
7.250924110412597656e-01
2.658374011516571045e-01
3.138733804225921631e-01
7.394952774047851562e-01
1.171105980873107910e+00
1.321784973144531250e+00
1.050572276115417480e+00
4.926565885543823242e-01
-1.302699446678161621e-01
-5.146524310111999512e-01
-4.863339662551879883e-01
4.588232934474945068e-02
9.200271964073181152e-01
1.835278272628784180e+00
2.322649240493774414e+00
2.062933444976806641e+00
9.805475473403930664e-01
-5.407342314720153809e-01
-1.930542945861816406e+00
-2.629398345947265625e+00
-2.530258417129516602e+00
-1.919276356697082520e+00
-1.373926401138305664e+00
-1.245667338371276855e+00
-1.532869577407836914e+00
-1.805426836013793945e+00
-1.660656929016113281e+00
-9.304633736610412598e-01
7.641264796257019043e-02
9.221068620681762695e-01
1.234073758125305176e+00
1.051146268844604492e+00
6.197761297225952148e-01
2.767894864082336426e-01
1.078654527664184570e-01
7.393595576286315918e-02
4.921428859233856201e-02
1.010134220123291016e-01
3.338547945022583008e-01
8.327274322509765625e-01
1.385579347610473633e+00
1.655021190643310547e+00
1.320123314857482910e+00
4.623466730117797852e-01
-5.148083567619323730e-01
-1.026552677154541016e+00
-7.980532646179199219e-01
3.668637573719024658e-02
9.421388506889343262e-01
1.442499399185180664e+00
1.330209612846374512e+00
8.224658370018005371e-01
2.342514842748641968e-01
-2.075258344411849976e-01
-5.676305890083312988e-01
-9.713870286941528320e-01
-1.455903768539428711e+00
-1.791721582412719727e+00
-1.711585521697998047e+00
-1.110968470573425293e+00
-2.762263119220733643e-01
2.959724664688110352e-01
1.739804148674011230e-01
-6.425346732139587402e-01
-1.721766710281372070e+00
-2.413344621658325195e+00
-2.284480571746826172e+00
-1.352125883102416992e+00
-8.580863475799560547e-02
9.114124774932861328e-01
1.238283395767211914e+00
9.149036407470703125e-01
3.229807615280151367e-01
-3.591322898864746094e-02
1.638878583908081055e-01
8.964917063713073730e-01
1.818100690841674805e+00
2.453132867813110352e+00
2.477007627487182617e+00
1.870070815086364746e+00
9.382568597793579102e-01
8.965438604354858398e-02
-3.776180744171142578e-01
-4.683257639408111572e-01
-3.819119334220886230e-01
-3.456301987171173096e-01
-3.517600893974304199e-01
-2.175623923540115356e-01
2.791555523872375488e-01
1.057837724685668945e+00
1.745591998100280762e+00
1.811959743499755859e+00
1.057298183441162109e+00
-2.397308349609375000e-01
-1.341943264007568359e+00
-1.635037422180175781e+00
-9.914652109146118164e-01
-1.305931806564331055e-02
4.665328562259674072e-01
-1.386412382125854492e-01
-1.608006596565246582e+00
-3.160293102264404297e+00
-3.845002651214599609e+00
-3.296933650970458984e+00
-1.798953652381896973e+00
-1.683361232280731201e-01
9.540035724639892578e-01
1.309631824493408203e+00
1.189113855361938477e+00
9.172257184982299805e-01
7.305321097373962402e-01
5.260202288627624512e-01
2.673810422420501709e-01
-4.512578248977661133e-03
1.850891113281250000e-02
4.599886536598205566e-01
1.235175371170043945e+00
1.839878320693969727e+00
1.877299427986145020e+00
1.184637784957885742e+00
1.761772334575653076e-01
-6.357559561729431152e-01
-8.122313022613525391e-01
-4.876102805137634277e-01
-2.073551714420318604e-02
1.135978847742080688e-01
-1.051729321479797363e-01
-4.802542328834533691e-01
-6.000890731811523438e-01
