-3.551854789257049561e-01
-3.289329707622528076e-01
6.173422336578369141e-01
1.251755356788635254e+00
1.220752477645874023e+00
5.442187786102294922e-01
-2.623515427112579346e-01
-5.936968326568603516e-01
-8.640003204345703125e-02
1.030197262763977051e+00
2.137454986572265625e+00
2.540968418121337891e+00
1.989643812179565430e+00
7.453737258911132812e-01
-5.292469263076782227e-01
-1.267112493515014648e+00
-1.240120053291320801e+00
-7.032147049903869629e-01
-9.344369173049926758e-02
1.967410445213317871e-01
8.441716432571411133e-02
-2.991570234298706055e-01
-6.925030946731567383e-01
-9.346456527709960938e-01
-9.551560878753662109e-01
-8.105864524841308594e-01
-5.654543042182922363e-01
-3.311756253242492676e-01
-1.959404647350311279e-01
-2.588447928428649902e-01
-5.051952004432678223e-01
-8.235803246498107910e-01
-9.837312698364257812e-01
-8.244064450263977051e-01
-3.397052586078643799e-01
2.303473055362701416e-01
5.727678537368774414e-01
4.720631837844848633e-01
1.350873708724975586e-02
-4.947242438793182373e-01
-6.995341777801513672e-01
-4.964428544044494629e-01
-8.357971906661987305e-02
1.418572962284088135e-01
-8.183075487613677979e-02
-6.868156194686889648e-01
-1.262154340744018555e+00
-1.348568439483642578e+00
-7.594799995422363281e-01
2.188010513782501221e-01
9.859197735786437988e-01
9.785929918289184570e-01
7.142095267772674561e-02
-1.320311427116394043e+00
-2.440263509750366211e+00
-2.652436256408691406e+00
-1.805163741111755371e+00
-3.353462815284729004e-01
1.010351181030273438e+00
1.619929313659667969e+00
1.375237464904785156e+00
6.781960129737854004e-01
1.619421541690826416e-01
2.586487233638763428e-01
9.274491667747497559e-01
1.709363222122192383e+00
2.058577060699462891e+00
1.722781658172607422e+00
9.002346992492675781e-01
8.981060981750488281e-02
-2.686319351196289062e-01
-7.574924826622009277e-02
3.932068347930908203e-01
7.384079694747924805e-01
7.358300685882568359e-01
4.882065057754516602e-01
2.795940041542053223e-01
3.077017664909362793e-01
4.741120338439941406e-01
4.679991900920867920e-01
2.612060308456420898e-02
-7.751431465148925781e-01
-1.518056511878967285e+00
-1.693168163299560547e+00
-1.105065584182739258e+00
-4.522764682769775391e-02
8.230926394462585449e-01
9.057285189628601074e-01
4.666764661669731140e-02
-1.336435794830322266e+00
-2.530136108398437500e+00
-2.928488969802856445e+00
-2.382461309432983398e+00
-1.193978667259216309e+00
9.604358673095703125e-02
1.053529739379882812e+00
1.492550373077392578e+00
1.484584212303161621e+00
1.184413552284240723e+00
7.524645924568176270e-01
3.096559941768646240e-01
1.074481010437011719e-02
7.381692528724670410e-03
3.946638703346252441e-01
1.070350289344787598e+00
1.746078014373779297e+00
2.039532423019409180e+00
1.714657545089721680e+00
8.091682791709899902e-01
-3.379448056221008301e-01
-1.288019657135009766e+00
-1.703368425369262695e+00
-1.530597090721130371e+00
-9.623630642890930176e-01
-3.277433812618255615e-01
1.171150803565979004e-01
2.775382995605468750e-01
2.527101337909698486e-01
2.174214720726013184e-01
3.185791969299316406e-01
5.490224957466125488e-01
7.588860392570495605e-01
7.204234600067138672e-01
3.062073588371276855e-01
-3.941551446914672852e-01
-1.044130325317382812e+00
-1.231506109237670898e+00
-7.070307731628417969e-01
3.950507640838623047e-01
1.583369255065917969e+00
2.245478153228759766e+00
2.028028488159179688e+00
1.049228668212890625e+00
-1.544156074523925781e-01
-9.770922660827636719e-01
-1.113638043403625488e+00
-7.316697239875793457e-01
-2.979187369346618652e-01
-2.125945091247558594e-01
-5.276468992233276367e-01
-9.420337080955505371e-01
-1.074456572532653809e+00
-7.733131647109985352e-01
-2.251362651586532593e-01
2.218111306428909302e-01
3.441818058490753174e-01
2.200501263141632080e-01
1.192982792854309082e-01
2.529824376106262207e-01
5.622062683105468750e-01
7.873911261558532715e-01
7.125198841094970703e-01
4.134386777877807617e-01
2.187349200248718262e-01
4.558142125606536865e-01
1.097619295120239258e+00
1.712385416030883789e+00
1.712139010429382324e+00
8.299108147621154785e-01
-6.244825124740600586e-01
-1.864374279975891113e+00
-2.142286062240600586e+00
-1.223716735839843750e+00
4.042856693267822266e-01
1.868892073631286621e+00
2.419770002365112305e+00
1.902980566024780273e+00
7.381013035774230957e-01
-3.900102376937866211e-01
-1.033698439598083496e+00
-1.164128303527832031e+00
-1.107092976570129395e+00
-1.165956854820251465e+00
-1.421849966049194336e+00
-1.669784188270568848e+00
-1.687257170677185059e+00
-1.391879320144653320e+00
-9.567703604698181152e-01
-5.978863239288330078e-01
-4.384481608867645264e-01
-3.639828860759735107e-01
-2.053075134754180908e-01
1.414182484149932861e-01
5.278786420822143555e-01
7.089998126029968262e-01
4.740726947784423828e-01
-9.830576181411743164e-02
-7.252006530761718750e-01
-1.018774986267089844e+00
-8.073911666870117188e-01
-1.682426035404205322e-01
5.609424114227294922e-01
1.077550888061523438e+00
1.206257462501525879e+00
1.044746875762939453e+00
7.699996232986450195e-01
5.808398127555847168e-01
5.001578330993652344e-01
4.774095714092254639e-01
3.724970817565917969e-01
1.444410085678100586e-01
-2.201653718948364258e-01
-6.161303520202636719e-01
-9.615061283111572266e-01
-1.116447687149047852e+00
-1.013456583023071289e+00
-5.859432220458984375e-01
7.636417448520660400e-02
8.165820240974426270e-01
1.347614526748657227e+00
1.477539300918579102e+00
1.122732043266296387e+00
4.654890894889831543e-01
-2.328314781188964844e-01
-6.832944750785827637e-01
-8.255085349082946777e-01
-7.435668706893920898e-01
