-9.126987457275390625e-01
-9.255924820899963379e-01
-5.860637426376342773e-01
-2.121020555496215820e-01
-2.599298954010009766e-03
-2.027700543403625488e-01
-5.614645481109619141e-01
-7.913497090339660645e-01
-5.053875446319580078e-01
1.569958329200744629e-01
8.919749259948730469e-01
1.175660371780395508e+00
9.609918594360351562e-01
4.452370703220367432e-01
1.808387637138366699e-01
3.513077199459075928e-01
8.805553317070007324e-01
1.240695476531982422e+00
1.162682294845581055e+00
6.279072761535644531e-01
1.568982601165771484e-01
1.408111453056335449e-01
7.455734610557556152e-01
1.501978397369384766e+00
1.877154707908630371e+00
1.439606308937072754e+00
4.204335212707519531e-01
-6.731554269790649414e-01
-1.190740585327148438e+00
-9.896530508995056152e-01
-2.722604572772979736e-01
3.946525156497955322e-01
6.848399043083190918e-01
4.788467884063720703e-01
4.872946441173553467e-02
-3.966679275035858154e-01
-6.844630837440490723e-01
-9.279984831809997559e-01
-1.212892293930053711e+00
-1.672061681747436523e+00
-2.234861135482788086e+00
-2.837854862213134766e+00
-3.281981706619262695e+00
-3.439060688018798828e+00
-3.110445976257324219e+00
-2.271261215209960938e+00
-1.001640439033508301e+00
3.340578675270080566e-01
1.351329326629638672e+00
1.735979557037353516e+00
1.557231426239013672e+00
1.126436114311218262e+00
8.797984719276428223e-01
9.681705832481384277e-01
1.237180233001708984e+00
1.284324169158935547e+00
8.796898126602172852e-01
1.158699691295623779e-01
-5.641545653343200684e-01
-7.536110281944274902e-01
-3.434717655181884766e-01
3.403614163398742676e-01
8.265188932418823242e-01
8.099792599678039551e-01
3.945255875587463379e-01
-6.062486767768859863e-02
-2.323529869318008423e-01
-1.017186269164085388e-01
8.751890808343887329e-02
9.144794940948486328e-02
-6.939639151096343994e-02
-9.580871462821960449e-02
3.149008154869079590e-01
1.156399250030517578e+00
1.998482227325439453e+00
2.257279872894287109e+00
1.595575809478759766e+00
2.403202652931213379e-01
-1.143572449684143066e+00
-1.826488971710205078e+00
-1.521418809890747070e+00
-5.070371031761169434e-01
5.290880203247070312e-01
9.967672824859619141e-01
6.990019083023071289e-01
-4.835927486419677734e-02
-7.526631355285644531e-01
-1.025724053382873535e+00
-8.750430941581726074e-01
-5.509749054908752441e-01
-3.841788470745086670e-01
-4.446477293968200684e-01
-5.744286775588989258e-01
-4.314977824687957764e-01
1.606357395648956299e-01
1.141716122627258301e+00
2.114603519439697266e+00
2.646154403686523438e+00
2.414163112640380859e+00
1.500117301940917969e+00
2.621270716190338135e-01
-7.467558383941650391e-01
-1.173888802528381348e+00
-9.507089853286743164e-01
-4.241997301578521729e-01
-4.148346185684204102e-02
-1.918002963066101074e-01
-8.715810775756835938e-01
-1.794851660728454590e+00
-2.445978164672851562e+00
-2.476370811462402344e+00
-1.774829387664794922e+00
-6.210685968399047852e-01
5.827316641807556152e-01
1.407458186149597168e+00
1.692895650863647461e+00
1.471453189849853516e+00
1.017542719841003418e+00
5.797541737556457520e-01
3.656640052795410156e-01
3.570460677146911621e-01
4.487647414207458496e-01
4.352651834487915039e-01
2.440001666545867920e-01
-9.803873300552368164e-02
-3.771035969257354736e-01
-4.133459627628326416e-01
-1.011792868375778198e-01
4.186807274818420410e-01
9.097758531570434570e-01
1.106562376022338867e+00
9.609737396240234375e-01
5.968186855316162109e-01
2.879313230514526367e-01
2.018816471099853516e-01
3.583369851112365723e-01
5.794231891632080078e-01
6.914634704589843750e-01
5.955234169960021973e-01
3.540712296962738037e-01
5.703675746917724609e-02
-2.306159138679504395e-01
-5.349098443984985352e-01
-8.587954044342041016e-01
-1.130560517311096191e+00
-1.188944816589355469e+00
-9.336745738983154297e-01
-4.525328278541564941e-01
-4.649631679058074951e-02
-5.327222868800163269e-02
-5.910702347755432129e-01
-1.423116445541381836e+00
-2.048519849777221680e+00
-2.030536174774169922e+00
-1.267173290252685547e+00
-9.575849771499633789e-02
9.650396108627319336e-01
1.520774841308593750e+00
1.581492185592651367e+00
1.452436804771423340e+00
1.514510393142700195e+00
1.860445261001586914e+00
2.286504745483398438e+00
2.383392333984375000e+00
1.924450993537902832e+00
9.624384641647338867e-01
-1.063014268875122070e-01
-8.873729705810546875e-01
-1.126884579658508301e+00
-9.433817267417907715e-01
-6.015185117721557617e-01
-4.354259967803955078e-01
-5.238671302795410156e-01
-7.936362028121948242e-01
-9.680086374282836914e-01
-9.056979417800903320e-01
-5.629914999008178711e-01
-1.824408620595932007e-01
1.172661781311035156e-02
-1.959207057952880859e-01
-6.800301671028137207e-01
-1.189125537872314453e+00
-1.309401392936706543e+00
-9.283465147018432617e-01
-1.698604822158813477e-01
4.385729432106018066e-01
4.747781455516815186e-01
-2.934018969535827637e-01
-1.507681727409362793e+00
-2.623669862747192383e+00
-3.020298480987548828e+00
-2.610725879669189453e+00
-1.648432612419128418e+00
-7.573249936103820801e-01
-2.629978954792022705e-01
-2.412289381027221680e-01
-2.922394275665283203e-01
-1.477244943380355835e-01
3.515373468399047852e-01
9.067577719688415527e-01
1.296768903732299805e+00
1.336330413818359375e+00
1.283203840255737305e+00
1.334637641906738281e+00
1.679578542709350586e+00
2.028429508209228516e+00
2.101547002792358398e+00
1.596454381942749023e+00
7.471222877502441406e-01
-9.876623749732971191e-02
-4.395332336425781250e-01
-2.806788682937622070e-01
1.729737073183059692e-01
3.912242352962493896e-01
2.146026492118835449e-01
-3.530855774879455566e-01
-8.906822204589843750e-01
