-9.954472184181213379e-01
-1.058140993118286133e+00
-1.306324720382690430e+00
-1.249679327011108398e+00
-8.453519344329833984e-01
-4.798883497714996338e-01
-2.546466886997222900e-01
-2.559133172035217285e-01
-1.454022526741027832e-01
1.523771882057189941e-01
6.997655034065246582e-01
1.137849330902099609e+00
1.361698508262634277e+00
1.301818251609802246e+00
1.331525564193725586e+00
1.573466062545776367e+00
2.046529293060302734e+00
2.244037866592407227e+00
1.843316793441772461e+00
6.864360570907592773e-01
-6.950514316558837891e-01
-1.728003978729248047e+00
-1.872709751129150391e+00
-1.298210740089416504e+00
-4.142910242080688477e-01
1.646949648857116699e-01
3.442989885807037354e-01
2.385586649179458618e-01
2.357894927263259888e-01
3.428983986377716064e-01
4.517840445041656494e-01
2.514753341674804688e-01
-1.678003072738647461e-01
-5.803817510604858398e-01
-5.944235324859619141e-01
-2.829505205154418945e-01
2.787113189697265625e-02
-2.037898898124694824e-01
-1.017065286636352539e+00
-2.012250185012817383e+00
-2.386826515197753906e+00
-1.750546216964721680e+00
-2.984539568424224854e-01
1.082372426986694336e+00
1.614126563072204590e+00
1.029092431068420410e+00
-7.978721708059310913e-02
-8.734374642372131348e-01
-7.584449052810668945e-01
4.948318004608154297e-02
8.683729171752929688e-01
9.867835044860839844e-01
3.326631188392639160e-01
-6.055676937103271484e-01
-1.082192778587341309e+00
-7.647811770439147949e-01
1.169671118259429932e-01
8.922262787818908691e-01
1.024039030075073242e+00
4.087110161781311035e-01
-5.338451266288757324e-01
-1.228847742080688477e+00
-1.265629172325134277e+00
-6.334532499313354492e-01
3.751463294029235840e-01
1.340119242668151855e+00
1.920255303382873535e+00
1.934745907783508301e+00
1.384063482284545898e+00
4.452233016490936279e-01
-5.772959589958190918e-01
-1.315420031547546387e+00
-1.510102748870849609e+00
-1.100994348526000977e+00
-3.035522997379302979e-01
5.446516275405883789e-01
1.097586631774902344e+00
1.207662343978881836e+00
8.833580017089843750e-01
3.158540129661560059e-01
-2.875422537326812744e-01
-6.722890138626098633e-01
-6.939920783042907715e-01
-2.936988472938537598e-01
3.210197687149047852e-01
8.205440640449523926e-01
8.078398704528808594e-01
1.995449662208557129e-01
-7.617899179458618164e-01
-1.493589520454406738e+00
-1.577021121978759766e+00
-9.542802572250366211e-01
-1.264882981777191162e-01
3.439517915248870850e-01
1.573777794837951660e-01
-3.167700469493865967e-01
-4.514725804328918457e-01
2.496202588081359863e-01
1.530693769454956055e+00
2.637931823730468750e+00
2.716752290725708008e+00
1.652584195137023926e+00
7.494191825389862061e-02
-9.056605696678161621e-01
-6.787391901016235352e-01
5.601451992988586426e-01
1.785785317420959473e+00
2.069581985473632812e+00
1.089666247367858887e+00
-5.151441693305969238e-01
-1.846002101898193359e+00
-2.263992309570312500e+00
-1.959746360778808594e+00
-1.500199317932128906e+00
-1.425020456314086914e+00
-1.622695565223693848e+00
-1.641479134559631348e+00
-1.013302564620971680e+00
9.277904033660888672e-02
1.097828388214111328e+00
1.312260031700134277e+00
6.760900616645812988e-01
-3.061012327671051025e-01
-7.878643870353698730e-01
-3.833051025867462158e-01
6.875059604644775391e-01
1.634114384651184082e+00
1.840664982795715332e+00
1.157434344291687012e+00
8.921203762292861938e-02
-7.638541460037231445e-01
-1.001388072967529297e+00
-7.490270733833312988e-01
-3.106140494346618652e-01
1.497836410999298096e-02
2.463323771953582764e-01
4.807837307453155518e-01
8.033128380775451660e-01
1.051516175270080566e+00
1.048483848571777344e+00
6.962054371833801270e-01
1.834587454795837402e-01
-2.283629179000854492e-01
-3.328781127929687500e-01
-1.993197649717330933e-01
-1.999320834875106812e-02
8.970871567726135254e-03
-1.032375395298004150e-01
-2.426525801420211792e-01
-2.916426658630371094e-01
-2.903578877449035645e-01
-3.555434346199035645e-01
-5.584815144538879395e-01
-7.972135543823242188e-01
-8.684056997299194336e-01
-6.387457847595214844e-01
-1.800489425659179688e-01
2.650367021560668945e-01
4.871533215045928955e-01
4.614565372467041016e-01
3.828603029251098633e-01
4.561119079589843750e-01
7.534167766571044922e-01
1.104344010353088379e+00
1.297854781150817871e+00
1.190874576568603516e+00
8.751194477081298828e-01
4.935716986656188965e-01
1.894840747117996216e-01
-7.922660559415817261e-02
-3.516769707202911377e-01
-6.708729267120361328e-01
-9.020501375198364258e-01
-9.760833978652954102e-01
-8.634474277496337891e-01
-7.685582637786865234e-01
-8.188241720199584961e-01
-1.068109035491943359e+00
-1.253714084625244141e+00
-1.158336162567138672e+00
-6.524232625961303711e-01
-3.377306461334228516e-02
3.479103147983551025e-01
1.703824400901794434e-01
-3.803728222846984863e-01
-9.307413101196289062e-01
-9.893380403518676758e-01
-5.571981668472290039e-01
8.336418867111206055e-02
3.603520989418029785e-01
1.110490262508392334e-01
-5.122154951095581055e-01
-8.936584591865539551e-01
-6.865087151527404785e-01
1.678885519504547119e-01
1.094165921211242676e+00
1.548222064971923828e+00
1.088652133941650391e+00
-4.235121607780456543e-02
-1.386872172355651855e+00
-2.230135679244995117e+00
-2.294456481933593750e+00
-1.489459514617919922e+00
-2.337636202573776245e-01
1.117204189300537109e+00
2.048029661178588867e+00
2.410269260406494141e+00
2.082206249237060547e+00
1.386885046958923340e+00
5.836976170539855957e-01
1.228678897023200989e-01
2.688729763031005859e-02
2.576506435871124268e-01
3.856389522552490234e-01
2.691158056259155273e-01
-2.058330178260803223e-01
-6.804720163345336914e-01
