-3.509776592254638672e-01
-3.613583743572235107e-01
4.185713082551956177e-02
5.584408044815063477e-01
9.326223134994506836e-01
9.242886304855346680e-01
6.531043648719787598e-01
3.366969227790832520e-01
3.155058920383453369e-01
6.513524651527404785e-01
1.222284078598022461e+00
1.599450349807739258e+00
1.441488981246948242e+00
5.541557669639587402e-01
-7.754250764846801758e-01
-2.013022899627685547e+00
-2.493849754333496094e+00
-1.972077727317810059e+00
-6.854960322380065918e-01
5.838261842727661133e-01
1.129208326339721680e+00
6.606065630912780762e-01
-3.252428472042083740e-01
-9.999065399169921875e-01
-6.845510601997375488e-01
4.779149889945983887e-01
1.698083639144897461e+00
1.970305204391479492e+00
9.674911499023437500e-01
-7.872852683067321777e-01
-2.147600412368774414e+00
-2.300138711929321289e+00
-1.266982078552246094e+00
2.197670936584472656e-02
5.570815801620483398e-01
-4.983251541852951050e-02
-1.186938405036926270e+00
-1.841231346130371094e+00
-1.348373174667358398e+00
-1.889179646968841553e-02
1.192421913146972656e+00
1.379006505012512207e+00
4.804742634296417236e-01
-7.675740122795104980e-01
-1.367467999458312988e+00
-9.328050613403320312e-01
1.186378598213195801e-01
9.028692841529846191e-01
8.929525613784790039e-01
2.680392265319824219e-01
-2.403676509857177734e-01
-8.754603564739227295e-02
6.440571546554565430e-01
1.277302503585815430e+00
1.201912760734558105e+00
3.953380584716796875e-01
-4.876864552497863770e-01
-7.122883796691894531e-01
-8.222606778144836426e-02
8.265273571014404297e-01
1.155253887176513672e+00
4.612638354301452637e-01
-8.461057543754577637e-01
-1.823186993598937988e+00
-1.716782331466674805e+00
-5.975199937820434570e-01
6.862671971321105957e-01
1.139435052871704102e+00
3.897692561149597168e-01
-1.036690473556518555e+00
-2.098576307296752930e+00
-2.007632970809936523e+00
-7.639988064765930176e-01
8.821175098419189453e-01
1.977919101715087891e+00
1.996927142143249512e+00
1.096066951751708984e+00
-5.639922618865966797e-02
-7.662703990936279297e-01
-6.807382702827453613e-01
8.350741863250732422e-02
1.093686580657958984e+00
1.824653983116149902e+00
1.897851943969726562e+00
1.198139786720275879e+00
-5.051282048225402832e-02
-1.360129833221435547e+00
-2.147285938262939453e+00
-2.049315690994262695e+00
-1.132224798202514648e+00
6.599666178226470947e-02
8.462511301040649414e-01
7.370888590812683105e-01
-1.654416620731353760e-01
-1.279067397117614746e+00
-1.866250991821289062e+00
-1.516027092933654785e+00
-3.394817709922790527e-01
1.095151424407958984e+00
2.154498338699340820e+00
2.440311431884765625e+00
1.964281439781188965e+00
1.025178194046020508e+00
5.412611365318298340e-02
-6.000341176986694336e-01
-7.372717857360839844e-01
-3.907927870750427246e-01
2.066540718078613281e-01
6.701270937919616699e-01
6.785591244697570801e-01
1.464123129844665527e-01
-6.358467340469360352e-01
-1.178330421447753906e+00
-1.089569091796875000e+00
-4.128751754760742188e-01
3.783844411373138428e-01
6.651725172996520996e-01
1.625554561614990234e-01
-8.645380139350891113e-01
-1.744374752044677734e+00
-1.911604404449462891e+00
-1.297533154487609863e+00
-3.918877840042114258e-01
1.614887714385986328e-01
5.633556842803955078e-02
-4.415407776832580566e-01
-7.297624349594116211e-01
-3.525886535644531250e-01
6.310178041458129883e-01
1.700202941894531250e+00
2.262318134307861328e+00
2.080346822738647461e+00
1.392536759376525879e+00
6.701640486717224121e-01
2.450450807809829712e-01
1.056991070508956909e-01
1.158176362514495850e-02
-2.463394403457641602e-01
-6.374280452728271484e-01
-9.576929807662963867e-01
-1.019336581230163574e+00
-8.323564529418945312e-01
-5.567013025283813477e-01
-3.577144443988800049e-01
-2.332728952169418335e-01
-7.434023916721343994e-02
2.190059125423431396e-01
5.714200735092163086e-01
8.104473352432250977e-01
7.906974554061889648e-01
5.980026721954345703e-01
4.729208648204803467e-01
6.725023388862609863e-01
1.205728054046630859e+00
1.828715324401855469e+00
2.136268377304077148e+00
1.864319205284118652e+00
9.937901496887207031e-01
-1.922554671764373779e-01
-1.328047513961791992e+00
-2.053305149078369141e+00
-2.201963901519775391e+00
-1.749130964279174805e+00
-9.038641452789306641e-01
2.885460853576660156e-02
6.434412002563476562e-01
7.074028253555297852e-01
2.205614298582077026e-01
-4.529286026954650879e-01
-8.842701911926269531e-01
-7.718877196311950684e-01
-2.929861545562744141e-01
9.698194265365600586e-02
-1.303272843360900879e-01
-1.048671722412109375e+00
-2.268248319625854492e+00
-3.042483806610107422e+00
-2.868559837341308594e+00
-1.699904084205627441e+00
-9.289596974849700928e-02
1.297503590583801270e+00
1.988017559051513672e+00
2.023464679718017578e+00
1.679112434387207031e+00
1.327364444732666016e+00
1.048505544662475586e+00
8.128899335861206055e-01
4.888782799243927002e-01
1.509751081466674805e-01
-1.139961779117584229e-01
-1.672664880752563477e-01
-9.037056565284729004e-02
3.185318410396575928e-02
6.406596302986145020e-02
9.076887369155883789e-02
1.612587869167327881e-01
3.541002869606018066e-01
5.184944868087768555e-01
5.659018754959106445e-01
4.424849152565002441e-01
3.828543424606323242e-01
5.679970979690551758e-01
1.075960159301757812e+00
1.553897500038146973e+00
1.600523710250854492e+00
9.160399436950683594e-01
-2.085818797349929810e-01
-1.194959878921508789e+00
-1.392320632934570312e+00
-7.509189248085021973e-01
2.707091569900512695e-01
8.405643701553344727e-01
5.327548980712890625e-01
-5.308938026428222656e-01
-1.600066661834716797e+00
-2.032588481903076172e+00
-1.577203035354614258e+00
