-4.188762903213500977e-01
-4.760931730270385742e-01
-1.356635212898254395e+00
-2.220428943634033203e+00
-2.317321777343750000e+00
-1.416580915451049805e+00
1.804347038269042969e-01
1.549001216888427734e+00
2.003607988357543945e+00
1.343553662300109863e+00
2.045754194259643555e-01
-6.711530089378356934e-01
-7.722871899604797363e-01
-3.839367628097534180e-01
-5.203974246978759766e-02
-2.749482393264770508e-01
-8.209350109100341797e-01
-1.113672971725463867e+00
-5.231089591979980469e-01
8.381564617156982422e-01
2.317207098007202148e+00
2.954830884933471680e+00
2.401492595672607422e+00
9.657084941864013672e-01
-4.230526089668273926e-01
-1.102688312530517578e+00
-9.133301973342895508e-01
-3.932299613952636719e-01
-5.144524574279785156e-02
-1.119636520743370056e-01
-2.070577889680862427e-01
1.894785463809967041e-02
6.635572910308837891e-01
1.232924342155456543e+00
1.219903469085693359e+00
4.318650364875793457e-01
-5.772994756698608398e-01
-1.033799529075622559e+00
-3.988239467144012451e-01
9.967702627182006836e-01
2.281539440155029297e+00
2.519085884094238281e+00
1.553205728530883789e+00
-1.537221670150756836e-02
-1.146939873695373535e+00
-1.278112649917602539e+00
-5.794767737388610840e-01
1.126898378133773804e-01
1.267922222614288330e-01
-6.146312355995178223e-01
-1.438182592391967773e+00
-1.603840351104736328e+00
-8.418863415718078613e-01
2.837149500846862793e-01
8.796217441558837891e-01
3.310859799385070801e-01
-1.089062452316284180e+00
-2.441117763519287109e+00
-2.675337314605712891e+00
-1.454308390617370605e+00
6.567283868789672852e-01
2.470808267593383789e+00
3.001689195632934570e+00
2.009799480438232422e+00
1.700503826141357422e-01
-1.438455462455749512e+00
-1.949540615081787109e+00
-1.226809144020080566e+00
1.739691495895385742e-01
1.371830224990844727e+00
1.719892382621765137e+00
1.104831576347351074e+00
-4.735602438449859619e-02
-1.096117973327636719e+00
-1.546378612518310547e+00
-1.284435629844665527e+00
-5.579480528831481934e-01
2.281212061643600464e-01
7.499122023582458496e-01
9.095828533172607422e-01
7.988975644111633301e-01
5.932461619377136230e-01
4.118899405002593994e-01
3.098083436489105225e-01
2.915079593658447266e-01
3.964201807975769043e-01
6.381129026412963867e-01
9.810780882835388184e-01
1.234229564666748047e+00
1.165632486343383789e+00
6.044299006462097168e-01
-3.373250663280487061e-01
-1.312880873680114746e+00
-1.854705810546875000e+00
-1.728142261505126953e+00
-1.040868997573852539e+00
-2.587801218032836914e-01
1.664138287305831909e-01
2.370418608188629150e-02
-4.506809711456298828e-01
-8.371368646621704102e-01
-7.651559114456176758e-01
-2.564243078231811523e-01
3.997110128402709961e-01
7.946285009384155273e-01
7.946546077728271484e-01
5.261469483375549316e-01
3.311783969402313232e-01
3.921991586685180664e-01
6.793814301490783691e-01
8.983669877052307129e-01
8.290649056434631348e-01
4.032298028469085693e-01
-1.555708944797515869e-01
-6.035199165344238281e-01
-7.465725541114807129e-01
-6.376440525054931641e-01
-3.871477544307708740e-01
-1.439293920993804932e-01
9.471827745437622070e-02
3.256325721740722656e-01
5.684677958488464355e-01
7.055847644805908203e-01
6.580353975296020508e-01
3.621224164962768555e-01
-5.820496752858161926e-02
-4.686367511749267578e-01
-7.180576324462890625e-01
-8.290063142776489258e-01
-8.525360822677612305e-01
-8.880829215049743652e-01
-8.933925628662109375e-01
-8.145278692245483398e-01
-5.627841949462890625e-01
-2.095640599727630615e-01
1.350287050008773804e-01
3.021514415740966797e-01
2.708629667758941650e-01
8.714918792247772217e-02
-9.144780039787292480e-02
-1.914364099502563477e-01
-1.652861833572387695e-01
-7.303935289382934570e-02
5.743351578712463379e-02
1.547759175300598145e-01
1.762451529502868652e-01
2.668988704681396484e-02
-3.027503490447998047e-01
-7.287133336067199707e-01
-9.843956232070922852e-01
-8.099080920219421387e-01
-9.303796291351318359e-02
9.145164489746093750e-01
1.726634144783020020e+00
1.855709075927734375e+00
1.202745079994201660e+00
1.411026120185852051e-01
-6.533848643302917480e-01
-6.782404184341430664e-01
6.817269325256347656e-02
1.047071218490600586e+00
1.573216199874877930e+00
1.286651372909545898e+00
4.138995707035064697e-01
-4.190908670425415039e-01
-6.603888273239135742e-01
-2.431226670742034912e-01
3.749624490737915039e-01
5.915685296058654785e-01
1.327166557312011719e-01
-7.065393924713134766e-01
-1.301575660705566406e+00
-1.158525943756103516e+00
-3.359706997871398926e-01
6.059756278991699219e-01
9.754512906074523926e-01
4.926821887493133545e-01
-5.540562868118286133e-01
-1.473599314689636230e+00
-1.724575161933898926e+00
-1.217960476875305176e+00
-3.935029804706573486e-01
2.193222343921661377e-01
3.262049853801727295e-01
1.147229969501495361e-01
-5.446229875087738037e-02
7.704506814479827881e-02
3.234598636627197266e-01
2.950910925865173340e-01
-3.438491523265838623e-01
-1.412646412849426270e+00
-2.348673105239868164e+00
-2.431696176528930664e+00
-1.412072658538818359e+00
3.903609514236450195e-01
2.113183259963989258e+00
2.994037389755249023e+00
2.679806232452392578e+00
1.522988438606262207e+00
1.485284417867660522e-01
-8.175139427185058594e-01
-1.237152695655822754e+00
-1.258222103118896484e+00
-1.228514552116394043e+00
-1.217532396316528320e+00
-1.140805244445800781e+00
-7.300950288772583008e-01
1.500880718231201172e-02
9.310693740844726562e-01
1.601099014282226562e+00
1.810770630836486816e+00
1.497147321701049805e+00
9.452884793281555176e-01
3.751791417598724365e-01
7.761120796203613281e-04
-2.453697323799133301e-01
-3.763760030269622803e-01
