-6.171284317970275879e-01
-5.926237702369689941e-01
5.053398609161376953e-01
8.837795257568359375e-01
3.547047078609466553e-01
-6.014143228530883789e-01
-1.090653538703918457e+00
-5.364216566085815430e-01
9.332678914070129395e-01
2.493722677230834961e+00
3.277204036712646484e+00
2.921092748641967773e+00
1.842358350753784180e+00
8.055077791213989258e-01
3.835092484951019287e-01
5.082052946090698242e-01
6.596403717994689941e-01
2.845176160335540771e-01
-6.908335089683532715e-01
-1.868824958801269531e+00
-2.650924682617187500e+00
-2.727478981018066406e+00
-2.201252698898315430e+00
-1.472567200660705566e+00
-8.526844978332519531e-01
-4.134808778762817383e-01
-1.236970722675323486e-02
4.234009385108947754e-01
7.873591184616088867e-01
8.282644748687744141e-01
4.349378645420074463e-01
-2.320211231708526611e-01
-7.644925713539123535e-01
-8.200483918190002441e-01
-3.545465469360351562e-01
2.986871004104614258e-01
6.809830665588378906e-01
5.032047629356384277e-01
-1.386170387268066406e-01
-8.603131175041198730e-01
-1.241297364234924316e+00
-1.114339828491210938e+00
-6.333677172660827637e-01
-1.548706293106079102e-01
2.049195766448974609e-02
-1.797723174095153809e-01
-5.677812099456787109e-01
-8.402879238128662109e-01
-7.613192796707153320e-01
-3.042190372943878174e-01
3.451899290084838867e-01
8.911467790603637695e-01
1.082764506340026855e+00
8.380511403083801270e-01
2.748381495475769043e-01
-3.493563532829284668e-01
-7.650368213653564453e-01
-7.998572587966918945e-01
-4.483933448791503906e-01
1.529528498649597168e-01
7.718657255172729492e-01
1.174506187438964844e+00
1.180479526519775391e+00
7.385619878768920898e-01
-6.008991599082946777e-02
-9.729994535446166992e-01
-1.713744282722473145e+00
-2.058049201965332031e+00
-1.982649922370910645e+00
-1.641916275024414062e+00
-1.271238327026367188e+00
-9.770480990409851074e-01
-6.759558916091918945e-01
-1.479863524436950684e-01
7.036699056625366211e-01
1.709806680679321289e+00
2.436415195465087891e+00
2.494421482086181641e+00
1.812592625617980957e+00
7.815465927124023438e-01
-1.549223065376281738e-02
-1.691394746303558350e-01
2.363261282444000244e-01
7.554837465286254883e-01
9.270785450935363770e-01
6.932662725448608398e-01
3.847922384738922119e-01
4.160445630550384521e-01
7.940008640289306641e-01
1.050423145294189453e+00
5.552603006362915039e-01
-8.466101884841918945e-01
-2.569518566131591797e+00
-3.524150371551513672e+00
-2.913692951202392578e+00
-8.392474651336669922e-01
1.614928364753723145e+00
3.105397224426269531e+00
2.892070055007934570e+00
1.364984512329101562e+00
-3.228996694087982178e-01
-1.068325519561767578e+00
-6.201565861701965332e-01
3.858606815338134766e-01
9.800202846527099609e-01
6.868364810943603516e-01
-1.898533701896667480e-01
-8.563812971115112305e-01
-7.668619155883789062e-01
-2.244694530963897705e-02
7.188104391098022461e-01
8.675920963287353516e-01
3.510314524173736572e-01
-3.373275697231292725e-01
-6.529915332794189453e-01
-4.567703306674957275e-01
-1.556883007287979126e-01
-2.632942795753479004e-01
-9.212191104888916016e-01
-1.678144454956054688e+00
-1.875809550285339355e+00
-1.189913272857666016e+00
1.360780000686645508e-02
9.499005675315856934e-01
9.987101554870605469e-01
2.396604418754577637e-01
-6.164249777793884277e-01
-7.455195784568786621e-01
1.186773777008056641e-01
1.488873839378356934e+00
2.455955743789672852e+00
2.375048160552978516e+00
1.290936470031738281e+00
-1.140444278717041016e-01
-1.055402874946594238e+00
-1.163436651229858398e+00
-6.766600608825683594e-01
-1.507873237133026123e-01
-1.666489616036415100e-02
-2.782497406005859375e-01
-5.980861783027648926e-01
-6.015641689300537109e-01
-1.812393367290496826e-01
4.593677520751953125e-01
9.818086624145507812e-01
1.164399981498718262e+00
1.023423552513122559e+00
7.536612153053283691e-01
5.703228712081909180e-01
5.707745552062988281e-01
7.134188413619995117e-01
8.711458444595336914e-01
9.184919595718383789e-01
7.787355184555053711e-01
4.507180154323577881e-01
-2.905789762735366821e-03
-4.583131074905395508e-01
-7.803565263748168945e-01
-8.568787574768066406e-01
-6.707452535629272461e-01
-2.903971076011657715e-01
1.392024755477905273e-01
4.921472668647766113e-01
6.887115836143493652e-01
7.470340728759765625e-01
7.189139723777770996e-01
6.734372973442077637e-01
6.090723872184753418e-01
4.762696623802185059e-01
1.585775166749954224e-01
-4.126492440700531006e-01
-1.214318513870239258e+00
-2.030905008316040039e+00
-2.549969673156738281e+00
-2.469397068023681641e+00
-1.753378868103027344e+00
-6.756644248962402344e-01
2.305610626935958862e-01
5.297361016273498535e-01
1.287576854228973389e-01
-5.827803611755371094e-01
-1.037297487258911133e+00
-8.454337120056152344e-01
-1.580992341041564941e-01
4.779299199581146240e-01
4.715478420257568359e-01
-2.738553881645202637e-01
-1.297465801239013672e+00
-1.830117225646972656e+00
-1.434855818748474121e+00
-2.954515516757965088e-01
8.309305310249328613e-01
1.244213938713073730e+00
7.654069662094116211e-01
-6.174895167350769043e-02
-4.686481058597564697e-01
-9.842813014984130859e-04
1.044080138206481934e+00
1.913162469863891602e+00
1.902910232543945312e+00
9.744369983673095703e-01
-2.888237833976745605e-01
-1.038324832916259766e+00
-8.433917760848999023e-01
1.182824075222015381e-01
1.166985273361206055e+00
1.707659244537353516e+00
1.522412061691284180e+00
8.931677341461181641e-01
2.142498493194580078e-01
-2.301048338413238525e-01
-4.660309553146362305e-01
-5.966073870658874512e-01
-7.101166844367980957e-01
-7.309757471084594727e-01
-6.299422383308410645e-01
-4.476594626903533936e-01
