1.749659180641174316e+00
1.807373523712158203e+00
8.527684211730957031e-01
-1.723920851945877075e-01
-9.949675798416137695e-01
-1.403270721435546875e+00
-1.403097510337829590e+00
-1.150202989578247070e+00
-8.972125053405761719e-01
-7.674863934516906738e-01
-7.257895469665527344e-01
-5.625369548797607422e-01
-1.344404816627502441e-01
5.310519933700561523e-01
1.146570682525634766e+00
1.394946932792663574e+00
1.109143495559692383e+00
4.771417677402496338e-01
-1.224038302898406982e-01
-3.256836235523223877e-01
-1.010980904102325439e-01
3.000828027725219727e-01
5.016266703605651855e-01
3.712535798549652100e-01
7.307189702987670898e-02
-3.059144318103790283e-02
2.313896715641021729e-01
7.013896107673645020e-01
9.257574081420898438e-01
5.641849040985107422e-01
-3.675578534603118896e-01
-1.418919086456298828e+00
-2.084050178527832031e+00
-2.122563362121582031e+00
-1.776701927185058594e+00
-1.481978893280029297e+00
-1.526986122131347656e+00
-1.736149787902832031e+00
-1.667079448699951172e+00
-9.552758932113647461e-01
2.661969363689422607e-01
1.450342178344726562e+00
1.959079027175903320e+00
1.589799046516418457e+00
6.723774671554565430e-01
-1.319317519664764404e-01
-3.669492602348327637e-01
-2.586986869573593140e-02
4.846752882003784180e-01
7.874450683593750000e-01
8.085260391235351562e-01
8.395037651062011719e-01
1.169022560119628906e+00
1.811057925224304199e+00
2.397347450256347656e+00
2.504620552062988281e+00
1.960282087326049805e+00
1.027938723564147949e+00
1.529472768306732178e-01
-3.377801775932312012e-01
-4.715601205825805664e-01
-4.590194225311279297e-01
-4.534830451011657715e-01
-3.378090858459472656e-01
8.798187971115112305e-02
8.445804119110107422e-01
1.555594682693481445e+00
1.679158926010131836e+00
9.026421904563903809e-01
-4.910440444946289062e-01
-1.761648297309875488e+00
-2.174404621124267578e+00
-1.571257710456848145e+00
-4.687269926071166992e-01
2.984477877616882324e-01
2.263522148132324219e-01
-5.314210057258605957e-01
-1.309114336967468262e+00
-1.515299439430236816e+00
-1.074571371078491211e+00
-4.615151584148406982e-01
-2.342949956655502319e-01
-5.629943609237670898e-01
-1.069923162460327148e+00
-1.192179441452026367e+00
-6.614706516265869141e-01
2.379650473594665527e-01
9.191662669181823730e-01
9.633134603500366211e-01
4.653099775314331055e-01
-9.140962362289428711e-02
-2.552649974822998047e-01
4.996024072170257568e-03
3.211356997489929199e-01
2.852903604507446289e-01
-1.452789306640625000e-01
-5.970744490623474121e-01
-5.991527438163757324e-01
-2.157127857208251953e-02
7.807736396789550781e-01
1.231227159500122070e+00
9.955996274948120117e-01
2.378040850162506104e-01
-5.336207151412963867e-01
-8.978541493415832520e-01
-8.495366573333740234e-01
-7.372937798500061035e-01
-8.930272459983825684e-01
-1.273384571075439453e+00
-1.458799123764038086e+00
-1.006600379943847656e+00
1.245624199509620667e-01
1.470728635787963867e+00
2.359331607818603516e+00
2.398528099060058594e+00
1.733439683914184570e+00
9.036720395088195801e-01
4.000079035758972168e-01
3.236293196678161621e-01
3.810895681381225586e-01
2.159037888050079346e-01
-2.629562616348266602e-01
-7.994537353515625000e-01
-1.046128273010253906e+00
-8.685293197631835938e-01
-4.734193682670593262e-01
-2.085160613059997559e-01
-2.797245979309082031e-01
-5.785417556762695312e-01
-8.243866562843322754e-01
-8.050566911697387695e-01
-5.569995045661926270e-01
-2.607659101486206055e-01
-3.928875923156738281e-02
2.010920643806457520e-01
6.385688781738281250e-01
1.310764074325561523e+00
1.940706729888916016e+00
2.096840381622314453e+00
1.516617417335510254e+00
4.034283161163330078e-01
-6.534723639488220215e-01
-1.045492053031921387e+00
-6.102674603462219238e-01
2.511086165904998779e-01
8.318181633949279785e-01
6.457985639572143555e-01
-2.496415972709655762e-01
-1.298871040344238281e+00
-1.890302419662475586e+00
-1.767705678939819336e+00
-1.186340093612670898e+00
-6.494818925857543945e-01
-5.391767621040344238e-01
-8.497360944747924805e-01
-1.279672861099243164e+00
-1.481026411056518555e+00
-1.314613819122314453e+00
-8.551856279373168945e-01
-2.742542028427124023e-01
3.216329813003540039e-01
8.711653351783752441e-01
1.282551527023315430e+00
1.362772107124328613e+00
9.478423595428466797e-01
8.305031061172485352e-02
-8.575712442398071289e-01
-1.343389153480529785e+00
-1.015096426010131836e+00
4.694312810897827148e-03
1.138283491134643555e+00
1.696137428283691406e+00
1.354707241058349609e+00
3.772137165069580078e-01
-5.602471828460693359e-01
-8.632296919822692871e-01
-4.250567555427551270e-01
3.114553689956665039e-01
7.212404012680053711e-01
4.769623875617980957e-01
-1.931722164154052734e-01
-6.916171908378601074e-01
-5.068698525428771973e-01
3.835394382476806641e-01
1.486163973808288574e+00
2.139050722122192383e+00
1.980146050453186035e+00
1.190425515174865723e+00
3.487348258495330811e-01
2.007174491882324219e-02
3.835279941558837891e-01
1.156064510345458984e+00
1.822904348373413086e+00
1.994877338409423828e+00
1.615098953247070312e+00
9.205343127250671387e-01
2.137931287288665771e-01
-3.275648951530456543e-01
-7.063472270965576172e-01
-9.893232583999633789e-01
-1.201614856719970703e+00
-1.292510271072387695e+00
-1.239274978637695312e+00
-1.120971083641052246e+00
-1.109918355941772461e+00
-1.314836978912353516e+00
-1.659052491188049316e+00
-1.853476643562316895e+00
-1.591788887977600098e+00
-7.682626843452453613e-01
3.697169721126556396e-01
1.349374294281005859e+00
1.722016453742980957e+00
1.364097476005554199e+00
5.193197727203369141e-01
-3.390478789806365967e-01
-8.337079882621765137e-01
