-3.878155052661895752e-01
-3.783467411994934082e-01
-2.912104129791259766e-01
-1.688015460968017578e-01
-7.890760898590087891e-02
-1.051331162452697754e-01
-2.121074199676513672e-01
-4.136885106563568115e-01
-6.197073459625244141e-01
-7.527753710746765137e-01
-6.329121589660644531e-01
-2.213288545608520508e-01
4.113709628582000732e-01
9.549301266670227051e-01
1.165437459945678711e+00
9.568760991096496582e-01
6.175613999366760254e-01
5.049891471862792969e-01
8.410615921020507812e-01
1.359397888183593750e+00
1.542119741439819336e+00
9.132982492446899414e-01
-4.173716306686401367e-01
-1.804212212562561035e+00
-2.351779222488403320e+00
-1.645282149314880371e+00
-1.669630408287048340e-02
1.524517416954040527e+00
2.040566682815551758e+00
1.223442792892456055e+00
-2.981987595558166504e-01
-1.467097282409667969e+00
-1.433004617691040039e+00
-1.882664561271667480e-01
1.525240182876586914e+00
2.644708156585693359e+00
2.525084972381591797e+00
1.212627053260803223e+00
-5.952468514442443848e-01
-2.076128482818603516e+00
-2.666567087173461914e+00
-2.335324287414550781e+00
-1.423233509063720703e+00
-4.524405002593994141e-01
1.860997080802917480e-01
3.097891807556152344e-01
1.897779107093811035e-02
-4.282165169715881348e-01
-7.009066939353942871e-01
-6.059647798538208008e-01
-1.562901437282562256e-01
3.942323923110961914e-01
7.412616014480590820e-01
7.058618664741516113e-01
3.846206963062286377e-01
4.492828249931335449e-02
-7.455031573772430420e-02
1.399162411689758301e-02
6.708842515945434570e-02
-1.871864199638366699e-01
-7.719782590866088867e-01
-1.386081099510192871e+00
-1.589021801948547363e+00
-1.143077611923217773e+00
-2.332539558410644531e-01
6.205726265907287598e-01
9.061949253082275391e-01
4.806721210479736328e-01
-3.357095718383789062e-01
-9.734185934066772461e-01
-1.007399082183837891e+00
-4.012652635574340820e-01
5.002459883689880371e-01
1.252720713615417480e+00
1.570145130157470703e+00
1.466529965400695801e+00
1.136068463325500488e+00
8.073220252990722656e-01
5.910519361495971680e-01
5.200481414794921875e-01
5.732444524765014648e-01
7.549420595169067383e-01
1.024353384971618652e+00
1.298137426376342773e+00
1.410644888877868652e+00
1.238895177841186523e+00
7.409682273864746094e-01
4.365921020507812500e-02
-6.651168465614318848e-01
-1.171342134475708008e+00
-1.377284884452819824e+00
-1.267019033432006836e+00
-9.599906206130981445e-01
-6.103776693344116211e-01
-4.175046980381011963e-01
-4.780380427837371826e-01
-7.702519893646240234e-01
-1.064094662666320801e+00
-1.090854167938232422e+00
-6.662555336952209473e-01
7.253511995077133179e-02
7.557162046432495117e-01
9.443184137344360352e-01
5.223834514617919922e-01
-2.242316454648971558e-01
-7.031960487365722656e-01
-5.036512613296508789e-01
3.189881443977355957e-01
1.156990289688110352e+00
1.326777815818786621e+00
5.296430587768554688e-01
-7.989940047264099121e-01
-1.799144148826599121e+00
-1.710668444633483887e+00
-4.957312047481536865e-01
1.151470541954040527e+00
2.186073780059814453e+00
1.964870691299438477e+00
5.954719781875610352e-01
-1.102603435516357422e+00
-2.219475269317626953e+00
-2.258534908294677734e+00
-1.434438228607177734e+00
-3.606818914413452148e-01
3.497394919395446777e-01
5.103452205657958984e-01
3.172194063663482666e-01
1.650822311639785767e-01
2.794916033744812012e-01
6.487201452255249023e-01
1.035449624061584473e+00
1.216182708740234375e+00
1.055151462554931641e+00
5.948547124862670898e-01
-4.614233970642089844e-02
-6.697192192077636719e-01
-1.092298746109008789e+00
-1.137244582176208496e+00
-7.530742883682250977e-01
-2.277812361717224121e-02
7.946343421936035156e-01
1.399734139442443848e+00
1.550404071807861328e+00
1.205119371414184570e+00
4.966989457607269287e-01
-3.078569769859313965e-01
-9.433963298797607422e-01
-1.195303797721862793e+00
-9.753454923629760742e-01
-3.272137939929962158e-01
5.390996932983398438e-01
1.312254190444946289e+00
1.687416553497314453e+00
1.548122406005859375e+00
1.051286458969116211e+00
5.620560646057128906e-01
4.086789488792419434e-01
6.353443861007690430e-01
9.325895309448242188e-01
8.330245018005371094e-01
6.477677822113037109e-02
-1.212816953659057617e+00
-2.454993009567260742e+00
-3.081145524978637695e+00
-2.840002775192260742e+00
-1.975654959678649902e+00
-1.018203020095825195e+00
-4.331107735633850098e-01
-3.122644722461700439e-01
-4.115125536918640137e-01
-3.698469698429107666e-01
-3.440487384796142578e-02
4.835180342197418213e-01
8.974479436874389648e-01
1.016675949096679688e+00
8.260253667831420898e-01
4.957049190998077393e-01
1.839205473661422729e-01
-1.032388210296630859e-02
-1.068907678127288818e-01
-1.203778386116027832e-01
-9.311270713806152344e-02
-4.657500982284545898e-02
-7.910460233688354492e-02
-2.480506300926208496e-01
-5.556095242500305176e-01
-8.191871643066406250e-01
-8.416926860809326172e-01
-5.095182061195373535e-01
-1.075893640518188477e-02
3.301342427730560303e-01
2.194581925868988037e-01
-2.564508616924285889e-01
-7.172537446022033691e-01
-6.667929887771606445e-01
2.296173200011253357e-02
1.057147502899169922e+00
1.819933414459228516e+00
1.931209683418273926e+00
1.449757814407348633e+00
9.108397960662841797e-01
7.712996006011962891e-01
1.094258189201354980e+00
1.363290190696716309e+00
1.000143170356750488e+00
-2.164714932441711426e-01
-1.771408557891845703e+00
-2.823028087615966797e+00
-2.683937788009643555e+00
-1.440463542938232422e+00
2.049422264099121094e-01
1.308234930038452148e+00
1.431302070617675781e+00
7.541146874427795410e-01
-4.059302806854248047e-02
-4.409829378128051758e-01
-3.282533288002014160e-01
