-4.365503191947937012e-01
-4.368861317634582520e-01
-4.669533967971801758e-01
-2.891747951507568359e-01
-1.300078630447387695e-02
1.714786440134048462e-01
1.284219473600387573e-01
-1.547179073095321655e-01
-5.283720493316650391e-01
-7.882068753242492676e-01
-7.607089281082153320e-01
-4.352692663669586182e-01
7.174384593963623047e-02
5.572107434272766113e-01
8.793739080429077148e-01
9.833506345748901367e-01
9.348645210266113281e-01
8.051044940948486328e-01
6.590628027915954590e-01
4.774192273616790771e-01
2.469643354415893555e-01
-4.868716001510620117e-02
-3.452767431735992432e-01
-5.709570050239562988e-01
-6.252318024635314941e-01
-4.776511192321777344e-01
-1.299243122339248657e-01
3.188631236553192139e-01
7.510408759117126465e-01
9.930599927902221680e-01
9.432073235511779785e-01
5.746259689331054688e-01
3.417372703552246094e-02
-4.675313830375671387e-01
-7.047304511070251465e-01
-6.375446915626525879e-01
-3.843539655208587646e-01
-2.118117213249206543e-01
-2.844185233116149902e-01
-6.044197678565979004e-01
-9.339049458503723145e-01
-1.028811216354370117e+00
-7.560253143310546875e-01
-2.627692818641662598e-01
2.038616240024566650e-01
4.038189053535461426e-01
3.547432124614715576e-01
2.167533785104751587e-01
2.200816869735717773e-01
3.867381215095520020e-01
5.938403606414794922e-01
5.941995382308959961e-01
3.138150870800018311e-01
-1.709460765123367310e-01
-6.015515327453613281e-01
-8.173317909240722656e-01
-7.649904489517211914e-01
-5.794316530227661133e-01
-3.493477702140808105e-01
-1.433438211679458618e-01
8.095395565032958984e-02
2.627921104431152344e-01
3.134076595306396484e-01
9.184394776821136475e-02
-3.162240386009216309e-01
-6.654499769210815430e-01
-5.904598236083984375e-01
-1.924471184611320496e-02
7.809835672378540039e-01
1.211792588233947754e+00
8.940073251724243164e-01
-7.596069574356079102e-02
-9.748758077621459961e-01
-1.030126094818115234e+00
9.772007912397384644e-02
1.862725377082824707e+00
3.242395877838134766e+00
3.319632291793823242e+00
2.068781137466430664e+00
2.878101766109466553e-01
-8.448578119277954102e-01
-7.377537488937377930e-01
3.087991476058959961e-01
1.240996241569519043e+00
1.183514952659606934e+00
-1.058913767337799072e-02
-1.552287340164184570e+00
-2.453763008117675781e+00
-2.173514366149902344e+00
-1.111643195152282715e+00
-1.293702870607376099e-01
4.113870859146118164e-02
-5.237286090850830078e-01
-1.174893856048583984e+00
-1.158448100090026855e+00
-3.856164813041687012e-01
5.989777445793151855e-01
9.562084078788757324e-01
3.797822892665863037e-01
-7.244828343391418457e-01
-1.409217596054077148e+00
-1.025774955749511719e+00
3.736539185047149658e-01
1.927021503448486328e+00
2.681909561157226562e+00
2.122842073440551758e+00
5.966752767562866211e-01
-1.111683964729309082e+00
-2.210802793502807617e+00
-2.472674608230590820e+00
-2.088258504867553711e+00
-1.470223784446716309e+00
-7.817877531051635742e-01
-1.232096552848815918e-02
9.369174838066101074e-01
1.876820087432861328e+00
2.453035593032836914e+00
2.277018547058105469e+00
1.368199944496154785e+00
1.177992224693298340e-01
-8.148267865180969238e-01
-1.018137335777282715e+00
-4.661930501461029053e-01
4.066541790962219238e-01
1.132765412330627441e+00
1.391253709793090820e+00
1.248503684997558594e+00
8.942499160766601562e-01
5.500746965408325195e-01
2.256560325622558594e-01
-1.094875931739807129e-01
-5.047288537025451660e-01
-8.418911695480346680e-01
-1.017313838005065918e+00
-9.606254100799560547e-01
-8.226035237312316895e-01
-7.816662192344665527e-01
-9.954479336738586426e-01
-1.366628646850585938e+00
-1.673982381820678711e+00
-1.621986389160156250e+00
-1.118749618530273438e+00
-2.358591258525848389e-01
7.609221339225769043e-01
1.652341485023498535e+00
2.263271570205688477e+00
2.567781686782836914e+00
2.540276050567626953e+00
2.218067646026611328e+00
1.624549388885498047e+00
9.000583887100219727e-01
2.041108608245849609e-01
-2.811187505722045898e-01
-5.404667258262634277e-01
-6.727564930915832520e-01
-8.833091259002685547e-01
-1.248735547065734863e+00
-1.687801599502563477e+00
-1.935044765472412109e+00
-1.797925472259521484e+00
-1.276443958282470703e+00
-6.757540106773376465e-01
-3.675616681575775146e-01
-5.841887593269348145e-01
-1.170192360877990723e+00
-1.698069095611572266e+00
-1.688483715057373047e+00
-9.871294498443603516e-01
1.684611886739730835e-01
1.248139023780822754e+00
1.827728271484375000e+00
1.810762643814086914e+00
1.493062973022460938e+00
1.255089044570922852e+00
1.285958290100097656e+00
1.401966810226440430e+00
1.254878759384155273e+00
6.309019923210144043e-01
-2.728486657142639160e-01
-9.671683311462402344e-01
-9.901230931282043457e-01
-3.247173130512237549e-01
5.498279333114624023e-01
9.356654882431030273e-01
4.518314003944396973e-01
-6.717096567153930664e-01
-1.688465237617492676e+00
-1.880148649215698242e+00
-1.071910142898559570e+00
1.748737245798110962e-01
9.497942328453063965e-01
6.220400333404541016e-01
-6.597920656204223633e-01
-2.050940036773681641e+00
-2.552310943603515625e+00
-1.714672207832336426e+00
6.451269984245300293e-02
1.786006331443786621e+00
2.526739358901977539e+00
2.005693435668945312e+00
7.174261808395385742e-01
-4.844626486301422119e-01
-9.752762317657470703e-01
-7.489839196205139160e-01
-3.047993481159210205e-01
-2.155155539512634277e-01
-6.661319732666015625e-01
-1.338431000709533691e+00
-1.661654710769653320e+00
-1.246209383010864258e+00
-1.546189337968826294e-01
1.131754279136657715e+00
2.029400587081909180e+00
2.183568716049194336e+00
1.630119085311889648e+00
6.920892000198364258e-01
-2.371071577072143555e-01
