1.712063074111938477e+00
1.680336475372314453e+00
4.384443759918212891e-01
-8.237550258636474609e-01
-1.489521503448486328e+00
-1.278039693832397461e+00
-5.201420783996582031e-01
1.837724149227142334e-01
3.066222369670867920e-01
-1.447124481201171875e-01
-7.775506973266601562e-01
-1.049252390861511230e+00
-7.958681583404541016e-01
-2.459648400545120239e-01
8.434796333312988281e-02
-6.883391737937927246e-02
-5.891624689102172852e-01
-9.502800703048706055e-01
-7.521075010299682617e-01
4.305368661880493164e-02
9.156779050827026367e-01
1.279319286346435547e+00
8.187051415443420410e-01
-1.056146323680877686e-01
-8.057318925857543945e-01
-6.439789533615112305e-01
3.338083624839782715e-01
1.499203801155090332e+00
1.927166700363159180e+00
1.186686515808105469e+00
-4.561493992805480957e-01
-2.064022302627563477e+00
-2.801130294799804688e+00
-2.363963127136230469e+00
-1.284091711044311523e+00
-3.514550924301147461e-01
-1.436963677406311035e-01
-4.740213155746459961e-01
-7.292935252189636230e-01
-2.685137391090393066e-01
8.913901448249816895e-01
2.199521541595458984e+00
2.854147672653198242e+00
2.572227239608764648e+00
1.672380447387695312e+00
9.609878063201904297e-01
9.487138986587524414e-01
1.585890293121337891e+00
2.164622306823730469e+00
2.029707193374633789e+00
9.699195027351379395e-01
-4.525173306465148926e-01
-1.450208425521850586e+00
-1.441709995269775391e+00
-5.899977684020996094e-01
5.050795078277587891e-01
1.127801537513732910e+00
1.077566862106323242e+00
5.693951249122619629e-01
9.648630023002624512e-02
-1.470173895359039307e-01
-2.412445545196533203e-01
-5.234729051589965820e-01
-1.078737258911132812e+00
-1.753929972648620605e+00
-2.136842250823974609e+00
-2.047712326049804688e+00
-1.566263318061828613e+00
-1.101913213729858398e+00
-9.098259210586547852e-01
-1.008645057678222656e+00
-1.043380498886108398e+00
-7.342005372047424316e-01
-8.888065814971923828e-03
7.798310518264770508e-01
1.242575407028198242e+00
1.115680932998657227e+00
5.778694748878479004e-01
-2.681559324264526367e-02
-3.209768533706665039e-01
-2.562807798385620117e-01
4.608624428510665894e-02
3.289472460746765137e-01
5.269920229911804199e-01
6.481205224990844727e-01
8.022046685218811035e-01
9.411181211471557617e-01
9.995945096015930176e-01
8.633837699890136719e-01
6.065180301666259766e-01
3.295794427394866943e-01
1.602707505226135254e-01
1.602384448051452637e-02
-2.317687273025512695e-01
-7.086645364761352539e-01
-1.255895137786865234e+00
-1.576463937759399414e+00
-1.336534500122070312e+00
-5.455540418624877930e-01
4.805238246917724609e-01
1.197525501251220703e+00
1.289149284362792969e+00
7.972918152809143066e-01
1.735362112522125244e-01
-1.380652487277984619e-01
5.598770081996917725e-02
4.931034147739410400e-01
7.481339573860168457e-01
5.070115327835083008e-01
-1.035844683647155762e-01
-6.615571975708007812e-01
-6.897118091583251953e-01
-8.811889588832855225e-02
8.316690921783447266e-01
1.472315073013305664e+00
1.413688063621520996e+00
6.401707530021667480e-01
-3.866356611251831055e-01
-1.087349891662597656e+00
-1.096258521080017090e+00
-5.358760356903076172e-01
1.341744363307952881e-01
4.053774774074554443e-01
1.132163703441619873e-01
-5.195590257644653320e-01
-1.044323682785034180e+00
-1.187156677246093750e+00
-1.017649054527282715e+00
-8.979430198669433594e-01
-1.102510809898376465e+00
-1.544481277465820312e+00
-1.754193067550659180e+00
-1.263086080551147461e+00
-3.219342231750488281e-02
1.357640504837036133e+00
2.050640106201171875e+00
1.522285223007202148e+00
6.539997458457946777e-02
-1.328985691070556641e+00
-1.626385331153869629e+00
-5.377226471900939941e-01
1.204414367675781250e+00
2.314217329025268555e+00
1.906558036804199219e+00
1.926084160804748535e-01
-1.611580610275268555e+00
-2.159181594848632812e+00
-9.941121339797973633e-01
1.072900652885437012e+00
2.538787841796875000e+00
2.326869010925292969e+00
5.958339571952819824e-01
-1.380211353302001953e+00
-2.184486389160156250e+00
-1.315118551254272461e+00
4.629859924316406250e-01
1.771022915840148926e+00
1.695188641548156738e+00
4.881648421287536621e-01
-7.022979259490966797e-01
-7.824714183807373047e-01
3.818377256393432617e-01
1.876825928688049316e+00
2.471341848373413086e+00
1.612023591995239258e+00
-1.752900481224060059e-01
-1.710725188255310059e+00
-2.109515666961669922e+00
-1.405377745628356934e+00
-4.416254758834838867e-01
-9.277538955211639404e-02
-5.582019090652465820e-01
-1.240054845809936523e+00
-1.338548421859741211e+00
-5.668829083442687988e-01
5.562402009963989258e-01
1.146656155586242676e+00
6.758909821510314941e-01
-5.605706572532653809e-01
-1.678297281265258789e+00
-1.874237060546875000e+00
-1.052068114280700684e+00
1.512245833873748779e-01
8.669050931930541992e-01
6.634028553962707520e-01
-1.967528760433197021e-01
-1.010035753250122070e+00
-1.202143788337707520e+00
-6.898121833801269531e-01
1.501383185386657715e-01
8.600770831108093262e-01
1.230250358581542969e+00
1.370447397232055664e+00
1.488072514533996582e+00
1.657733440399169922e+00
1.762067556381225586e+00
1.641463398933410645e+00
1.266264557838439941e+00
7.617166042327880859e-01
2.812128067016601562e-01
-1.265023052692413330e-01
-5.152029395103454590e-01
-9.128382205963134766e-01
-1.217416763305664062e+00
-1.254778623580932617e+00
-9.565958976745605469e-01
-5.022466182708740234e-01
-2.284908443689346313e-01
-3.762729167938232422e-01
-8.414328694343566895e-01
-1.210536122322082520e+00
-1.045007467269897461e+00
-2.629712820053100586e-01
7.575831413269042969e-01
1.399006366729736328e+00
1.263976812362670898e+00
4.458349347114562988e-01
