-3.249408006668090820e-01
-3.131228685379028320e-01
2.457372099161148071e-01
1.141205191612243652e+00
1.928297042846679688e+00
2.233610630035400391e+00
1.829450368881225586e+00
1.031366109848022461e+00
3.035398721694946289e-01
1.224773824214935303e-01
4.388052523136138916e-01
9.113171100616455078e-01
9.878454208374023438e-01
5.052715539932250977e-01
-3.796561360359191895e-01
-1.159376144409179688e+00
-1.539050817489624023e+00
-1.474906921386718750e+00
-1.307458400726318359e+00
-1.282687425613403320e+00
-1.479882240295410156e+00
-1.612919807434082031e+00
-1.447076916694641113e+00
-9.005295038223266602e-01
-2.859150171279907227e-01
5.042394995689392090e-02
-1.238806247711181641e-01
-6.055272221565246582e-01
-1.022147417068481445e+00
-9.922988414764404297e-01
-5.250847339630126953e-01
1.075908690690994263e-01
4.699695408344268799e-01
3.938429355621337891e-01
-1.278237625956535339e-02
-3.592744469642639160e-01
-3.592692017555236816e-01
6.026163697242736816e-02
6.338173747062683105e-01
1.038249731063842773e+00
1.027798771858215332e+00
6.511704325675964355e-01
1.156024932861328125e-01
-2.992594540119171143e-01
-4.745431244373321533e-01
-4.206991493701934814e-01
-2.662707865238189697e-01
-6.862831115722656250e-02
1.896392554044723511e-01
6.096096038818359375e-01
1.199850797653198242e+00
1.824015378952026367e+00
2.173175573348999023e+00
1.959995031356811523e+00
1.097059726715087891e+00
-1.396524906158447266e-01
-1.213165521621704102e+00
-1.565674543380737305e+00
-9.671567678451538086e-01
3.136008977890014648e-01
1.603906750679016113e+00
2.177536725997924805e+00
1.668056249618530273e+00
2.819496095180511475e-01
-1.307613730430603027e+00
-2.341340065002441406e+00
-2.375193834304809570e+00
-1.500441074371337891e+00
-2.291157841682434082e-01
8.030515909194946289e-01
1.179694771766662598e+00
8.380200266838073730e-01
3.839164227247238159e-02
-8.511088490486145020e-01
-1.499397397041320801e+00
-1.742137432098388672e+00
-1.547492623329162598e+00
-1.024330615997314453e+00
-3.399684429168701172e-01
2.747359871864318848e-01
6.361985206604003906e-01
6.319154500961303711e-01
3.204160928726196289e-01
-1.450392007827758789e-01
-5.438130497932434082e-01
-7.531307935714721680e-01
-7.464381456375122070e-01
-6.277626156806945801e-01
-4.918534159660339355e-01
-4.150812625885009766e-01
-3.707807064056396484e-01
-3.279645740985870361e-01
-2.381926476955413818e-01
-1.293985545635223389e-01
-2.957344055175781250e-02
1.118133217096328735e-02
1.107299327850341797e-02
4.000216722488403320e-03
8.014458417892456055e-02
2.793594896793365479e-01
6.130670905113220215e-01
9.725801944732666016e-01
1.214629292488098145e+00
1.169588804244995117e+00
8.011879324913024902e-01
2.095156610012054443e-01
-3.349280357360839844e-01
-5.699230432510375977e-01
-3.510820269584655762e-01
2.056016623973846436e-01
8.122996687889099121e-01
1.127448558807373047e+00
9.790533781051635742e-01
4.097221493721008301e-01
-3.394632041454315186e-01
-1.008743286132812500e+00
-1.408897995948791504e+00
-1.495026826858520508e+00
-1.295773983001708984e+00
-8.930981159210205078e-01
-3.842203617095947266e-01
9.455823898315429688e-02
4.129539132118225098e-01
5.143192410469055176e-01
4.961681962013244629e-01
5.736766457557678223e-01
9.286117553710937500e-01
1.522012472152709961e+00
2.034966468811035156e+00
2.041624546051025391e+00
1.312657475471496582e+00
5.514812469482421875e-02
-1.151743888854980469e+00
-1.684043645858764648e+00
-1.307434558868408203e+00
-3.262368440628051758e-01
5.776848793029785156e-01
8.282345533370971680e-01
2.818237543106079102e-01
-6.902043819427490234e-01
-1.550604701042175293e+00
-1.928808927536010742e+00
-1.862774610519409180e+00
-1.601677894592285156e+00
-1.375900983810424805e+00
-1.140790343284606934e+00
-7.271897792816162109e-01
-6.071358919143676758e-03
8.398089408874511719e-01
1.471085071563720703e+00
1.554260253906250000e+00
1.104924917221069336e+00
4.038474559783935547e-01
-1.128340810537338257e-01
-2.314504086971282959e-01
3.528101742267608643e-02
4.286298155784606934e-01
7.651787996292114258e-01
9.122086167335510254e-01
8.904334306716918945e-01
6.378234028816223145e-01
1.528834104537963867e-01
-5.500262975692749023e-01
-1.176890134811401367e+00
-1.391813993453979492e+00
-9.011124968528747559e-01
1.137931570410728455e-01
1.154449701309204102e+00
1.530708312988281250e+00
9.845134019851684570e-01
-2.619608342647552490e-01
-1.471582055091857910e+00
-2.054360389709472656e+00
-1.770869731903076172e+00
-9.906207323074340820e-01
-1.521828770637512207e-01
4.284613728523254395e-01
9.182509779930114746e-01
1.507047414779663086e+00
2.271691799163818359e+00
2.802360534667968750e+00
2.697751522064208984e+00
1.769848346710205078e+00
5.292791128158569336e-01
-2.926513552665710449e-01
-6.023424863815307617e-02
1.046000719070434570e+00
2.308230876922607422e+00
2.744441032409667969e+00
2.011312484741210938e+00
4.105634987354278564e-01
-1.143985986709594727e+00
-2.007257699966430664e+00
-1.973705291748046875e+00
-1.520440816879272461e+00
-1.091897249221801758e+00
-9.547869563102722168e-01
-8.412824869155883789e-01
-5.315558910369873047e-01
7.567211985588073730e-02
6.001048088073730469e-01
7.530679702758789062e-01
4.098992347717285156e-01
3.344535827636718750e-03
-5.911439657211303711e-02
4.520213603973388672e-01
1.082307338714599609e+00
1.232574224472045898e+00
3.869670629501342773e-01
-1.186573147773742676e+00
-2.795069217681884766e+00
-3.503044366836547852e+00
-2.996769428253173828e+00
-1.499840497970581055e+00
1.677627563476562500e-01
1.398720502853393555e+00
1.869158506393432617e+00
