4.859060049057006836e-02
5.446296930313110352e-02
3.190144896507263184e-02
-1.346329152584075928e-01
-2.301192730665206909e-01
4.770331829786300659e-02
6.661540865898132324e-01
1.278049468994140625e+00
1.326648950576782227e+00
5.818737149238586426e-01
-7.117769718170166016e-01
-1.820356726646423340e+00
-2.095008134841918945e+00
-1.320231914520263672e+00
2.377444505691528320e-02
1.172684073448181152e+00
1.476239681243896484e+00
8.826459646224975586e-01
-1.840772628784179688e-01
-1.061660051345825195e+00
-1.366112828254699707e+00
-1.078917622566223145e+00
-5.479226112365722656e-01
-1.130625680088996887e-01
1.770754903554916382e-02
-8.110669255256652832e-02
-2.594966292381286621e-01
-3.407321274280548096e-01
-3.069889545440673828e-01
-2.002732157707214355e-01
-1.532716751098632812e-01
-2.113363742828369141e-01
-3.650053143501281738e-01
-4.447867870330810547e-01
-2.748383283615112305e-01
2.865556478500366211e-01
1.136065244674682617e+00
1.983331441879272461e+00
2.412492752075195312e+00
2.209411859512329102e+00
1.461684346199035645e+00
5.999754667282104492e-01
5.416002869606018066e-02
1.242917776107788086e-02
2.318092137575149536e-01
2.994381785392761230e-01
-7.414478063583374023e-02
-7.336646318435668945e-01
-1.229443669319152832e+00
-1.110732197761535645e+00
-3.562868833541870117e-01
6.336448788642883301e-01
1.269062280654907227e+00
1.262597203254699707e+00
7.744952440261840820e-01
2.986102998256683350e-01
1.891757994890213013e-01
4.220162630081176758e-01
5.981571078300476074e-01
3.660734295845031738e-01
-2.781057953834533691e-01
-9.061408638954162598e-01
-1.032625198364257812e+00
-4.868359565734863281e-01
3.691697716712951660e-01
9.171656370162963867e-01
6.883887052536010742e-01
-2.698304653167724609e-01
-1.480026245117187500e+00
-2.342665672302246094e+00
-2.562808036804199219e+00
-2.236092567443847656e+00
-1.722497224807739258e+00
-1.300805926322937012e+00
-1.025187253952026367e+00
-7.302681207656860352e-01
-2.548542618751525879e-01
4.336709380149841309e-01
1.182513236999511719e+00
1.782066464424133301e+00
2.042107343673706055e+00
1.883101224899291992e+00
1.312762856483459473e+00
4.592245221138000488e-01
-4.650630950927734375e-01
-1.176754951477050781e+00
-1.472195386886596680e+00
-1.324225902557373047e+00
-9.468872547149658203e-01
-6.367423534393310547e-01
-5.827926397323608398e-01
-6.880652904510498047e-01
-6.657826304435729980e-01
-2.603004574775695801e-01
4.880846142768859863e-01
1.250512003898620605e+00
1.607047796249389648e+00
1.385183572769165039e+00
7.639059424400329590e-01
1.517828106880187988e-01
-1.435348391532897949e-01
-9.765076637268066406e-02
6.576943397521972656e-02
1.533802151679992676e-01
1.807735860347747803e-01
3.720598816871643066e-01
8.895344734191894531e-01
1.644897341728210449e+00
2.274425745010375977e+00
2.421849489212036133e+00
1.974163532257080078e+00
1.159960150718688965e+00
3.175643384456634521e-01
-3.393621444702148438e-01
-8.499917984008789062e-01
-1.318180918693542480e+00
-1.717885613441467285e+00
-1.806480526924133301e+00
-1.374139666557312012e+00
-5.000030994415283203e-01
3.357213437557220459e-01
5.721639990806579590e-01
-2.263964712619781494e-02
-1.074134349822998047e+00
-1.852934360504150391e+00
-1.772349119186401367e+00
-8.791228532791137695e-01
2.051931917667388916e-01
7.177288532257080078e-01
3.695920705795288086e-01
-5.024130940437316895e-01
-1.206011772155761719e+00
-1.302963614463806152e+00
-8.879374265670776367e-01
-4.823284745216369629e-01
-4.904983937740325928e-01
-8.821923732757568359e-01
-1.198624253273010254e+00
-1.043851613998413086e+00
-4.292024970054626465e-01
1.634770035743713379e-01
2.535242438316345215e-01
-2.429320216178894043e-01
-8.463200926780700684e-01
-9.467747211456298828e-01
-2.656467258930206299e-01
8.387472033500671387e-01
1.698699235916137695e+00
1.799928307533264160e+00
1.233422398567199707e+00
5.236188173294067383e-01
2.564732432365417480e-01
5.752829313278198242e-01
1.209561109542846680e+00
1.710397481918334961e+00
1.902170777320861816e+00
1.889386415481567383e+00
1.908668518066406250e+00
1.944131731986999512e+00
1.775407075881958008e+00
1.149479508399963379e+00
1.923511624336242676e-01
-6.532806754112243652e-01
-8.708227872848510742e-01
-4.105144739151000977e-01
2.679145336151123047e-01
4.252542257308959961e-01
-2.861463725566864014e-01
-1.579777598381042480e+00
-2.621068477630615234e+00
-2.735954761505126953e+00
-1.844620943069458008e+00
-6.121847033500671387e-01
1.506368070840835571e-01
1.723457500338554382e-02
-6.648807525634765625e-01
-1.174692034721374512e+00
-9.113875627517700195e-01
4.661105573177337646e-02
1.120202064514160156e+00
1.592747569084167480e+00
1.235069036483764648e+00
3.278742730617523193e-01
-5.029484629631042480e-01
-8.654993772506713867e-01
-7.306735515594482422e-01
-4.553775191307067871e-01
-3.279648423194885254e-01
-4.322474896907806396e-01
-5.204408168792724609e-01
-3.637476563453674316e-01
1.361732482910156250e-01
7.465555071830749512e-01
1.169479370117187500e+00
1.124710321426391602e+00
6.447346210479736328e-01
-5.415559560060501099e-02
-5.480585694313049316e-01
-5.212989449501037598e-01
1.909013092517852783e-01
1.356564164161682129e+00
2.510607957839965820e+00
3.012985229492187500e+00
2.503585100173950195e+00
1.036224365234375000e+00
-7.573050856590270996e-01
-2.101005315780639648e+00
-2.402935504913330078e+00
-1.736005306243896484e+00
-6.618813276290893555e-01
4.286985099315643311e-02
3.404960036277770996e-02
-5.124070644378662109e-01
-9.644787311553955078e-01
-8.559595942497253418e-01
-1.219919323921203613e-01
7.652286291122436523e-01
