-7.072820067405700684e-01
-7.225886583328247070e-01
-5.900024771690368652e-01
-2.688237428665161133e-01
3.208186030387878418e-01
9.607448577880859375e-01
1.453447580337524414e+00
1.535029888153076172e+00
1.262800931930541992e+00
7.881869077682495117e-01
4.772501289844512939e-01
4.861575961112976074e-01
8.639084696769714355e-01
1.322199583053588867e+00
1.591163039207458496e+00
1.361789703369140625e+00
6.500205993652343750e-01
-4.041388034820556641e-01
-1.403681039810180664e+00
-2.064353704452514648e+00
-2.166060209274291992e+00
-1.832992434501647949e+00
-1.288415670394897461e+00
-8.992120027542114258e-01
-7.961983680725097656e-01
-9.727884531021118164e-01
-1.135628342628479004e+00
-1.060387134552001953e+00
-5.920190215110778809e-01
9.972226619720458984e-02
7.850956916809082031e-01
1.179353952407836914e+00
1.262048244476318359e+00
1.113305091857910156e+00
9.473655223846435547e-01
7.937745451927185059e-01
6.026938557624816895e-01
1.879766136407852173e-01
-4.542590379714965820e-01
-1.181029796600341797e+00
-1.624348878860473633e+00
-1.523163914680480957e+00
-8.130319714546203613e-01
1.829467117786407471e-01
9.935992956161499023e-01
1.161373019218444824e+00
5.986784696578979492e-01
-4.359181523323059082e-01
-1.375199794769287109e+00
-1.732534050941467285e+00
-1.291763782501220703e+00
-3.084453940391540527e-01
6.864120364189147949e-01
1.111153960227966309e+00
7.194041013717651367e-01
-3.009778857231140137e-01
-1.365867733955383301e+00
-1.852838039398193359e+00
-1.401036977767944336e+00
-1.581070423126220703e-01
1.326808691024780273e+00
2.361195325851440430e+00
2.480545520782470703e+00
1.644550323486328125e+00
2.373592853546142578e-01
-1.145569682121276855e+00
-1.965535879135131836e+00
-1.944304943084716797e+00
-1.144044160842895508e+00
7.753739506006240845e-02
1.198136210441589355e+00
1.738348722457885742e+00
1.444929957389831543e+00
4.624617099761962891e-01
-7.178567051887512207e-01
-1.452153205871582031e+00
-1.339212179183959961e+00
-4.506520330905914307e-01
6.337924599647521973e-01
1.213155031204223633e+00
8.926451206207275391e-01
-6.079281494021415710e-02
-9.196006059646606445e-01
-9.292981028556823730e-01
7.708090543746948242e-02
1.574635982513427734e+00
2.592109680175781250e+00
2.424313783645629883e+00
1.035699725151062012e+00
-8.449314236640930176e-01
-2.280193328857421875e+00
-2.636445999145507812e+00
-1.987389206886291504e+00
-8.541440963745117188e-01
1.340209245681762695e-01
7.260782718658447266e-01
9.761170148849487305e-01
1.104429960250854492e+00
1.120202541351318359e+00
9.119620323181152344e-01
3.493282496929168701e-01
-3.628090023994445801e-01
-8.202215433120727539e-01
-5.909640789031982422e-01
3.076801896095275879e-01
1.437035799026489258e+00
2.086078643798828125e+00
1.864017963409423828e+00
8.746179938316345215e-01
-2.428824603557586670e-01
-8.726467490196228027e-01
-7.360939383506774902e-01
-1.574301421642303467e-01
3.130753040313720703e-01
1.983845233917236328e-01
-4.840590953826904297e-01
-1.400692939758300781e+00
-2.058113574981689453e+00
-2.248757600784301758e+00
-2.011301040649414062e+00
-1.630813717842102051e+00
-1.281702280044555664e+00
-1.027058482170104980e+00
-7.279437184333801270e-01
-2.997939288616180420e-01
3.031671643257141113e-01
9.456637501716613770e-01
1.505027770996093750e+00
1.814950942993164062e+00
1.840787172317504883e+00
1.566257834434509277e+00
1.119847774505615234e+00
6.407047510147094727e-01
3.447598814964294434e-01
3.068092763423919678e-01
4.966804683208465576e-01
6.616278886795043945e-01
5.625021457672119141e-01
5.181318521499633789e-02
-7.110165953636169434e-01
-1.394316792488098145e+00
-1.599725008010864258e+00
-1.166355609893798828e+00
-1.921341121196746826e-01
9.443250894546508789e-01
1.848375797271728516e+00
2.209185838699340820e+00
1.971648931503295898e+00
1.260579347610473633e+00
3.865647912025451660e-01
-3.225073814392089844e-01
-5.838238596916198730e-01
-3.517789840698242188e-01
1.643935441970825195e-01
5.263053774833679199e-01
3.516712188720703125e-01
-4.405022859573364258e-01
-1.461318254470825195e+00
-2.066362380981445312e+00
-1.743771314620971680e+00
-5.348320007324218750e-01
9.320112466812133789e-01
1.798659563064575195e+00
1.566367387771606445e+00
4.581327438354492188e-01
-7.191260457038879395e-01
-1.135659337043762207e+00
-5.449690818786621094e-01
5.439288020133972168e-01
1.222736597061157227e+00
8.703448176383972168e-01
-4.263553917407989502e-01
-1.906196832656860352e+00
-2.716589212417602539e+00
-2.453026771545410156e+00
-1.426676988601684570e+00
-3.185566067695617676e-01
2.781176567077636719e-01
2.880749106407165527e-01
3.921526670455932617e-02
-1.696762442588806152e-02
2.678481042385101318e-01
7.346965670585632324e-01
1.025850772857666016e+00
9.531192183494567871e-01
5.198678970336914062e-01
-5.533877015113830566e-02
-6.150102019309997559e-01
-1.030961036682128906e+00
-1.294022202491760254e+00
-1.308830857276916504e+00
-1.046406984329223633e+00
-5.076128840446472168e-01
7.595849037170410156e-02
4.615040719509124756e-01
4.572367072105407715e-01
2.347111999988555908e-01
1.112934350967407227e-01
4.412779510021209717e-01
1.158379435539245605e+00
1.902622699737548828e+00
2.112324714660644531e+00
1.607400655746459961e+00
6.156072616577148438e-01
-2.026040852069854736e-01
-3.879061341285705566e-01
1.276274919509887695e-01
8.015580177307128906e-01
1.052055597305297852e+00
5.235849618911743164e-01
-4.787374734878540039e-01
-1.395517826080322266e+00
-1.651424407958984375e+00
-1.235416293144226074e+00
-4.876914620399475098e-01
-1.006722450256347656e-03
-7.942408323287963867e-03
