-1.107553362846374512e+00
-1.154816389083862305e+00
-2.060770988464355469e+00
-2.373888492584228516e+00
-1.937808513641357422e+00
-8.643996715545654297e-01
3.029161989688873291e-01
1.176587104797363281e+00
1.514674663543701172e+00
1.510308504104614258e+00
1.334885358810424805e+00
1.148676395416259766e+00
8.008821010589599609e-01
2.169942557811737061e-01
-6.042969226837158203e-01
-1.306326150894165039e+00
-1.551716446876525879e+00
-1.116609334945678711e+00
-2.526562809944152832e-01
5.862963199615478516e-01
8.907861709594726562e-01
5.621121525764465332e-01
-1.535838842391967773e-01
-7.174994945526123047e-01
-7.640791535377502441e-01
-2.148014307022094727e-01
6.018208861351013184e-01
1.270599603652954102e+00
1.463725447654724121e+00
1.197131514549255371e+00
7.256734967231750488e-01
4.324074387550354004e-01
5.412209630012512207e-01
1.017067313194274902e+00
1.531983137130737305e+00
1.675012826919555664e+00
1.189029693603515625e+00
1.925706714391708374e-01
-8.290515542030334473e-01
-1.273164153099060059e+00
-7.959821820259094238e-01
3.898802399635314941e-01
1.593859195709228516e+00
2.002640008926391602e+00
1.248961448669433594e+00
-3.495538532733917236e-01
-1.885845899581909180e+00
-2.478964328765869141e+00
-1.764806389808654785e+00
-2.010705918073654175e-01
1.321935057640075684e+00
1.964363932609558105e+00
1.534875392913818359e+00
4.269319474697113037e-01
-6.070001721382141113e-01
-1.077797412872314453e+00
-8.789346218109130859e-01
-3.494474887847900391e-01
1.874380409717559814e-01
5.022011399269104004e-01
6.494073867797851562e-01
6.446725130081176758e-01
5.258406996726989746e-01
2.002737224102020264e-01
-2.199725657701492310e-01
-5.567426681518554688e-01
-4.801946282386779785e-01
3.124836087226867676e-02
7.630153894424438477e-01
1.154761910438537598e+00
8.631358742713928223e-01
-1.565909385681152344e-01
-1.372994780540466309e+00
-2.204666137695312500e+00
-2.183114528656005859e+00
-1.440198421478271484e+00
-3.573171794414520264e-01
5.062893033027648926e-01
9.799103736877441406e-01
1.071910262107849121e+00
1.050182580947875977e+00
9.385538101196289062e-01
7.169969081878662109e-01
1.879892945289611816e-01
-5.420313477516174316e-01
-1.276988983154296875e+00
-1.608472347259521484e+00
-1.447144269943237305e+00
-8.891059756278991699e-01
-3.988361060619354248e-01
-2.590863406658172607e-01
-6.109704971313476562e-01
-1.133724331855773926e+00
-1.513692021369934082e+00
-1.422619223594665527e+00
-9.490272402763366699e-01
-2.694908976554870605e-01
2.580612003803253174e-01
5.431643128395080566e-01
5.450640320777893066e-01
4.796637594699859619e-01
4.400244355201721191e-01
5.957084298133850098e-01
9.100111722946166992e-01
1.413403987884521484e+00
1.937401533126831055e+00
2.367082118988037109e+00
2.419458627700805664e+00
1.991729855537414551e+00
1.040377855300903320e+00
-1.112424433231353760e-01
-1.082264661788940430e+00
-1.405402183532714844e+00
-9.947816133499145508e-01
-4.532542824745178223e-02
8.345251679420471191e-01
1.122447133064270020e+00
5.080610513687133789e-01
-7.244142293930053711e-01
-1.989616394042968750e+00
-2.552158832550048828e+00
-2.117622375488281250e+00
-8.671943545341491699e-01
4.943181276321411133e-01
1.300070285797119141e+00
1.191254734992980957e+00
4.392053782939910889e-01
-3.930276036262512207e-01
-7.491602897644042969e-01
-5.663611888885498047e-01
-1.849748343229293823e-01
-1.389522403478622437e-01
-6.277244091033935547e-01
-1.413815498352050781e+00
-1.926221370697021484e+00
-1.772591471672058105e+00
-1.007766127586364746e+00
-1.617289185523986816e-01
2.041390240192413330e-01
-1.068066656589508057e-01
-7.460783720016479492e-01
-1.118801116943359375e+00
-8.415282368659973145e-01
-4.656870663166046143e-02
7.368061542510986328e-01
1.024924993515014648e+00
7.572741508483886719e-01
3.487738370895385742e-01
2.914788424968719482e-01
7.483280897140502930e-01
1.338742733001708984e+00
1.471506595611572266e+00
7.733545303344726562e-01
-5.081515908241271973e-01
-1.700374960899353027e+00
-2.076361656188964844e+00
-1.435510635375976562e+00
-1.174481511116027832e-01
1.154353618621826172e+00
1.868912100791931152e+00
1.878408074378967285e+00
1.500213980674743652e+00
1.056961178779602051e+00
7.724049091339111328e-01
5.349917411804199219e-01
2.392057776451110840e-01
-2.220189124345779419e-01
-6.951413154602050781e-01
-1.072313308715820312e+00
-1.191549777984619141e+00
-1.104572653770446777e+00
-7.791355848312377930e-01
-2.947244346141815186e-01
3.841620683670043945e-01
1.056229591369628906e+00
1.527034997940063477e+00
1.456519961357116699e+00
8.563439249992370605e-01
-7.472378015518188477e-02
-7.525866627693176270e-01
-8.192764520645141602e-01
-1.354480683803558350e-01
8.335950374603271484e-01
1.570765733718872070e+00
1.563489913940429688e+00
8.916445970535278320e-01
-1.390911489725112915e-01
-9.307066798210144043e-01
-1.248481988906860352e+00
-9.999127388000488281e-01
-5.063729882240295410e-01
5.671568959951400757e-02
4.307548999786376953e-01
6.692847013473510742e-01
7.063454389572143555e-01
6.958553791046142578e-01
6.205420494079589844e-01
6.615682244300842285e-01
7.402239441871643066e-01
8.400162458419799805e-01
6.219339370727539062e-01
-1.451060175895690918e-02
-1.114784359931945801e+00
-2.170408010482788086e+00
-2.697649002075195312e+00
-2.200386524200439453e+00
-9.098147153854370117e-01
6.176013350486755371e-01
1.453993320465087891e+00
1.236463308334350586e+00
6.891447305679321289e-02
-1.185153722763061523e+00
-1.805857658386230469e+00
-1.313094615936279297e+00
-7.180246710777282715e-02
1.356688022613525391e+00
2.257536888122558594e+00
