-7.160874009132385254e-01
-7.520852088928222656e-01
4.795148223638534546e-02
8.277870416641235352e-01
1.192843675613403320e+00
9.234521985054016113e-01
2.636095285415649414e-01
-3.859500885009765625e-01
-5.990539789199829102e-01
-3.214351534843444824e-01
2.808092534542083740e-01
8.423874974250793457e-01
1.185919523239135742e+00
1.242079138755798340e+00
1.131754636764526367e+00
8.585747480392456055e-01
4.217045903205871582e-01
-2.500256299972534180e-01
-1.005553960800170898e+00
-1.602968811988830566e+00
-1.712351202964782715e+00
-1.297791957855224609e+00
-5.864477753639221191e-01
-8.843064308166503906e-02
-1.397209763526916504e-01
-7.740044593811035156e-01
-1.554767847061157227e+00
-1.976727843284606934e+00
-1.690094351768493652e+00
-8.338716030120849609e-01
2.008364498615264893e-01
9.630728960037231445e-01
1.344781875610351562e+00
1.485718965530395508e+00
1.659772872924804688e+00
1.874732851982116699e+00
1.900725126266479492e+00
1.353065729141235352e+00
1.418547779321670532e-01
-1.435518980026245117e+00
-2.700214624404907227e+00
-3.074050426483154297e+00
-2.358801364898681641e+00
-9.535162448883056641e-01
4.665006995201110840e-01
1.282573342323303223e+00
1.344207286834716797e+00
9.205788373947143555e-01
5.216706395149230957e-01
4.837078452110290527e-01
8.398975133895874023e-01
1.308529376983642578e+00
1.576141119003295898e+00
1.468371152877807617e+00
1.068458557128906250e+00
5.756918787956237793e-01
1.853239089250564575e-01
-5.744892358779907227e-02
-2.081754207611083984e-01
-3.614667654037475586e-01
-5.365931987762451172e-01
-6.927083730697631836e-01
-7.734873890876770020e-01
-7.961879968643188477e-01
-8.554035425186157227e-01
-1.056777715682983398e+00
-1.406401634216308594e+00
-1.747225522994995117e+00
-1.816196203231811523e+00
-1.387929081916809082e+00
-4.658902585506439209e-01
6.737772226333618164e-01
1.569346666336059570e+00
1.854482650756835938e+00
1.465941548347473145e+00
7.491437792778015137e-01
2.241785377264022827e-01
2.820675969123840332e-01
8.481045365333557129e-01
1.426631808280944824e+00
1.360385417938232422e+00
3.500061333179473877e-01
-1.321182250976562500e+00
-2.815594196319580078e+00
-3.289588689804077148e+00
-2.366314411163330078e+00
-4.945582151412963867e-01
1.352107048034667969e+00
2.158330917358398438e+00
1.540978550910949707e+00
-1.251377761363983154e-01
-1.879787921905517578e+00
-2.843407154083251953e+00
-2.602738857269287109e+00
-1.442269086837768555e+00
3.334765136241912842e-02
1.215270519256591797e+00
1.899627685546875000e+00
2.159923791885375977e+00
2.248987913131713867e+00
2.243139028549194336e+00
2.117329120635986328e+00
1.737505912780761719e+00
1.157148003578186035e+00
5.298615694046020508e-01
1.280634701251983643e-01
3.169998526573181152e-02
1.836395263671875000e-01
3.191382288932800293e-01
2.877228558063507080e-01
3.382174670696258545e-02
-2.633263468742370605e-01
-4.749308228492736816e-01
-5.094615221023559570e-01
-5.015543699264526367e-01
-5.560977458953857422e-01
-7.652719616889953613e-01
-9.872251749038696289e-01
-1.075402736663818359e+00
-8.706194162368774414e-01
-4.744315147399902344e-01
-7.085019350051879883e-02
5.471952259540557861e-02
-1.548018753528594971e-01
-6.107907295227050781e-01
-9.887754917144775391e-01
-1.059158444404602051e+00
-6.850974559783935547e-01
-4.070947691798210144e-02
6.276451945304870605e-01
9.977041482925415039e-01
9.709381461143493652e-01
5.718857645988464355e-01
5.653312802314758301e-02
-3.556020855903625488e-01
-4.483480453491210938e-01
-2.347844839096069336e-01
1.954783201217651367e-01
5.936044454574584961e-01
8.085355758666992188e-01
7.314087748527526855e-01
4.799253046512603760e-01
2.049436569213867188e-01
1.255843639373779297e-01
2.683928310871124268e-01
5.594459772109985352e-01
7.451976537704467773e-01
6.727284193038940430e-01
2.935873568058013916e-01
-1.745261400938034058e-01
-4.862819612026214600e-01
-4.389222860336303711e-01
-1.420142948627471924e-01
1.237300038337707520e-01
-5.941510200500488281e-03
-6.115120053291320801e-01
-1.468490958213806152e+00
-2.053228616714477539e+00
-1.958812594413757324e+00
-1.101942062377929688e+00
9.327942132949829102e-02
1.012461185455322266e+00
1.160245060920715332e+00
5.603634715080261230e-01
-3.259634375572204590e-01
-8.381526470184326172e-01
-6.212501525878906250e-01
2.121088504791259766e-01
1.129403829574584961e+00
1.626739025115966797e+00
1.530464768409729004e+00
1.133999228477478027e+00
8.823134303092956543e-01
1.032426714897155762e+00
1.391841292381286621e+00
1.493394374847412109e+00
9.428964257240295410e-01
-2.033247500658035278e-01
-1.439199447631835938e+00
-2.103862762451171875e+00
-1.839262127876281738e+00
-8.206188678741455078e-01
3.622833192348480225e-01
1.110126018524169922e+00
1.176634907722473145e+00
7.522051334381103516e-01
2.379316091537475586e-01
-1.028369963169097900e-01
-3.021609783172607422e-01
-5.900928974151611328e-01
-1.094718933105468750e+00
-1.679940819740295410e+00
-1.982684731483459473e+00
-1.729070901870727539e+00
-9.502503871917724609e-01
-3.973437100648880005e-02
5.472985506057739258e-01
5.701451301574707031e-01
1.988180577754974365e-01
-1.997375935316085815e-01
-3.283405900001525879e-01
-2.559436261653900146e-01
-2.853629887104034424e-01
-7.125459313392639160e-01
-1.439432621002197266e+00
-2.013749122619628906e+00
-1.839036703109741211e+00
-7.032861709594726562e-01
1.066954731941223145e+00
2.653884649276733398e+00
3.312536716461181641e+00
2.745038986206054688e+00
1.370037317276000977e+00
-5.031412839889526367e-02
-7.927230000495910645e-01
-6.886264085769653320e-01
-4.613953828811645508e-02
