-4.911645650863647461e-01
-4.890034198760986328e-01
-4.367898702621459961e-01
-5.501120090484619141e-01
-5.920504927635192871e-01
-2.664393186569213867e-01
4.123777151107788086e-01
1.174842953681945801e+00
1.596611857414245605e+00
1.512075901031494141e+00
1.061785221099853516e+00
6.525681018829345703e-01
5.348548293113708496e-01
6.584384441375732422e-01
6.275306940078735352e-01
1.036095172166824341e-01
-9.511016607284545898e-01
-2.105412006378173828e+00
-2.786942958831787109e+00
-2.598521947860717773e+00
-1.651365280151367188e+00
-4.204766750335693359e-01
5.232179164886474609e-01
9.318538308143615723e-01
9.306979179382324219e-01
8.982840776443481445e-01
1.087411284446716309e+00
1.472061395645141602e+00
1.743101000785827637e+00
1.608488440513610840e+00
9.967672824859619141e-01
1.616163700819015503e-01
-5.251389741897583008e-01
-7.988898754119873047e-01
-6.984248757362365723e-01
-4.874655604362487793e-01
-4.658381938934326172e-01
-7.248841524124145508e-01
-1.101427316665649414e+00
-1.289219260215759277e+00
-1.079904317855834961e+00
-5.110942125320434570e-01
1.444944441318511963e-01
5.634667277336120605e-01
5.811790823936462402e-01
2.800560593605041504e-01
-9.338794648647308350e-02
-3.303109109401702881e-01
-3.980232477188110352e-01
-4.420754909515380859e-01
-6.083676815032958984e-01
-8.832152485847473145e-01
-1.027600049972534180e+00
-7.536364197731018066e-01
5.625587701797485352e-02
1.163109660148620605e+00
2.078288078308105469e+00
2.310821056365966797e+00
1.717229485511779785e+00
5.794802904129028320e-01
-5.155503749847412109e-01
-1.073329329490661621e+00
-9.423394203186035156e-01
-4.166153073310852051e-01
4.492832720279693604e-02
9.794220328330993652e-02
-2.196058332920074463e-01
-6.021685004234313965e-01
-6.796624064445495605e-01
-3.571360707283020020e-01
1.660699099302291870e-01
4.862736463546752930e-01
3.509572744369506836e-01
-2.102882862091064453e-01
-8.331990242004394531e-01
-1.126693129539489746e+00
-8.756049275398254395e-01
-2.569093704223632812e-01
3.458412289619445801e-01
5.362362861633300781e-01
2.527529895305633545e-01
-2.493370175361633301e-01
-4.947456121444702148e-01
-1.996111124753952026e-01
5.746359825134277344e-01
1.347292304039001465e+00
1.599118113517761230e+00
1.067567229270935059e+00
5.447390675544738770e-02
-7.953518629074096680e-01
-8.220815062522888184e-01
1.058886349201202393e-01
1.523775219917297363e+00
2.538822174072265625e+00
2.467211246490478516e+00
1.207347273826599121e+00
-5.922773480415344238e-01
-2.008343458175659180e+00
-2.332472324371337891e+00
-1.563926935195922852e+00
-2.728926539421081543e-01
7.302837967872619629e-01
9.837229847908020020e-01
5.127997994422912598e-01
-2.230341434478759766e-01
-7.842836380004882812e-01
-9.452400207519531250e-01
-8.127310276031494141e-01
-5.507143139839172363e-01
-2.756418883800506592e-01
6.470823287963867188e-02
4.832753241062164307e-01
9.110669493675231934e-01
1.127433776855468750e+00
9.901976585388183594e-01
4.993056058883666992e-01
-1.260675638914108276e-01
-6.733619570732116699e-01
-1.015968799591064453e+00
-1.202540159225463867e+00
-1.254475593566894531e+00
-1.110208272933959961e+00
-5.935471653938293457e-01
3.145487606525421143e-01
1.356752395629882812e+00
1.989988803863525391e+00
1.774637460708618164e+00
6.932761073112487793e-01
-6.884018182754516602e-01
-1.589254736900329590e+00
-1.502877950668334961e+00
-6.088670492172241211e-01
3.946901559829711914e-01
7.873688936233520508e-01
4.122894108295440674e-01
-2.497799992561340332e-01
-4.699887931346893311e-01
6.848335266113281250e-02
9.873085021972656250e-01
1.465824842453002930e+00
9.358561635017395020e-01
-4.181423485279083252e-01
-1.707674145698547363e+00
-1.993952035903930664e+00
-1.001941561698913574e+00
6.267992854118347168e-01
1.783953785896301270e+00
1.692826271057128906e+00
4.640318155288696289e-01
-1.008300781250000000e+00
-1.714523077011108398e+00
-1.227642774581909180e+00
5.857151746749877930e-02
1.320889592170715332e+00
1.926255464553833008e+00
1.840735316276550293e+00
1.480103850364685059e+00
1.266436457633972168e+00
1.215625762939453125e+00
9.992851018905639648e-01
2.974169850349426270e-01
-7.749274969100952148e-01
-1.684721827507019043e+00
-1.816432714462280273e+00
-1.015709042549133301e+00
2.656129598617553711e-01
1.186904191970825195e+00
1.137345194816589355e+00
1.072906255722045898e-01
-1.253318905830383301e+00
-2.141215085983276367e+00
-2.076699972152709961e+00
-1.255033016204833984e+00
-3.036028444766998291e-01
1.077584177255630493e-01
-2.181562781333923340e-01
-9.781389832496643066e-01
-1.536831140518188477e+00
-1.444369316101074219e+00
-6.520200371742248535e-01
3.952825665473937988e-01
1.146929502487182617e+00
1.221204161643981934e+00
7.249761223793029785e-01
7.013372331857681274e-02
-2.242267429828643799e-01
2.516809105873107910e-02
6.455734372138977051e-01
1.147088289260864258e+00
1.176399230957031250e+00
6.768110990524291992e-01
2.797251939773559570e-02
-3.430502414703369141e-01
-1.963488459587097168e-01
2.157374024391174316e-01
4.310674369335174561e-01
4.053515195846557617e-02
-8.434817194938659668e-01
-1.708475112915039062e+00
-1.864806890487670898e+00
-1.061153888702392578e+00
4.019141197204589844e-01
1.712131619453430176e+00
2.178370475769042969e+00
1.549937248229980469e+00
2.635547220706939697e-01
-1.005162000656127930e+00
-1.667360782623291016e+00
-1.654724836349487305e+00
-1.208754777908325195e+00
-7.123987674713134766e-01
-2.743512094020843506e-01
1.427926272153854370e-01
6.644657850265502930e-01
1.153993368148803711e+00
1.373501300811767578e+00
1.062659740447998047e+00
