-4.000428318977355957e-02
-3.359138267114758492e-03
-2.860866189002990723e-01
-6.488735079765319824e-01
-8.698132038116455078e-01
-7.276096940040588379e-01
-3.828399777412414551e-01
-2.224156633019447327e-02
8.504727482795715332e-02
-1.175698358565568924e-02
-2.320859134197235107e-01
-3.644155859947204590e-01
-4.202485382556915283e-01
-3.720500171184539795e-01
-2.740242481231689453e-01
2.325948700308799744e-02
5.635717511177062988e-01
1.350119113922119141e+00
2.066633462905883789e+00
2.416340112686157227e+00
2.161300182342529297e+00
1.496241569519042969e+00
7.702096700668334961e-01
3.929682672023773193e-01
3.741876482963562012e-01
4.659022986888885498e-01
2.343762367963790894e-01
-4.418284595012664795e-01
-1.375007271766662598e+00
-2.070705175399780273e+00
-2.209753036499023438e+00
-1.758966922760009766e+00
-1.079301238059997559e+00
-5.272319912910461426e-01
-3.024242222309112549e-01
-2.579410970211029053e-01
-1.837346851825714111e-01
6.041359156370162964e-02
3.484342396259307861e-01
4.996463656425476074e-01
3.987195193767547607e-01
1.825640797615051270e-01
7.028742134571075439e-02
2.265382409095764160e-01
5.649459958076477051e-01
8.543916940689086914e-01
8.489458560943603516e-01
4.974069297313690186e-01
-8.545444160699844360e-02
-7.018563151359558105e-01
-1.215193748474121094e+00
-1.548868060111999512e+00
-1.627502441406250000e+00
-1.327775716781616211e+00
-5.536979436874389648e-01
6.076986193656921387e-01
1.800549030303955078e+00
2.503881216049194336e+00
2.326203107833862305e+00
1.268990755081176758e+00
-1.919289380311965942e-01
-1.367983579635620117e+00
-1.706035017967224121e+00
-1.119407415390014648e+00
4.468671604990959167e-02
1.198041677474975586e+00
1.893077969551086426e+00
1.963365435600280762e+00
1.571364164352416992e+00
9.745572805404663086e-01
4.204012453556060791e-01
-1.201146375387907028e-02
-3.077683150768280029e-01
-5.416864752769470215e-01
-7.377380132675170898e-01
-9.385737776756286621e-01
-1.104545712471008301e+00
-1.208424568176269531e+00
-1.156510591506958008e+00
-9.353163838386535645e-01
-5.512040257453918457e-01
-1.444429457187652588e-01
1.770672947168350220e-01
3.101604282855987549e-01
3.235969841480255127e-01
2.966729700565338135e-01
3.413088023662567139e-01
3.917976617813110352e-01
3.470091521739959717e-01
4.718062281608581543e-02
-4.720607101917266846e-01
-1.073193788528442383e+00
-1.461530447006225586e+00
-1.466670989990234375e+00
-1.013849020004272461e+00
-2.736679613590240479e-01
5.441294908523559570e-01
1.146738529205322266e+00
1.360501885414123535e+00
1.046218872070312500e+00
2.725991606712341309e-01
-7.707186341285705566e-01
-1.671222209930419922e+00
-2.058795452117919922e+00
-1.686134696006774902e+00
-7.165143489837646484e-01
4.244729280471801758e-01
1.165519118309020996e+00
1.230004429817199707e+00
6.987516283988952637e-01
3.949532285332679749e-02
-3.234443068504333496e-01
-1.955425590276718140e-01
1.923869997262954712e-01
4.887037277221679688e-01
4.219281077384948730e-01
9.237629920244216919e-02
-2.175805419683456421e-01
-1.932522356510162354e-01
1.781361103057861328e-01
6.939164996147155762e-01
1.034156560897827148e+00
1.085510611534118652e+00
9.377593994140625000e-01
8.515924215316772461e-01
9.664647579193115234e-01
1.250922679901123047e+00
1.469979286193847656e+00
1.416741967201232910e+00
9.912511706352233887e-01
2.847124040126800537e-01
-5.463688969612121582e-01
-1.319479703903198242e+00
-1.910433530807495117e+00
-2.202016830444335938e+00
-2.124196767807006836e+00
-1.673257946968078613e+00
-9.894188642501831055e-01
-3.228844404220581055e-01
6.876054406166076660e-02
7.232326269149780273e-02
-2.083174586296081543e-01
-5.182234048843383789e-01
-6.037287712097167969e-01
-3.678765296936035156e-01
1.246952787041664124e-01
6.926950216293334961e-01
1.168318510055541992e+00
1.404476046562194824e+00
1.303701877593994141e+00
7.798290252685546875e-01
-1.249497607350349426e-01
-1.219367146492004395e+00
-2.103482246398925781e+00
-2.408807516098022461e+00
-1.962245702743530273e+00
-1.014408826828002930e+00
-5.781789496541023254e-02
3.985668420791625977e-01
2.469475567340850830e-01
-2.424686998128890991e-01
-5.314564108848571777e-01
-3.214084506034851074e-01
3.278722465038299561e-01
9.451902508735656738e-01
1.131215214729309082e+00
7.613537907600402832e-01
2.097425609827041626e-01
-4.972542449831962585e-02
3.324019908905029297e-01
1.191323399543762207e+00
2.103125810623168945e+00
2.518386602401733398e+00
2.262125015258789062e+00
1.439797878265380859e+00
4.961854219436645508e-01
-2.308644056320190430e-01
-4.907395541667938232e-01
-3.655862212181091309e-01
1.847526058554649353e-02
3.643647134304046631e-01
5.151187777519226074e-01
2.871045172214508057e-01
-2.358522266149520874e-01
-9.163321852684020996e-01
-1.386051654815673828e+00
-1.457916855812072754e+00
-1.027132868766784668e+00
-3.747983872890472412e-01
2.267418354749679565e-01
4.741474390029907227e-01
4.497173428535461426e-01
3.024242222309112549e-01
3.229862153530120850e-01
4.635610878467559814e-01
6.137552857398986816e-01
4.854972660541534424e-01
1.173662543296813965e-01
-3.710320889949798584e-01
-6.300929188728332520e-01
-6.142642498016357422e-01
-3.722535967826843262e-01
-2.348342984914779663e-01
-2.658299803733825684e-01
-4.405051767826080322e-01
-4.346521198749542236e-01
-1.918780505657196045e-01
2.178859263658523560e-01
3.652299344539642334e-01
7.339207828044891357e-02
-6.421043872833251953e-01
-1.257488250732421875e+00
-1.365947723388671875e+00
-7.222656011581420898e-01
2.964184880256652832e-01
1.220741391181945801e+00
1.558945536613464355e+00
