-4.168981313705444336e-01
-4.945222139358520508e-01
-1.901683330535888672e+00
-3.074089527130126953e+00
-3.159430027008056641e+00
-1.983320951461791992e+00
-7.466590404510498047e-02
1.491566300392150879e+00
1.980585455894470215e+00
1.310616731643676758e+00
2.076062560081481934e-01
-5.435230731964111328e-01
-5.191051959991455078e-01
-5.831730365753173828e-02
2.796332836151123047e-01
9.194636344909667969e-02
-3.499573469161987305e-01
-5.034730434417724609e-01
9.681546688079833984e-02
1.228123784065246582e+00
2.252087116241455078e+00
2.437787294387817383e+00
1.697166323661804199e+00
4.989473521709442139e-01
-3.392472565174102783e-01
-4.357139468193054199e-01
5.402493476867675781e-02
4.754870533943176270e-01
4.131891429424285889e-01
-1.041732728481292725e-01
-5.030508637428283691e-01
-3.365216851234436035e-01
4.346033334732055664e-01
1.227818727493286133e+00
1.455112695693969727e+00
8.952635526657104492e-01
6.220611929893493652e-02
-3.122606277465820312e-01
2.661243975162506104e-01
1.487615108489990234e+00
2.550731182098388672e+00
2.604949712753295898e+00
1.503068804740905762e+00
-2.220633625984191895e-01
-1.620739459991455078e+00
-2.119984388351440430e+00
-1.744163513183593750e+00
-1.112455368041992188e+00
-7.756617665290832520e-01
-9.054344892501831055e-01
-1.122973799705505371e+00
-1.007749319076538086e+00
-4.246916472911834717e-01
2.091185450553894043e-01
3.394781351089477539e-01
-3.444499373435974121e-01
-1.494139313697814941e+00
-2.368603944778442383e+00
-2.240807056427001953e+00
-1.005118370056152344e+00
7.934391498565673828e-01
2.213316440582275391e+00
2.588503837585449219e+00
1.856106758117675781e+00
6.210008263587951660e-01
-3.385728001594543457e-01
-5.112591981887817383e-01
1.050367951393127441e-02
7.205558419227600098e-01
1.041468024253845215e+00
7.616455554962158203e-01
9.398306906223297119e-02
-4.743998944759368896e-01
-5.759633779525756836e-01
-1.684172153472900391e-01
4.421155452728271484e-01
8.646228909492492676e-01
8.700182437896728516e-01
5.384432077407836914e-01
1.453696191310882568e-01
-4.418200254440307617e-02
3.685963153839111328e-02
2.506690323352813721e-01
3.904860615730285645e-01
3.451894521713256836e-01
1.715250164270401001e-01
-8.175373077392578125e-04
-8.759355545043945312e-02
-1.493013054132461548e-01
-3.010688722133636475e-01
-6.026359200477600098e-01
-9.305816292762756348e-01
-1.063940048217773438e+00
-8.175815343856811523e-01
-2.538194060325622559e-01
3.441020250320434570e-01
5.831412672996520996e-01
2.646140456199645996e-01
-5.234072208404541016e-01
-1.387234210968017578e+00
-1.917091608047485352e+00
-1.857426643371582031e+00
-1.294920921325683594e+00
-4.946353733539581299e-01
2.048686444759368896e-01
6.455179452896118164e-01
7.949479818344116211e-01
7.620074152946472168e-01
6.008913516998291016e-01
3.624964952468872070e-01
2.653831243515014648e-02
-3.383063077926635742e-01
-6.643977165222167969e-01
-8.169180750846862793e-01
-7.612119913101196289e-01
-4.783609509468078613e-01
-5.847060680389404297e-02
4.472044706344604492e-01
9.309114217758178711e-01
1.334765911102294922e+00
1.528332471847534180e+00
1.462770700454711914e+00
1.109070777893066406e+00
6.206343770027160645e-01
1.636347621679306030e-01
-5.756178498268127441e-02
-4.343071579933166504e-02
1.077564954757690430e-01
1.591060757637023926e-01
1.884418725967407227e-02
-2.983216047286987305e-01
-5.704119205474853516e-01
-6.492936015129089355e-01
-4.757872521877288818e-01
-2.601212859153747559e-01
-2.294460088014602661e-01
-5.778796672821044922e-01
-1.187167644500732422e+00
-1.779748678207397461e+00
-1.941520214080810547e+00
-1.485427260398864746e+00
-4.523450732231140137e-01
7.593125104904174805e-01
1.696431398391723633e+00
1.942199468612670898e+00
1.433061361312866211e+00
3.774074316024780273e-01
-7.138117551803588867e-01
-1.373832941055297852e+00
-1.285348773002624512e+00
-5.586010217666625977e-01
4.230821728706359863e-01
1.075187444686889648e+00
1.032561302185058594e+00
2.532900571823120117e-01
-8.337337970733642578e-01
-1.656190991401672363e+00
-1.725390672683715820e+00
-1.020599246025085449e+00
8.734467625617980957e-02
9.628992080688476562e-01
1.175868630409240723e+00
6.683369874954223633e-01
-1.486280858516693115e-01
-7.510591149330139160e-01
-7.624902725219726562e-01
-2.510661482810974121e-01
4.210034906864166260e-01
8.003227710723876953e-01
7.269668579101562500e-01
3.646147251129150391e-01
1.213812828063964844e-01
2.751973867416381836e-01
8.095449805259704590e-01
1.349191069602966309e+00
1.467356681823730469e+00
9.381332397460937500e-01
-4.645843058824539185e-02
-1.021510124206542969e+00
-1.496103286743164062e+00
-1.276381492614746094e+00
-5.236887931823730469e-01
3.551222085952758789e-01
9.924135208129882812e-01
1.223403573036193848e+00
1.114451527595520020e+00
8.114165663719177246e-01
4.071064591407775879e-01
-8.534832298755645752e-02
-6.375524997711181641e-01
-1.100895524024963379e+00
-1.236467719078063965e+00
-8.555045723915100098e-01
-1.595193147659301758e-02
9.586507081985473633e-01
1.617343544960021973e+00
1.672757148742675781e+00
1.151944160461425781e+00
3.864997923374176025e-01
-2.664893269538879395e-01
-6.267024278640747070e-01
-8.110183477401733398e-01
-1.025510668754577637e+00
-1.382490515708923340e+00
-1.716515064239501953e+00
-1.753121376037597656e+00
-1.286066532135009766e+00
-4.387183189392089844e-01
4.475819468498229980e-01
9.674060344696044922e-01
9.885396957397460938e-01
6.430966258049011230e-01
2.794913649559020996e-01
1.189484298229217529e-01
2.156622409820556641e-01
3.952615261077880859e-01
5.347451567649841309e-01
