-7.675736546516418457e-01
-7.532466053962707520e-01
-9.266476631164550781e-01
-7.392895221710205078e-01
-2.246608138084411621e-01
3.784008026123046875e-01
6.521623134613037109e-01
4.243910312652587891e-01
-1.402366906404495239e-01
-5.150502324104309082e-01
-2.882512211799621582e-01
5.592516064643859863e-01
1.479093432426452637e+00
1.789425373077392578e+00
1.112557053565979004e+00
-2.262365818023681641e-01
-1.448238372802734375e+00
-1.794379949569702148e+00
-1.133435130119323730e+00
-7.033944129943847656e-04
7.411705851554870605e-01
5.865666866302490234e-01
-3.074982166290283203e-01
-1.219770789146423340e+00
-1.462166786193847656e+00
-8.492999672889709473e-01
1.577115654945373535e-01
8.515351414680480957e-01
7.822161912918090820e-01
8.640450984239578247e-02
-6.660819649696350098e-01
-8.869949579238891602e-01
-3.852649331092834473e-01
5.531060695648193359e-01
1.398414254188537598e+00
1.738765239715576172e+00
1.508765697479248047e+00
9.596114754676818848e-01
4.604244828224182129e-01
2.644810080528259277e-01
4.150509536266326904e-01
7.465676665306091309e-01
1.013413190841674805e+00
9.854404926300048828e-01
5.870680809020996094e-01
-7.767748832702636719e-02
-7.113608121871948242e-01
-9.912012815475463867e-01
-7.110625505447387695e-01
2.963227033615112305e-02
8.966308236122131348e-01
1.460605740547180176e+00
1.505105495452880859e+00
1.092249751091003418e+00
5.379204154014587402e-01
1.061297059059143066e-01
-1.188657879829406738e-01
-2.992492914199829102e-01
-5.754515528678894043e-01
-9.461974501609802246e-01
-1.170367002487182617e+00
-1.048605322837829590e+00
-5.863881707191467285e-01
-1.387458443641662598e-01
-1.128814220428466797e-01
-7.176310420036315918e-01
-1.678135752677917480e+00
-2.461506366729736328e+00
-2.561774969100952148e+00
-1.937656044960021973e+00
-9.542029500007629395e-01
-1.810149699449539185e-01
1.082538962364196777e-01
3.067487478256225586e-02
3.626018762588500977e-02
4.275515377521514893e-01
1.174544334411621094e+00
1.835682630538940430e+00
1.981293201446533203e+00
1.446887016296386719e+00
5.641883611679077148e-01
-1.381008028984069824e-01
-1.985355019569396973e-01
3.990248441696166992e-01
1.316388964653015137e+00
1.999751091003417969e+00
2.084733486175537109e+00
1.490434408187866211e+00
5.046420693397521973e-01
-4.762119948863983154e-01
-1.060678482055664062e+00
-1.113791465759277344e+00
-7.137492895126342773e-01
-1.896252632141113281e-01
1.186425536870956421e-01
-4.244855046272277832e-02
-6.218214035034179688e-01
-1.351168513298034668e+00
-1.824966192245483398e+00
-1.817765951156616211e+00
-1.362504482269287109e+00
-7.805257439613342285e-01
-3.882016539573669434e-01
-3.273369073867797852e-01
-4.175277948379516602e-01
-3.730958998203277588e-01
5.354834720492362976e-03
6.090856194496154785e-01
1.153159260749816895e+00
1.360843420028686523e+00
1.226469993591308594e+00
9.666988849639892578e-01
8.538846969604492188e-01
9.269111156463623047e-01
9.673828482627868652e-01
6.471827626228332520e-01
-1.510522365570068359e-01
-1.207736134529113770e+00
-2.054368972778320312e+00
-2.299515247344970703e+00
-1.878661990165710449e+00
-1.094954729080200195e+00
-3.903656005859375000e-01
-5.573150515556335449e-02
-7.728731632232666016e-02
-2.113088369369506836e-01
-2.029131650924682617e-01
5.423653125762939453e-02
4.861828088760375977e-01
9.671794176101684570e-01
1.395852208137512207e+00
1.733839988708496094e+00
1.908189296722412109e+00
1.813200473785400391e+00
1.333935976028442383e+00
5.152252912521362305e-01
-4.214138984680175781e-01
-1.103409767150878906e+00
-1.268404006958007812e+00
-8.815087080001831055e-01
-2.285482585430145264e-01
3.200099766254425049e-01
4.684251546859741211e-01
2.210853248834609985e-01
-2.346698343753814697e-01
-6.104241609573364258e-01
-7.810931205749511719e-01
-7.419928312301635742e-01
-6.402812600135803223e-01
-5.523790121078491211e-01
-5.341396331787109375e-01
-5.335291624069213867e-01
-5.748435258865356445e-01
-6.626293063163757324e-01
-8.656212091445922852e-01
-1.103628635406494141e+00
-1.249851822853088379e+00
-1.050679683685302734e+00
-4.057469964027404785e-01
6.539241671562194824e-01
1.785381555557250977e+00
2.596165418624877930e+00
2.688461542129516602e+00
2.006680011749267578e+00
7.413667440414428711e-01
-6.051268577575683594e-01
-1.617891311645507812e+00
-2.015963554382324219e+00
-1.920807480812072754e+00
-1.563223719596862793e+00
-1.240286588668823242e+00
-9.281928539276123047e-01
-4.708794951438903809e-01
4.138125777244567871e-01
1.664111614227294922e+00
2.951848745346069336e+00
3.637960433959960938e+00
3.343739509582519531e+00
2.071458816528320312e+00
4.518699049949645996e-01
-7.846115827560424805e-01
-1.076447725296020508e+00
-5.596519112586975098e-01
2.268655002117156982e-01
5.453623533248901367e-01
1.560974121093750000e-01
-7.142223119735717773e-01
-1.367535829544067383e+00
-1.325740098953247070e+00
-4.770930409431457520e-01
6.692050099372863770e-01
1.532282948493957520e+00
1.646754503250122070e+00
1.126366853713989258e+00
3.337378501892089844e-01
-1.959105730056762695e-01
-2.869473993778228760e-01
1.898451149463653564e-02
3.605588078498840332e-01
5.127362012863159180e-01
3.061004579067230225e-01
-1.260990798473358154e-01
-6.750360131263732910e-01
-1.129922747611999512e+00
-1.471258163452148438e+00
-1.642507672309875488e+00
-1.748147845268249512e+00
-1.779343605041503906e+00
-1.799184560775756836e+00
-1.686937451362609863e+00
-1.385604858398437500e+00
-7.473803758621215820e-01
1.419256925582885742e-01
1.144644498825073242e+00
1.909826278686523438e+00
2.254391193389892578e+00
2.093891859054565430e+00
