-3.152408897876739502e-01
-2.954382598400115967e-01
-2.977446913719177246e-01
-3.396199643611907959e-02
2.581757307052612305e-01
4.651290476322174072e-01
2.700480520725250244e-01
-2.555001080036163330e-01
-1.042253851890563965e+00
-1.659105062484741211e+00
-1.912326812744140625e+00
-1.588954210281372070e+00
-9.213392138481140137e-01
-9.217041730880737305e-02
5.381926894187927246e-01
9.544723033905029297e-01
1.121801137924194336e+00
1.246876239776611328e+00
1.297523379325866699e+00
1.299996614456176758e+00
1.079502105712890625e+00
6.953845620155334473e-01
1.858176290988922119e-01
-1.890670657157897949e-01
-3.745444715023040771e-01
-3.242679238319396973e-01
-2.379591017961502075e-01
-1.607665121555328369e-01
-1.270195543766021729e-01
5.821907520294189453e-02
4.280196428298950195e-01
9.127939343452453613e-01
1.137667655944824219e+00
8.214322328567504883e-01
-1.262238323688507080e-01
-1.300852179527282715e+00
-2.122228860855102539e+00
-2.050851583480834961e+00
-1.054968237876892090e+00
4.703425467014312744e-01
1.857344865798950195e+00
2.660612344741821289e+00
2.797789096832275391e+00
2.532281875610351562e+00
2.111972332000732422e+00
1.592469215393066406e+00
8.276522755622863770e-01
-2.378959059715270996e-01
-1.362529277801513672e+00
-2.055469751358032227e+00
-1.922074437141418457e+00
-1.049759030342102051e+00
-3.393167257308959961e-02
3.588665425777435303e-01
-1.955824792385101318e-01
-1.324513554573059082e+00
-2.111445903778076172e+00
-1.825164556503295898e+00
-4.374000430107116699e-01
1.192536354064941406e+00
1.969724893569946289e+00
1.261526107788085938e+00
-4.956201612949371338e-01
-2.150797128677368164e+00
-2.491558790206909180e+00
-1.216100692749023438e+00
9.791780710220336914e-01
2.711641311645507812e+00
2.983478069305419922e+00
1.655233860015869141e+00
-3.499257862567901611e-01
-1.866739511489868164e+00
-2.058749437332153320e+00
-1.060875177383422852e+00
4.206291139125823975e-01
1.442648053169250488e+00
1.611750841140747070e+00
1.000132322311401367e+00
1.746757328510284424e-01
-4.628795683383941650e-01
-6.658394336700439453e-01
-6.093544960021972656e-01
-4.252336919307708740e-01
-3.184047341346740723e-01
-2.388483881950378418e-01
-2.567005753517150879e-01
-3.388804197311401367e-01
-6.284558176994323730e-01
-1.049394965171813965e+00
-1.542691111564636230e+00
-1.787292242050170898e+00
-1.649993896484375000e+00
-1.001839399337768555e+00
-9.155493974685668945e-02
8.587398529052734375e-01
1.475567102432250977e+00
1.693333506584167480e+00
1.471812844276428223e+00
1.070542097091674805e+00
6.185691356658935547e-01
3.460593223571777344e-01
2.037127614021301270e-01
2.069118022918701172e-01
1.570719778537750244e-01
4.539591073989868164e-02
-2.264150679111480713e-01
-5.089800953865051270e-01
-7.655703425407409668e-01
-8.064467906951904297e-01
-6.517168283462524414e-01
-2.330776453018188477e-01
2.969401478767395020e-01
8.859677314758300781e-01
1.285373210906982422e+00
1.387703418731689453e+00
9.904406070709228516e-01
1.864550709724426270e-01
-8.724199533462524414e-01
-1.744911193847656250e+00
-2.149590730667114258e+00
-1.882832050323486328e+00
-1.184030294418334961e+00
-3.729338645935058594e-01
1.426860094070434570e-01
3.360353708267211914e-01
3.501029014587402344e-01
5.284481048583984375e-01
9.094675779342651367e-01
1.316481113433837891e+00
1.300280809402465820e+00
6.781921386718750000e-01
-4.031332731246948242e-01
-1.331449270248413086e+00
-1.575424075126647949e+00
-9.435963630676269531e-01
9.052993357181549072e-02
7.956475019454956055e-01
5.607098340988159180e-01
-5.498763322830200195e-01
-1.909632921218872070e+00
-2.628342628479003906e+00
-2.206368923187255859e+00
-7.613004446029663086e-01
1.006819367408752441e+00
2.321196556091308594e+00
2.703259944915771484e+00
2.194402217864990234e+00
1.168256640434265137e+00
7.227928936481475830e-02
-7.902773618698120117e-01
-1.274499893188476562e+00
-1.316523075103759766e+00
-9.119578003883361816e-01
-1.546753048896789551e-01
6.702020764350891113e-01
1.191331624984741211e+00
1.096784353256225586e+00
4.249694347381591797e-01
-4.739632606506347656e-01
-1.046659827232360840e+00
-9.743751287460327148e-01
-2.803668677806854248e-01
5.860471725463867188e-01
1.177365183830261230e+00
1.201356887817382812e+00
7.926672697067260742e-01
1.969342827796936035e-01
-2.866417765617370605e-01
-6.502814292907714844e-01
-9.010815024375915527e-01
-1.116076827049255371e+00
-1.111977934837341309e+00
-7.879197597503662109e-01
-6.654509902000427246e-02
7.204374074935913086e-01
1.221597433090209961e+00
1.068169236183166504e+00
4.221419692039489746e-01
-3.421138525009155273e-01
-6.005559563636779785e-01
-1.831720471382141113e-01
7.810927629470825195e-01
1.656836509704589844e+00
2.020743608474731445e+00
1.626685738563537598e+00
8.338209390640258789e-01
8.527219295501708984e-03
-4.030818939208984375e-01
-4.511048793792724609e-01
-2.110987901687622070e-01
9.322673082351684570e-03
2.613265812397003174e-01
5.083802938461303711e-01
9.208182096481323242e-01
1.290144443511962891e+00
1.501668334007263184e+00
1.232135772705078125e+00
5.874503254890441895e-01
-3.366878330707550049e-01
-1.100738644599914551e+00
-1.608267784118652344e+00
-1.716267347335815430e+00
-1.674216032028198242e+00
-1.460878133773803711e+00
-1.188685655593872070e+00
-6.252862811088562012e-01
1.219885945320129395e-01
9.988917112350463867e-01
1.504104137420654297e+00
1.429019689559936523e+00
5.720811486244201660e-01
-6.057443618774414062e-01
-1.656572580337524414e+00
-1.909869432449340820e+00
-1.317921876907348633e+00
-4.583477973937988281e-03
1.340259432792663574e+00
