-6.940718889236450195e-01
-7.193078398704528809e-01
-3.238033652305603027e-01
1.419026851654052734e-01
6.135135293006896973e-01
9.450024962425231934e-01
9.439011812210083008e-01
4.378691017627716064e-01
-5.538094043731689453e-01
-1.759044885635375977e+00
-2.687691926956176758e+00
-2.876879930496215820e+00
-2.131961107254028320e+00
-6.982895731925964355e-01
8.607653379440307617e-01
1.924824595451354980e+00
2.169662952423095703e+00
1.690741300582885742e+00
9.439714550971984863e-01
4.284964203834533691e-01
4.373301863670349121e-01
8.903596401214599609e-01
1.454760193824768066e+00
1.725350022315979004e+00
1.493633508682250977e+00
8.168073892593383789e-01
1.009908411651849747e-02
-5.615653395652770996e-01
-6.405771970748901367e-01
-2.487280219793319702e-01
3.630984127521514893e-01
8.267658948898315430e-01
9.082380533218383789e-01
6.211991310119628906e-01
2.497824579477310181e-01
1.095902919769287109e-01
3.357535600662231445e-01
6.978443861007690430e-01
7.560254335403442383e-01
1.241414099931716919e-01
-1.176555037498474121e+00
-2.682349681854248047e+00
-3.677285194396972656e+00
-3.655915260314941406e+00
-2.596308231353759766e+00
-1.015485167503356934e+00
3.850305080413818359e-01
1.090419888496398926e+00
1.050140738487243652e+00
5.744996666908264160e-01
9.288346022367477417e-02
-1.529859006404876709e-01
-1.461672633886337280e-01
-1.464484352618455887e-02
1.693412512540817261e-01
4.023465812206268311e-01
7.040303349494934082e-01
9.711288809776306152e-01
1.024272084236145020e+00
7.078028917312622070e-01
8.906408399343490601e-02
-5.602531433105468750e-01
-8.820413947105407715e-01
-7.084121108055114746e-01
-1.556102484464645386e-01
4.183270335197448730e-01
6.849803328514099121e-01
5.113041996955871582e-01
3.570998832583427429e-02
-5.026578903198242188e-01
-9.162985682487487793e-01
-1.176836252212524414e+00
-1.322839498519897461e+00
-1.371413469314575195e+00
-1.234197139739990234e+00
-8.261097669601440430e-01
-1.487447470426559448e-01
6.216443181037902832e-01
1.237735390663146973e+00
1.499116539955139160e+00
1.388542056083679199e+00
1.033316731452941895e+00
6.243389844894409180e-01
2.759791612625122070e-01
1.851108297705650330e-02
-1.789951324462890625e-01
-3.231003880500793457e-01
-3.985506296157836914e-01
-3.740175962448120117e-01
-2.542813420295715332e-01
-4.969874024391174316e-02
2.417687922716140747e-01
6.589711308479309082e-01
1.201298952102661133e+00
1.774884819984436035e+00
2.163851737976074219e+00
2.139178276062011719e+00
1.610511064529418945e+00
7.468870282173156738e-01
-9.569526463747024536e-02
-5.589878559112548828e-01
-5.223171114921569824e-01
-1.667637676000595093e-01
1.324128210544586182e-01
5.797015130519866943e-02
-4.582547247409820557e-01
-1.201931595802307129e+00
-1.824934959411621094e+00
-2.048965930938720703e+00
-1.804268240928649902e+00
-1.241648435592651367e+00
-6.340397000312805176e-01
-2.469237744808197021e-01
-2.295374274253845215e-01
-5.513021945953369141e-01
-1.002339959144592285e+00
-1.270141482353210449e+00
-1.090794801712036133e+00
-4.187722504138946533e-01
5.039935111999511719e-01
1.239891052246093750e+00
1.415090203285217285e+00
9.632792472839355469e-01
1.991230100393295288e-01
-3.910524845123291016e-01
-4.822722673416137695e-01
-1.554227918386459351e-01
1.722702234983444214e-01
6.750687211751937866e-02
-5.443664193153381348e-01
-1.289589762687683105e+00
-1.578128337860107422e+00
-1.043064355850219727e+00
1.888364702463150024e-01
1.544995903968811035e+00
2.397653818130493164e+00
2.432590484619140625e+00
1.812516212463378906e+00
9.737063646316528320e-01
3.187655210494995117e-01
-9.372700005769729614e-03
-7.580170780420303345e-02
5.623620236292481422e-04
2.001305818557739258e-01
5.338689684867858887e-01
9.244528412818908691e-01
1.129269719123840332e+00
9.007633328437805176e-01
1.920700520277023315e-01
-6.905805468559265137e-01
-1.263322830200195312e+00
-1.164628267288208008e+00
-4.595200419425964355e-01
4.072203934192657471e-01
8.952334523200988770e-01
7.676007151603698730e-01
2.156892567873001099e-01
-3.070496618747711182e-01
-4.699706137180328369e-01
-2.778536975383758545e-01
-3.938877210021018982e-02
-4.470777884125709534e-02
-3.338087201118469238e-01
-6.568622589111328125e-01
-7.381235361099243164e-01
-5.049542188644409180e-01
-1.764645129442214966e-01
-4.116958379745483398e-02
-2.225078940391540527e-01
-5.454208254814147949e-01
-7.219556570053100586e-01
-5.912767648696899414e-01
-2.884448468685150146e-01
-1.095902919769287109e-01
-2.588505446910858154e-01
-6.282755136489868164e-01
-8.884148001670837402e-01
-7.324999570846557617e-01
-1.725982725620269775e-01
4.699237346649169922e-01
7.797383666038513184e-01
5.889101624488830566e-01
8.627570420503616333e-02
-3.102363646030426025e-01
-2.964350581169128418e-01
1.170650199055671692e-01
6.122716069221496582e-01
8.409186601638793945e-01
6.721631884574890137e-01
2.868514955043792725e-01
-2.132289344444870949e-03
1.518377382308244705e-02
2.782988846302032471e-01
5.410391092300415039e-01
5.485138297080993652e-01
2.501105070114135742e-01
-1.941320449113845825e-01
-5.110464692115783691e-01
-5.084924101829528809e-01
-1.739807426929473877e-01
3.173596262931823730e-01
7.173395752906799316e-01
8.074581027030944824e-01
5.014394521713256836e-01
-1.287105977535247803e-01
-8.676542639732360840e-01
-1.440771460533142090e+00
-1.614143013954162598e+00
-1.309413075447082520e+00
-6.458961963653564453e-01
1.044353097677230835e-01
6.583384275436401367e-01
8.592656850814819336e-01
7.488787174224853516e-01
5.120540261268615723e-01
3.476334512233734131e-01
3.493673801422119141e-01
