-1.818433403968811035e-01
-2.203420996665954590e-01
-1.634669423103332520e+00
-2.277974128723144531e+00
-1.916557192802429199e+00
-8.852968215942382812e-01
1.729388684034347534e-01
7.067708373069763184e-01
5.723307132720947266e-01
6.198212504386901855e-03
-5.981711745262145996e-01
-9.781827330589294434e-01
-1.066441774368286133e+00
-9.313032627105712891e-01
-6.233132481575012207e-01
-1.891764402389526367e-01
2.804909646511077881e-01
5.632516741752624512e-01
4.385890364646911621e-01
-1.293767839670181274e-01
-8.159816265106201172e-01
-1.080409526824951172e+00
-4.833732843399047852e-01
9.221369028091430664e-01
2.559599876403808594e+00
3.607534408569335938e+00
3.555940866470336914e+00
2.500760555267333984e+00
1.110353112220764160e+00
1.209960952401161194e-01
-9.637784212827682495e-02
2.424286901950836182e-01
6.372810006141662598e-01
6.859937310218811035e-01
4.159786403179168701e-01
1.342655122280120850e-01
1.397653371095657349e-01
3.808845281600952148e-01
5.388953089714050293e-01
2.716737687587738037e-01
-4.020981490612030029e-01
-1.120305180549621582e+00
-1.383161664009094238e+00
-9.964281916618347168e-01
-1.769546121358871460e-01
5.594978332519531250e-01
8.402506709098815918e-01
6.479314565658569336e-01
3.470999002456665039e-01
3.037124276161193848e-01
6.316938996315002441e-01
1.055703997611999512e+00
1.193548798561096191e+00
8.227035999298095703e-01
9.978249669075012207e-02
-6.145833730697631836e-01
-9.890950918197631836e-01
-9.918886423110961914e-01
-8.109182715415954590e-01
-6.948109269142150879e-01
-6.735100150108337402e-01
-5.938935279846191406e-01
-2.358812838792800903e-01
4.047170877456665039e-01
1.096297979354858398e+00
1.466619372367858887e+00
1.309481501579284668e+00
7.004853487014770508e-01
-8.380682207643985748e-03
-4.680960178375244141e-01
-5.216974616050720215e-01
-3.096487522125244141e-01
-9.096531569957733154e-02
-6.110914051532745361e-02
-1.742483526468276978e-01
-2.462698370218276978e-01
-1.000443920493125916e-01
2.227864563465118408e-01
4.960316121578216553e-01
4.377160370349884033e-01
-3.579249605536460876e-02
-7.332223653793334961e-01
-1.257887959480285645e+00
-1.281720519065856934e+00
-7.535629868507385254e-01
2.784830704331398010e-02
6.084724068641662598e-01
6.413840651512145996e-01
1.144486889243125916e-01
-6.648674607276916504e-01
-1.269062280654907227e+00
-1.421136736869812012e+00
-1.128423929214477539e+00
-6.323049664497375488e-01
-2.051521092653274536e-01
1.065045036375522614e-02
3.797496482729911804e-02
-3.710197657346725464e-02
-1.821052283048629761e-01
-4.163278341293334961e-01
-7.232702970504760742e-01
-9.471043348312377930e-01
-8.495043516159057617e-01
-2.812766432762145996e-01
6.114405989646911621e-01
1.399224638938903809e+00
1.595210433006286621e+00
1.025935173034667969e+00
-5.936316214501857758e-03
-8.429569005966186523e-01
-9.279859066009521484e-01
-1.742483526468276978e-01
9.165498018264770508e-01
1.612757444381713867e+00
1.410835385322570801e+00
4.001775681972503662e-01
-8.689719438552856445e-01
-1.747721433639526367e+00
-1.945802330970764160e+00
-1.594337463378906250e+00
-1.068362355232238770e+00
-5.842033624649047852e-01
-1.108694374561309814e-01
5.418634414672851562e-01
1.361598968505859375e+00
2.061647653579711914e+00
2.186485052108764648e+00
1.546497702598571777e+00
3.766942024230957031e-01
-6.977790594100952148e-01
-1.150161266326904297e+00
-8.605039715766906738e-01
-2.541267275810241699e-01
1.127027124166488647e-01
-8.188624680042266846e-02
-6.232259273529052734e-01
-1.030823826789855957e+00
-9.004868268966674805e-01
-3.097360432147979736e-01
3.324337303638458252e-01
5.473632812500000000e-01
2.533410191535949707e-01
-2.680072188377380371e-01
-5.505060553550720215e-01
-4.256688058376312256e-01
-8.040216565132141113e-02
2.819750271737575531e-02
-3.597582280635833740e-01
-1.163430690765380859e+00
-1.935588359832763672e+00
-2.286005496978759766e+00
-2.067671298980712891e+00
-1.520046234130859375e+00
-9.356682300567626953e-01
-5.120946168899536133e-01
-1.608043313026428223e-01
2.206039875745773315e-01
6.528202295303344727e-01
9.038041830062866211e-01
7.817605137825012207e-01
2.708880901336669922e-01
-2.715864777565002441e-01
-4.211292564868927002e-01
8.319573104381561279e-02
1.006904006004333496e+00
1.838250160217285156e+00
2.035021543502807617e+00
1.508260846138000488e+00
5.923221707344055176e-01
-8.913204818964004517e-02
-1.481460183858871460e-01
4.192087054252624512e-01
1.170327305793762207e+00
1.635542511940002441e+00
1.525196790695190430e+00
9.552231431007385254e-01
2.074218839406967163e-01
-3.970347940921783447e-01
-7.609834074974060059e-01
-8.745591044425964355e-01
-8.103072047233581543e-01
-5.214355587959289551e-01
1.440429687500000000e-02
7.794907093048095703e-01
1.538466215133666992e+00
1.993641972541809082e+00
1.861733555793762207e+00
1.149375557899475098e+00
1.098218560218811035e-01
-7.746893167495727539e-01
-1.119781374931335449e+00
-7.405554652214050293e-01
1.667406558990478516e-01
1.210048317909240723e+00
1.903462409973144531e+00
1.962389111518859863e+00
1.345797896385192871e+00
3.436079621315002441e-01
-6.425189375877380371e-01
-1.207254648208618164e+00
-1.204810380935668945e+00
-7.373254299163818359e-01
-1.614154279232025146e-01
1.793116778135299683e-01
7.455314695835113525e-02
-3.783528804779052734e-01
-9.052009582519531250e-01
-1.174517631530761719e+00
-1.062251448631286621e+00
-6.673117876052856445e-01
-2.956809401512145996e-01
-1.895256340503692627e-01
-4.012251496315002441e-01
-6.889619231224060059e-01
-7.069454193115234375e-01
-1.943270564079284668e-01
7.919744253158569336e-01
