3.660132884979248047e-01
3.444229066371917725e-01
-2.349285781383514404e-02
-3.467490971088409424e-01
-5.570186376571655273e-01
-5.896054506301879883e-01
-5.823441743850708008e-01
-5.499903559684753418e-01
-5.514637231826782227e-01
-4.961321353912353516e-01
-4.386252462863922119e-01
-3.925461769104003906e-01
-4.832498431205749512e-01
-6.387458443641662598e-01
-7.554914951324462891e-01
-5.785828232765197754e-01
-5.365979671478271484e-02
7.557315826416015625e-01
1.513222694396972656e+00
1.959460020065307617e+00
1.913337945938110352e+00
1.524852633476257324e+00
1.017133235931396484e+00
6.804267168045043945e-01
5.718833208084106445e-01
6.499907970428466797e-01
7.169331312179565430e-01
6.826331019401550293e-01
4.877217710018157959e-01
2.197546660900115967e-01
-8.495289087295532227e-02
-3.638840913772583008e-01
-6.529217958450317383e-01
-9.332925677299499512e-01
-1.208990812301635742e+00
-1.396670579910278320e+00
-1.455779075622558594e+00
-1.332804441452026367e+00
-1.073507070541381836e+00
-7.246975898742675781e-01
-3.807552158832550049e-01
-6.764203310012817383e-02
1.937056481838226318e-01
4.259571433067321777e-01
5.871161222457885742e-01
6.100655794143676758e-01
3.974483609199523926e-01
-3.511592745780944824e-02
-5.250218510627746582e-01
-7.577323913574218750e-01
-4.658405780792236328e-01
3.856370449066162109e-01
1.464004635810852051e+00
2.211313009262084961e+00
2.150661945343017578e+00
1.223065733909606934e+00
-1.224089860916137695e-01
-1.167898178100585938e+00
-1.371418714523315430e+00
-7.270355224609375000e-01
2.465340048074722290e-01
8.541584014892578125e-01
7.175985574722290039e-01
4.816919565200805664e-03
-7.052122354507446289e-01
-8.844978809356689453e-01
-4.079354405403137207e-01
3.620533347129821777e-01
9.144890308380126953e-01
9.478814005851745605e-01
6.058836579322814941e-01
2.748461663722991943e-01
2.899860739707946777e-01
6.269733905792236328e-01
9.946860671043395996e-01
1.042904853820800781e+00
6.917833089828491211e-01
1.157241761684417725e-01
-3.759714066982269287e-01
-6.556481122970581055e-01
-7.986021041870117188e-01
-1.033459067344665527e+00
-1.449996709823608398e+00
-1.955898165702819824e+00
-2.276198387145996094e+00
-2.226602554321289062e+00
-1.778045892715454102e+00
-1.127411484718322754e+00
-4.768126010894775391e-01
1.177579164505004883e-02
3.303950130939483643e-01
4.748517870903015137e-01
4.749971628189086914e-01
3.253449797630310059e-01
1.370998322963714600e-01
6.371623277664184570e-02
2.946727871894836426e-01
8.212671279907226562e-01
1.454502701759338379e+00
1.834139108657836914e+00
1.729989290237426758e+00
1.131311655044555664e+00
3.273736238479614258e-01
-3.596624732017517090e-01
-7.117440700531005859e-01
-7.885510325431823730e-01
-7.429716587066650391e-01
-7.231358289718627930e-01
-6.833262443542480469e-01
-5.210253596305847168e-01
-1.522887647151947021e-01
3.073785305023193359e-01
6.602806448936462402e-01
7.106487154960632324e-01
4.706993103027343750e-01
9.807291626930236816e-02
-1.633813381195068359e-01
-1.969638466835021973e-01
-2.176755666732788086e-02
1.982696354389190674e-01
3.067780733108520508e-01
1.873114258050918579e-01
-1.561704277992248535e-01
-6.372666954994201660e-01
-1.052860736846923828e+00
-1.168498873710632324e+00
-7.957198619842529297e-01
2.639928460121154785e-02
9.850270748138427734e-01
1.579111576080322266e+00
1.429861068725585938e+00
5.489121079444885254e-01
-5.920684337615966797e-01
-1.345145225524902344e+00
-1.317830324172973633e+00
-6.575086116790771484e-01
6.558787822723388672e-02
3.167122006416320801e-01
2.394328452646732330e-02
-3.510072231292724609e-01
-2.356727719306945801e-01
5.294098854064941406e-01
1.432449460029602051e+00
1.651643872261047363e+00
6.835218667984008789e-01
-1.132859110832214355e+00
-2.786394834518432617e+00
-3.221725702285766602e+00
-2.142367839813232422e+00
-1.846915483474731445e-01
1.478423237800598145e+00
2.023125171661376953e+00
1.439362764358520508e+00
4.875242710113525391e-01
-4.103600978851318359e-02
1.279427707195281982e-01
5.361607670783996582e-01
5.569044947624206543e-01
-8.645409345626831055e-02
-9.590770006179809570e-01
-1.357155084609985352e+00
-8.124710321426391602e-01
3.895586729049682617e-01
1.501074552536010742e+00
1.760145306587219238e+00
1.061610817909240723e+00
-1.227767467498779297e-01
-1.015508532524108887e+00
-1.236834764480590820e+00
-8.814722299575805664e-01
-4.666583538055419922e-01
-3.189185261726379395e-01
-4.696640074253082275e-01
-5.674678683280944824e-01
-3.991338312625885010e-01
4.109603166580200195e-02
4.122499525547027588e-01
5.184241533279418945e-01
3.677968978881835938e-01
3.550238013267517090e-01
7.593429088592529297e-01
1.637566328048706055e+00
2.537542104721069336e+00
2.961631774902343750e+00
2.517243146896362305e+00
1.368968725204467773e+00
-6.836000084877014160e-02
-1.191069602966308594e+00
-1.743787050247192383e+00
-1.695507287979125977e+00
-1.386811375617980957e+00
-1.082452297210693359e+00
-1.046301007270812988e+00
-1.207132816314697266e+00
-1.429057836532592773e+00
-1.343256115913391113e+00
-7.597300410270690918e-01
4.213560819625854492e-01
1.834065079689025879e+00
2.980635404586791992e+00
3.232536077499389648e+00
2.454945564270019531e+00
9.286652803421020508e-01
-5.204661488533020020e-01
-1.239322304725646973e+00
-9.360581636428833008e-01
-1.125707626342773438e-01
5.108433365821838379e-01
2.694557905197143555e-01
-7.411266565322875977e-01
-1.965924978256225586e+00
-2.546581745147705078e+00
-2.151508569717407227e+00
-9.377364516258239746e-01
3.626116216182708740e-01
1.204132080078125000e+00
1.322348117828369141e+00
