-6.324456930160522461e-01
-6.121240258216857910e-01
-6.466118693351745605e-01
-4.074702262878417969e-01
1.699887663125991821e-01
8.212234377861022949e-01
1.105419635772705078e+00
7.461524009704589844e-01
-5.609214305877685547e-02
-6.980386376380920410e-01
-5.724406242370605469e-01
4.065769910812377930e-01
1.660901188850402832e+00
2.263146400451660156e+00
1.621983885765075684e+00
-6.436048448085784912e-02
-1.846906542778015137e+00
-2.665230512619018555e+00
-2.032728910446166992e+00
-3.887272477149963379e-01
1.254127860069274902e+00
1.968063354492187500e+00
1.526853561401367188e+00
4.278673529624938965e-01
-5.041873455047607422e-01
-7.315179109573364258e-01
-2.501212656497955322e-01
5.066490173339843750e-01
1.101009845733642578e+00
1.327042818069458008e+00
1.266172647476196289e+00
1.036451697349548340e+00
6.775173544883728027e-01
1.222168207168579102e-01
-5.886141657829284668e-01
-1.266855716705322266e+00
-1.608914375305175781e+00
-1.483716607093811035e+00
-1.019014835357666016e+00
-5.930989384651184082e-01
-5.081773400306701660e-01
-8.270800113677978516e-01
-1.286697626113891602e+00
-1.575222969055175781e+00
-1.509674787521362305e+00
-1.198738336563110352e+00
-8.444578647613525391e-01
-6.096912622451782227e-01
-4.401649236679077148e-01
-2.216649800539016724e-01
1.395620852708816528e-01
5.631174445152282715e-01
9.522814750671386719e-01
1.253135204315185547e+00
1.570157527923583984e+00
1.965713381767272949e+00
2.378142356872558594e+00
2.511461734771728516e+00
2.106536865234375000e+00
1.124629259109497070e+00
-6.101316213607788086e-02
-9.365419149398803711e-01
-1.135167241096496582e+00
-7.911824584007263184e-01
-3.798292577266693115e-01
-4.228195846080780029e-01
-1.006913661956787109e+00
-1.770806431770324707e+00
-2.115721464157104492e+00
-1.740712881088256836e+00
-8.092385530471801758e-01
1.124717593193054199e-01
5.713243484497070312e-01
4.917132258415222168e-01
2.642807960510253906e-01
3.203375637531280518e-01
8.271546363830566406e-01
1.477158308029174805e+00
1.810504436492919922e+00
1.517908096313476562e+00
7.518185377120971680e-01
-7.864359021186828613e-02
-5.614897608757019043e-01
-6.504031419754028320e-01
-5.740668773651123047e-01
-6.690506935119628906e-01
-1.006176590919494629e+00
-1.403756856918334961e+00
-1.522816538810729980e+00
-1.219681859016418457e+00
-5.935296416282653809e-01
3.508689999580383301e-02
4.400420188903808594e-01
5.724044442176818848e-01
6.112608313560485840e-01
7.090853452682495117e-01
9.042479991912841797e-01
1.028875350952148438e+00
9.161552190780639648e-01
4.773917794227600098e-01
-1.614315509796142578e-01
-8.087331056594848633e-01
-1.260091662406921387e+00
-1.457203626632690430e+00
-1.404171109199523926e+00
-1.180661916732788086e+00
-8.162007927894592285e-01
-3.617533445358276367e-01
1.547328978776931763e-01
6.481352448463439941e-01
1.060326814651489258e+00
1.321228742599487305e+00
1.427461504936218262e+00
1.372534036636352539e+00
1.202677249908447266e+00
9.593234062194824219e-01
7.397058606147766113e-01
6.069387197494506836e-01
5.821379423141479492e-01
5.465271472930908203e-01
3.313888609409332275e-01
-2.002681493759155273e-01
-9.622218012809753418e-01
-1.663319945335388184e+00
-1.910576581954956055e+00
-1.511260390281677246e+00
-6.131822466850280762e-01
2.931513190269470215e-01
6.982430815696716309e-01
3.734523355960845947e-01
-4.324709177017211914e-01
-1.181608676910400391e+00
-1.376106023788452148e+00
-9.200990200042724609e-01
-1.440323591232299805e-01
4.142564833164215088e-01
4.190879464149475098e-01
-6.743738055229187012e-02
-6.268700957298278809e-01
-8.219841718673706055e-01
-4.801467657089233398e-01
1.901372671127319336e-01
7.947190999984741211e-01
1.028658747673034668e+00
8.909158110618591309e-01
6.277285814285278320e-01
5.306570529937744141e-01
6.949285864830017090e-01
9.718672037124633789e-01
1.090910077095031738e+00
8.924407958984375000e-01
4.469825029373168945e-01
8.128136396408081055e-03
-1.899753510951995850e-01
-1.171589493751525879e-01
2.004425600171089172e-02
-6.061780452728271484e-02
-4.806259274482727051e-01
-1.068600296974182129e+00
-1.437463402748107910e+00
-1.245914936065673828e+00
-4.558720886707305908e-01
5.861836671829223633e-01
1.347272157669067383e+00
1.434081554412841797e+00
8.621932268142700195e-01
4.007086157798767090e-02
-4.959043264389038086e-01
-4.467758536338806152e-01
7.364565134048461914e-02
6.391877532005310059e-01
8.509618043899536133e-01
6.079314947128295898e-01
1.624265313148498535e-01
-1.275025010108947754e-01
-9.145373106002807617e-02
1.002621054649353027e-01
1.041174530982971191e-01
-3.078248500823974609e-01
-1.007037162780761719e+00
-1.592680931091308594e+00
-1.669222354888916016e+00
-1.177708506584167480e+00
-4.368307590484619141e-01
5.641558766365051270e-02
5.700252950191497803e-03
-5.010707378387451172e-01
-1.052241563796997070e+00
-1.232441425323486328e+00
-8.771048188209533691e-01
-1.558255553245544434e-01
6.222501397132873535e-01
1.211540579795837402e+00
1.564675331115722656e+00
1.733920931816101074e+00
1.753943800926208496e+00
1.564600467681884766e+00
1.128693819046020508e+00
5.480058789253234863e-01
1.140292584896087646e-01
1.260214000940322876e-01
6.797593235969543457e-01
1.506461143493652344e+00
2.107578754425048828e+00
2.024182081222534180e+00
1.146580457687377930e+00
-2.281329631805419922e-01
-1.551541924476623535e+00
-2.350751876831054688e+00
-2.442053794860839844e+00
-1.982044458389282227e+00
-1.293819665908813477e+00
-6.842124462127685547e-01
-2.903210520744323730e-01
-9.362462162971496582e-02
2.099998481571674347e-02
1.578540503978729248e-01
