6.539681553840637207e-02
1.777276396751403809e-02
-3.042712211608886719e-01
-5.811004638671875000e-01
-8.849490880966186523e-01
-1.206282734870910645e+00
-1.427186012268066406e+00
-1.425616264343261719e+00
-1.190210819244384766e+00
-8.486444950103759766e-01
-5.497587919235229492e-01
-3.257849812507629395e-01
-4.945579171180725098e-02
4.433980584144592285e-01
1.162509322166442871e+00
1.888526320457458496e+00
2.276929378509521484e+00
2.108441591262817383e+00
1.460733652114868164e+00
6.842582225799560547e-01
1.631858348846435547e-01
6.693431735038757324e-02
2.462549805641174316e-01
3.673371672630310059e-01
1.495933532714843750e-01
-4.458141922950744629e-01
-1.218398928642272949e+00
-1.852703928947448730e+00
-2.094788551330566406e+00
-1.825911641120910645e+00
-1.083995580673217773e+00
-2.136671543121337891e-02
1.098288297653198242e+00
1.963610887527465820e+00
2.301489591598510742e+00
2.031817197799682617e+00
1.337665915489196777e+00
5.992556810379028320e-01
1.526048332452774048e-01
6.432467699050903320e-02
6.865024566650390625e-02
-2.097642868757247925e-01
-9.304042458534240723e-01
-1.822974681854248047e+00
-2.321829080581665039e+00
-1.944997906684875488e+00
-6.914499402046203613e-01
8.988496065139770508e-01
2.050566196441650391e+00
2.264569759368896484e+00
1.625125527381896973e+00
7.119199037551879883e-01
1.558480262756347656e-01
2.028650194406509399e-01
5.741197466850280762e-01
7.486807703971862793e-01
3.990532755851745605e-01
-3.351863324642181396e-01
-9.664759635925292969e-01
-1.039419770240783691e+00
-4.980598688125610352e-01
2.675939202308654785e-01
7.046356201171875000e-01
5.082159042358398438e-01
-1.753281801939010620e-01
-8.687592744827270508e-01
-1.123741269111633301e+00
-8.320090770721435547e-01
-2.719222307205200195e-01
1.290780305862426758e-01
1.157977283000946045e-01
-2.287875413894653320e-01
-5.808643102645874023e-01
-6.350339651107788086e-01
-3.263320028781890869e-01
1.442843228578567505e-01
4.913452267646789551e-01
5.530402064323425293e-01
3.892608880996704102e-01
1.885917484760284424e-01
9.335064888000488281e-02
7.971382141113281250e-02
7.564842700958251953e-03
-2.259263992309570312e-01
-5.520287156105041504e-01
-7.553781867027282715e-01
-6.198217272758483887e-01
-1.117325425148010254e-01
5.855110883712768555e-01
1.176632881164550781e+00
1.461571455001831055e+00
1.426127791404724121e+00
1.207998514175415039e+00
9.221819639205932617e-01
5.727298259735107422e-01
7.923258841037750244e-02
-5.481421351432800293e-01
-1.121267318725585938e+00
-1.327085494995117188e+00
-9.870311021804809570e-01
-2.345286756753921509e-01
4.787955284118652344e-01
6.940223574638366699e-01
2.644683122634887695e-01
-4.817422032356262207e-01
-9.905743598937988281e-01
-8.712572455406188965e-01
-2.262015640735626221e-01
4.638686180114746094e-01
7.106825113296508789e-01
4.626630842685699463e-01
1.136787980794906616e-01
1.787100136280059814e-01
7.648422122001647949e-01
1.423113822937011719e+00
1.430459380149841309e+00
4.283848106861114502e-01
-1.231523275375366211e+00
-2.616348266601562500e+00
-2.905304431915283203e+00
-1.974365711212158203e+00
-5.456458926200866699e-01
3.928705751895904541e-01
2.913987040519714355e-01
-5.286468863487243652e-01
-1.219127058982849121e+00
-1.073558568954467773e+00
-1.345023214817047119e-01
9.303618073463439941e-01
1.387937664985656738e+00
1.120198845863342285e+00
6.605790853500366211e-01
7.242696285247802734e-01
1.464105129241943359e+00
2.300155878067016602e+00
2.324579715728759766e+00
1.149960398674011230e+00
-7.062332630157470703e-01
-2.080692291259765625e+00
-2.089751243591308594e+00
-7.961972951889038086e-01
7.565249204635620117e-01
1.380279898643493652e+00
6.159310340881347656e-01
-8.781071901321411133e-01
-1.907576799392700195e+00
-1.642039299011230469e+00
-3.063775897026062012e-01
1.085846304893493652e+00
1.498035430908203125e+00
7.226572036743164062e-01
-5.732575654983520508e-01
-1.395672798156738281e+00
-1.291677713394165039e+00
-6.052992343902587891e-01
-1.592889130115509033e-01
-4.518873095512390137e-01
-1.273918628692626953e+00
-1.850852012634277344e+00
-1.569701075553894043e+00
-4.624125957489013672e-01
7.600892782211303711e-01
1.338499307632446289e+00
1.020308375358581543e+00
2.874646782875061035e-01
-1.155025288462638855e-01
2.658320069313049316e-01
1.199304342269897461e+00
2.042932510375976562e+00
2.213360309600830078e+00
1.659817337989807129e+00
7.876595258712768555e-01
1.338613033294677734e-01
-8.687978982925415039e-02
-1.984301209449768066e-02
-1.278906594961881638e-03
-1.870393007993698120e-01
-4.996428191661834717e-01
-7.056056857109069824e-01
-7.018868923187255859e-01
-5.530586242675781250e-01
-4.505337476730346680e-01
-4.752840995788574219e-01
-5.945528745651245117e-01
-6.976708173751831055e-01
-7.817495465278625488e-01
-9.103928804397583008e-01
-1.141572713851928711e+00
-1.344005465507507324e+00
-1.285995483398437500e+00
-7.879546880722045898e-01
2.326828613877296448e-02
7.732671499252319336e-01
1.052961707115173340e+00
7.924120426177978516e-01
3.108494877815246582e-01
1.247268915176391602e-01
4.929661750793457031e-01
1.216381907463073730e+00
1.720537424087524414e+00
1.530066609382629395e+00
6.099730730056762695e-01
-5.539411306381225586e-01
-1.340196847915649414e+00
-1.404515385627746582e+00
-9.248145818710327148e-01
-3.763510882854461670e-01
-1.641759276390075684e-01
-2.936102151870727539e-01
-4.507827162742614746e-01
-2.869301438331604004e-01
2.418727129697799683e-01
8.613865375518798828e-01
1.177322626113891602e+00
1.008304953575134277e+00
4.798967242240905762e-01
-7.582873106002807617e-02
