1.049352765083312988e+00
1.044242024421691895e+00
8.158107101917266846e-02
-1.083398342132568359e+00
-1.784707784652709961e+00
-1.589219331741333008e+00
-6.461511850357055664e-01
4.776262640953063965e-01
1.135284900665283203e+00
1.049939393997192383e+00
3.698349595069885254e-01
-4.613405168056488037e-01
-1.081802725791931152e+00
-1.344195842742919922e+00
-1.348328471183776855e+00
-1.225810766220092773e+00
-1.074900865554809570e+00
-8.964285850524902344e-01
-7.270716428756713867e-01
-6.105663180351257324e-01
-6.035948395729064941e-01
-6.307695508003234863e-01
-5.358625650405883789e-01
-1.449632048606872559e-01
5.195418000221252441e-01
1.232316493988037109e+00
1.621104717254638672e+00
1.453613638877868652e+00
7.686612010002136230e-01
-6.528878211975097656e-02
-6.010202169418334961e-01
-5.240005254745483398e-01
1.203713417053222656e-01
1.017367362976074219e+00
1.724905014038085938e+00
1.972474098205566406e+00
1.747617721557617188e+00
1.322471380233764648e+00
1.024359583854675293e+00
1.088039875030517578e+00
1.462796807289123535e+00
1.895832777023315430e+00
2.031023979187011719e+00
1.678859472274780273e+00
8.893886804580688477e-01
-2.537947893142700195e-02
-7.294147014617919922e-01
-1.023035645484924316e+00
-9.963651299476623535e-01
-8.827325701713562012e-01
-9.069004058837890625e-01
-1.053570389747619629e+00
-1.135844707489013672e+00
-9.213387966156005859e-01
-4.115176796913146973e-01
1.489490270614624023e-01
3.642256557941436768e-01
1.800870895385742188e-02
-8.015510439872741699e-01
-1.681226730346679688e+00
-2.183512210845947266e+00
-2.050521850585937500e+00
-1.373442530632019043e+00
-4.386274218559265137e-01
4.100552797317504883e-01
9.800019264221191406e-01
1.185016274452209473e+00
1.050390481948852539e+00
6.108191013336181641e-01
6.710171699523925781e-03
-5.467370748519897461e-01
-7.459720373153686523e-01
-4.216918051242828369e-01
3.679439425468444824e-01
1.246439456939697266e+00
1.771970987319946289e+00
1.643554449081420898e+00
9.555343389511108398e-01
7.342001795768737793e-02
-5.476816892623901367e-01
-7.052986621856689453e-01
-4.793309569358825684e-01
-1.869471967220306396e-01
-8.100610971450805664e-02
-2.650827169418334961e-01
-6.070162653923034668e-01
-9.384485483169555664e-01
-1.092663764953613281e+00
-1.041845202445983887e+00
-7.906558513641357422e-01
-4.274139404296875000e-01
-2.463823556900024414e-02
2.984841763973236084e-01
5.066629648208618164e-01
6.134259104728698730e-01
7.605091333389282227e-01
1.027474999427795410e+00
1.385165572166442871e+00
1.564063668251037598e+00
1.286416053771972656e+00
4.354152381420135498e-01
-6.827926635742187500e-01
-1.526342749595642090e+00
-1.563816905021667480e+00
-7.361817955970764160e-01
5.552697777748107910e-01
1.619262218475341797e+00
2.016448974609375000e+00
1.738288640975952148e+00
1.195593833923339844e+00
7.384111285209655762e-01
4.426257908344268799e-01
3.127975761890411377e-02
-6.931053400039672852e-01
-1.624106645584106445e+00
-2.263540744781494141e+00
-2.199131965637207031e+00
-1.422077178955078125e+00
-4.904708862304687500e-01
-3.387238085269927979e-02
-3.057991564273834229e-01
-8.583248257637023926e-01
-9.833357334136962891e-01
-2.548590302467346191e-01
9.434537887573242188e-01
1.746519923210144043e+00
1.406499981880187988e+00
4.394796490669250488e-02
-1.451042294502258301e+00
-1.972969412803649902e+00
-1.152585864067077637e+00
4.307403564453125000e-01
1.604130864143371582e+00
1.605905890464782715e+00
5.603142976760864258e-01
-5.831208825111389160e-01
-9.651473164558410645e-01
-4.345279932022094727e-01
2.685240209102630615e-01
2.878543436527252197e-01
-6.623479127883911133e-01
-1.903396964073181152e+00
-2.416469812393188477e+00
-1.583227515220642090e+00
1.865129470825195312e-01
1.844821929931640625e+00
2.401391983032226562e+00
1.742294430732727051e+00
5.423874258995056152e-01
-2.328374385833740234e-01
-1.829864531755447388e-01
3.956110477447509766e-01
7.623680830001831055e-01
4.954747557640075684e-01
-2.909713983535766602e-01
-1.019312858581542969e+00
-1.274358987808227539e+00
-1.016275644302368164e+00
-5.984510779380798340e-01
-2.541124820709228516e-01
3.918260335922241211e-02
5.530849695205688477e-01
1.307849407196044922e+00
1.964772701263427734e+00
1.918048620223999023e+00
9.265348315238952637e-01
-6.458863615989685059e-01
-1.878154039382934570e+00
-2.037223339080810547e+00
-1.052225708961486816e+00
2.979534864425659180e-01
1.066877365112304688e+00
7.712779045104980469e-01
-1.449199467897415161e-01
-7.908304929733276367e-01
-4.673486948013305664e-01
6.566793918609619141e-01
1.763385534286499023e+00
1.939639449119567871e+00
9.922810792922973633e-01
-4.936726093292236328e-01
-1.504586100578308105e+00
-1.442783474922180176e+00
-4.302880167961120605e-01
7.496069073677062988e-01
1.351605772972106934e+00
1.076074957847595215e+00
2.690059542655944824e-01
-5.231817960739135742e-01
-8.868625760078430176e-01
-8.529635071754455566e-01
-6.631774902343750000e-01
-5.922484993934631348e-01
-6.596924662590026855e-01
-7.702953219413757324e-01
-7.555261850357055664e-01
-5.981807112693786621e-01
-3.154908418655395508e-01
2.140223979949951172e-03
3.209763467311859131e-01
5.325685739517211914e-01
5.366614460945129395e-01
2.093743085861206055e-01
-3.744662404060363770e-01
-9.883250594139099121e-01
-1.265005469322204590e+00
-1.026068449020385742e+00
-3.519821763038635254e-01
3.647473156452178955e-01
7.744352817535400391e-01
7.335339784622192383e-01
4.677316844463348389e-01
2.880808413028717041e-01
3.994159400463104248e-01
6.743456125259399414e-01
8.610000610351562500e-01
7.499926090240478516e-01
