5.019984841346740723e-01
4.659783244132995605e-01
-7.680970430374145508e-02
-3.266339600086212158e-01
-5.859272480010986328e-01
-1.171800851821899414e+00
-1.955951213836669922e+00
-2.362195014953613281e+00
-1.729914188385009766e+00
2.634096145629882812e-02
2.187256336212158203e+00
3.515845060348510742e+00
3.107228994369506836e+00
1.022318720817565918e+00
-1.617931127548217773e+00
-3.362751483917236328e+00
-3.323801755905151367e+00
-1.771510601043701172e+00
1.430798619985580444e-01
1.164301633834838867e+00
7.968083620071411133e-01
-4.787226915359497070e-01
-1.589479804039001465e+00
-1.680503129959106445e+00
-6.192157268524169922e-01
9.615694284439086914e-01
2.181935071945190430e+00
2.453409194946289062e+00
1.812699079513549805e+00
7.648763656616210938e-01
-5.497344583272933960e-02
-2.828845977783203125e-01
6.135292351245880127e-02
6.450536251068115234e-01
1.092501878738403320e+00
1.172056078910827637e+00
9.210464358329772949e-01
5.455636978149414062e-01
2.766342163085937500e-01
1.724674254655838013e-01
9.750168025493621826e-02
-1.713816523551940918e-01
-6.927406191825866699e-01
-1.227112531661987305e+00
-1.305273771286010742e+00
-5.734447240829467773e-01
8.643640279769897461e-01
2.335756063461303711e+00
2.940899610519409180e+00
2.122276067733764648e+00
1.336041986942291260e-01
-2.019681453704833984e+00
-3.145723342895507812e+00
-2.622300386428833008e+00
-7.948784232139587402e-01
1.246038556098937988e+00
2.378833293914794922e+00
2.133396625518798828e+00
8.982065916061401367e-01
-4.577519893646240234e-01
-1.212713360786437988e+00
-1.206486701965332031e+00
-7.822787165641784668e-01
-3.974639475345611572e-01
-2.592929005622863770e-01
-2.620683312416076660e-01
-2.044996023178100586e-01
-2.699625492095947266e-02
1.569278240203857422e-01
2.321450412273406982e-01
2.426138818264007568e-01
3.617665767669677734e-01
6.723526716232299805e-01
1.007484316825866699e+00
1.022331595420837402e+00
5.037097334861755371e-01
-3.770843148231506348e-01
-1.096700549125671387e+00
-1.158102631568908691e+00
-4.815543889999389648e-01
4.778765141963958740e-01
1.070955157279968262e+00
9.396042823791503906e-01
3.112634122371673584e-01
-2.195370793342590332e-01
-1.791662722826004028e-01
3.538911044597625732e-01
8.129544258117675781e-01
5.969238877296447754e-01
-3.897102475166320801e-01
-1.625017046928405762e+00
-2.321624279022216797e+00
-2.040563106536865234e+00
-9.999620914459228516e-01
8.251199126243591309e-02
5.629554986953735352e-01
3.240593671798706055e-01
-1.636131405830383301e-01
-2.843698859214782715e-01
2.264968454837799072e-01
1.038330912590026855e+00
1.497126102447509766e+00
1.110187768936157227e+00
-5.096025392413139343e-02
-1.394308924674987793e+00
-2.163315773010253906e+00
-1.930262684822082520e+00
-8.062135577201843262e-01
6.386455893516540527e-01
1.733882188796997070e+00
2.022984981536865234e+00
1.461367964744567871e+00
3.503381609916687012e-01
-8.147409558296203613e-01
-1.587693452835083008e+00
-1.721483230590820312e+00
-1.270962119102478027e+00
-5.182515978813171387e-01
1.663596034049987793e-01
5.444414615631103516e-01
6.127657890319824219e-01
5.858716368675231934e-01
6.954839825630187988e-01
1.019429087638854980e+00
1.395237445831298828e+00
1.564098596572875977e+00
1.355066418647766113e+00
8.427706956863403320e-01
2.750325798988342285e-01
-9.667132794857025146e-02
-2.056839466094970703e-01
-1.713001728057861328e-01
-1.778016984462738037e-01
-2.988827824592590332e-01
-4.678937196731567383e-01
-5.622984170913696289e-01
-5.634356141090393066e-01
-5.801864266395568848e-01
-7.624416351318359375e-01
-1.126293182373046875e+00
-1.511067867279052734e+00
-1.668023109436035156e+00
-1.464640617370605469e+00
-9.832537174224853516e-01
-4.728896617889404297e-01
-1.497949361801147461e-01
-4.857373237609863281e-02
-1.796041429042816162e-02
1.155421361327171326e-01
3.870901763439178467e-01
6.470431089401245117e-01
6.887224912643432617e-01
4.269777536392211914e-01
-1.343834400177001953e-02
-3.745934963226318359e-01
-4.435900151729583740e-01
-1.908995807170867920e-01
2.206245660781860352e-01
5.559290051460266113e-01
6.430549621582031250e-01
4.570950269699096680e-01
1.021431833505630493e-01
-2.542272806167602539e-01
-4.682840108871459961e-01
-4.642787575721740723e-01
-2.755582928657531738e-01
-2.360796928405761719e-02
1.260392665863037109e-01
8.172776550054550171e-02
-1.088451743125915527e-01
-2.425001263618469238e-01
-1.041153669357299805e-01
3.768310546875000000e-01
1.012985229492187500e+00
1.469447612762451172e+00
1.467724084854125977e+00
1.016247510910034180e+00
3.932296633720397949e-01
-3.527775406837463379e-02
-1.198931336402893066e-01
-6.976634263992309570e-03
-2.041014842689037323e-02
-3.309432864189147949e-01
-8.003963232040405273e-01
-1.040445566177368164e+00
-7.665005922317504883e-01
-4.294068366289138794e-02
6.810584068298339844e-01
9.148187637329101562e-01
4.722735583782196045e-01
-3.405431509017944336e-01
-9.718489050865173340e-01
-9.892299175262451172e-01
-4.135014116764068604e-01
3.744409382343292236e-01
9.038310647010803223e-01
9.891240000724792480e-01
7.601509094238281250e-01
5.127980709075927734e-01
3.863808810710906982e-01
3.069728612899780273e-01
7.209101319313049316e-02
-3.690011799335479736e-01
-8.652917146682739258e-01
-1.133310317993164062e+00
-1.039423346519470215e+00
-6.706321239471435547e-01
-2.917799949645996094e-01
-7.611705362796783447e-02
-1.699930429458618164e-02
6.615024805068969727e-02
2.783230543136596680e-01
5.601446628570556641e-01
6.815907955169677734e-01
5.077551603317260742e-01
9.797734022140502930e-02
-2.709972560405731201e-01
