-8.744333982467651367e-01
-8.789923191070556641e-01
-1.409637093544006348e+00
-1.491439938545227051e+00
-1.163861632347106934e+00
-8.510332107543945312e-01
-6.401503086090087891e-01
-6.494115591049194336e-01
-6.457480192184448242e-01
-6.785500049591064453e-01
-6.791913509368896484e-01
-8.357294797897338867e-01
-9.837696552276611328e-01
-1.018126606941223145e+00
-5.822129249572753906e-01
2.725548148155212402e-01
1.414333939552307129e+00
2.290971755981445312e+00
2.620594263076782227e+00
2.183880090713500977e+00
1.304117202758789062e+00
2.881023883819580078e-01
-3.712238967418670654e-01
-5.526212453842163086e-01
-1.417617499828338623e-01
6.136190295219421387e-01
1.540827631950378418e+00
2.221274375915527344e+00
2.457215785980224609e+00
2.032456636428833008e+00
1.171574473381042480e+00
1.639202237129211426e-01
-4.866436123847961426e-01
-6.436287164688110352e-01
-3.471079468727111816e-01
-4.228255152702331543e-02
9.504705667495727539e-04
-3.757764697074890137e-01
-8.837434053421020508e-01
-1.267523527145385742e+00
-1.277704119682312012e+00
-1.054030656814575195e+00
-7.479314804077148438e-01
-5.598605275154113770e-01
-3.636892735958099365e-01
-4.627040028572082520e-02
5.194683074951171875e-01
1.102717161178588867e+00
1.425533413887023926e+00
1.199274063110351562e+00
5.506532192230224609e-01
-2.067430019378662109e-01
-6.274137496948242188e-01
-6.108093261718750000e-01
-3.166512846946716309e-01
-1.485304534435272217e-01
-2.981654405593872070e-01
-7.147316932678222656e-01
-1.047676801681518555e+00
-1.054701447486877441e+00
-6.972756385803222656e-01
-2.586088776588439941e-01
-1.363188028335571289e-02
-8.493752777576446533e-02
-2.706050276756286621e-01
-2.929909229278564453e-01
2.480112016201019287e-02
5.361627936363220215e-01
9.229207038879394531e-01
8.794072270393371582e-01
4.037454724311828613e-01
-2.060214281082153320e-01
-4.859559237957000732e-01
-1.290246993303298950e-01
8.323215246200561523e-01
1.996098637580871582e+00
2.807326793670654297e+00
2.850628376007080078e+00
2.089461326599121094e+00
8.963119983673095703e-01
-1.537397503852844238e-01
-6.025391817092895508e-01
-3.973190784454345703e-01
1.025854721665382385e-01
3.422688841819763184e-01
-1.537978649139404297e-02
-8.771160244941711426e-01
-1.724019289016723633e+00
-2.019180774688720703e+00
-1.548934698104858398e+00
-6.326663494110107422e-01
1.620074212551116943e-01
3.859639763832092285e-01
8.777782320976257324e-02
-3.265565037727355957e-01
-3.991624116897583008e-01
-9.183393418788909912e-02
2.495272755622863770e-01
1.463783532381057739e-01
-4.595085978507995605e-01
-1.137467980384826660e+00
-1.172204017639160156e+00
-2.343566715717315674e-01
1.347242712974548340e+00
2.641728639602661133e+00
2.827342271804809570e+00
1.701063156127929688e+00
-7.712285220623016357e-02
-1.530869007110595703e+00
-1.957842588424682617e+00
-1.438338041305541992e+00
-5.672112703323364258e-01
-1.362249255180358887e-03
1.320079863071441650e-01
1.424318701028823853e-01
4.604020416736602783e-01
1.066964983940124512e+00
1.524597048759460449e+00
1.257862806320190430e+00
1.849508285522460938e-01
-1.181669235229492188e+00
-1.957735300064086914e+00
-1.602048277854919434e+00
-2.534715831279754639e-01
1.270606398582458496e+00
2.098651647567749023e+00
1.809747934341430664e+00
7.129371762275695801e-01
-5.061989426612854004e-01
-1.219491839408874512e+00
-1.278818964958190918e+00
-9.245291948318481445e-01
-5.615892410278320312e-01
-4.149746894836425781e-01
-5.043246746063232422e-01
-7.127763628959655762e-01
-9.631369113922119141e-01
-1.212584733963012695e+00
-1.412259817123413086e+00
-1.430187463760375977e+00
-1.136530160903930664e+00
-5.140884518623352051e-01
2.779417037963867188e-01
9.959650039672851562e-01
1.483032822608947754e+00
1.752019166946411133e+00
1.931687593460083008e+00
2.076140642166137695e+00
2.097306728363037109e+00
1.815305471420288086e+00
1.196330308914184570e+00
4.219067096710205078e-01
-1.589933037757873535e-01
-3.558773398399353027e-01
-2.602047622203826904e-01
-2.535520195960998535e-01
-6.190263032913208008e-01
-1.333857059478759766e+00
-1.951089859008789062e+00
-2.012714147567749023e+00
-1.346171736717224121e+00
-3.505518138408660889e-01
3.644326627254486084e-01
3.179216384887695312e-01
-3.603569865226745605e-01
-1.143085479736328125e+00
-1.379448413848876953e+00
-9.213101863861083984e-01
-7.300600409507751465e-02
5.231514573097229004e-01
5.580719113349914551e-01
1.315255463123321533e-01
-1.879288554191589355e-01
-1.785775646567344666e-02
6.804698705673217773e-01
1.358930945396423340e+00
1.484093189239501953e+00
7.639168500900268555e-01
-3.876415789127349854e-01
-1.316760540008544922e+00
-1.339048147201538086e+00
-4.446513950824737549e-01
9.092944860458374023e-01
1.825137495994567871e+00
1.770352721214294434e+00
6.472337245941162109e-01
-8.809994459152221680e-01
-2.063565731048583984e+00
-2.240462541580200195e+00
-1.530448555946350098e+00
-4.711368083953857422e-01
3.069419786334037781e-02
-4.020698368549346924e-01
-1.634500145912170410e+00
-2.743601560592651367e+00
-2.911319255828857422e+00
-1.664819598197937012e+00
4.142354726791381836e-01
2.326432466506958008e+00
2.925084590911865234e+00
1.996883749961853027e+00
5.385151505470275879e-02
-1.657719016075134277e+00
-2.338960170745849609e+00
-1.763452529907226562e+00
-6.946512460708618164e-01
1.195393949747085571e-01
1.661587059497833252e-01
-1.248163282871246338e-01
-1.580683737993240356e-01
6.491518020629882812e-01
1.972162246704101562e+00
3.152683734893798828e+00
3.293725013732910156e+00
2.299519538879394531e+00
5.472409129142761230e-01
-1.000283360481262207e+00
