-4.259832501411437988e-01
-3.391022384166717529e-01
4.683073461055755615e-01
1.155352592468261719e+00
1.417236566543579102e+00
1.329950571060180664e+00
9.156877398490905762e-01
4.285850524902343750e-01
-5.943356454372406006e-02
-2.925477027893066406e-01
-2.178132236003875732e-01
2.675294280052185059e-01
8.688904047012329102e-01
1.268697142601013184e+00
1.018851280212402344e+00
1.668633967638015747e-01
-9.451659917831420898e-01
-1.581164121627807617e+00
-1.377876758575439453e+00
-4.131201207637786865e-01
5.372762084007263184e-01
7.642719149589538574e-01
-6.275126338005065918e-02
-1.373108983039855957e+00
-2.283729076385498047e+00
-2.019578695297241211e+00
-7.040550708770751953e-01
9.067302346229553223e-01
1.764515638351440430e+00
1.447023153305053711e+00
2.335150837898254395e-01
-9.876800179481506348e-01
-1.557585954666137695e+00
-1.311940193176269531e+00
-7.244044542312622070e-01
-2.843954563140869141e-01
-2.233078181743621826e-01
-2.857445776462554932e-01
-1.912454068660736084e-01
1.400376856327056885e-01
3.844940364360809326e-01
2.341863811016082764e-01
-3.402674198150634766e-01
-8.902163505554199219e-01
-8.936103582382202148e-01
-1.307434439659118652e-01
1.018620729446411133e+00
1.884423732757568359e+00
1.957967281341552734e+00
1.319646239280700684e+00
5.189005732536315918e-01
1.530817151069641113e-01
3.770844638347625732e-01
8.311142325401306152e-01
9.588577747344970703e-01
4.793476462364196777e-01
-3.976200520992279053e-01
-1.178599953651428223e+00
-1.476080417633056641e+00
-1.305627584457397461e+00
-9.696745276451110840e-01
-7.790895700454711914e-01
-7.411971092224121094e-01
-6.463863253593444824e-01
-2.654785513877868652e-01
3.348459005355834961e-01
8.781383037567138672e-01
1.042644739151000977e+00
8.085526227951049805e-01
3.900836706161499023e-01
1.203984618186950684e-01
7.291573286056518555e-02
1.151957064867019653e-01
-2.853858470916748047e-02
-3.821213245391845703e-01
-7.649058103561401367e-01
-8.259288072586059570e-01
-4.829889535903930664e-01
9.359943866729736328e-02
4.656097590923309326e-01
4.048190414905548096e-01
-6.424370408058166504e-02
-5.564788579940795898e-01
-7.897678613662719727e-01
-6.548143625259399414e-01
-4.135017991065979004e-01
-2.815961837768554688e-01
-3.782191872596740723e-01
-4.841921627521514893e-01
-4.352627992630004883e-01
-1.559695601463317871e-01
7.812520861625671387e-02
4.338985681533813477e-02
-3.742478191852569580e-01
-8.626671433448791504e-01
-1.072332859039306641e+00
-7.158235311508178711e-01
2.174705266952514648e-02
7.964856028556823730e-01
1.183754682540893555e+00
1.158135652542114258e+00
8.754370808601379395e-01
6.647614240646362305e-01
5.524480342864990234e-01
4.435201287269592285e-01
9.211045503616333008e-02
-4.197795689105987549e-01
-8.412889242172241211e-01
-7.363359928131103516e-01
-2.898913994431495667e-02
1.041754245758056641e+00
1.840438604354858398e+00
1.920127391815185547e+00
1.148751378059387207e+00
-1.394063234329223633e-02
-9.780700206756591797e-01
-1.213029384613037109e+00
-7.287019491195678711e-01
1.243208944797515869e-01
7.132630944252014160e-01
6.542661190032958984e-01
-1.431675553321838379e-01
-1.272073507308959961e+00
-2.196687221527099609e+00
-2.371168136596679688e+00
-1.679001688957214355e+00
-3.717176318168640137e-01
8.922494649887084961e-01
1.526613593101501465e+00
1.224445104598999023e+00
2.859814763069152832e-01
-6.611919403076171875e-01
-9.349952936172485352e-01
-3.558569550514221191e-01
7.181304693222045898e-01
1.521252870559692383e+00
1.489153981208801270e+00
5.620971918106079102e-01
-6.919561028480529785e-01
-1.543993353843688965e+00
-1.523783683776855469e+00
-7.630153894424438477e-01
2.163978517055511475e-01
8.608577251434326172e-01
9.934486150741577148e-01
8.060756921768188477e-01
6.277350187301635742e-01
5.852184295654296875e-01
5.438260436058044434e-01
2.952268719673156738e-01
-1.568301916122436523e-01
-5.193573832511901855e-01
-4.431161284446716309e-01
1.534850895404815674e-01
9.022089242935180664e-01
1.226887583732604980e+00
7.386487722396850586e-01
-3.792883157730102539e-01
-1.495768547058105469e+00
-1.900633335113525391e+00
-1.383000135421752930e+00
-3.244643807411193848e-01
4.934743046760559082e-01
5.505178570747375488e-01
-1.188475489616394043e-01
-8.448907732963562012e-01
-9.215303063392639160e-01
-2.259156107902526855e-02
1.412048220634460449e+00
2.576138257980346680e+00
2.689808607101440430e+00
1.657777070999145508e+00
-2.499112486839294434e-02
-1.434050083160400391e+00
-1.954113483428955078e+00
-1.448083519935607910e+00
-4.583008289337158203e-01
3.769127726554870605e-01
5.382155179977416992e-01
1.150476783514022827e-01
-5.227401256561279297e-01
-7.906079292297363281e-01
-4.895558953285217285e-01
3.251802921295166016e-01
1.173319578170776367e+00
1.702119827270507812e+00
1.626808643341064453e+00
1.105177164077758789e+00
3.390307128429412842e-01
-2.839630246162414551e-01
-6.379794478416442871e-01
-5.717515945434570312e-01
-2.157489061355590820e-01
3.920413255691528320e-01
9.769644737243652344e-01
1.406251192092895508e+00
1.407982468605041504e+00
1.043906569480895996e+00
4.108793139457702637e-01
-4.888195171952247620e-02
-1.219138950109481812e-01
3.396081030368804932e-01
9.484379291534423828e-01
1.324056625366210938e+00
9.997579455375671387e-01
7.952609658241271973e-02
-1.148549556732177734e+00
-2.049379587173461914e+00
-2.388459682464599609e+00
-2.106539726257324219e+00
-1.642402887344360352e+00
-1.224616765975952148e+00
-1.044996500015258789e+00
-8.090661764144897461e-01
-3.761716485023498535e-01
4.166023135185241699e-01
1.237655282020568848e+00
