4.709197282791137695e-01
3.972331583499908447e-01
-3.208509385585784912e-01
-9.701143503189086914e-01
-1.291244626045227051e+00
-1.274476528167724609e+00
-1.151042461395263672e+00
-1.210186243057250977e+00
-1.527047395706176758e+00
-1.880606293678283691e+00
-1.884304046630859375e+00
-1.285613179206848145e+00
-1.578096896409988403e-01
1.122462987899780273e+00
2.126868963241577148e+00
2.620918989181518555e+00
2.656487464904785156e+00
2.436231613159179688e+00
2.117821216583251953e+00
1.701186418533325195e+00
1.099069714546203613e+00
2.807945311069488525e-01
-6.358551979064941406e-01
-1.432359099388122559e+00
-1.913398265838623047e+00
-1.992121219635009766e+00
-1.675571203231811523e+00
-1.008759140968322754e+00
-7.369112968444824219e-02
9.400078058242797852e-01
1.689289569854736328e+00
1.784082889556884766e+00
1.045610904693603516e+00
-2.548161745071411133e-01
-1.420192003250122070e+00
-1.689694762229919434e+00
-7.530499100685119629e-01
9.658100008964538574e-01
2.493519544601440430e+00
2.919136524200439453e+00
1.991004228591918945e+00
2.994166612625122070e-01
-1.141150951385498047e+00
-1.584461688995361328e+00
-1.046141624450683594e+00
-2.061040401458740234e-01
1.513409018516540527e-01
-2.376470267772674561e-01
-9.493844509124755859e-01
-1.230025172233581543e+00
-6.315504312515258789e-01
6.259859204292297363e-01
1.783820986747741699e+00
2.110106706619262695e+00
1.400930166244506836e+00
1.120919287204742432e-01
-1.010998249053955078e+00
-1.429132699966430664e+00
-1.132973432540893555e+00
-5.212315320968627930e-01
-6.104406714439392090e-02
6.259408593177795410e-02
-1.764665357768535614e-02
-1.552721858024597168e-02
2.381595373153686523e-01
7.131587266921997070e-01
1.221357345581054688e+00
1.583141803741455078e+00
1.678113937377929688e+00
1.467710614204406738e+00
9.370677471160888672e-01
1.522692590951919556e-01
-7.188371419906616211e-01
-1.382768988609313965e+00
-1.592083334922790527e+00
-1.309013843536376953e+00
-8.341785669326782227e-01
-6.371264457702636719e-01
-1.066865921020507812e+00
-2.018974304199218750e+00
-2.936811923980712891e+00
-3.080474853515625000e+00
-2.035518646240234375e+00
-9.374361485242843628e-03
2.182699918746948242e+00
3.571519374847412109e+00
3.541768550872802734e+00
2.199532508850097656e+00
2.716912925243377686e-01
-1.273934960365295410e+00
-1.768319487571716309e+00
-1.123310089111328125e+00
1.606049537658691406e-01
1.349690556526184082e+00
1.855534315109252930e+00
1.553138017654418945e+00
7.565365433692932129e-01
1.707589998841285706e-02
-2.527464628219604492e-01
1.441548019647598267e-02
4.978701472282409668e-01
7.496245503425598145e-01
4.698544144630432129e-01
-2.578584551811218262e-01
-1.050334215164184570e+00
-1.448672294616699219e+00
-1.251046657562255859e+00
-6.077550053596496582e-01
6.915915012359619141e-02
4.287544488906860352e-01
3.861452937126159668e-01
1.831907927989959717e-01
1.548178791999816895e-01
4.923313260078430176e-01
1.066343545913696289e+00
1.540409922599792480e+00
1.574154138565063477e+00
1.074282169342041016e+00
2.218851447105407715e-01
-6.158215999603271484e-01
-1.124759793281555176e+00
-1.172424674034118652e+00
-8.745917081832885742e-01
-4.892446994781494141e-01
-3.058988451957702637e-01
-4.830366969108581543e-01
-9.890482425689697266e-01
-1.574056148529052734e+00
-1.902647495269775391e+00
-1.715592145919799805e+00
-1.033717632293701172e+00
-1.752338260412216187e-01
3.868176043033599854e-01
3.518907427787780762e-01
-1.891010403633117676e-01
-7.507842183113098145e-01
-7.908709049224853516e-01
-9.980482608079910278e-02
9.751200675964355469e-01
1.746934413909912109e+00
1.653434872627258301e+00
7.044841647148132324e-01
-4.988949894905090332e-01
-1.163404345512390137e+00
-8.843700289726257324e-01
7.574915885925292969e-02
9.863612055778503418e-01
1.223813652992248535e+00
7.252342104911804199e-01
1.323294639587402344e-02
-2.705382108688354492e-01
9.970557689666748047e-02
7.390275597572326660e-01
9.925048351287841797e-01
5.074435472488403320e-01
-4.166059494018554688e-01
-1.029689311981201172e+00
-7.260041832923889160e-01
4.231156408786773682e-01
1.658315658569335938e+00
2.065883874893188477e+00
1.268798351287841797e+00
-2.694185078144073486e-01
-1.571188092231750488e+00
-1.853416442871093750e+00
-1.087344288825988770e+00
2.373167872428894043e-02
6.056065559387207031e-01
2.853373885154724121e-01
-5.512092113494873047e-01
-1.089086651802062988e+00
-7.452033758163452148e-01
3.753173351287841797e-01
1.540598034858703613e+00
1.938253521919250488e+00
1.250052928924560547e+00
-1.321007609367370605e-01
-1.419946432113647461e+00
-1.974762082099914551e+00
-1.710218787193298340e+00
-1.046498179435729980e+00
-5.384538173675537109e-01
-4.494053125381469727e-01
-6.320254206657409668e-01
-7.213109135627746582e-01
-4.964674711227416992e-01
-5.785445868968963623e-02
2.597302496433258057e-01
2.027911841869354248e-01
-1.769510209560394287e-01
-5.236772298812866211e-01
-4.581572115421295166e-01
1.339856535196304321e-01
9.700734615325927734e-01
1.566049098968505859e+00
1.553156614303588867e+00
9.526636600494384766e-01
1.408563852310180664e-01
-3.963354527950286865e-01
-4.132960736751556396e-01
-4.109632968902587891e-02
3.135052025318145752e-01
2.986452877521514893e-01
-1.456447392702102661e-01
-7.268034815788269043e-01
-1.034282207489013672e+00
-8.172084093093872070e-01
-1.731348931789398193e-01
5.471556186676025391e-01
9.655844569206237793e-01
9.425790309906005859e-01
6.072188615798950195e-01
2.435008585453033447e-01
4.850088059902191162e-02
3.337152302265167236e-02
4.787527024745941162e-02
-3.943532705307006836e-02
