3.256019651889801025e-01
3.562149107456207275e-01
2.785160839557647705e-01
2.807537317276000977e-01
3.149850070476531982e-01
2.358578890562057495e-01
1.085498556494712830e-02
-3.135567307472229004e-01
-5.367980599403381348e-01
-5.244671702384948730e-01
-2.196706235408782959e-01
2.286212295293807983e-01
6.573455333709716797e-01
9.013446569442749023e-01
9.532867074012756348e-01
8.154569864273071289e-01
5.225628018379211426e-01
2.009124495089054108e-02
-6.692955493927001953e-01
-1.442094326019287109e+00
-2.014075994491577148e+00
-2.142431259155273438e+00
-1.726894855499267578e+00
-9.990871548652648926e-01
-3.307437896728515625e-01
-5.951198190450668335e-02
-1.807259917259216309e-01
-4.136796891689300537e-01
-3.468834459781646729e-01
1.740606427192687988e-01
9.716640114784240723e-01
1.582542657852172852e+00
1.646244287490844727e+00
1.107208490371704102e+00
3.175559341907501221e-01
-2.590437531471252441e-01
-2.994166910648345947e-01
1.388771533966064453e-01
7.409479618072509766e-01
1.115635395050048828e+00
1.081213712692260742e+00
6.842925548553466797e-01
1.598253697156906128e-01
-2.739931643009185791e-01
-4.806187748908996582e-01
-4.583850800991058350e-01
-2.629953622817993164e-01
-5.903588607907295227e-03
2.012933194637298584e-01
2.377622723579406738e-01
6.136875599622726440e-02
-2.696606814861297607e-01
-5.716959238052368164e-01
-6.520608663558959961e-01
-4.167267084121704102e-01
3.308866173028945923e-02
4.638125896453857422e-01
6.433007121086120605e-01
5.042807459831237793e-01
1.734893321990966797e-01
-1.152628064155578613e-01
-1.846299767494201660e-01
-1.785359531641006470e-02
2.535210549831390381e-01
4.468635618686676025e-01
4.459113776683807373e-01
2.397618740797042847e-01
-1.008371040225028992e-01
-4.925687611103057861e-01
-8.650661706924438477e-01
-1.181098580360412598e+00
-1.401626229286193848e+00
-1.501034975051879883e+00
-1.443379759788513184e+00
-1.212663769721984863e+00
-7.844631075859069824e-01
-1.736321598291397095e-01
5.684584379196166992e-01
1.293219208717346191e+00
1.817353129386901855e+00
1.968323111534118652e+00
1.735845446586608887e+00
1.263177514076232910e+00
8.091725111007690430e-01
5.298470854759216309e-01
4.105850756168365479e-01
2.467604726552963257e-01
-1.130727678537368774e-01
-6.363497376441955566e-01
-1.028367042541503906e+00
-1.000086903572082520e+00
-4.834753274917602539e-01
1.857725977897644043e-01
5.146120190620422363e-01
1.656813621520996094e-01
-6.959093213081359863e-01
-1.530695796012878418e+00
-1.740225553512573242e+00
-1.184383630752563477e+00
-2.404284030199050903e-01
4.048719108104705811e-01
3.453599214553833008e-01
-2.925132811069488525e-01
-8.750641942024230957e-01
-8.169328570365905762e-01
2.547112852334976196e-02
1.167863130569458008e+00
1.920713543891906738e+00
1.817829132080078125e+00
9.878512620925903320e-01
-6.684385985136032104e-02
-8.012692928314208984e-01
-1.065407276153564453e+00
-1.029652476310729980e+00
-9.927074313163757324e-01
-9.866610169410705566e-01
-8.205512166023254395e-01
-2.244791984558105469e-01
7.651812434196472168e-01
1.817400693893432617e+00
2.428231716156005859e+00
2.345867156982421875e+00
1.656480312347412109e+00
7.628960013389587402e-01
1.318785548210144043e-02
-4.302478134632110596e-01
-6.675816178321838379e-01
-7.986508011817932129e-01
-8.604480028152465820e-01
-7.627055644989013672e-01
-5.204203724861145020e-01
-2.577582895755767822e-01
-2.065779864788055420e-01
-4.134416282176971436e-01
-7.084782123565673828e-01
-7.382342219352722168e-01
-3.454075455665588379e-01
2.938463687896728516e-01
6.668198704719543457e-01
3.552627265453338623e-01
-6.737232208251953125e-01
-1.914191007614135742e+00
-2.703605413436889648e+00
-2.608386278152465820e+00
-1.759602665901184082e+00
-6.492043137550354004e-01
2.100058794021606445e-01
6.875300407409667969e-01
9.791387319564819336e-01
1.366728305816650391e+00
1.836777806282043457e+00
2.100249290466308594e+00
1.815924763679504395e+00
1.002181768417358398e+00
8.212653547525405884e-02
-3.339812457561492920e-01
6.084505096077919006e-02
1.056361436843872070e+00
2.016408681869506836e+00
2.353579759597778320e+00
1.882244944572448730e+00
9.243876934051513672e-01
-2.428088802844285965e-03
-5.325608253479003906e-01
-6.771035194396972656e-01
-6.849591135978698730e-01
-8.084107637405395508e-01
-1.095496535301208496e+00
-1.434667229652404785e+00
-1.687140822410583496e+00
-1.813972830772399902e+00
-1.822732925415039062e+00
-1.673429250717163086e+00
-1.250656247138977051e+00
-4.868556261062622070e-01
4.693829119205474854e-01
1.233231067657470703e+00
1.387771844863891602e+00
8.036974072456359863e-01
-2.125767916440963745e-01
-1.059598922729492188e+00
-1.250846624374389648e+00
-7.417097091674804688e-01
3.199364244937896729e-02
5.041378736495971680e-01
3.958736956119537354e-01
-6.022612378001213074e-02
-3.298868238925933838e-01
1.680618338286876678e-02
9.378135800361633301e-01
1.961086392402648926e+00
2.497122764587402344e+00
2.284212589263916016e+00
1.516460537910461426e+00
6.968138813972473145e-01
2.226700335741043091e-01
1.645863354206085205e-01
2.378574907779693604e-01
1.249751597642898560e-01
-2.986549139022827148e-01
-8.182183504104614258e-01
-1.103399753570556641e+00
-9.105809330940246582e-01
-3.162228763103485107e-01
3.902557790279388428e-01
8.384523987770080566e-01
8.548777103424072266e-01
4.735725522041320801e-01
-6.327313929796218872e-02
-5.308468937873840332e-01
-7.689424157142639160e-01
-7.969368696212768555e-01
-6.846734285354614258e-01
-5.576986670494079590e-01
-4.554809033870697021e-01
-4.056336581707000732e-01
-3.574051558971405029e-01
