-1.106420159339904785e+00
-1.111728787422180176e+00
-1.104576826095581055e+00
-5.640486478805541992e-01
3.778019845485687256e-01
1.187230229377746582e+00
1.493880987167358398e+00
1.122125029563903809e+00
4.109075963497161865e-01
-2.537850141525268555e-01
-4.925287365913391113e-01
-3.693228363990783691e-01
-6.363058835268020630e-02
1.111876294016838074e-01
1.554267406463623047e-01
1.345606297254562378e-01
2.686051130294799805e-01
5.153856277465820312e-01
7.971887588500976562e-01
8.911231160163879395e-01
8.280823826789855957e-01
6.814297437667846680e-01
6.796602010726928711e-01
8.091332912445068359e-01
9.978131055831909180e-01
9.961910247802734375e-01
7.795668244361877441e-01
3.963086903095245361e-01
1.000541150569915771e-01
-5.515142157673835754e-02
-9.924306720495223999e-02
-2.915357351303100586e-01
-7.122496366500854492e-01
-1.326804637908935547e+00
-1.807610034942626953e+00
-1.932364225387573242e+00
-1.585898280143737793e+00
-1.003785371780395508e+00
-4.422436356544494629e-01
-1.618414074182510376e-01
-1.311689615249633789e-01
-2.652134597301483154e-01
-3.951289653778076172e-01
-5.356618762016296387e-01
-6.838628649711608887e-01
-8.713629841804504395e-01
-9.504035115242004395e-01
-8.195294737815856934e-01
-4.172485172748565674e-01
5.972279608249664307e-02
3.844378590583801270e-01
3.699126839637756348e-01
1.465051770210266113e-01
-9.585140505805611610e-04
2.552596628665924072e-01
9.296111464500427246e-01
1.756071448326110840e+00
2.261650800704956055e+00
2.154739618301391602e+00
1.436517596244812012e+00
4.576535820960998535e-01
-3.939492702484130859e-01
-8.624414205551147461e-01
-9.857210516929626465e-01
-9.268830418586730957e-01
-8.462204337120056152e-01
-7.373184561729431152e-01
-5.158280134201049805e-01
-1.093443334102630615e-01
4.090642929077148438e-01
8.711417913436889648e-01
1.101996183395385742e+00
1.041167378425598145e+00
7.421110272407531738e-01
3.136552870273590088e-01
-1.602930426597595215e-01
-6.264995336532592773e-01
-1.006808400154113770e+00
-1.165921688079833984e+00
-9.417031407356262207e-01
-2.913882732391357422e-01
6.282690763473510742e-01
1.439540624618530273e+00
1.745454072952270508e+00
1.315818548202514648e+00
2.805496752262115479e-01
-9.655922651290893555e-01
-1.924474954605102539e+00
-2.308175563812255859e+00
-2.101652622222900391e+00
-1.565253376960754395e+00
-9.550486207008361816e-01
-4.165112078189849854e-01
1.266713142395019531e-01
7.547929286956787109e-01
1.454434394836425781e+00
1.956105947494506836e+00
1.951903223991394043e+00
1.237294197082519531e+00
8.774089626967906952e-03
-1.273570179939270020e+00
-2.023718118667602539e+00
-1.972179532051086426e+00
-1.218050122261047363e+00
-2.450109273195266724e-01
5.113303661346435547e-01
8.266814947128295898e-01
8.764504790306091309e-01
8.977589607238769531e-01
1.042789578437805176e+00
1.115120530128479004e+00
8.679713010787963867e-01
1.648644059896469116e-01
-6.916047334671020508e-01
-1.231764197349548340e+00
-1.046181201934814453e+00
-2.692687213420867920e-01
5.762143731117248535e-01
8.058153986930847168e-01
2.190573215484619141e-01
-8.411329388618469238e-01
-1.586561918258666992e+00
-1.501622796058654785e+00
-6.188313961029052734e-01
3.553875088691711426e-01
6.984617710113525391e-01
9.526155143976211548e-02
-9.854998588562011719e-01
-1.777232527732849121e+00
-1.662431955337524414e+00
-7.518436312675476074e-01
3.679219186305999756e-01
9.908085465431213379e-01
9.592513442039489746e-01
6.101310253143310547e-01
5.568966269493103027e-01
1.026642203330993652e+00
1.784826874732971191e+00
2.229872226715087891e+00
2.036031246185302734e+00
1.314049005508422852e+00
6.249511241912841797e-01
3.789079785346984863e-01
5.933939218521118164e-01
7.781659364700317383e-01
4.846394360065460205e-01
-3.826682865619659424e-01
-1.350620031356811523e+00
-1.855093359947204590e+00
-1.611335754394531250e+00
-9.503297805786132812e-01
-4.480684399604797363e-01
-5.273301601409912109e-01
-1.008946657180786133e+00
-1.350988626480102539e+00
-1.036890983581542969e+00
-1.214363574981689453e-01
8.538147807121276855e-01
1.203451275825500488e+00
7.221297025680541992e-01
-2.049745321273803711e-01
-8.308842182159423828e-01
-6.832730174064636230e-01
1.434821784496307373e-01
1.036301136016845703e+00
1.412997126579284668e+00
1.113793253898620605e+00
5.156805515289306641e-01
1.254178732633590698e-01
1.693620532751083374e-01
3.801614046096801758e-01
2.800335586071014404e-01
-3.997740745544433594e-01
-1.423245906829833984e+00
-2.201338052749633789e+00
-2.216010808944702148e+00
-1.416093826293945312e+00
-2.641074657440185547e-01
5.927303433418273926e-01
7.588481903076171875e-01
3.326781094074249268e-01
-2.303382903337478638e-01
-4.476260542869567871e-01
-1.526986509561538696e-01
4.765289425849914551e-01
1.057093501091003418e+00
1.311025977134704590e+00
1.162087678909301758e+00
7.708664536476135254e-01
3.371019959449768066e-01
4.674599319696426392e-02
-4.187969118356704712e-02
9.843201935291290283e-02
4.064836800098419189e-01
8.260916471481323242e-01
1.208686232566833496e+00
1.447798609733581543e+00
1.437181234359741211e+00
1.231469273567199707e+00
9.225328564643859863e-01
6.850426197052001953e-01
5.566754341125488281e-01
5.275513529777526855e-01
4.416537582874298096e-01
2.262830436229705811e-01
-1.785785406827926636e-01
-6.510522365570068359e-01
-1.097645998001098633e+00
-1.366177439689636230e+00
-1.462102532386779785e+00
-1.381366133689880371e+00
-1.240980744361877441e+00
-1.047434687614440918e+00
-8.496858477592468262e-01
-5.596247315406799316e-01
-1.911129504442214966e-01
2.865219712257385254e-01
