4.334208071231842041e-01
4.611993432044982910e-01
-1.138415932655334473e-01
-5.867986083030700684e-01
-7.784062623977661133e-01
-7.405824065208435059e-01
-6.345657706260681152e-01
-6.120402216911315918e-01
-6.398687362670898438e-01
-6.088125705718994141e-01
-4.364331662654876709e-01
-2.232170999050140381e-01
-1.282427161931991577e-01
-2.350544035434722900e-01
-3.793420195579528809e-01
-2.885326743125915527e-01
2.194302976131439209e-01
9.829709529876708984e-01
1.585733413696289062e+00
1.589800596237182617e+00
9.113652110099792480e-01
-1.227957010269165039e-01
-9.252831935882568359e-01
-1.061910867691040039e+00
-4.713505506515502930e-01
4.919005632400512695e-01
1.341538429260253906e+00
1.700673460960388184e+00
1.493904829025268555e+00
8.687558770179748535e-01
9.992441534996032715e-02
-5.723034143447875977e-01
-9.741630554199218750e-01
-1.066195726394653320e+00
-9.161409139633178711e-01
-6.931266188621520996e-01
-5.273509025573730469e-01
-4.200370907783508301e-01
-1.864908784627914429e-01
3.706286549568176270e-01
1.241151332855224609e+00
2.060467958450317383e+00
2.285272598266601562e+00
1.583722829818725586e+00
1.989248096942901611e-01
-1.091783046722412109e+00
-1.453323841094970703e+00
-6.258751153945922852e-01
8.034517765045166016e-01
1.746150732040405273e+00
1.381502032279968262e+00
-2.166369855403900146e-01
-2.100813150405883789e+00
-3.117743492126464844e+00
-2.737165927886962891e+00
-1.379375457763671875e+00
-3.381085395812988281e-02
5.431546568870544434e-01
3.383436799049377441e-01
-2.993661165237426758e-02
2.904130890965461731e-02
5.552192330360412598e-01
1.021130204200744629e+00
9.086872339248657227e-01
2.312151193618774414e-01
-3.985871076583862305e-01
-3.506360650062561035e-01
4.266115427017211914e-01
1.232770204544067383e+00
1.218259453773498535e+00
1.170985102653503418e-01
-1.373411893844604492e+00
-2.117978096008300781e+00
-1.410206317901611328e+00
3.595254123210906982e-01
1.997364997863769531e+00
2.367297172546386719e+00
1.325062632560729980e+00
-2.415138334035873413e-01
-1.085857272148132324e+00
-6.503919959068298340e-01
5.910572409629821777e-01
1.519914865493774414e+00
1.372302055358886719e+00
2.620136737823486328e-01
-9.272816181182861328e-01
-1.400797724723815918e+00
-1.026539325714111328e+00
-4.204716682434082031e-01
-2.354399263858795166e-01
-5.989873409271240234e-01
-9.254904985427856445e-01
-5.543004870414733887e-01
6.680798530578613281e-01
2.083905220031738281e+00
2.786995410919189453e+00
2.252077817916870117e+00
8.228899240493774414e-01
-6.710125207901000977e-01
-1.476308822631835938e+00
-1.514010906219482422e+00
-1.192195296287536621e+00
-1.016545772552490234e+00
-1.039884924888610840e+00
-1.007410764694213867e+00
-6.507154703140258789e-01
-1.705472469329833984e-01
-3.264737129211425781e-02
-6.170578598976135254e-01
-1.665092825889587402e+00
-2.463053941726684570e+00
-2.263927936553955078e+00
-1.009377002716064453e+00
6.804049015045166016e-01
1.860947251319885254e+00
2.082140922546386719e+00
1.576331496238708496e+00
1.079812288284301758e+00
1.052254080772399902e+00
1.392563581466674805e+00
1.484669685363769531e+00
9.248486757278442383e-01
-1.478415727615356445e-01
-1.010534763336181641e+00
-1.069599747657775879e+00
-2.843011319637298584e-01
6.576386690139770508e-01
9.955463409423828125e-01
4.000116586685180664e-01
-6.754713654518127441e-01
-1.503525495529174805e+00
-1.568213224411010742e+00
-1.033730268478393555e+00
-3.980163335800170898e-01
-9.968181699514389038e-02
-4.370516538619995117e-02
1.228708326816558838e-01
6.769713163375854492e-01
1.369096875190734863e+00
1.702302813529968262e+00
1.306574344635009766e+00
4.465519189834594727e-01
-2.343991994857788086e-01
-1.628657877445220947e-01
5.167312026023864746e-01
1.082179069519042969e+00
7.098650932312011719e-01
-6.886875629425048828e-01
-2.375337123870849609e+00
-3.177664041519165039e+00
-2.471501588821411133e+00
-6.003605127334594727e-01
1.245116233825683594e+00
1.972259759902954102e+00
1.271562576293945312e+00
-1.239562034606933594e-01
-1.129895448684692383e+00
-1.049238324165344238e+00
-1.275313198566436768e-01
8.001156449317932129e-01
9.192333817481994629e-01
1.336244642734527588e-01
-9.864189624786376953e-01
-1.602962851524353027e+00
-1.320130944252014160e+00
-3.708162605762481689e-01
5.313025712966918945e-01
8.035274744033813477e-01
3.294127285480499268e-01
-4.311046004295349121e-01
-8.538568019866943359e-01
-5.221873521804809570e-01
4.351159334182739258e-01
1.480262756347656250e+00
1.931962251663208008e+00
1.435263156890869141e+00
1.429193615913391113e-01
-1.275176644325256348e+00
-2.031925201416015625e+00
-1.626127243041992188e+00
-2.169284522533416748e-01
1.462198019027709961e+00
2.466706037521362305e+00
2.250375509262084961e+00
9.779397845268249512e-01
-5.373939275741577148e-01
-1.394445896148681641e+00
-1.160564661026000977e+00
-1.637648940086364746e-01
8.013979196548461914e-01
1.024543523788452148e+00
3.825360536575317383e-01
-6.447713375091552734e-01
-1.349316358566284180e+00
-1.318455219268798828e+00
-6.519371271133422852e-01
1.937399208545684814e-01
7.991350293159484863e-01
1.034753680229187012e+00
1.036167502403259277e+00
9.594775438308715820e-01
8.034142851829528809e-01
4.575886726379394531e-01
-9.195852279663085938e-02
-6.339354515075683594e-01
-8.493783473968505859e-01
-5.771068334579467773e-01
-1.280701160430908203e-02
4.054010212421417236e-01
3.168195486068725586e-01
-2.437484264373779297e-01
-8.662025332450866699e-01
-1.060056447982788086e+00
-6.597793102264404297e-01
6.399311125278472900e-02
5.994538068771362305e-01
6.121953129768371582e-01
