-6.938629746437072754e-01
-7.140090465545654297e-01
4.773319363594055176e-01
1.392401456832885742e+00
1.715418338775634766e+00
1.616123318672180176e+00
1.324690937995910645e+00
1.049827575683593750e+00
6.480475664138793945e-01
2.396616339683532715e-02
-7.981615066528320312e-01
-1.392826437950134277e+00
-1.388421535491943359e+00
-6.399221420288085938e-01
4.134857058525085449e-01
1.182249665260314941e+00
1.204695940017700195e+00
6.440556049346923828e-01
-1.213032007217407227e-02
-2.245810925960540771e-01
2.707626484334468842e-02
4.083564579486846924e-01
4.528900086879730225e-01
1.407392919063568115e-01
-1.860502660274505615e-01
-3.502368927001953125e-02
6.231144666671752930e-01
1.350248098373413086e+00
1.445598959922790527e+00
6.363435983657836914e-01
-7.501499652862548828e-01
-1.896920919418334961e+00
-2.200958728790283203e+00
-1.629145860671997070e+00
-7.839967012405395508e-01
-3.156140446662902832e-01
-4.944213032722473145e-01
-9.934263229370117188e-01
-1.314944386482238770e+00
-1.181165933609008789e+00
-7.886284589767456055e-01
-4.905624985694885254e-01
-4.549591839313507080e-01
-4.478432238101959229e-01
-1.418101042509078979e-01
5.178807377815246582e-01
1.111868739128112793e+00
1.085535407066345215e+00
2.522732317447662354e-01
-9.105010032653808594e-01
-1.568447589874267578e+00
-1.176768064498901367e+00
1.453965902328491211e-02
1.088948369026184082e+00
1.151220679283142090e+00
3.835290670394897461e-02
-1.524224877357482910e+00
-2.487095117568969727e+00
-2.267866373062133789e+00
-1.183024525642395020e+00
-9.840488433837890625e-02
3.017006218433380127e-01
1.061320900917053223e-01
5.309224128723144531e-03
6.491928100585937500e-01
1.952590942382812500e+00
3.127441167831420898e+00
3.256112813949584961e+00
2.127698183059692383e+00
4.155317842960357666e-01
-7.555744051933288574e-01
-7.465326786041259766e-01
1.618731170892715454e-01
9.399147033691406250e-01
7.091600894927978516e-01
-6.268769502639770508e-01
-2.234493255615234375e+00
-3.074102640151977539e+00
-2.599131584167480469e+00
-1.199678540229797363e+00
2.410832047462463379e-01
9.370574951171875000e-01
7.958189249038696289e-01
2.394267618656158447e-01
-1.547792255878448486e-01
-2.098154127597808838e-01
-7.050728052854537964e-02
-1.376210153102874756e-02
-8.378125727176666260e-03
1.576707065105438232e-01
7.032716870307922363e-01
1.416709780693054199e+00
1.827996969223022461e+00
1.462675690650939941e+00
3.977611064910888672e-01
-8.063200116157531738e-01
-1.358871698379516602e+00
-9.380338191986083984e-01
1.618548035621643066e-01
1.128081917762756348e+00
1.344826936721801758e+00
7.203246355056762695e-01
-1.734348535537719727e-01
-6.918064355850219727e-01
-5.018651485443115234e-01
9.199255704879760742e-02
5.583691596984863281e-01
4.755567908287048340e-01
-4.929494857788085938e-02
-6.443544626235961914e-01
-9.252662062644958496e-01
-9.342622756958007812e-01
-9.536834359169006348e-01
-1.300308227539062500e+00
-1.870222806930541992e+00
-2.269628286361694336e+00
-2.019827365875244141e+00
-1.090692400932312012e+00
1.131598949432373047e-01
9.093075394630432129e-01
9.441711902618408203e-01
3.675971329212188721e-01
-1.797029674053192139e-01
-1.516369283199310303e-01
5.679150819778442383e-01
1.472110629081726074e+00
1.892575502395629883e+00
1.415880680084228516e+00
2.818009555339813232e-01
-8.622335791587829590e-01
-1.336027741432189941e+00
-9.550882577896118164e-01
-3.435339033603668213e-02
8.270380496978759766e-01
1.263124585151672363e+00
1.295141935348510742e+00
1.273549318313598633e+00
1.452160120010375977e+00
1.780725479125976562e+00
1.876099944114685059e+00
1.395195126533508301e+00
3.170603513717651367e-01
-9.434794187545776367e-01
-1.831996321678161621e+00
-1.999426722526550293e+00
-1.550315618515014648e+00
-8.945937752723693848e-01
-4.234764873981475830e-01
-2.078304290771484375e-01
-7.967293262481689453e-03
4.576262831687927246e-01
1.201390266418457031e+00
1.889998435974121094e+00
2.078992843627929688e+00
1.560772657394409180e+00
5.764426589012145996e-01
-3.379710614681243896e-01
-6.895139217376708984e-01
-3.794351816177368164e-01
2.805067300796508789e-01
7.712818980216979980e-01
7.519651651382446289e-01
1.982114911079406738e-01
-5.990958809852600098e-01
-1.306783914566040039e+00
-1.665764212608337402e+00
-1.610389471054077148e+00
-1.145804762840270996e+00
-3.935806453227996826e-01
4.728892445564270020e-01
1.120289921760559082e+00
1.243496060371398926e+00
6.594470739364624023e-01
-4.123455286026000977e-01
-1.502267241477966309e+00
-2.045142173767089844e+00
-1.853249669075012207e+00
-1.142183661460876465e+00
-4.817636609077453613e-01
-2.609636485576629639e-01
-5.181884765625000000e-01
-8.220064043998718262e-01
-7.656069993972778320e-01
-1.889749467372894287e-01
5.628257989883422852e-01
1.059686899185180664e+00
1.016768813133239746e+00
6.583845019340515137e-01
3.705957531929016113e-01
5.004583597183227539e-01
9.187525510787963867e-01
1.300395846366882324e+00
1.290279626846313477e+00
9.917967319488525391e-01
7.247007489204406738e-01
8.815817832946777344e-01
1.381324291229248047e+00
1.865682721138000488e+00
1.832900762557983398e+00
1.270983695983886719e+00
5.409287810325622559e-01
2.740038037300109863e-01
6.441438198089599609e-01
1.350229859352111816e+00
1.624004244804382324e+00
1.027620911598205566e+00
-3.648072183132171631e-01
-1.795414209365844727e+00
-2.582412004470825195e+00
-2.416387796401977539e+00
-1.747809290885925293e+00
-1.169367551803588867e+00
-1.115930676460266113e+00
-1.336566686630249023e+00
-1.362163901329040527e+00
-7.543032169342041016e-01
2.929702401161193848e-01
