-1.290678739547729492e+00
-1.299896478652954102e+00
-1.324888944625854492e+00
-8.601288795471191406e-01
1.323681473731994629e-01
1.308211088180541992e+00
2.250097513198852539e+00
2.547544240951538086e+00
2.161509752273559570e+00
1.282309174537658691e+00
3.520536422729492188e-01
-3.135194778442382812e-01
-5.108016729354858398e-01
-3.474087417125701904e-01
1.102295517921447754e-02
2.918015122413635254e-01
3.838469982147216797e-01
2.192971706390380859e-01
-6.383609771728515625e-02
-3.401899933815002441e-01
-4.219336509704589844e-01
-3.121357858180999756e-01
-7.550658285617828369e-02
5.679807066917419434e-02
-1.152721047401428223e-02
-2.800345718860626221e-01
-4.800410270690917969e-01
-3.829029798507690430e-01
1.509941518306732178e-01
8.843222260475158691e-01
1.444207549095153809e+00
1.413487434387207031e+00
7.512540817260742188e-01
-2.917404472827911377e-01
-1.188391685485839844e+00
-1.597295284271240234e+00
-1.427079319953918457e+00
-9.738448262214660645e-01
-5.396659374237060547e-01
-3.328953087329864502e-01
-2.378408610820770264e-01
-9.840229153633117676e-02
1.969436705112457275e-01
4.508964121341705322e-01
4.003191590309143066e-01
-1.828750967979431152e-01
-1.148989439010620117e+00
-2.124305248260498047e+00
-2.598594188690185547e+00
-2.358573913574218750e+00
-1.509753584861755371e+00
-5.270273089408874512e-01
1.423398703336715698e-01
2.209986448287963867e-01
-1.508876681327819824e-01
-6.413449048995971680e-01
-8.328183889389038086e-01
-5.694328546524047852e-01
7.595599442720413208e-02
7.701706886291503906e-01
1.231174707412719727e+00
1.298748135566711426e+00
1.109140872955322266e+00
8.873239159584045410e-01
8.655712008476257324e-01
1.024477720260620117e+00
1.190929412841796875e+00
1.097856402397155762e+00
6.965778470039367676e-01
1.585102081298828125e-01
-1.348412334918975830e-01
4.538008570671081543e-02
6.488848328590393066e-01
1.256197094917297363e+00
1.431974768638610840e+00
9.794677495956420898e-01
1.893446445465087891e-01
-4.028055965900421143e-01
-3.271148800849914551e-01
4.044148325920104980e-01
1.349972724914550781e+00
1.873992204666137695e+00
1.637009859085083008e+00
7.372030019760131836e-01
-3.616652488708496094e-01
-1.248370885848999023e+00
-1.770062208175659180e+00
-2.074253559112548828e+00
-2.295588493347167969e+00
-2.381185770034790039e+00
-2.071897506713867188e+00
-1.233208656311035156e+00
-7.435476779937744141e-02
8.182998895645141602e-01
8.950610756874084473e-01
3.392702341079711914e-02
-1.256008863449096680e+00
-2.172535657882690430e+00
-2.132249832153320312e+00
-1.203659057617187500e+00
2.040639519691467285e-03
7.778427600860595703e-01
8.718409538269042969e-01
5.878027677536010742e-01
4.903809726238250732e-01
8.518484830856323242e-01
1.427056789398193359e+00
1.637293100357055664e+00
1.119987130165100098e+00
7.641344517469406128e-02
-7.954407334327697754e-01
-8.442597389221191406e-01
1.527461409568786621e-02
1.158350825309753418e+00
1.689169764518737793e+00
1.081530570983886719e+00
-3.969237208366394043e-01
-1.853211164474487305e+00
-2.360478878021240234e+00
-1.604822158813476562e+00
-7.149890065193176270e-02
1.284873485565185547e+00
1.688097000122070312e+00
1.008652567863464355e+00
-1.894004344940185547e-01
-1.067203760147094727e+00
-1.038552045822143555e+00
-1.011610031127929688e-01
1.232968926429748535e+00
2.283657073974609375e+00
2.614218711853027344e+00
2.228213548660278320e+00
1.494811773300170898e+00
8.637075424194335938e-01
5.802716016769409180e-01
5.477057695388793945e-01
4.379803240299224854e-01
-6.002745032310485840e-02
-9.870355725288391113e-01
-2.048273086547851562e+00
-2.769363403320312500e+00
-2.804750680923461914e+00
-2.166291475296020508e+00
-1.238411188125610352e+00
-5.144789814949035645e-01
-2.722004354000091553e-01
-3.767523169517517090e-01
-4.103357791900634766e-01
3.393590450286865234e-03
8.703653812408447266e-01
1.789545655250549316e+00
2.200586795806884766e+00
1.793838262557983398e+00
7.293583154678344727e-01
-4.320217967033386230e-01
-1.098586916923522949e+00
-9.898126125335693359e-01
-2.901145517826080322e-01
5.322755575180053711e-01
1.008430719375610352e+00
9.316257238388061523e-01
3.839303255081176758e-01
-3.513355255126953125e-01
-9.703477621078491211e-01
-1.221750259399414062e+00
-9.889831542968750000e-01
-2.942735850811004639e-01
6.371871232986450195e-01
1.450867176055908203e+00
1.771848201751708984e+00
1.460077285766601562e+00
6.959648728370666504e-01
-6.282308697700500488e-02
-4.276763498783111572e-01
-3.327418267726898193e-01
-1.481093168258666992e-01
-3.619270324707031250e-01
-1.207579731941223145e+00
-2.357275962829589844e+00
-3.124220371246337891e+00
-2.883592605590820312e+00
-1.597842693328857422e+00
1.468079686164855957e-01
1.452637434005737305e+00
1.754969716072082520e+00
1.121914148330688477e+00
2.117112129926681519e-01
-2.851228713989257812e-01
-6.250521540641784668e-02
5.953708887100219727e-01
1.177009105682373047e+00
1.311177968978881836e+00
1.087908148765563965e+00
8.358500599861145020e-01
8.481963872909545898e-01
1.029292941093444824e+00
1.053528904914855957e+00
5.957245230674743652e-01
-2.599624693393707275e-01
-1.104357600212097168e+00
-1.403321504592895508e+00
-9.827413558959960938e-01
-8.919668197631835938e-02
6.869869232177734375e-01
9.090003967285156250e-01
4.890890121459960938e-01
-1.999824941158294678e-01
-7.117542028427124023e-01
-7.459433078765869141e-01
-4.164367914199829102e-01
-1.559704542160034180e-02
1.267759203910827637e-01
-2.458149194717407227e-02
-3.264322578907012939e-01
-4.891704916954040527e-01
-4.017476439476013184e-01
-8.585702627897262573e-02
