-2.037866413593292236e-01
-1.700287461280822754e-01
-2.113700509071350098e-01
-5.240951776504516602e-01
-9.565259814262390137e-01
-1.079289197921752930e+00
-6.561742424964904785e-01
2.399960011243820190e-01
1.075966715812683105e+00
1.332796216011047363e+00
7.555859088897705078e-01
-3.065966665744781494e-01
-1.248799085617065430e+00
-1.489739894866943359e+00
-9.637317061424255371e-01
5.473732948303222656e-03
8.572449088096618652e-01
1.284213542938232422e+00
1.247219681739807129e+00
9.837703108787536621e-01
6.450557708740234375e-01
2.975593805313110352e-01
-1.240330040454864502e-01
-5.412126779556274414e-01
-7.930116057395935059e-01
-6.497721076011657715e-01
-1.254268586635589600e-01
5.574142932891845703e-01
1.004227042198181152e+00
1.008622884750366211e+00
6.070468425750732422e-01
1.125035881996154785e-01
-2.238694429397583008e-01
-3.062479496002197266e-01
-2.826180458068847656e-01
-2.730152010917663574e-01
-2.894142866134643555e-01
-1.715791821479797363e-01
1.462112069129943848e-01
5.425989031791687012e-01
6.638126373291015625e-01
2.536461651325225830e-01
-6.499989032745361328e-01
-1.592217683792114258e+00
-2.019879817962646484e+00
-1.594006538391113281e+00
-4.834325313568115234e-01
8.051280379295349121e-01
1.707750678062438965e+00
1.993870854377746582e+00
1.784767389297485352e+00
1.418846368789672852e+00
1.118169546127319336e+00
9.127197861671447754e-01
6.720755100250244141e-01
3.433338701725006104e-01
3.709923475980758667e-03
-1.650774329900741577e-01
-8.319750428199768066e-02
1.697412431240081787e-01
3.779788017272949219e-01
3.842183351516723633e-01
1.745294779539108276e-01
-1.064849793910980225e-01
-3.102267384529113770e-01
-3.643655776977539062e-01
-3.052242696285247803e-01
-1.791119724512100220e-01
-9.105583652853965759e-03
2.107841223478317261e-01
4.127889871597290039e-01
4.553739428520202637e-01
1.772221177816390991e-01
-4.426470696926116943e-01
-1.232443690299987793e+00
-1.889398336410522461e+00
-2.176517486572265625e+00
-2.056779146194458008e+00
-1.696767449378967285e+00
-1.301556587219238281e+00
-9.638744592666625977e-01
-6.218869090080261230e-01
-1.953650116920471191e-01
2.707237005233764648e-01
5.696357488632202148e-01
4.895142316818237305e-01
3.694762010127305984e-03
-6.344854831695556641e-01
-1.034978389739990234e+00
-9.219411015510559082e-01
-3.398549258708953857e-01
3.815755546092987061e-01
8.443278670310974121e-01
8.500835895538330078e-01
5.000705718994140625e-01
1.061650514602661133e-01
-4.641824960708618164e-02
1.413785815238952637e-01
5.482529997825622559e-01
9.533957242965698242e-01
1.172738552093505859e+00
1.152320504188537598e+00
9.571878314018249512e-01
7.308775186538696289e-01
6.073620319366455078e-01
6.663903594017028809e-01
8.690014481544494629e-01
1.071113348007202148e+00
1.058970451354980469e+00
6.912205219268798828e-01
-1.650708913803100586e-02
-8.433385491371154785e-01
-1.489122509956359863e+00
-1.718583583831787109e+00
-1.499471426010131836e+00
-9.545130729675292969e-01
-2.597298026084899902e-01
4.938537478446960449e-01
1.254537105560302734e+00
1.930206775665283203e+00
2.267822980880737305e+00
1.975014328956604004e+00
9.084156751632690430e-01
-6.801034212112426758e-01
-2.220787048339843750e+00
-3.081007480621337891e+00
-3.002680778503417969e+00
-2.229546546936035156e+00
-1.378598690032958984e+00
-9.530268907546997070e-01
-1.049133658409118652e+00
-1.285517096519470215e+00
-1.197033643722534180e+00
-5.721772909164428711e-01
3.302633166313171387e-01
1.056576848030090332e+00
1.257898569107055664e+00
9.889820814132690430e-01
5.358639955520629883e-01
1.905888915061950684e-01
-4.901382327079772949e-02
-3.426634371280670166e-01
-8.324018716812133789e-01
-1.342072963714599609e+00
-1.533066272735595703e+00
-1.112191438674926758e+00
-1.983786821365356445e-01
7.923891544342041016e-01
1.355811595916748047e+00
1.368232727050781250e+00
1.070558309555053711e+00
9.339645504951477051e-01
1.158879280090332031e+00
1.607712864875793457e+00
1.855736732482910156e+00
1.672381043434143066e+00
1.131267547607421875e+00
6.192917227745056152e-01
3.621067106723785400e-01
2.997140884399414062e-01
4.174980521202087402e-02
-6.242349147796630859e-01
-1.550568103790283203e+00
-2.141499996185302734e+00
-1.920978069305419922e+00
-8.479621410369873047e-01
4.407869875431060791e-01
1.173902273178100586e+00
8.877811431884765625e-01
-9.454065561294555664e-02
-1.039484143257141113e+00
-1.238304138183593750e+00
-6.668033599853515625e-01
1.639938652515411377e-01
5.243805050849914551e-01
2.034146189689636230e-01
-4.565873146057128906e-01
-7.093441486358642578e-01
-1.639123558998107910e-01
1.021178722381591797e+00
2.084198951721191406e+00
2.351693153381347656e+00
1.565247535705566406e+00
1.945754587650299072e-01
-1.046498775482177734e+00
-1.494885206222534180e+00
-1.042093992233276367e+00
6.584317982196807861e-02
1.288971543312072754e+00
2.236307859420776367e+00
2.591719150543212891e+00
2.295662879943847656e+00
1.332510113716125488e+00
-4.548993706703186035e-02
-1.502163648605346680e+00
-2.502894878387451172e+00
-2.733331680297851562e+00
-2.113661050796508789e+00
-1.041975855827331543e+00
-9.011775255203247070e-03
5.195139646530151367e-01
5.331007838249206543e-01
2.597284913063049316e-01
1.347484290599822998e-01
3.289100527763366699e-01
8.143589496612548828e-01
1.241155862808227539e+00
1.342794537544250488e+00
9.185839295387268066e-01
1.018112003803253174e-01
-8.949237465858459473e-01
-1.685238599777221680e+00
-2.028328180313110352e+00
-1.725253582000732422e+00
-8.866386413574218750e-01
2.683135867118835449e-01
1.303929209709167480e+00
