4.540783166885375977e-01
3.938300609588623047e-01
8.084764480590820312e-01
1.272523880004882812e+00
1.508111238479614258e+00
1.163581728935241699e+00
3.592298030853271484e-01
-6.249805092811584473e-01
-1.252815365791320801e+00
-1.342614769935607910e+00
-9.179747104644775391e-01
-4.172226786613464355e-01
-1.356338858604431152e-01
-2.744182646274566650e-01
-6.069900989532470703e-01
-8.983753919601440430e-01
-8.538229465484619141e-01
-5.064349174499511719e-01
6.197255849838256836e-02
5.880792140960693359e-01
9.650709629058837891e-01
1.034618854522705078e+00
7.973653674125671387e-01
2.028175741434097290e-01
-5.868265628814697266e-01
-1.365198612213134766e+00
-1.750392436981201172e+00
-1.554073691368103027e+00
-7.852995395660400391e-01
1.319030523300170898e-01
7.078184485435485840e-01
5.554301738739013672e-01
-1.966930925846099854e-01
-1.055980324745178223e+00
-1.343007564544677734e+00
-7.514609098434448242e-01
5.055974125862121582e-01
1.693105697631835938e+00
2.092546463012695312e+00
1.400862693786621094e+00
2.646243572235107422e-02
-1.218016147613525391e+00
-1.584137678146362305e+00
-9.347109794616699219e-01
2.099678963422775269e-01
1.000847220420837402e+00
8.896982073783874512e-01
2.295851707458496094e-03
-9.332327842712402344e-01
-1.131785869598388672e+00
-3.487254977226257324e-01
8.963354229927062988e-01
1.649297475814819336e+00
1.227387547492980957e+00
-2.606227397918701172e-01
-1.886609077453613281e+00
-2.539191246032714844e+00
-1.648400306701660156e+00
3.422871232032775879e-01
2.290775537490844727e+00
3.041432857513427734e+00
2.231298208236694336e+00
4.183624088764190674e-01
-1.263691544532775879e+00
-1.944519400596618652e+00
-1.435349583625793457e+00
-3.101672828197479248e-01
7.058796882629394531e-01
1.147707819938659668e+00
1.125555634498596191e+00
9.487624168395996094e-01
8.712282180786132812e-01
7.622741460800170898e-01
4.226245582103729248e-01
-2.376803457736968994e-01
-8.787323832511901855e-01
-1.092189073562622070e+00
-6.326465010643005371e-01
1.524807065725326538e-01
6.633503437042236328e-01
3.565545082092285156e-01
-6.223366260528564453e-01
-1.619438648223876953e+00
-1.757468938827514648e+00
-7.756655812263488770e-01
8.647008538246154785e-01
2.066531658172607422e+00
2.016129970550537109e+00
6.011483073234558105e-01
-1.291811704635620117e+00
-2.523616075515747070e+00
-2.261602401733398438e+00
-6.868050694465637207e-01
1.340811014175415039e+00
2.674306869506835938e+00
2.767853736877441406e+00
1.737771272659301758e+00
3.594634532928466797e-01
-6.788139343261718750e-01
-9.762940406799316406e-01
-7.249688506126403809e-01
-2.390941232442855835e-01
1.351626515388488770e-01
3.963704407215118408e-01
5.769513845443725586e-01
7.840392589569091797e-01
8.786584138870239258e-01
7.780088186264038086e-01
4.025775492191314697e-01
-1.735162734985351562e-02
-2.535854578018188477e-01
-8.650287985801696777e-02
3.160025477409362793e-01
6.418102383613586426e-01
4.721701145172119141e-01
-2.329930067062377930e-01
-1.222261667251586914e+00
-1.924149155616760254e+00
-1.980268239974975586e+00
-1.342825412750244141e+00
-4.728819727897644043e-01
1.229606047272682190e-01
9.897294640541076660e-02
-3.447193801403045654e-01
-7.527961730957031250e-01
-6.285067200660705566e-01
5.825872719287872314e-02
9.580097794532775879e-01
1.481700539588928223e+00
1.365372776985168457e+00
7.738437652587890625e-01
2.908235788345336914e-01
3.724801242351531982e-01
1.074343085289001465e+00
1.893972396850585938e+00
2.215472698211669922e+00
1.690915346145629883e+00
5.777100324630737305e-01
-5.195878744125366211e-01
-1.035819053649902344e+00
-9.077492356300354004e-01
-5.231932401657104492e-01
-4.101656675338745117e-01
-7.408955097198486328e-01
-1.215481400489807129e+00
-1.289785385131835938e+00
-6.759427189826965332e-01
3.824686408042907715e-01
1.232315301895141602e+00
1.288201212882995605e+00
4.881730377674102783e-01
-6.528797745704650879e-01
-1.388827085494995117e+00
-1.296997308731079102e+00
-5.287228226661682129e-01
3.011689186096191406e-01
6.286577582359313965e-01
2.851268053054809570e-01
-3.732331395149230957e-01
-8.467093706130981445e-01
-8.018941879272460938e-01
-3.592040836811065674e-01
1.433005332946777344e-01
3.521035015583038330e-01
2.495383918285369873e-01
1.360630989074707031e-02
-5.981361865997314453e-02
8.385539054870605469e-02
3.545048534870147705e-01
4.805245697498321533e-01
3.531710505485534668e-01
-4.931724071502685547e-02
-5.159050822257995605e-01
-8.960180878639221191e-01
-9.882627129554748535e-01
-7.813690304756164551e-01
-2.452429234981536865e-01
4.421703815460205078e-01
1.127341985702514648e+00
1.500481367111206055e+00
1.449020624160766602e+00
9.172931909561157227e-01
1.800612509250640869e-01
-5.341292023658752441e-01
-9.448670148849487305e-01
-1.103777289390563965e+00
-1.074329495429992676e+00
-1.073146939277648926e+00
-1.056506156921386719e+00
-1.034874916076660156e+00
-8.835412263870239258e-01
-7.520167827606201172e-01
-7.008450031280517578e-01
-8.622454404830932617e-01
-9.882310032844543457e-01
-8.539655804634094238e-01
-1.780985444784164429e-01
7.896466255187988281e-01
1.613652229309082031e+00
1.636293411254882812e+00
7.597697973251342773e-01
-7.037742733955383301e-01
-1.877903223037719727e+00
-2.201143026351928711e+00
-1.505476951599121094e+00
-4.320705533027648926e-01
3.594950437545776367e-01
3.724046945571899414e-01
-5.883038043975830078e-02
-3.635759353637695312e-01
1.055025756359100342e-01
1.224857449531555176e+00
2.464881420135498047e+00
2.926357030868530273e+00
2.287656784057617188e+00
6.873338222503662109e-01
-1.058438539505004883e+00
