-4.853462874889373779e-01
-4.915047585964202881e-01
5.567063391208648682e-02
5.003025531768798828e-01
7.938564419746398926e-01
9.697638750076293945e-01
1.129737496376037598e+00
1.280180215835571289e+00
1.371677517890930176e+00
1.308479905128479004e+00
1.088827729225158691e+00
7.703467011451721191e-01
4.655511975288391113e-01
2.094858139753341675e-01
-5.034307017922401428e-03
-2.229758054018020630e-01
-4.130086600780487061e-01
-5.229814052581787109e-01
-5.244476795196533203e-01
-5.373022556304931641e-01
-7.603758573532104492e-01
-1.344599843025207520e+00
-2.182200908660888672e+00
-2.909145116806030273e+00
-3.062666893005371094e+00
-2.410357713699340820e+00
-1.123530149459838867e+00
2.713149189949035645e-01
1.222505688667297363e+00
1.464298963546752930e+00
1.148261785507202148e+00
6.564638614654541016e-01
3.067016899585723877e-01
1.466791778802871704e-01
2.106588520109653473e-02
-1.958980709314346313e-01
-4.188250005245208740e-01
-3.892056941986083984e-01
7.336402684450149536e-02
8.524596691131591797e-01
1.533557415008544922e+00
1.685222029685974121e+00
1.173384547233581543e+00
3.014230132102966309e-01
-4.095384180545806885e-01
-5.763548016548156738e-01
-2.441394478082656860e-01
1.916458010673522949e-01
2.845116555690765381e-01
-9.051977097988128662e-02
-6.816353797912597656e-01
-1.047184705734252930e+00
-9.415619969367980957e-01
-4.685326814651489258e-01
-1.583607122302055359e-02
9.995298832654953003e-02
-1.631995141506195068e-01
-5.255718827247619629e-01
-6.843724846839904785e-01
-5.356893539428710938e-01
-3.089989125728607178e-01
-3.203383088111877441e-01
-7.366217374801635742e-01
-1.337219476699829102e+00
-1.678281426429748535e+00
-1.326026678085327148e+00
-2.147645056247711182e-01
1.344453215599060059e+00
2.763638973236083984e+00
3.552167892456054688e+00
3.473916053771972656e+00
2.673167943954467773e+00
1.470652937889099121e+00
2.632502615451812744e-01
-6.888691186904907227e-01
-1.225047230720520020e+00
-1.354668378829956055e+00
-1.143862962722778320e+00
-7.732304334640502930e-01
-4.096361696720123291e-01
-2.231224328279495239e-01
-2.304539531469345093e-01
-3.656470775604248047e-01
-4.419925808906555176e-01
-3.538188934326171875e-01
-7.727416604757308960e-02
2.225847840309143066e-01
3.708769083023071289e-01
2.079706341028213501e-01
-2.210696041584014893e-01
-7.704444527626037598e-01
-1.187998652458190918e+00
-1.334482312202453613e+00
-1.162827134132385254e+00
-8.112565279006958008e-01
-4.238104224205017090e-01
-1.607556790113449097e-01
-3.787949308753013611e-02
-4.066547006368637085e-02
-6.632576882839202881e-02
-8.797817677259445190e-02
-6.544598937034606934e-02
-3.597329929471015930e-02
2.497602626681327820e-02
1.161800697445869446e-01
2.919409275054931641e-01
5.284555554389953613e-01
8.011390566825866699e-01
1.002902388572692871e+00
1.093373179435729980e+00
1.039804339408874512e+00
9.116982817649841309e-01
7.412161231040954590e-01
5.710272192955017090e-01
3.483935892581939697e-01
7.008928060531616211e-02
-2.501512765884399414e-01
-4.711231291294097900e-01
-4.796276986598968506e-01
-2.096813172101974487e-01
1.979020237922668457e-01
5.221993327140808105e-01
5.170673131942749023e-01
1.542062014341354370e-01
-4.085119962692260742e-01
-8.406314849853515625e-01
-9.125781059265136719e-01
-5.671659708023071289e-01
-9.530968964099884033e-03
5.042616128921508789e-01
7.705910801887512207e-01
7.977176904678344727e-01
6.885758638381958008e-01
5.756216645240783691e-01
4.575353860855102539e-01
2.813835442066192627e-01
-1.573831774294376373e-02
-3.525480926036834717e-01
-5.744975209236145020e-01
-5.145257115364074707e-01
-1.767872571945190430e-01
2.784020602703094482e-01
5.798739194869995117e-01
5.564131140708923340e-01
1.929654628038406372e-01
-3.432615101337432861e-01
-8.621372580528259277e-01
-1.229983806610107422e+00
-1.431013941764831543e+00
-1.471728324890136719e+00
-1.337512731552124023e+00
-9.645341038703918457e-01
-3.514239490032196045e-01
3.739072680473327637e-01
9.336928725242614746e-01
1.051534771919250488e+00
6.265023946762084961e-01
-1.475589573383331299e-01
-8.674159646034240723e-01
-1.135798215866088867e+00
-8.050491809844970703e-01
-6.138921529054641724e-02
6.966894268989562988e-01
1.111701965332031250e+00
1.087899088859558105e+00
8.144823908805847168e-01
6.107640862464904785e-01
6.707847118377685547e-01
9.387271404266357422e-01
1.142641067504882812e+00
1.024896860122680664e+00
5.331477522850036621e-01
-9.985522925853729248e-02
-5.208796858787536621e-01
-4.688748121261596680e-01
2.057711780071258545e-02
6.646262407302856445e-01
1.089609742164611816e+00
1.103783965110778809e+00
7.639438509941101074e-01
3.389115035533905029e-01
5.899425595998764038e-02
-8.748941123485565186e-03
-2.258106507360935211e-02
-1.726816147565841675e-01
-5.569507479667663574e-01
-1.053245425224304199e+00
-1.463663578033447266e+00
-1.615914702415466309e+00
-1.527838826179504395e+00
-1.299926400184631348e+00
-1.035112142562866211e+00
-6.662880778312683105e-01
-6.515272706747055054e-02
8.519220352172851562e-01
1.893437027931213379e+00
2.670137643814086914e+00
2.735486030578613281e+00
1.941091895103454590e+00
5.160408616065979004e-01
-9.635565280914306641e-01
-1.960984706878662109e+00
-2.195006608963012695e+00
-1.815820693969726562e+00
-1.165270924568176270e+00
-5.887694954872131348e-01
-1.742456704378128052e-01
1.356818974018096924e-01
4.590505659580230713e-01
7.386745810508728027e-01
8.407292366027832031e-01
6.154562234878540039e-01
1.416448652744293213e-01
-3.568003773689270020e-01
-5.727868080139160156e-01
-4.040642082691192627e-01
5.278690531849861145e-02
