4.834592342376708984e-02
6.916999816894531250e-03
5.508911609649658203e-02
3.194642066955566406e-01
6.393672227859497070e-01
7.479690909385681152e-01
2.924466133117675781e-01
-6.852655410766601562e-01
-1.839203357696533203e+00
-2.506863594055175781e+00
-2.267071723937988281e+00
-1.060652971267700195e+00
5.928587317466735840e-01
2.036855697631835938e+00
2.694560527801513672e+00
2.503546237945556641e+00
1.743673563003540039e+00
9.582469463348388672e-01
4.851074218750000000e-01
4.292224943637847900e-01
5.309372544288635254e-01
5.024288892745971680e-01
1.115473508834838867e-01
-5.419292449951171875e-01
-1.186172127723693848e+00
-1.424946188926696777e+00
-1.092008352279663086e+00
-2.884696125984191895e-01
5.333942174911499023e-01
9.077802896499633789e-01
5.579900741577148438e-01
-3.116832375526428223e-01
-1.177024960517883301e+00
-1.428293347358703613e+00
-8.389413952827453613e-01
3.242048323154449463e-01
1.377074241638183594e+00
1.698187708854675293e+00
1.063595294952392578e+00
-1.738086640834808350e-01
-1.372598171234130859e+00
-1.970912098884582520e+00
-1.839517474174499512e+00
-1.246322154998779297e+00
-6.290242671966552734e-01
-2.549031972885131836e-01
-1.224791407585144043e-01
-5.408447980880737305e-02
6.786370277404785156e-02
1.961892694234848022e-01
1.839739680290222168e-01
-2.319997549057006836e-02
-2.763212323188781738e-01
-3.044332563877105713e-01
8.004996180534362793e-02
7.803280949592590332e-01
1.450284838676452637e+00
1.682064414024353027e+00
1.302289247512817383e+00
4.697209894657135010e-01
-3.913156390190124512e-01
-8.920049667358398438e-01
-8.705538511276245117e-01
-5.007746219635009766e-01
-9.883224964141845703e-02
5.637806653976440430e-02
-5.110272765159606934e-02
-2.424121797084808350e-01
-2.359052151441574097e-01
8.554247021675109863e-02
6.451227664947509766e-01
1.153871059417724609e+00
1.368911385536193848e+00
1.188856840133666992e+00
7.914134263992309570e-01
4.288744628429412842e-01
3.145074546337127686e-01
3.781746625900268555e-01
3.898193240165710449e-01
6.231525540351867676e-02
-6.130728125572204590e-01
-1.386987447738647461e+00
-1.801698803901672363e+00
-1.601654291152954102e+00
-8.536604642868041992e-01
-2.449727058410644531e-02
4.310963451862335205e-01
3.016720116138458252e-01
-1.255982965230941772e-01
-3.863648176193237305e-01
-1.185822635889053345e-01
5.246508717536926270e-01
1.048600673675537109e+00
8.706849813461303711e-01
-1.277428120374679565e-01
-1.570420503616333008e+00
-2.696585893630981445e+00
-2.948673486709594727e+00
-2.197829961776733398e+00
-8.828985095024108887e-01
4.195839762687683105e-01
1.232625007629394531e+00
1.478845834732055664e+00
1.269425272941589355e+00
8.234775066375732422e-01
2.243047654628753662e-01
-4.193186759948730469e-01
-9.921105504035949707e-01
-1.242238759994506836e+00
-1.025658130645751953e+00
-3.503305613994598389e-01
4.815480709075927734e-01
1.148787736892700195e+00
1.420079708099365234e+00
1.365003705024719238e+00
1.137690663337707520e+00
8.782805800437927246e-01
5.045290589332580566e-01
-7.115674018859863281e-02
-8.208453059196472168e-01
-1.402114629745483398e+00
-1.419650793075561523e+00
-6.691946983337402344e-01
5.425205230712890625e-01
1.593469262123107910e+00
1.875661492347717285e+00
1.288895964622497559e+00
2.523173689842224121e-01
-5.454040169715881348e-01
-7.090549468994140625e-01
-3.402808606624603271e-01
4.436355829238891602e-02
1.300078630447387695e-02
-4.783904254436492920e-01
-1.037813186645507812e+00
-1.227108955383300781e+00
-8.964681625366210938e-01
-3.123486340045928955e-01
1.288141012191772461e-01
2.257324755191802979e-01
1.427242010831832886e-01
2.058207988739013672e-01
5.884927511215209961e-01
1.130453586578369141e+00
1.489086270332336426e+00
1.455520510673522949e+00
1.144857048988342285e+00
8.836357593536376953e-01
8.737816810607910156e-01
9.759408831596374512e-01
7.883468866348266602e-01
3.495049476623535156e-02
-1.147416591644287109e+00
-2.198971748352050781e+00
-2.558589696884155273e+00
-2.060810565948486328e+00
-1.118719577789306641e+00
-3.751750886440277100e-01
-2.702744007110595703e-01
-6.812181472778320312e-01
-1.121440172195434570e+00
-1.108048200607299805e+00
-6.179723739624023438e-01
-2.223342657089233398e-02
1.760820150375366211e-01
-1.603181362152099609e-01
-7.657923102378845215e-01
-1.106948971748352051e+00
-8.874665498733520508e-01
-1.703980565071105957e-01
6.088252663612365723e-01
1.088009357452392578e+00
1.130088806152343750e+00
9.685778617858886719e-01
8.604056239128112793e-01
9.828845262527465820e-01
1.216818690299987793e+00
1.409364461898803711e+00
1.399223566055297852e+00
1.250704407691955566e+00
1.036549568176269531e+00
8.970388770103454590e-01
8.208116888999938965e-01
8.438503742218017578e-01
9.076527357101440430e-01
1.020211219787597656e+00
1.026593685150146484e+00
8.079246282577514648e-01
2.142594456672668457e-01
-5.896500349044799805e-01
-1.290595769882202148e+00
-1.413592934608459473e+00
-8.313347101211547852e-01
2.434481978416442871e-01
1.152126908302307129e+00
1.378578662872314453e+00
7.238709330558776855e-01
-3.654686212539672852e-01
-1.290594100952148438e+00
-1.530524253845214844e+00
-1.164295434951782227e+00
-5.604447722434997559e-01
-2.340311259031295776e-01
-2.507063150405883789e-01
-4.051780700683593750e-01
-2.583521306514739990e-01
2.592915594577789307e-01
9.396306872367858887e-01
1.245594620704650879e+00
9.219051003456115723e-01
4.039853811264038086e-03
-9.934862256050109863e-01
-1.625181317329406738e+00
-1.580835580825805664e+00
-1.026798844337463379e+00
-2.157759666442871094e-01
4.994390606880187988e-01
