-1.376331448554992676e+00
-1.325270891189575195e+00
-1.107981443405151367e+00
-8.663566708564758301e-01
-3.290991187095642090e-01
5.012623667716979980e-01
1.533368587493896484e+00
2.281182289123535156e+00
2.429998159408569336e+00
1.785857439041137695e+00
7.229130268096923828e-01
-2.965145707130432129e-01
-7.253113985061645508e-01
-5.337137579917907715e-01
8.283907175064086914e-02
6.129650473594665527e-01
8.586433529853820801e-01
7.815139293670654297e-01
7.239673137664794922e-01
8.497119545936584473e-01
1.241136193275451660e+00
1.590142130851745605e+00
1.683379769325256348e+00
1.331773877143859863e+00
7.517710924148559570e-01
1.745404303073883057e-01
-8.646550774574279785e-02
-7.934473454952239990e-02
5.478686466813087463e-02
-4.400371760129928589e-02
-4.953153133392333984e-01
-1.329213976860046387e+00
-2.252446174621582031e+00
-3.034556865692138672e+00
-3.408097267150878906e+00
-3.396411180496215820e+00
-3.051130294799804688e+00
-2.592891693115234375e+00
-2.076880216598510742e+00
-1.580049276351928711e+00
-1.024171352386474609e+00
-4.762665927410125732e-01
1.442723348736763000e-02
2.507524788379669189e-01
2.064750939607620239e-01
-7.287655770778656006e-02
-3.031319975852966309e-01
-2.991367578506469727e-01
1.610118150711059570e-02
3.789077401161193848e-01
5.051121115684509277e-01
2.054114788770675659e-01
-2.655486464500427246e-01
-4.466431438922882080e-01
1.293578892946243286e-01
1.415140986442565918e+00
2.883499860763549805e+00
3.698709964752197266e+00
3.371353864669799805e+00
2.023907661437988281e+00
4.358989298343658447e-01
-5.588680505752563477e-01
-5.477997660636901855e-01
1.255605965852737427e-01
7.275108098983764648e-01
6.289640665054321289e-01
-1.769039034843444824e-01
-1.166795849800109863e+00
-1.661621212959289551e+00
-1.385601520538330078e+00
-5.841937065124511719e-01
1.851650476455688477e-01
5.445193052291870117e-01
5.105397701263427734e-01
4.093711972236633301e-01
4.856005311012268066e-01
6.659160852432250977e-01
6.074290275573730469e-01
4.547926038503646851e-02
-9.236996173858642578e-01
-1.850427269935607910e+00
-2.246541261672973633e+00
-1.944212436676025391e+00
-1.186984896659851074e+00
-4.169164299964904785e-01
8.890828490257263184e-02
3.604409098625183105e-01
6.238662004470825195e-01
9.844159483909606934e-01
1.302584290504455566e+00
1.283864855766296387e+00
8.148361444473266602e-01
1.005789041519165039e-01
-4.050735831260681152e-01
-3.932914435863494873e-01
8.445525169372558594e-02
5.944280028343200684e-01
7.162645459175109863e-01
3.278290033340454102e-01
-2.512464225292205811e-01
-5.918938517570495605e-01
-4.558731913566589355e-01
-3.734140843152999878e-02
2.893255352973937988e-01
2.463040947914123535e-01
-4.969209432601928711e-02
-2.766895294189453125e-01
-1.541403979063034058e-01
2.168697267770767212e-01
4.992894530296325684e-01
3.573513031005859375e-01
-1.483423411846160889e-01
-6.451119184494018555e-01
-6.686019897460937500e-01
-1.299750059843063354e-01
6.680717468261718750e-01
1.193196892738342285e+00
1.189427852630615234e+00
8.040525913238525391e-01
5.190860033035278320e-01
6.468722820281982422e-01
1.112827062606811523e+00
1.424059867858886719e+00
1.152066707611083984e+00
2.490994036197662354e-01
-7.871885299682617188e-01
-1.329689502716064453e+00
-1.020231246948242188e+00
-1.195015981793403625e-01
7.380211949348449707e-01
9.213206171989440918e-01
3.010812401771545410e-01
-7.603464722633361816e-01
-1.629863142967224121e+00
-1.899574518203735352e+00
-1.551690101623535156e+00
-9.420901536941528320e-01
-4.340936839580535889e-01
-1.963187158107757568e-01
-9.986758232116699219e-02
6.085515022277832031e-02
4.074389040470123291e-01
8.325285911560058594e-01
1.126337289810180664e+00
1.098918437957763672e+00
7.429061532020568848e-01
2.007140368223190308e-01
-2.956607937812805176e-01
-5.675225257873535156e-01
-5.329930186271667480e-01
-2.360595464706420898e-01
2.036103010177612305e-01
6.223371028900146484e-01
8.691612482070922852e-01
8.556771874427795410e-01
5.897127389907836914e-01
1.882444024085998535e-01
-1.766562312841415405e-01
-3.401779830455780029e-01
-2.352097183465957642e-01
1.007143855094909668e-01
5.247087478637695312e-01
8.918005228042602539e-01
1.086817264556884766e+00
1.111439347267150879e+00
1.021536588668823242e+00
9.274421930313110352e-01
8.559236526489257812e-01
7.706728577613830566e-01
5.179159045219421387e-01
-3.360629081726074219e-03
-8.081753253936767578e-01
-1.675844073295593262e+00
-2.304777860641479492e+00
-2.383263587951660156e+00
-1.874715566635131836e+00
-9.671654701232910156e-01
-7.604387402534484863e-02
5.026066303253173828e-01
6.360936164855957031e-01
4.860556125640869141e-01
1.993814706802368164e-01
-1.268562674522399902e-01
-6.275897026062011719e-01
-1.347370743751525879e+00
-2.191107749938964844e+00
-2.708646059036254883e+00
-2.494824171066284180e+00
-1.374063730239868164e+00
1.938387155532836914e-01
1.450607538223266602e+00
1.622336387634277344e+00
6.192775368690490723e-01
-1.019725084304809570e+00
-2.251102685928344727e+00
-2.367733478546142578e+00
-1.257901310920715332e+00
3.583484292030334473e-01
1.627043247222900391e+00
1.929860711097717285e+00
1.450367450714111328e+00
7.585685849189758301e-01
5.652251243591308594e-01
1.001476526260375977e+00
1.780331492424011230e+00
2.222084045410156250e+00
1.973419904708862305e+00
1.007336854934692383e+00
-1.560975611209869385e-01
-1.043698549270629883e+00
-1.269340038299560547e+00
-9.570260643959045410e-01
-3.486557006835937500e-01
1.184989809989929199e-01
2.998143434524536133e-01
9.987220168113708496e-02
-2.707566022872924805e-01
