-3.522520065307617188e-01
-3.689939677715301514e-01
-6.160163879394531250e-01
-9.127880334854125977e-01
-1.004996538162231445e+00
-7.709327340126037598e-01
-1.873338371515274048e-01
4.635343849658966064e-01
9.052338004112243652e-01
8.966290354728698730e-01
5.310928821563720703e-01
2.542304992675781250e-02
-2.944788634777069092e-01
-3.363346457481384277e-01
-1.207513213157653809e-01
1.546758115291595459e-01
4.154981672763824463e-01
6.059942245483398438e-01
7.893221378326416016e-01
9.011495709419250488e-01
8.902479410171508789e-01
6.558634042739868164e-01
3.011647164821624756e-01
-1.587443053722381592e-02
-7.148990035057067871e-02
1.178897023200988770e-01
3.845956325531005859e-01
4.136880636215209961e-01
9.568780660629272461e-02
-4.744950830936431885e-01
-9.624459743499755859e-01
-1.139140009880065918e+00
-9.593225717544555664e-01
-6.498885750770568848e-01
-4.050120413303375244e-01
-2.848188281059265137e-01
-1.023046374320983887e-01
2.800651192665100098e-01
8.123942613601684570e-01
1.135070085525512695e+00
8.883582353591918945e-01
-2.969890832901000977e-02
-1.235513925552368164e+00
-2.102974653244018555e+00
-2.107351541519165039e+00
-1.226168632507324219e+00
9.071150422096252441e-02
1.190291166305541992e+00
1.664334774017333984e+00
1.521687269210815430e+00
1.099982142448425293e+00
7.295502424240112305e-01
5.143857598304748535e-01
3.263323307037353516e-01
2.176570892333984375e-02
-3.673041462898254395e-01
-6.243782043457031250e-01
-5.282024145126342773e-01
-6.685592234134674072e-02
5.189322233200073242e-01
8.724837899208068848e-01
7.750754952430725098e-01
2.738698720932006836e-01
-3.228629827499389648e-01
-6.572320461273193359e-01
-4.865648150444030762e-01
1.576983481645584106e-01
1.010856986045837402e+00
1.625388860702514648e+00
1.602506279945373535e+00
7.305637598037719727e-01
-7.871498465538024902e-01
-2.402445793151855469e+00
-3.368285655975341797e+00
-3.202461004257202148e+00
-1.944160699844360352e+00
-2.702530026435852051e-01
9.440156817436218262e-01
1.088951826095581055e+00
3.007669746875762939e-01
-7.145686745643615723e-01
-1.091633915901184082e+00
-5.112617015838623047e-01
6.692177057266235352e-01
1.603654861450195312e+00
1.695481061935424805e+00
9.397869706153869629e-01
1.009067147970199585e-02
-3.786178529262542725e-01
8.635050058364868164e-02
9.825888872146606445e-01
1.608870506286621094e+00
1.410503268241882324e+00
4.867822229862213135e-01
-6.446169614791870117e-01
-1.337245225906372070e+00
-1.383514642715454102e+00
-9.358924627304077148e-01
-3.927444815635681152e-01
8.652970939874649048e-02
5.312796831130981445e-01
1.123103022575378418e+00
1.771721363067626953e+00
2.206270694732666016e+00
2.027217388153076172e+00
1.193121671676635742e+00
-1.085436344146728516e-02
-9.920107126235961914e-01
-1.396298646926879883e+00
-1.200058698654174805e+00
-8.361210227012634277e-01
-7.038561105728149414e-01
-1.011916279792785645e+00
-1.512874841690063477e+00
-1.853172063827514648e+00
-1.696725130081176758e+00
-1.072142601013183594e+00
-1.742791831493377686e-01
6.338401436805725098e-01
1.150885224342346191e+00
1.229046463966369629e+00
9.357840418815612793e-01
3.670559525489807129e-01
-1.982827484607696533e-01
-5.266518592834472656e-01
-3.995702862739562988e-01
7.426633685827255249e-02
5.993050932884216309e-01
7.067913413047790527e-01
2.119887173175811768e-01
-7.480552792549133301e-01
-1.632930278778076172e+00
-1.977163791656494141e+00
-1.575833559036254883e+00
-7.257717847824096680e-01
1.537160873413085938e-01
7.257828712463378906e-01
1.062634468078613281e+00
1.363085031509399414e+00
1.768450021743774414e+00
2.036946535110473633e+00
1.815691947937011719e+00
8.830678462982177734e-01
-4.369973838329315186e-01
-1.493826508522033691e+00
-1.634353160858154297e+00
-7.812681198120117188e-01
5.798186659812927246e-01
1.641521215438842773e+00
1.935061216354370117e+00
1.526645898818969727e+00
9.634473323822021484e-01
6.941223740577697754e-01
7.776822447776794434e-01
8.127901554107666016e-01
4.054676294326782227e-01
-5.039899945259094238e-01
-1.497032284736633301e+00
-2.067733526229858398e+00
-1.976528167724609375e+00
-1.478370308876037598e+00
-1.027916669845581055e+00
-9.227042794227600098e-01
-1.030311346054077148e+00
-9.949070215225219727e-01
-5.805101990699768066e-01
3.087633848190307617e-02
3.914893865585327148e-01
1.613373756408691406e-01
-5.313011407852172852e-01
-1.157212734222412109e+00
-1.181117773056030273e+00
-5.112633705139160156e-01
4.073139131069183350e-01
9.414658546447753906e-01
7.756512165069580078e-01
1.752558052539825439e-01
-2.403393834829330444e-01
-2.674698829650878906e-03
7.932834625244140625e-01
1.567377805709838867e+00
1.687045931816101074e+00
1.013430833816528320e+00
1.185584813356399536e-02
-5.335325002670288086e-01
-1.291834563016891479e-01
1.104718327522277832e+00
2.447134256362915039e+00
3.092494487762451172e+00
2.577673435211181641e+00
1.079044938087463379e+00
-8.182173371315002441e-01
-2.404663801193237305e+00
-3.252000808715820312e+00
-3.245623588562011719e+00
-2.590574979782104492e+00
-1.570687770843505859e+00
-5.292766094207763672e-01
3.010906577110290527e-01
7.298877239227294922e-01
7.684757709503173828e-01
5.264590978622436523e-01
2.675336003303527832e-01
1.545792818069458008e-01
2.630302309989929199e-01
4.240388572216033936e-01
4.644293487071990967e-01
2.264192700386047363e-01
-1.887522488832473755e-01
-6.013034582138061523e-01
-7.450493574142456055e-01
-5.640381574630737305e-01
-1.139688044786453247e-01
3.475368618965148926e-01
6.523805856704711914e-01
6.685129404067993164e-01
4.892172515392303467e-01
