1.698371171951293945e+00
1.741508722305297852e+00
2.546277761459350586e+00
2.686432123184204102e+00
2.003227710723876953e+00
6.925457119941711426e-01
-5.606321096420288086e-01
-1.293359160423278809e+00
-1.345433712005615234e+00
-1.151244401931762695e+00
-1.113844037055969238e+00
-1.438557267189025879e+00
-1.739050149917602539e+00
-1.551872253417968750e+00
-5.700807571411132812e-01
8.422400951385498047e-01
2.008095026016235352e+00
2.199852228164672852e+00
1.295878291130065918e+00
-3.146146535873413086e-01
-1.830752611160278320e+00
-2.690238475799560547e+00
-2.680042505264282227e+00
-2.071660757064819336e+00
-1.195747256278991699e+00
-3.570124506950378418e-01
3.590822815895080566e-01
8.476334810256958008e-01
1.024880766868591309e+00
7.508575916290283203e-01
7.697474956512451172e-02
-7.690958976745605469e-01
-1.389063000679016113e+00
-1.523291110992431641e+00
-1.161587476730346680e+00
-5.931118726730346680e-01
-1.393546760082244873e-01
3.006911277770996094e-02
2.326476573944091797e-02
7.404106855392456055e-02
3.364652395248413086e-01
7.672680020332336426e-01
1.160267829895019531e+00
1.346629261970520020e+00
1.282653570175170898e+00
1.086758136749267578e+00
8.565996885299682617e-01
6.364812850952148438e-01
3.608545064926147461e-01
5.067563056945800781e-02
-2.113262265920639038e-01
-2.268197536468505859e-01
3.859388828277587891e-02
4.632183313369750977e-01
6.840418577194213867e-01
4.622315168380737305e-01
-2.343982756137847900e-01
-1.009006023406982422e+00
-1.414123654365539551e+00
-1.097632169723510742e+00
-2.318738698959350586e-01
7.476329207420349121e-01
1.232660412788391113e+00
1.031152844429016113e+00
2.936643064022064209e-01
-4.015629887580871582e-01
-6.520916223526000977e-01
-2.859740257263183594e-01
3.139799237251281738e-01
7.269473671913146973e-01
5.504423379898071289e-01
-7.537053525447845459e-02
-8.208314180374145508e-01
-1.142834186553955078e+00
-9.087385535240173340e-01
-2.111442089080810547e-01
4.292689561843872070e-01
6.847024559974670410e-01
3.332982659339904785e-01
-3.406171798706054688e-01
-1.053471684455871582e+00
-1.415434479713439941e+00
-1.451133251190185547e+00
-1.220510244369506836e+00
-1.035849571228027344e+00
-9.141825437545776367e-01
-9.094024300575256348e-01
-7.896966338157653809e-01
-5.572527050971984863e-01
-1.259093433618545532e-01
3.095823526382446289e-01
7.626994848251342773e-01
1.097485423088073730e+00
1.419921755790710449e+00
1.602184414863586426e+00
1.668336987495422363e+00
1.422005414962768555e+00
9.620032310485839844e-01
3.120206594467163086e-01
-2.026932835578918457e-01
-5.057003498077392578e-01
-4.507225751876831055e-01
-2.542716562747955322e-01
3.795089200139045715e-02
2.354764938354492188e-01
4.757862091064453125e-01
7.163769006729125977e-01
1.058918476104736328e+00
1.274140238761901855e+00
1.310973286628723145e+00
9.918009042739868164e-01
5.131163001060485840e-01
-4.094028472900390625e-02
-4.117664694786071777e-01
-6.828634738922119141e-01
-8.308795690536499023e-01
-1.018230319023132324e+00
-1.085242748260498047e+00
-9.898515939712524414e-01
-5.552504062652587891e-01
1.350224018096923828e-03
4.903594851493835449e-01
5.401856899261474609e-01
1.950148195028305054e-01
-4.103978276252746582e-01
-8.310071825981140137e-01
-9.419449567794799805e-01
-7.203751802444458008e-01
-5.260593891143798828e-01
-4.987248778343200684e-01
-7.093720436096191406e-01
-8.208911418914794922e-01
-6.581974029541015625e-01
-1.204039156436920166e-01
4.375810921192169189e-01
7.186637520790100098e-01
4.666614532470703125e-01
-7.315140217542648315e-02
-5.549347400665283203e-01
-5.496339201927185059e-01
-7.554891705513000488e-02
6.473981738090515137e-01
1.156810760498046875e+00
1.274663925170898438e+00
1.004661202430725098e+00
6.724020242691040039e-01
4.728015065193176270e-01
5.142181515693664551e-01
6.021268367767333984e-01
5.794186592102050781e-01
3.050535917282104492e-01
-8.904629945755004883e-02
-4.117849767208099365e-01
-3.879047632217407227e-01
6.442400813102722168e-02
8.871958255767822266e-01
1.746984481811523438e+00
2.243018150329589844e+00
1.977129578590393066e+00
8.685867786407470703e-01
-8.083052635192871094e-01
-2.416096210479736328e+00
-3.317119121551513672e+00
-3.178960323333740234e+00
-2.220442533493041992e+00
-1.049412488937377930e+00
-2.827175259590148926e-01
-1.304558813571929932e-01
-2.957053780555725098e-01
-2.676408886909484863e-01
2.520367503166198730e-01
1.055337786674499512e+00
1.618180990219116211e+00
1.504500031471252441e+00
8.073393106460571289e-01
7.277726382017135620e-02
-5.728132650256156921e-02
5.481598973274230957e-01
1.422972917556762695e+00
1.722678542137145996e+00
9.492955207824707031e-01
-7.412551641464233398e-01
-2.480330467224121094e+00
-3.364620685577392578e+00
-2.905106306076049805e+00
-1.434518575668334961e+00
3.097847402095794678e-01
1.520904183387756348e+00
1.905011773109436035e+00
1.540896892547607422e+00
8.502326011657714844e-01
1.175064593553543091e-01
-3.834953010082244873e-01
-5.768244862556457520e-01
-3.068490028381347656e-01
3.446027636528015137e-01
1.196325540542602539e+00
1.732113122940063477e+00
1.599262356758117676e+00
6.706517934799194336e-01
-5.510765910148620605e-01
-1.443071603775024414e+00
-1.434597730636596680e+00
-6.586059331893920898e-01
3.799598217010498047e-01
9.325067996978759766e-01
8.154395818710327148e-01
2.588360309600830078e-01
-6.592908501625061035e-02
1.148391962051391602e-01
7.024948000907897949e-01
1.038127541542053223e+00
7.262068986892700195e-01
-2.913070917129516602e-01
-1.389082074165344238e+00
-2.008029937744140625e+00
-1.799250364303588867e+00
