-1.203512251377105713e-01
-1.225404590368270874e-01
4.306623339653015137e-02
2.632372677326202393e-01
3.948284387588500977e-01
2.278390377759933472e-01
-7.141309976577758789e-02
-3.073311448097229004e-01
-1.871458888053894043e-01
1.750196218490600586e-01
5.304411649703979492e-01
4.455820620059967041e-01
-1.177582442760467529e-01
-9.495870471000671387e-01
-1.487172365188598633e+00
-1.419115543365478516e+00
-6.743546724319458008e-01
3.354012072086334229e-01
1.220289707183837891e+00
1.643461942672729492e+00
1.655610442161560059e+00
1.343334197998046875e+00
8.918110728263854980e-01
3.083890378475189209e-01
-2.717140018939971924e-01
-7.088594436645507812e-01
-7.205666899681091309e-01
-2.915523052215576172e-01
3.593421578407287598e-01
6.797201633453369141e-01
3.204915225505828857e-01
-6.883758902549743652e-01
-1.712817907333374023e+00
-2.050534009933471680e+00
-1.314635396003723145e+00
9.716179966926574707e-02
1.354038834571838379e+00
1.640239238739013672e+00
8.560600280761718750e-01
-4.237866401672363281e-01
-1.269658565521240234e+00
-1.167608261108398438e+00
-2.633976936340332031e-01
7.067553997039794922e-01
1.085941076278686523e+00
6.901630163192749023e-01
-4.938247799873352051e-02
-5.497676730155944824e-01
-4.865807294845581055e-01
-6.609748303890228271e-02
2.540025711059570312e-01
1.144800186157226562e-01
-4.233217835426330566e-01
-1.008379459381103516e+00
-1.271694779396057129e+00
-1.142588138580322266e+00
-8.291798830032348633e-01
-6.223458051681518555e-01
-6.281350255012512207e-01
-7.166601419448852539e-01
-6.685276031494140625e-01
-3.899047076702117920e-01
-6.485626101493835449e-03
2.445542514324188232e-01
1.869852691888809204e-01
-1.434127837419509888e-01
-5.487977862358093262e-01
-7.641257643699645996e-01
-6.331378221511840820e-01
-1.257024407386779785e-01
6.182143092155456543e-01
1.395246505737304688e+00
1.949522495269775391e+00
2.125371694564819336e+00
1.892368555068969727e+00
1.452087521553039551e+00
1.078170537948608398e+00
1.015754699707031250e+00
1.226438760757446289e+00
1.467702865600585938e+00
1.384162425994873047e+00
8.753824830055236816e-01
1.216595023870468140e-01
-4.435541331768035889e-01
-5.613325834274291992e-01
-2.744325101375579834e-01
-4.540205001831054688e-03
-1.130089759826660156e-01
-6.799644231796264648e-01
-1.309392094612121582e+00
-1.540793418884277344e+00
-1.137499809265136719e+00
-4.236146807670593262e-01
5.685004591941833496e-02
-1.361823678016662598e-01
-8.415035605430603027e-01
-1.504371881484985352e+00
-1.474055767059326172e+00
-6.357755661010742188e-01
5.988001823425292969e-01
1.463987588882446289e+00
1.518496394157409668e+00
8.199041485786437988e-01
-3.800690174102783203e-02
-5.085204839706420898e-01
-3.441762328147888184e-01
1.781599819660186768e-01
6.695197820663452148e-01
8.161199092864990234e-01
6.741438508033752441e-01
3.944912254810333252e-01
1.494938731193542480e-01
-1.174651980400085449e-01
-4.430556893348693848e-01
-8.312821388244628906e-01
-1.061565041542053223e+00
-9.712072014808654785e-01
-4.982570409774780273e-01
1.283794045448303223e-01
6.701604723930358887e-01
9.434595704078674316e-01
1.027716398239135742e+00
1.010398745536804199e+00
9.341491460800170898e-01
6.331033706665039062e-01
2.048087120056152344e-02
-8.116904497146606445e-01
-1.445188641548156738e+00
-1.501861453056335449e+00
-8.815699219703674316e-01
-9.272933006286621094e-03
5.261353850364685059e-01
3.424394428730010986e-01
-3.227851986885070801e-01
-8.476148843765258789e-01
-6.621408462524414062e-01
1.750287413597106934e-01
1.026528000831604004e+00
1.108312487602233887e+00
2.051067948341369629e-01
-1.126117348670959473e+00
-1.872105956077575684e+00
-1.372477769851684570e+00
1.868721395730972290e-01
1.829584836959838867e+00
2.517915725708007812e+00
1.869541764259338379e+00
4.303683340549468994e-01
-7.811221480369567871e-01
-1.007176041603088379e+00
-2.516434788703918457e-01
8.465110063552856445e-01
1.576001882553100586e+00
1.672799348831176758e+00
1.415268898010253906e+00
1.232903480529785156e+00
1.286194920539855957e+00
1.316939473152160645e+00
9.656841754913330078e-01
1.484940946102142334e-01
-7.568678855895996094e-01
-1.225853919982910156e+00
-9.832457304000854492e-01
-3.126425743103027344e-01
2.006266564130783081e-01
6.223633885383605957e-02
-6.764385700225830078e-01
-1.544248819351196289e+00
-1.956808447837829590e+00
-1.755445718765258789e+00
-1.216003894805908203e+00
-8.766912221908569336e-01
-9.832078814506530762e-01
-1.390080094337463379e+00
-1.596823215484619141e+00
-1.290985584259033203e+00
-5.045850872993469238e-01
2.784522175788879395e-01
6.286993026733398438e-01
3.670273423194885254e-01
-1.870675086975097656e-01
-6.405799984931945801e-01
-7.125828862190246582e-01
-6.002783775329589844e-01
-6.288375854492187500e-01
-1.085725426673889160e+00
-1.746614098548889160e+00
-2.142415523529052734e+00
-1.708526968955993652e+00
-4.136769771575927734e-01
1.317504048347473145e+00
2.628981828689575195e+00
2.963547706604003906e+00
2.225468397140502930e+00
1.058367967605590820e+00
2.132656574249267578e-01
2.643906474113464355e-01
1.011946916580200195e+00
1.842708826065063477e+00
1.944429397583007812e+00
1.115310668945312500e+00
-3.006768226623535156e-01
-1.386858224868774414e+00
-1.517331957817077637e+00
-5.578210353851318359e-01
7.728976607322692871e-01
1.624038219451904297e+00
1.332881212234497070e+00
1.256846040487289429e-01
-1.292358279228210449e+00
-1.962650299072265625e+00
-1.566927671432495117e+00
-3.575976192951202393e-01
7.808294892311096191e-01
1.196976423263549805e+00
6.035330295562744141e-01
-5.392950177192687988e-01
