-6.517411768436431885e-02
-7.663346827030181885e-02
-1.122644066810607910e+00
-1.398476839065551758e+00
-5.195041298866271973e-01
9.148012399673461914e-01
1.797454476356506348e+00
1.260754942893981934e+00
-4.592136144638061523e-01
-2.224211454391479492e+00
-2.718125820159912109e+00
-1.573992609977722168e+00
4.344104528427124023e-01
1.863695621490478516e+00
1.807240247726440430e+00
4.479461908340454102e-01
-1.052209019660949707e+00
-1.607256412506103516e+00
-9.278535246849060059e-01
2.488739490509033203e-01
9.435593485832214355e-01
6.470157504081726074e-01
-2.530446052551269531e-01
-9.971735477447509766e-01
-1.042583465576171875e+00
-5.613451004028320312e-01
-7.153928279876708984e-02
2.817469835281372070e-02
-7.734590023756027222e-02
8.214139938354492188e-02
8.252537250518798828e-01
1.856900095939636230e+00
2.538765430450439453e+00
2.348656892776489258e+00
1.415155291557312012e+00
3.587639033794403076e-01
-1.513048410415649414e-01
4.238188266754150391e-03
4.133830666542053223e-01
4.836340546607971191e-01
4.400679469108581543e-02
-5.869836807250976562e-01
-8.653192520141601562e-01
-5.802175402641296387e-01
1.772435009479522705e-02
4.337285161018371582e-01
4.482089281082153320e-01
2.773911952972412109e-01
3.751565515995025635e-01
9.089295864105224609e-01
1.563791871070861816e+00
1.727578759193420410e+00
1.058903813362121582e+00
-1.929930448532104492e-01
-1.316430687904357910e+00
-1.697004079818725586e+00
-1.271323919296264648e+00
-5.536020398139953613e-01
-1.612112969160079956e-01
-3.151660263538360596e-01
-7.053626179695129395e-01
-8.256349563598632812e-01
-4.473629593849182129e-01
2.050713896751403809e-01
6.971246004104614258e-01
8.188218474388122559e-01
7.482684254646301270e-01
8.347687721252441406e-01
1.156474113464355469e+00
1.367920637130737305e+00
9.356653690338134766e-01
-3.145281672477722168e-01
-1.945755243301391602e+00
-3.092624425888061523e+00
-3.096000909805297852e+00
-1.956070899963378906e+00
-3.743759989738464355e-01
8.054307699203491211e-01
1.113850951194763184e+00
7.355545759201049805e-01
1.573326587677001953e-01
-2.294038236141204834e-01
-4.374477863311767578e-01
-6.448411345481872559e-01
-9.224038124084472656e-01
-9.980612993240356445e-01
-5.649674534797668457e-01
4.110258519649505615e-01
1.428435802459716797e+00
1.816677093505859375e+00
1.183454632759094238e+00
-1.329311132431030273e-01
-1.308078646659851074e+00
-1.510534763336181641e+00
-5.897853970527648926e-01
9.146980643272399902e-01
2.065516471862792969e+00
2.275437355041503906e+00
1.558969855308532715e+00
5.199505090713500977e-01
-2.393825054168701172e-01
-4.300486445426940918e-01
-2.906692624092102051e-01
-1.948798298835754395e-01
-4.316728413105010986e-01
-9.043825864791870117e-01
-1.348481535911560059e+00
-1.439672827720642090e+00
-1.098247885704040527e+00
-3.890752196311950684e-01
4.306270778179168701e-01
1.166398763656616211e+00
1.622000694274902344e+00
1.782182455062866211e+00
1.663666486740112305e+00
1.420104265213012695e+00
1.103163003921508789e+00
7.311342954635620117e-01
1.587289869785308838e-01
-6.420276165008544922e-01
-1.557722330093383789e+00
-2.171846866607666016e+00
-2.128660678863525391e+00
-1.317039966583251953e+00
-2.073658406734466553e-01
4.965519011020660400e-01
2.020593881607055664e-01
-9.562466740608215332e-01
-2.255222320556640625e+00
-2.718984127044677734e+00
-1.966032981872558594e+00
-3.885954618453979492e-01
9.875189065933227539e-01
1.386187076568603516e+00
7.296605110168457031e-01
-2.260723412036895752e-01
-6.404789090156555176e-01
-1.506924778223037720e-01
7.546777129173278809e-01
1.305957674980163574e+00
1.019037246704101562e+00
2.087360322475433350e-01
-4.011433124542236328e-01
-2.186588644981384277e-01
5.955351591110229492e-01
1.359215497970581055e+00
1.346674084663391113e+00
4.956277012825012207e-01
-6.560779809951782227e-01
-1.336625218391418457e+00
-1.265372157096862793e+00
-7.249846458435058594e-01
-3.281305432319641113e-01
-3.506987988948822021e-01
-5.902498364448547363e-01
-5.423249006271362305e-01
-2.963334321975708008e-03
7.595825195312500000e-01
1.159388303756713867e+00
9.147676229476928711e-01
2.684356868267059326e-01
-1.369068622589111328e-01
8.680683374404907227e-02
7.485538721084594727e-01
1.142298698425292969e+00
7.249127626419067383e-01
-4.144368767738342285e-01
-1.498651981353759766e+00
-1.720202207565307617e+00
-8.600047826766967773e-01
4.646086692810058594e-01
1.333078145980834961e+00
1.216735363006591797e+00
4.293959736824035645e-01
-1.929288506507873535e-01
3.093284368515014648e-02
1.041561603546142578e+00
2.113709926605224609e+00
2.407313346862792969e+00
1.610398530960083008e+00
9.262230992317199707e-02
-1.416849255561828613e+00
-2.355765819549560547e+00
-2.578439712524414062e+00
-2.251388311386108398e+00
-1.574109196662902832e+00
-6.599350571632385254e-01
3.349875211715698242e-01
1.081075906753540039e+00
1.168132066726684570e+00
4.583015739917755127e-01
-6.597988009452819824e-01
-1.383971214294433594e+00
-1.073765873908996582e+00
2.310299873352050781e-01
1.706690192222595215e+00
2.339138269424438477e+00
1.661977052688598633e+00
1.926163434982299805e-01
-9.720648527145385742e-01
-9.512441158294677734e-01
1.939721405506134033e-01
1.554291963577270508e+00
2.034600734710693359e+00
1.238702178001403809e+00
-3.162044286727905273e-01
-1.586606860160827637e+00
-1.867735147476196289e+00
-1.202193975448608398e+00
-2.957847416400909424e-01
1.808858364820480347e-01
2.519662864506244659e-02
-3.713584244251251221e-01
-5.307534933090209961e-01
-2.340010106563568115e-01
2.806088328361511230e-01
6.793165802955627441e-01
