4.602468013763427734e-02
4.338538646697998047e-02
-2.002227008342742920e-01
-1.714478135108947754e-01
3.733813762664794922e-03
7.973051071166992188e-02
-1.815876364707946777e-01
-8.563376069068908691e-01
-1.750938534736633301e+00
-2.432801008224487305e+00
-2.426399946212768555e+00
-1.510125517845153809e+00
6.729926913976669312e-02
1.620171546936035156e+00
2.374909877777099609e+00
1.939227104187011719e+00
6.071736216545104980e-01
-7.768067717552185059e-01
-1.327702045440673828e+00
-7.235013246536254883e-01
5.620798468589782715e-01
1.548565983772277832e+00
1.432484626770019531e+00
1.414644122123718262e-01
-1.583177804946899414e+00
-2.699096918106079102e+00
-2.551166057586669922e+00
-1.299925565719604492e+00
2.545594573020935059e-01
1.238726258277893066e+00
1.292279601097106934e+00
7.123154997825622559e-01
1.512069702148437500e-01
1.010924577713012695e-01
6.101725697517395020e-01
1.348043084144592285e+00
1.951211929321289062e+00
2.268295526504516602e+00
2.388453960418701172e+00
2.427239418029785156e+00
2.372435569763183594e+00
2.091926574707031250e+00
1.532722949981689453e+00
8.432413935661315918e-01
3.228333592414855957e-01
1.650094389915466309e-01
2.761638164520263672e-01
3.057931661605834961e-01
-6.602233648300170898e-02
-8.480029106140136719e-01
-1.670871973037719727e+00
-2.045645713806152344e+00
-1.720368623733520508e+00
-8.897949457168579102e-01
-6.372092664241790771e-02
2.726989984512329102e-01
-2.295767329633235931e-02
-7.054203152656555176e-01
-1.341587185859680176e+00
-1.606201648712158203e+00
-1.427947878837585449e+00
-9.524047374725341797e-01
-3.848841786384582520e-01
1.092120409011840820e-01
4.147058129310607910e-01
4.312053024768829346e-01
1.034400835633277893e-01
-5.015027523040771484e-01
-1.142582893371582031e+00
-1.488614797592163086e+00
-1.322785377502441406e+00
-7.049071192741394043e-01
4.031742364168167114e-02
5.486239194869995117e-01
6.754419803619384766e-01
5.900817513465881348e-01
6.099423170089721680e-01
9.126363992691040039e-01
1.351699471473693848e+00
1.561449885368347168e+00
1.250999689102172852e+00
4.811943471431732178e-01
-3.470373153686523438e-01
-7.588812112808227539e-01
-5.671935081481933594e-01
1.856088638305664062e-03
4.668047428131103516e-01
4.738720655441284180e-01
4.991364479064941406e-02
-3.995255231857299805e-01
-4.083006381988525391e-01
2.250391840934753418e-01
1.254909515380859375e+00
2.144585132598876953e+00
2.364228487014770508e+00
1.721183180809020996e+00
4.351204037666320801e-01
-9.515243768692016602e-01
-1.869494795799255371e+00
-1.962476372718811035e+00
-1.273419022560119629e+00
-1.960005164146423340e-01
6.816162467002868652e-01
9.012898206710815430e-01
3.529856801033020020e-01
-6.031092405319213867e-01
-1.353041529655456543e+00
-1.349885106086730957e+00
-5.082176923751831055e-01
7.425909638404846191e-01
1.647670030593872070e+00
1.628846764564514160e+00
6.109859943389892578e-01
-8.856096863746643066e-01
-2.113773345947265625e+00
-2.519853115081787109e+00
-2.096104145050048828e+00
-1.274804115295410156e+00
-6.379668712615966797e-01
-4.836132824420928955e-01
-7.328407168388366699e-01
-1.012668132781982422e+00
-1.009273767471313477e+00
-6.250155568122863770e-01
-5.152630060911178589e-02
4.540973901748657227e-01
6.893600225448608398e-01
6.492311954498291016e-01
4.176081120967864990e-01
1.481493115425109863e-01
-5.831760168075561523e-02
-9.179120510816574097e-02
9.711641073226928711e-02
5.329789519309997559e-01
1.099478960037231445e+00
1.615292191505432129e+00
1.842092275619506836e+00
1.685737848281860352e+00
1.201094865798950195e+00
6.311373710632324219e-01
2.052974402904510498e-01
7.170993089675903320e-02
1.602068543434143066e-01
3.148907423019409180e-01
3.322309553623199463e-01
1.380990743637084961e-01
-2.548105716705322266e-01
-6.973547339439392090e-01
-1.047334671020507812e+00
-1.148419141769409180e+00
-9.678219556808471680e-01
-5.448218584060668945e-01
-6.917452812194824219e-02
2.626660168170928955e-01
2.696060538291931152e-01
-5.059164762496948242e-02
-5.895678400993347168e-01
-1.131778717041015625e+00
-1.541013240814208984e+00
-1.731088280677795410e+00
-1.707697629928588867e+00
-1.414754390716552734e+00
-8.081453442573547363e-01
1.200192123651504517e-01
1.130796074867248535e+00
1.816046476364135742e+00
1.722585797309875488e+00
7.548092007637023926e-01
-7.065128684043884277e-01
-1.851996421813964844e+00
-1.969411134719848633e+00
-8.531183004379272461e-01
9.410526752471923828e-01
2.463892459869384766e+00
2.898941516876220703e+00
2.133396387100219727e+00
7.304525375366210938e-01
-4.195380806922912598e-01
-7.654179334640502930e-01
-3.421348929405212402e-01
2.990561425685882568e-01
6.244322061538696289e-01
4.519202709197998047e-01
7.284690439701080322e-02
-1.183840334415435791e-01
7.553780078887939453e-02
4.510049819946289062e-01
6.614419221878051758e-01
4.811859428882598877e-01
4.476326704025268555e-02
-3.309066891670227051e-01
-3.767107725143432617e-01
-1.429619491100311279e-01
1.138419210910797119e-01
1.162119656801223755e-01
-1.360307037830352783e-01
-4.228107333183288574e-01
-4.552783071994781494e-01
-1.806774735450744629e-01
2.019770443439483643e-01
3.552673161029815674e-01
1.200734376907348633e-01
-3.968026041984558105e-01
-8.592827916145324707e-01
-9.870060682296752930e-01
-7.110875248908996582e-01
-2.373316437005996704e-01
1.584687530994415283e-01
2.857442200183868408e-01
1.728584170341491699e-01
-3.145784139633178711e-02
-1.492819190025329590e-01
-1.142501831054687500e-01
5.510798096656799316e-02
2.714819312095642090e-01
4.685280919075012207e-01
5.888659954071044922e-01
