7.096856832504272461e-02
4.533360898494720459e-02
1.467391252517700195e+00
1.994955658912658691e+00
1.303518533706665039e+00
-1.402189731597900391e-01
-1.523228645324707031e+00
-2.129825115203857422e+00
-1.859091043472290039e+00
-1.066995382308959961e+00
-3.182348012924194336e-01
1.229361891746520996e-01
2.745134234428405762e-01
3.709442019462585449e-01
4.747881293296813965e-01
5.117180347442626953e-01
2.995857298374176025e-01
-1.081216037273406982e-01
-4.802773892879486084e-01
-4.581339061260223389e-01
5.883997678756713867e-02
9.025711417198181152e-01
1.639861941337585449e+00
1.964691400527954102e+00
1.789608716964721680e+00
1.346883535385131836e+00
8.790669441223144531e-01
5.517313480377197266e-01
3.021132349967956543e-01
6.265509128570556641e-02
-2.112514972686767578e-01
-4.212320744991302490e-01
-5.367274284362792969e-01
-5.962423682212829590e-01
-7.802842855453491211e-01
-1.160232782363891602e+00
-1.658181667327880859e+00
-1.981225371360778809e+00
-1.914732933044433594e+00
-1.441987514495849609e+00
-8.587643504142761230e-01
-4.833824634552001953e-01
-4.620362520217895508e-01
-5.795694589614868164e-01
-5.095661282539367676e-01
-5.956906080245971680e-02
5.561755895614624023e-01
9.069631099700927734e-01
6.396076679229736328e-01
-1.428350210189819336e-01
-9.563460946083068848e-01
-1.238602995872497559e+00
-8.408994674682617188e-01
-1.214599311351776123e-01
2.827666699886322021e-01
1.677787303924560547e-02
-7.149651050567626953e-01
-1.239248275756835938e+00
-9.774532318115234375e-01
9.439574182033538818e-02
1.339304924011230469e+00
1.938167095184326172e+00
1.492337703704833984e+00
3.833152055740356445e-01
-5.022523999214172363e-01
-4.061411619186401367e-01
7.087405323982238770e-01
2.127316951751708984e+00
2.889946937561035156e+00
2.497560024261474609e+00
1.248410701751708984e+00
-1.968972384929656982e-02
-5.827381610870361328e-01
-3.655438423156738281e-01
6.004972755908966064e-02
-1.861218735575675964e-02
-8.352843523025512695e-01
-1.935169816017150879e+00
-2.509962558746337891e+00
-2.051789522171020508e+00
-7.562139034271240234e-01
5.870905518531799316e-01
1.202428221702575684e+00
8.816452622413635254e-01
1.352664232254028320e-01
-2.651401758193969727e-01
1.096445918083190918e-01
9.670367240905761719e-01
1.554540038108825684e+00
1.232029199600219727e+00
4.263836145401000977e-02
-1.313831806182861328e+00
-1.939309835433959961e+00
-1.444720029830932617e+00
-2.043102383613586426e-01
8.601247072219848633e-01
9.860696196556091309e-01
5.779054760932922363e-02
-1.273220181465148926e+00
-2.108608007431030273e+00
-1.863184690475463867e+00
-6.887632012367248535e-01
7.320011854171752930e-01
1.604397535324096680e+00
1.577741503715515137e+00
8.367103338241577148e-01
-3.474029898643493652e-02
-5.185708403587341309e-01
-3.814309835433959961e-01
2.017604708671569824e-01
8.930416703224182129e-01
1.337502002716064453e+00
1.394114851951599121e+00
1.081525087356567383e+00
6.103237867355346680e-01
2.086225450038909912e-01
1.100880354642868042e-01
3.676619231700897217e-01
8.831992745399475098e-01
1.343021392822265625e+00
1.443144679069519043e+00
9.804133176803588867e-01
6.443315744400024414e-02
-1.007546186447143555e+00
-1.830888986587524414e+00
-2.182536125183105469e+00
-2.020719051361083984e+00
-1.515027642250061035e+00
-8.204067945480346680e-01
-8.131211251020431519e-02
6.332780122756958008e-01
1.162472248077392578e+00
1.330772638320922852e+00
9.689598679542541504e-01
1.642582118511199951e-01
-7.691230773925781250e-01
-1.340912938117980957e+00
-1.253563880920410156e+00
-5.418405532836914062e-01
3.478292822837829590e-01
8.983419537544250488e-01
7.760587334632873535e-01
9.918278455734252930e-02
-7.289986014366149902e-01
-1.222141504287719727e+00
-1.158188343048095703e+00
-5.907082557678222656e-01
1.825797557830810547e-01
8.810008764266967773e-01
1.291639208793640137e+00
1.363378286361694336e+00
1.110289812088012695e+00
6.711715459823608398e-01
2.442282587289810181e-01
9.681266546249389648e-02
3.575183153152465820e-01
9.196200966835021973e-01
1.366531968116760254e+00
1.239444017410278320e+00
3.266140818595886230e-01
-1.052098512649536133e+00
-2.193538427352905273e+00
-2.385454416275024414e+00
-1.430355191230773926e+00
2.086269706487655640e-01
1.634798288345336914e+00
2.111714124679565430e+00
1.492228984832763672e+00
2.968030571937561035e-01
-7.028032541275024414e-01
-9.790927767753601074e-01
-5.589618086814880371e-01
1.233209520578384399e-01
5.901967883110046387e-01
6.631039977073669434e-01
4.811100363731384277e-01
2.890089452266693115e-01
1.792660653591156006e-01
4.649633914232254028e-02
-2.597818076610565186e-01
-7.380049228668212891e-01
-1.199405908584594727e+00
-1.429325580596923828e+00
-1.378712058067321777e+00
-1.220315694808959961e+00
-1.183092355728149414e+00
-1.350362539291381836e+00
-1.558422446250915527e+00
-1.547223687171936035e+00
-1.160179972648620605e+00
-4.963231682777404785e-01
2.000643610954284668e-01
7.095603942871093750e-01
1.004543542861938477e+00
1.161330819129943848e+00
1.232662320137023926e+00
1.106640815734863281e+00
6.465172767639160156e-01
-1.436694264411926270e-01
-9.458882212638854980e-01
-1.314049720764160156e+00
-9.466512203216552734e-01
-1.439762115478515625e-02
9.381079673767089844e-01
1.286897540092468262e+00
8.287687897682189941e-01
-1.170811057090759277e-01
-8.664100170135498047e-01
-9.142749309539794922e-01
-2.142537832260131836e-01
7.550123929977416992e-01
1.420299053192138672e+00
1.432898044586181641e+00
9.157497882843017578e-01
2.133736014366149902e-01
-3.227077424526214600e-01
-6.192851662635803223e-01
