-4.706585407257080078e-01
-5.134303569793701172e-01
-2.347430288791656494e-01
1.378901004791259766e-01
4.872141182422637939e-01
5.105497837066650391e-01
2.492187619209289551e-01
-1.668191403150558472e-01
-2.799155414104461670e-01
9.500586986541748047e-02
9.715159535408020020e-01
1.840727090835571289e+00
2.241399765014648438e+00
1.794385790824890137e+00
7.391589879989624023e-01
-4.701213240623474121e-01
-1.198478102684020996e+00
-1.284932374954223633e+00
-8.460719585418701172e-01
-3.719182610511779785e-01
-9.671688824892044067e-02
-7.633724808692932129e-02
1.187419891357421875e-02
3.213391900062561035e-01
8.752993345260620117e-01
1.317293047904968262e+00
1.408038258552551270e+00
1.020602107048034668e+00
4.418876767158508301e-01
-6.750200688838958740e-02
-3.120800852775573730e-01
-4.879811406135559082e-01
-8.122185468673706055e-01
-1.452779293060302734e+00
-2.156485319137573242e+00
-2.559808254241943359e+00
-2.301668882369995117e+00
-1.462576746940612793e+00
-3.858628273010253906e-01
4.129280149936676025e-01
7.111119031906127930e-01
5.344070196151733398e-01
1.636389344930648804e-01
-2.608833312988281250e-01
-7.148498296737670898e-01
-1.311805844306945801e+00
-1.957217216491699219e+00
-2.385946512222290039e+00
-2.207045793533325195e+00
-1.325342416763305664e+00
-2.609446644783020020e-02
1.058043241500854492e+00
1.424731731414794922e+00
9.983014464378356934e-01
2.508722543716430664e-01
-1.831638216972351074e-01
8.642560243606567383e-02
8.905588388442993164e-01
1.679998636245727539e+00
1.910429954528808594e+00
1.453207015991210938e+00
6.265466809272766113e-01
-6.194031238555908203e-02
-3.162868618965148926e-01
-2.139459252357482910e-01
-8.092004060745239258e-02
-1.805921196937561035e-01
-4.868566989898681641e-01
-7.461938858032226562e-01
-6.983087658882141113e-01
-3.360415399074554443e-01
1.167132556438446045e-01
3.537599444389343262e-01
2.702031433582305908e-01
-7.810469716787338257e-03
-1.917711794376373291e-01
-1.032698750495910645e-01
2.690599560737609863e-01
7.351467609405517578e-01
1.146080255508422852e+00
1.411251664161682129e+00
1.579140067100524902e+00
1.633664608001708984e+00
1.523059606552124023e+00
1.099706530570983887e+00
3.618115186691284180e-01
-5.604733824729919434e-01
-1.322409272193908691e+00
-1.651852130889892578e+00
-1.399950623512268066e+00
-7.384349107742309570e-01
4.958468675613403320e-02
6.119021177291870117e-01
8.018164634704589844e-01
5.801553130149841309e-01
1.155093908309936523e-01
-4.354581236839294434e-01
-8.385403156280517578e-01
-9.762579798698425293e-01
-7.500131130218505859e-01
-2.765772342681884766e-01
2.667351365089416504e-01
5.806186199188232422e-01
5.486136078834533691e-01
1.953264772891998291e-01
-1.745119988918304443e-01
-3.015681803226470947e-01
-2.002143859863281250e-02
4.894889593124389648e-01
9.393523931503295898e-01
9.904352426528930664e-01
5.993828177452087402e-01
-1.128227710723876953e-01
-8.317230939865112305e-01
-1.385146856307983398e+00
-1.661019682884216309e+00
-1.711356163024902344e+00
-1.491298079490661621e+00
-9.882208108901977539e-01
-1.652721166610717773e-01
7.634677886962890625e-01
1.470252752304077148e+00
1.547454595565795898e+00
9.087523221969604492e-01
-1.963992267847061157e-01
-1.163375020027160645e+00
-1.486352920532226562e+00
-9.631378650665283203e-01
8.290261030197143555e-02
1.129307866096496582e+00
1.691835641860961914e+00
1.697224855422973633e+00
1.343197107315063477e+00
9.683070778846740723e-01
6.888419389724731445e-01
4.510365128517150879e-01
9.412854909896850586e-02
-3.364976048469543457e-01
-6.158316135406494141e-01
-4.336819648742675781e-01
2.586235105991363525e-01
1.187757372856140137e+00
1.833734631538391113e+00
1.831351518630981445e+00
1.183204889297485352e+00
3.162710368633270264e-01
-2.528720498085021973e-01
-2.372636497020721436e-01
2.077316641807556152e-01
6.576040387153625488e-01
7.307026386260986328e-01
3.681570291519165039e-01
-1.728738844394683838e-01
-5.611056089401245117e-01
-6.639379858970642090e-01
-6.435844898223876953e-01
-7.689639925956726074e-01
-1.171305537223815918e+00
-1.672536373138427734e+00
-1.926432609558105469e+00
-1.653486728668212891e+00
-9.052140116691589355e-01
-1.801237463951110840e-03
6.336898207664489746e-01
8.117055892944335938e-01
6.043019294738769531e-01
3.044404089450836182e-01
1.118062138557434082e-01
7.765403389930725098e-02
5.151402950286865234e-02
-4.591143131256103516e-02
-2.160571515560150146e-01
-2.904774844646453857e-01
-2.241341173648834229e-01
-8.443194627761840820e-02
-1.576788425445556641e-01
-5.898445248603820801e-01
-1.345626235008239746e+00
-2.015518903732299805e+00
-2.192834615707397461e+00
-1.608021020889282227e+00
-4.868768155574798584e-01
7.143786549568176270e-01
1.413099288940429688e+00
1.407312035560607910e+00
7.731072902679443359e-01
-4.563575983047485352e-02
-7.158625721931457520e-01
-9.781961441040039062e-01
-8.964679241180419922e-01
-5.065553188323974609e-01
3.230642154812812805e-02
7.009385824203491211e-01
1.295443773269653320e+00
1.663549661636352539e+00
1.521007299423217773e+00
8.909598588943481445e-01
-7.860577851533889771e-02
-9.024784564971923828e-01
-1.275051712989807129e+00
-1.008130311965942383e+00
-4.032019674777984619e-01
2.081500291824340820e-01
4.310335516929626465e-01
3.131748139858245850e-01
1.385058462619781494e-02
-7.102227210998535156e-02
1.278923749923706055e-01
5.930791497230529785e-01
9.781336188316345215e-01
1.137919068336486816e+00
9.253560304641723633e-01
5.369558930397033691e-01
5.171601474285125732e-02
-3.386496007442474365e-01
-7.136174440383911133e-01
-1.019241929054260254e+00
