-2.316216081380844116e-01
-2.668429613113403320e-01
-2.580243647098541260e-01
-1.852441728115081787e-01
1.014672685414552689e-02
3.511511087417602539e-01
6.879055500030517578e-01
7.954820990562438965e-01
4.734430909156799316e-01
-2.165343314409255981e-01
-9.961323142051696777e-01
-1.477065920829772949e+00
-1.472709655761718750e+00
-1.070134401321411133e+00
-5.966381430625915527e-01
-3.151860237121582031e-01
-2.849051952362060547e-01
-3.132204115390777588e-01
-2.104250490665435791e-01
7.129270583391189575e-02
3.609259724617004395e-01
5.110018849372863770e-01
5.349609255790710449e-01
6.771744489669799805e-01
1.136964678764343262e+00
1.865775823593139648e+00
2.450301647186279297e+00
2.429317712783813477e+00
1.622838735580444336e+00
3.911005258560180664e-01
-6.158691048622131348e-01
-8.713434934616088867e-01
-4.188844859600067139e-01
2.045813798904418945e-01
3.470605611801147461e-01
-1.745661944150924683e-01
-9.574579000473022461e-01
-1.270625114440917969e+00
-7.123426795005798340e-01
4.632963538169860840e-01
1.426544785499572754e+00
1.417194843292236328e+00
2.677991986274719238e-01
-1.397220134735107422e+00
-2.643355131149291992e+00
-2.819090127944946289e+00
-2.014523744583129883e+00
-8.669873476028442383e-01
-9.052367508411407471e-02
7.628638297319412231e-02
-9.695170819759368896e-02
-1.046547219157218933e-01
2.912269830703735352e-01
9.285051822662353516e-01
1.378307938575744629e+00
1.382717251777648926e+00
1.023119449615478516e+00
6.794587969779968262e-01
6.465749144554138184e-01
9.353050589561462402e-01
1.232481956481933594e+00
1.225947737693786621e+00
8.137037158012390137e-01
2.226967364549636841e-01
-2.407589852809906006e-01
-3.866912126541137695e-01
-3.032861948013305664e-01
-1.913003325462341309e-01
-2.280091643333435059e-01
-4.032659828662872314e-01
-6.365344524383544922e-01
-8.477563261985778809e-01
-1.068646907806396484e+00
-1.303296566009521484e+00
-1.467609763145446777e+00
-1.339527249336242676e+00
-7.827323079109191895e-01
1.104983836412429810e-01
9.372706413269042969e-01
1.261009693145751953e+00
8.973212242126464844e-01
1.420010477304458618e-01
-4.473590850830078125e-01
-4.094815254211425781e-01
2.084063291549682617e-01
8.966306447982788086e-01
1.007288336753845215e+00
2.995143830776214600e-01
-8.953025341033935547e-01
-1.837938785552978516e+00
-1.946737170219421387e+00
-1.159914255142211914e+00
7.437391323037445545e-04
8.683153986930847168e-01
1.055790781974792480e+00
7.249862551689147949e-01
3.345232307910919189e-01
2.912269830703735352e-01
5.941944122314453125e-01
9.450268149375915527e-01
9.867293238639831543e-01
6.621934175491333008e-01
1.803567409515380859e-01
-1.543258726596832275e-01
-2.759803533554077148e-01
-3.677789866924285889e-01
-7.079334259033203125e-01
-1.320190072059631348e+00
-1.915128231048583984e+00
-2.017445564270019531e+00
-1.384045362472534180e+00
-1.932659298181533813e-01
9.796106815338134766e-01
1.579755067825317383e+00
1.390154719352722168e+00
7.077740430831909180e-01
5.790540203452110291e-02
-1.369542479515075684e-01
1.208576112985610962e-01
5.079206824302673340e-01
6.168253421783447266e-01
3.210828006267547607e-01
-1.954440176486968994e-01
-5.513231754302978516e-01
-5.183861851692199707e-01
-1.382823586463928223e-01
2.667898535728454590e-01
3.836100101470947266e-01
7.517077773809432983e-02
-4.817304611206054688e-01
-9.610171914100646973e-01
-1.033691167831420898e+00
-5.902101397514343262e-01
2.625399231910705566e-01
1.201669931411743164e+00
1.873213171958923340e+00
1.967190027236938477e+00
1.393023371696472168e+00
2.797521650791168213e-01
-9.892792701721191406e-01
-1.965171217918395996e+00
-2.274460554122924805e+00
-1.855097889900207520e+00
-9.314270019531250000e-01
5.099925398826599121e-02
7.235519289970397949e-01
9.205365180969238281e-01
7.622794508934020996e-01
4.577183127403259277e-01
1.805161088705062866e-01
-7.384266704320907593e-02
-3.576853871345520020e-01
-6.923148632049560547e-01
-9.376956820487976074e-01
-9.418393373489379883e-01
-6.533747911453247070e-01
-2.764053344726562500e-01
-1.127296015620231628e-01
-3.779257237911224365e-01
-9.289301633834838867e-01
-1.347761511802673340e+00
-1.159011125564575195e+00
-2.450620383024215698e-01
1.055312633514404297e+00
2.073172807693481445e+00
2.294010162353515625e+00
1.666294336318969727e+00
6.980522871017456055e-01
6.746776401996612549e-02
2.032001465559005737e-01
9.483205080032348633e-01
1.739393353462219238e+00
1.962355732917785645e+00
1.432866573333740234e+00
4.526714980602264404e-01
-3.813787996768951416e-01
-6.606528162956237793e-01
-3.880193233489990234e-01
1.561852172017097473e-02
9.264864772558212280e-02
-3.540729582309722900e-01
-1.073268651962280273e+00
-1.597551584243774414e+00
-1.516484022140502930e+00
-8.003695607185363770e-01
2.305591255426406860e-01
1.050372123718261719e+00
1.278965711593627930e+00
8.296409845352172852e-01
-1.662788167595863342e-02
-8.305441141128540039e-01
-1.206769824028015137e+00
-1.014778852462768555e+00
-3.939161002635955811e-01
2.803365290164947510e-01
6.639465689659118652e-01
5.844196081161499023e-01
1.924690604209899902e-01
-1.974627375602722168e-01
-2.680117189884185791e-01
2.109031565487384796e-02
4.415685534477233887e-01
6.152316331863403320e-01
3.610322177410125732e-01
-1.759474277496337891e-01
-5.377233624458312988e-01
-3.335669934749603271e-01
4.796054959297180176e-01
1.441685199737548828e+00
1.900094032287597656e+00
1.405985713005065918e+00
1.055047065019607544e-01
-1.351852059364318848e+00
-2.161943435668945312e+00
-1.921821951866149902e+00
-8.177411556243896484e-01
4.820491969585418701e-01
