-6.342841982841491699e-01
-6.246756315231323242e-01
-3.842421174049377441e-01
1.319751739501953125e-01
6.367090344429016113e-01
8.527021408081054688e-01
6.104909777641296387e-01
2.108344435691833496e-02
-6.480967998504638672e-01
-1.050516724586486816e+00
-9.928452372550964355e-01
-4.728703796863555908e-01
2.587881684303283691e-01
8.562172651290893555e-01
9.827010035514831543e-01
5.265763401985168457e-01
-3.585491776466369629e-01
-1.256992697715759277e+00
-1.724675178527832031e+00
-1.493788480758666992e+00
-6.603019237518310547e-01
4.001293480396270752e-01
1.235651254653930664e+00
1.610926389694213867e+00
1.591759443283081055e+00
1.444403290748596191e+00
1.366203427314758301e+00
1.326672315597534180e+00
1.110862612724304199e+00
5.557475090026855469e-01
-2.444166243076324463e-01
-9.519459009170532227e-01
-1.222980976104736328e+00
-9.895416498184204102e-01
-5.158145427703857422e-01
-1.929190456867218018e-01
-1.930457949638366699e-01
-3.314000368118286133e-01
-2.115095704793930054e-01
3.751751184463500977e-01
1.217999100685119629e+00
1.742652654647827148e+00
1.451969504356384277e+00
2.921254038810729980e-01
-1.225820302963256836e+00
-2.390188455581665039e+00
-2.717839717864990234e+00
-2.266596794128417969e+00
-1.442838072776794434e+00
-6.671403050422668457e-01
-1.976467669010162354e-02
6.582434773445129395e-01
1.514069199562072754e+00
2.347931385040283203e+00
2.728838682174682617e+00
2.272423505783081055e+00
1.067142844200134277e+00
-3.693557083606719971e-01
-1.365349054336547852e+00
-1.625632524490356445e+00
-1.335409402847290039e+00
-1.003049135208129883e+00
-9.200814962387084961e-01
-9.755951762199401855e-01
-7.181904315948486328e-01
1.092190220952033997e-01
1.316559553146362305e+00
2.250673294067382812e+00
2.348059892654418945e+00
1.521829605102539062e+00
3.431385159492492676e-01
-4.386229515075683594e-01
-3.665891289710998535e-01
3.276128768920898438e-01
1.011426448822021484e+00
1.070497512817382812e+00
4.305580556392669678e-01
-5.150785446166992188e-01
-1.164549827575683594e+00
-1.225478410720825195e+00
-7.798823714256286621e-01
-2.157687693834304810e-01
1.696908473968505859e-01
2.420610785484313965e-01
8.147761225700378418e-02
-2.637652158737182617e-01
-7.303032279014587402e-01
-1.261810302734375000e+00
-1.634474277496337891e+00
-1.630724668502807617e+00
-1.158874034881591797e+00
-5.038139820098876953e-01
-1.165388822555541992e-01
-3.478398025035858154e-01
-1.025368690490722656e+00
-1.566267609596252441e+00
-1.317198872566223145e+00
-1.843048036098480225e-01
1.264186620712280273e+00
2.080281496047973633e+00
1.721329689025878906e+00
4.490492939949035645e-01
-7.352707386016845703e-01
-8.828642368316650391e-01
2.313211560249328613e-01
1.840405225753784180e+00
2.796822547912597656e+00
2.369761228561401367e+00
8.485746979713439941e-01
-7.384134531021118164e-01
-1.348959565162658691e+00
-7.442505359649658203e-01
4.243913590908050537e-01
1.104854464530944824e+00
6.937004327774047852e-01
-5.868097543716430664e-01
-1.868402242660522461e+00
-2.345491170883178711e+00
-1.787556886672973633e+00
-6.370937228202819824e-01
4.473130702972412109e-01
1.055966019630432129e+00
1.247966289520263672e+00
1.299612522125244141e+00
1.367043018341064453e+00
1.302198410034179688e+00
8.501491546630859375e-01
-3.715757653117179871e-02
-1.025594711303710938e+00
-1.582954406738281250e+00
-1.361329078674316406e+00
-4.860710203647613525e-01
4.965720474720001221e-01
9.797109365463256836e-01
6.920624971389770508e-01
-1.308768391609191895e-01
-9.382481575012207031e-01
-1.213108897209167480e+00
-7.918028831481933594e-01
9.936711937189102173e-02
9.950327873229980469e-01
1.484619498252868652e+00
1.371697664260864258e+00
7.499004006385803223e-01
-1.238809227943420410e-01
-9.379467964172363281e-01
-1.501462459564208984e+00
-1.760676860809326172e+00
-1.828407645225524902e+00
-1.824874997138977051e+00
-1.815358281135559082e+00
-1.693449258804321289e+00
-1.308256149291992188e+00
-5.531311035156250000e-01
4.281254410743713379e-01
1.331635832786560059e+00
1.791451573371887207e+00
1.697902917861938477e+00
1.216052412986755371e+00
7.557857632637023926e-01
6.062389612197875977e-01
8.083626627922058105e-01
1.063490390777587891e+00
1.066691875457763672e+00
6.763141155242919922e-01
1.106449514627456665e-01
-3.285700380802154541e-01
-4.212056398391723633e-01
-2.975596189498901367e-01
-2.114247083663940430e-01
-3.818366527557373047e-01
-6.706485152244567871e-01
-7.710196971893310547e-01
-3.755994439125061035e-01
4.140122532844543457e-01
1.200174331665039062e+00
1.447383642196655273e+00
9.998317956924438477e-01
1.174126714468002319e-01
-5.750890970230102539e-01
-6.481103897094726562e-01
-5.991408228874206543e-02
7.005010843276977539e-01
1.100537896156311035e+00
8.270598649978637695e-01
1.228508278727531433e-01
-5.336453318595886230e-01
-6.542234420776367188e-01
-1.976451277732849121e-01
5.611926913261413574e-01
1.120802760124206543e+00
1.218204736709594727e+00
8.281155824661254883e-01
2.458338737487792969e-01
-2.798257470130920410e-01
-5.611026883125305176e-01
-6.619489192962646484e-01
-6.484969854354858398e-01
-6.457740068435668945e-01
-6.336323618888854980e-01
-6.428281068801879883e-01
-6.351053714752197266e-01
-6.675049662590026855e-01
-6.867419481277465820e-01
-6.674519777297973633e-01
-4.770442843437194824e-01
-1.157222390174865723e-01
3.766359984874725342e-01
7.680239677429199219e-01
8.910497426986694336e-01
6.138516068458557129e-01
7.642643898725509644e-02
-4.942866563796997070e-01
-7.630571126937866211e-01
-5.978521704673767090e-01
-1.431566476821899414e-02
7.024001479148864746e-01
