-4.233183562755584717e-01
-4.740035533905029297e-01
-8.323187828063964844e-01
-9.569303989410400391e-01
-9.125170707702636719e-01
-6.497684717178344727e-01
-2.246513366699218750e-01
3.570701777935028076e-01
8.499327898025512695e-01
1.028363585472106934e+00
6.621538400650024414e-01
-9.453568607568740845e-02
-8.737518787384033203e-01
-1.120881915092468262e+00
-6.223164200782775879e-01
4.572317898273468018e-01
1.507539153099060059e+00
1.989847302436828613e+00
1.668833374977111816e+00
8.743700981140136719e-01
1.195654869079589844e-01
-1.673987209796905518e-01
-4.071751981973648071e-02
1.501467525959014893e-01
-1.157009601593017578e-02
-5.710964798927307129e-01
-1.229896545410156250e+00
-1.492739319801330566e+00
-1.117288470268249512e+00
-2.220216095447540283e-01
7.304919958114624023e-01
1.310010433197021484e+00
1.326801538467407227e+00
9.340079426765441895e-01
4.218895137310028076e-01
3.529509902000427246e-02
-1.620330363512039185e-01
-2.087351530790328979e-01
-1.512913703918457031e-01
1.323722302913665771e-02
2.757203578948974609e-01
5.344892144203186035e-01
6.173530220985412598e-01
3.906724154949188232e-01
-7.647515833377838135e-02
-5.239419341087341309e-01
-6.220214366912841797e-01
-2.495119869709014893e-01
4.195773005485534668e-01
9.421553015708923340e-01
9.381622672080993652e-01
2.881024479866027832e-01
-6.980817317962646484e-01
-1.526469349861145020e+00
-1.731796264648437500e+00
-1.226715326309204102e+00
-2.501530647277832031e-01
6.838191747665405273e-01
1.167970538139343262e+00
9.983870983123779297e-01
3.621038794517517090e-01
-3.962073028087615967e-01
-8.331614136695861816e-01
-7.440310716629028320e-01
-1.279987692832946777e-01
6.836867332458496094e-01
1.322768568992614746e+00
1.423858880996704102e+00
9.538071751594543457e-01
7.300586253404617310e-02
-8.085389733314514160e-01
-1.416749358177185059e+00
-1.587225437164306641e+00
-1.470605850219726562e+00
-1.204857826232910156e+00
-9.414680004119873047e-01
-5.757111310958862305e-01
-4.314559698104858398e-02
7.154358625411987305e-01
1.438274025917053223e+00
1.842345476150512695e+00
1.637742996215820312e+00
9.600613117218017578e-01
1.548485457897186279e-01
-2.348571419715881348e-01
-2.355718612670898438e-02
6.574082374572753906e-01
1.236880540847778320e+00
1.280304312705993652e+00
5.962835550308227539e-01
-4.307895898818969727e-01
-1.301220655441284180e+00
-1.544126391410827637e+00
-1.221856236457824707e+00
-6.566579937934875488e-01
-3.712272644042968750e-01
-5.125390887260437012e-01
-9.620369672775268555e-01
-1.260106563568115234e+00
-1.166945815086364746e+00
-6.487097144126892090e-01
-9.106471389532089233e-02
1.937586367130279541e-01
9.013175964355468750e-03
-4.040371775627136230e-01
-7.459409236907958984e-01
-6.973298788070678711e-01
-3.311091363430023193e-01
1.613075286149978638e-01
4.534562528133392334e-01
5.161354541778564453e-01
4.347390234470367432e-01
4.773310720920562744e-01
6.705313920974731445e-01
9.142060279846191406e-01
8.788436055183410645e-01
4.413268864154815674e-01
-3.494719564914703369e-01
-1.088547229766845703e+00
-1.425715804100036621e+00
-1.130060553550720215e+00
-4.000100493431091309e-01
4.191031455993652344e-01
8.986424803733825684e-01
9.336154460906982422e-01
6.284527182579040527e-01
3.304649889469146729e-01
2.442032694816589355e-01
4.363036453723907471e-01
6.862494945526123047e-01
7.756783962249755859e-01
5.360929965972900391e-01
6.985220313072204590e-02
-4.211306273937225342e-01
-6.608494520187377930e-01
-5.676079988479614258e-01
-2.061333060264587402e-01
1.616087406873703003e-01
3.112502396106719971e-01
1.102013885974884033e-01
-3.368936777114868164e-01
-8.102428913116455078e-01
-1.043887019157409668e+00
-9.327713847160339355e-01
-5.499570965766906738e-01
-1.392861902713775635e-01
7.412824034690856934e-02
-3.669261932373046875e-03
-2.512547671794891357e-01
-4.369262754917144775e-01
-3.678120374679565430e-01
-3.767199441790580750e-02
3.606986105442047119e-01
5.599317550659179688e-01
3.760160803794860840e-01
-1.598158478736877441e-01
-8.480316996574401855e-01
-1.397505760192871094e+00
-1.602112770080566406e+00
-1.360569000244140625e+00
-7.239550352096557617e-01
1.964077353477478027e-01
1.181882262229919434e+00
2.005524396896362305e+00
2.395590782165527344e+00
2.237285614013671875e+00
1.582850575447082520e+00
7.647692561149597168e-01
1.465767920017242432e-01
9.271740913391113281e-03
2.524999380111694336e-01
5.626841783523559570e-01
5.133849978446960449e-01
-2.373516559600830078e-03
-8.095884919166564941e-01
-1.443682551383972168e+00
-1.622029066085815430e+00
-1.305603742599487305e+00
-8.343014121055603027e-01
-4.807920753955841064e-01
-3.683336079120635986e-01
-2.387956678867340088e-01
1.061532050371170044e-01
7.127809524536132812e-01
1.183077216148376465e+00
1.137875795364379883e+00
4.016107916831970215e-01
-5.745617151260375977e-01
-1.148188591003417969e+00
-7.628350257873535156e-01
3.842503726482391357e-01
1.614854097366333008e+00
2.037952899932861328e+00
1.435558557510375977e+00
2.674161791801452637e-01
-4.252392649650573730e-01
-1.309439539909362793e-02
1.420713305473327637e+00
2.865921974182128906e+00
3.314329147338867188e+00
2.271774768829345703e+00
3.652491569519042969e-01
-1.321952223777770996e+00
-1.781611323356628418e+00
-1.013072967529296875e+00
2.504869103431701660e-01
8.610261678695678711e-01
3.151748180389404297e-01
-1.173284053802490234e+00
-2.633431673049926758e+00
-3.281166315078735352e+00
-2.770327568054199219e+00
-1.566724538803100586e+00
-2.801384925842285156e-01
5.288810729980468750e-01
8.840727210044860840e-01
9.736755490303039551e-01
