-1.275717765092849731e-01
-9.769172966480255127e-02
-9.475413560867309570e-01
-9.437022805213928223e-01
-3.672936856746673584e-01
2.046366930007934570e-01
2.522889673709869385e-01
-2.111503481864929199e-01
-7.630418539047241211e-01
-8.568251729011535645e-01
-3.592911064624786377e-01
3.866997063159942627e-01
7.468987703323364258e-01
3.477107286453247070e-01
-6.724447011947631836e-01
-1.679511547088623047e+00
-2.034682512283325195e+00
-1.482306957244873047e+00
-3.515598773956298828e-01
7.358295917510986328e-01
1.262752056121826172e+00
1.165780425071716309e+00
7.733469009399414062e-01
5.414134263992309570e-01
6.927391290664672852e-01
1.111106395721435547e+00
1.452176332473754883e+00
1.423008203506469727e+00
9.626128077507019043e-01
2.617691755294799805e-01
-3.729412853717803955e-01
-6.964758038520812988e-01
-6.208018660545349121e-01
-2.405676841735839844e-01
2.478449940681457520e-01
6.057531833648681641e-01
6.809365749359130859e-01
4.540424644947052002e-01
9.803926944732666016e-02
-1.366994678974151611e-01
-2.982564270496368408e-02
4.064409732818603516e-01
9.483975172042846680e-01
1.237187623977661133e+00
1.068106055259704590e+00
4.858974218368530273e-01
-1.780766099691390991e-01
-5.880743861198425293e-01
-5.678661465644836426e-01
-2.670331001281738281e-01
5.167812108993530273e-02
1.530628502368927002e-01
7.551083713769912720e-02
-2.985313534736633301e-03
1.500304341316223145e-01
5.572850108146667480e-01
1.108927249908447266e+00
1.579740762710571289e+00
1.866988420486450195e+00
1.909354925155639648e+00
1.729551315307617188e+00
1.248237013816833496e+00
4.366845786571502686e-01
-6.656419038772583008e-01
-1.754063844680786133e+00
-2.456986427307128906e+00
-2.453639984130859375e+00
-1.812726616859436035e+00
-8.843054771423339844e-01
-1.878229081630706787e-01
3.160122781991958618e-02
-1.592127382755279541e-01
-3.825516700744628906e-01
-3.763602972030639648e-01
-1.007569134235382080e-01
1.563183367252349854e-01
1.504667699337005615e-01
-2.050060927867889404e-01
-6.775318980216979980e-01
-1.033209204673767090e+00
-1.133253335952758789e+00
-1.107879877090454102e+00
-1.063631534576416016e+00
-9.928356409072875977e-01
-6.354970932006835938e-01
1.762377023696899414e-01
1.348833322525024414e+00
2.347353696823120117e+00
2.595069408416748047e+00
1.809492349624633789e+00
3.728304803371429443e-01
-9.511532783508300781e-01
-1.422456145286560059e+00
-9.172962903976440430e-01
8.766470849514007568e-02
7.944504618644714355e-01
7.283694148063659668e-01
-5.191738903522491455e-02
-1.004029512405395508e+00
-1.630386114120483398e+00
-1.748113632202148438e+00
-1.577893495559692383e+00
-1.371194839477539062e+00
-1.195924997329711914e+00
-8.409419059753417969e-01
-1.530397236347198486e-01
7.570003867149353027e-01
1.449255108833312988e+00
1.528200745582580566e+00
9.576895236968994141e-01
1.976005434989929199e-01
-1.471444368362426758e-01
2.281817495822906494e-01
1.026145696640014648e+00
1.559853911399841309e+00
1.239669680595397949e+00
4.529678821563720703e-02
-1.454323410987854004e+00
-2.479454040527343750e+00
-2.580483675003051758e+00
-1.894483089447021484e+00
-9.826485514640808105e-01
-3.967780172824859619e-01
-3.197618722915649414e-01
-5.342863202095031738e-01
-6.630489826202392578e-01
-4.825032353401184082e-01
-1.174268126487731934e-02
5.611277818679809570e-01
1.095591783523559570e+00
1.527862191200256348e+00
1.849150657653808594e+00
1.955367088317871094e+00
1.717874288558959961e+00
1.058949232101440430e+00
1.515338718891143799e-01
-6.713191270828247070e-01
-1.032247424125671387e+00
-8.301397562026977539e-01
-2.411003112792968750e-01
3.188708424568176270e-01
5.515593886375427246e-01
3.608275651931762695e-01
-4.975658655166625977e-02
-4.579514265060424805e-01
-6.932971477508544922e-01
-8.137589097023010254e-01
-8.911760449409484863e-01
-1.018987417221069336e+00
-1.126985907554626465e+00
-1.172260642051696777e+00
-1.084242105484008789e+00
-9.437664747238159180e-01
-7.865271568298339844e-01
-6.992478370666503906e-01
-6.407854557037353516e-01
-6.428930759429931641e-01
-6.657253503799438477e-01
-7.488284707069396973e-01
-7.645224332809448242e-01
-5.928080081939697266e-01
-3.519859910011291504e-02
8.334550857543945312e-01
1.768774747848510742e+00
2.254589319229125977e+00
1.978887796401977539e+00
8.967909812927246094e-01
-4.934209585189819336e-01
-1.582661271095275879e+00
-1.802158594131469727e+00
-1.128397583961486816e+00
1.283938586711883545e-01
1.343781590461730957e+00
2.129594564437866211e+00
2.284364700317382812e+00
1.987017631530761719e+00
1.402924299240112305e+00
7.851763963699340820e-01
2.122108042240142822e-01
-1.234224438667297363e-01
-1.558998227119445801e-01
2.219272851943969727e-01
8.158044815063476562e-01
1.386682629585266113e+00
1.548722982406616211e+00
1.234675645828247070e+00
5.349546670913696289e-01
-1.437609195709228516e-01
-5.771233439445495605e-01
-6.430256366729736328e-01
-5.686144828796386719e-01
-4.713350534439086914e-01
-4.168150424957275391e-01
-1.336787045001983643e-01
5.268079042434692383e-01
1.598776459693908691e+00
2.650996685028076172e+00
3.233843803405761719e+00
2.960036039352416992e+00
2.005533695220947266e+00
7.943723201751708984e-01
-6.449458003044128418e-02
-3.987400829792022705e-01
-3.383102715015411377e-01
-3.820618391036987305e-01
-7.809004783630371094e-01
-1.545162916183471680e+00
-2.240644454956054688e+00
-2.539876699447631836e+00
-2.270790100097656250e+00
-1.736047148704528809e+00
-1.255353808403015137e+00
-1.090917944908142090e+00
-1.037409305572509766e+00
-7.890959382057189941e-01
-1.550686359405517578e-02
1.142971515655517578e+00
