-6.309045553207397461e-01
-6.506045460700988770e-01
3.318741321563720703e-01
6.538380384445190430e-01
3.863583803176879883e-01
-5.233225971460342407e-02
-1.941505372524261475e-01
1.510171890258789062e-01
7.984343171119689941e-01
1.333910107612609863e+00
1.425276875495910645e+00
1.038457036018371582e+00
4.470051527023315430e-01
5.768060684204101562e-03
-1.041511893272399902e-01
4.473328590393066406e-03
5.746763944625854492e-02
-1.323286294937133789e-01
-4.743596613407135010e-01
-6.568661928176879883e-01
-3.964224755764007568e-01
2.914445996284484863e-01
1.042946815490722656e+00
1.364061951637268066e+00
9.829938411712646484e-01
5.813745036721229553e-02
-9.104017019271850586e-01
-1.414891839027404785e+00
-1.269700169563293457e+00
-7.004847526550292969e-01
-1.436321437358856201e-01
7.067760825157165527e-02
-9.748888760805130005e-02
-4.591531157493591309e-01
-8.113374710083007812e-01
-1.092214703559875488e+00
-1.355145692825317383e+00
-1.608571887016296387e+00
-1.716102480888366699e+00
-1.472842454910278320e+00
-8.127956986427307129e-01
5.898897349834442139e-02
7.467132806777954102e-01
9.378874897956848145e-01
6.292967796325683594e-01
1.352086663246154785e-01
-1.722394526004791260e-01
-1.455386281013488770e-01
3.839421272277832031e-02
7.173693180084228516e-02
-2.057967782020568848e-01
-6.581431627273559570e-01
-1.000942468643188477e+00
-1.062087535858154297e+00
-9.403465986251831055e-01
-8.672102689743041992e-01
-9.328168034553527832e-01
-9.096187353134155273e-01
-4.252307713031768799e-01
6.726007461547851562e-01
2.028337478637695312e+00
2.914351224899291992e+00
2.708283424377441406e+00
1.409084320068359375e+00
-2.789635062217712402e-01
-1.357633113861083984e+00
-1.220167875289916992e+00
-4.576170444488525391e-02
1.333314895629882812e+00
2.049315214157104492e+00
1.765853881835937500e+00
8.485509753227233887e-01
-1.654547452926635742e-02
-3.477632999420166016e-01
-1.885677576065063477e-01
5.952829122543334961e-02
2.659770101308822632e-02
-2.970001399517059326e-01
-6.290519237518310547e-01
-6.931667923927307129e-01
-5.298589468002319336e-01
-4.683935046195983887e-01
-8.584189414978027344e-01
-1.718507170677185059e+00
-2.671884298324584961e+00
-3.143581867218017578e+00
-2.744893074035644531e+00
-1.483764171600341797e+00
2.352266013622283936e-01
1.856989145278930664e+00
2.903975725173950195e+00
3.149422407150268555e+00
2.629675149917602539e+00
1.642190337181091309e+00
6.467828750610351562e-01
1.437009572982788086e-01
4.214362800121307373e-01
1.376537799835205078e+00
2.467811346054077148e+00
2.999124288558959961e+00
2.515922784805297852e+00
1.143895387649536133e+00
-4.815885424613952637e-01
-1.596052169799804688e+00
-1.822755098342895508e+00
-1.365648865699768066e+00
-8.166635632514953613e-01
-6.545097231864929199e-01
-9.086316823959350586e-01
-1.170437812805175781e+00
-1.001975178718566895e+00
-3.195990324020385742e-01
4.922549128532409668e-01
8.923314809799194336e-01
5.899152159690856934e-01
-2.173313796520233154e-01
-1.020091176033020020e+00
-1.356855750083923340e+00
-1.130147099494934082e+00
-5.806341767311096191e-01
-5.246612429618835449e-02
2.890432476997375488e-01
4.946704506874084473e-01
7.053239941596984863e-01
9.524639844894409180e-01
1.144545793533325195e+00
1.168056845664978027e+00
1.036441087722778320e+00
8.677867054939270020e-01
7.675467729568481445e-01
6.913762092590332031e-01
4.979097247123718262e-01
1.036126613616943359e-01
-3.633024692535400391e-01
-6.300028562545776367e-01
-4.924306869506835938e-01
-3.998476266860961914e-02
3.751265108585357666e-01
3.837231099605560303e-01
-8.561718463897705078e-02
-7.350240349769592285e-01
-1.107477307319641113e+00
-9.470983743667602539e-01
-3.808966875076293945e-01
1.981103718280792236e-01
4.643559753894805908e-01
3.960137665271759033e-01
2.433392107486724854e-01
2.542332112789154053e-01
4.424996972084045410e-01
5.920815467834472656e-01
4.992773532867431641e-01
1.971912980079650879e-01
-4.964181780815124512e-02
1.768583431839942932e-03
3.200229406356811523e-01
5.949159860610961914e-01
5.165074467658996582e-01
8.796441555023193359e-02
-3.266151547431945801e-01
-3.022751212120056152e-01
2.431893646717071533e-01
9.088333249092102051e-01
1.094452977180480957e+00
5.032924413681030273e-01
-5.604073405265808105e-01
-1.377449631690979004e+00
-1.364844083786010742e+00
-5.438237786293029785e-01
4.584562480449676514e-01
9.046296477317810059e-01
5.256966352462768555e-01
-2.765245139598846436e-01
-7.880885601043701172e-01
-5.842300653457641602e-01
1.071812435984611511e-01
6.070474386215209961e-01
3.544152081012725830e-01
-6.011422276496887207e-01
-1.624515414237976074e+00
-1.980378746986389160e+00
-1.415057420730590820e+00
-3.325220346450805664e-01
5.284587740898132324e-01
6.697802543640136719e-01
1.677775979042053223e-01
-4.426389932632446289e-01
-6.431370973587036133e-01
-3.223346471786499023e-01
1.678352952003479004e-01
3.410843610763549805e-01
-5.558294057846069336e-02
-8.655318617820739746e-01
-1.686974048614501953e+00
-2.144185304641723633e+00
-2.101924419403076172e+00
-1.650396347045898438e+00
-1.007302880287170410e+00
-3.981495797634124756e-01
-3.520935773849487305e-02
-6.413191556930541992e-02
-4.950915575027465820e-01
-1.089973568916320801e+00
-1.414843678474426270e+00
-1.056109905242919922e+00
3.991526365280151367e-02
1.433967471122741699e+00
2.380049467086791992e+00
2.327754735946655273e+00
1.332989573478698730e+00
9.776556491851806641e-02
-5.042729973793029785e-01
-3.999465703964233398e-02
1.128445029258728027e+00
2.096640110015869141e+00
2.047774553298950195e+00
8.597504496574401855e-01
