5.719864964485168457e-01
5.263631939888000488e-01
5.923531055450439453e-01
9.039101600646972656e-01
1.187554240226745605e+00
9.811342954635620117e-01
3.075054287910461426e-01
-5.907069444656372070e-01
-1.157203435897827148e+00
-1.207221865653991699e+00
-7.759133577346801758e-01
-2.941589057445526123e-01
2.572115510702133179e-02
7.754146307706832886e-02
8.351922035217285156e-02
7.503536343574523926e-02
4.599486291408538818e-02
-2.379744946956634521e-01
-7.356925010681152344e-01
-1.291542768478393555e+00
-1.536436557769775391e+00
-1.418326616287231445e+00
-1.110896110534667969e+00
-1.076686739921569824e+00
-1.457170248031616211e+00
-2.057346105575561523e+00
-2.252784013748168945e+00
-1.658924221992492676e+00
-3.132048845291137695e-01
1.125836014747619629e+00
2.006403923034667969e+00
2.019094944000244141e+00
1.556620955467224121e+00
1.222011923789978027e+00
1.454960584640502930e+00
2.047206163406372070e+00
2.478604078292846680e+00
2.257189750671386719e+00
1.466372728347778320e+00
5.719255805015563965e-01
1.146571636199951172e-01
1.550436615943908691e-01
3.486136198043823242e-01
1.992684900760650635e-01
-3.844702839851379395e-01
-1.075943708419799805e+00
-1.353044033050537109e+00
-1.056873798370361328e+00
-5.018661618232727051e-01
-2.784921526908874512e-01
-6.775714159011840820e-01
-1.449286222457885742e+00
-1.933584213256835938e+00
-1.630151629447937012e+00
-5.799086689949035645e-01
6.163243055343627930e-01
1.295197844505310059e+00
1.208623886108398438e+00
6.873017549514770508e-01
3.004240691661834717e-01
3.746687173843383789e-01
7.351630926132202148e-01
8.946483135223388672e-01
5.143980979919433594e-01
-2.955920696258544922e-01
-1.029373407363891602e+00
-1.189746141433715820e+00
-6.343228220939636230e-01
3.152793049812316895e-01
1.149261474609375000e+00
1.473252058029174805e+00
1.216446399688720703e+00
5.312456488609313965e-01
-3.354069590568542480e-01
-1.187964797019958496e+00
-1.809310197830200195e+00
-1.992066144943237305e+00
-1.554450273513793945e+00
-5.706582665443420410e-01
6.054620742797851562e-01
1.411234974861145020e+00
1.471544981002807617e+00
8.119072914123535156e-01
-5.465352535247802734e-02
-5.350989699363708496e-01
-3.000471293926239014e-01
4.184414744377136230e-01
1.077737689018249512e+00
1.165445566177368164e+00
6.377356052398681641e-01
-1.346902847290039062e-01
-5.898919105529785156e-01
-4.567179083824157715e-01
1.493644565343856812e-01
7.682145237922668457e-01
1.008088350296020508e+00
7.225921750068664551e-01
1.385018229484558105e-01
-4.132751524448394775e-01
-6.377015709877014160e-01
-5.024454593658447266e-01
-1.254902482032775879e-01
2.441948056221008301e-01
4.320348203182220459e-01
3.265299201011657715e-01
-2.784496545791625977e-02
-5.114641189575195312e-01
-9.170908927917480469e-01
-1.083925008773803711e+00
-9.137500524520874023e-01
-4.593731760978698730e-01
1.677986681461334229e-01
8.047541379928588867e-01
1.341313600540161133e+00
1.667170763015747070e+00
1.703727364540100098e+00
1.384197711944580078e+00
7.664865851402282715e-01
5.112528800964355469e-02
-4.365027546882629395e-01
-4.616735875606536865e-01
-4.773956537246704102e-02
4.657707214355468750e-01
6.504940986633300781e-01
3.106232285499572754e-01
-3.226699531078338623e-01
-7.242540121078491211e-01
-4.802642762660980225e-01
3.441603183746337891e-01
1.168136119842529297e+00
1.305157780647277832e+00
4.638769924640655518e-01
-9.619849920272827148e-01
-2.174062728881835938e+00
-2.494610071182250977e+00
-1.887109875679016113e+00
-9.116174578666687012e-01
-3.304747939109802246e-01
-4.867429733276367188e-01
-1.152661800384521484e+00
-1.694060087203979492e+00
-1.658262491226196289e+00
-1.015592932701110840e+00
-1.913247853517532349e-01
4.001076817512512207e-01
5.688739418983459473e-01
4.992035627365112305e-01
4.072581529617309570e-01
4.334736764430999756e-01
4.802139997482299805e-01
5.207202434539794922e-01
5.915152430534362793e-01
8.805807232856750488e-01
1.345494866371154785e+00
1.758697032928466797e+00
1.686452269554138184e+00
1.028591394424438477e+00
6.981489062309265137e-02
-4.698850512504577637e-01
-1.325109302997589111e-01
1.038372159004211426e+00
2.261798381805419922e+00
2.746522188186645508e+00
2.094767332077026367e+00
8.060077428817749023e-01
-3.132396340370178223e-01
-5.947442650794982910e-01
-2.324855029582977295e-01
1.112585663795471191e-01
-3.128046989440917969e-01
-1.457942008972167969e+00
-2.697598457336425781e+00
-3.081148862838745117e+00
-2.330658435821533203e+00
-8.360419273376464844e-01
3.942730724811553955e-01
7.298283576965332031e-01
7.757270336151123047e-02
-8.989350199699401855e-01
-1.633586645126342773e+00
-1.807506442070007324e+00
-1.730427503585815430e+00
-1.635690569877624512e+00
-1.643588542938232422e+00
-1.378551125526428223e+00
-6.734478473663330078e-01
4.211231470108032227e-01
1.259758472442626953e+00
1.374025344848632812e+00
5.798131823539733887e-01
-5.042482614517211914e-01
-1.207992553710937500e+00
-9.985042810440063477e-01
-1.838732510805130005e-01
6.735424399375915527e-01
8.999584317207336426e-01
5.351005196571350098e-01
-8.715526759624481201e-02
-3.441029489040374756e-01
-1.571904420852661133e-01
3.298867344856262207e-01
6.196967363357543945e-01
6.390029191970825195e-01
4.255998432636260986e-01
3.441123664379119873e-01
3.711068630218505859e-01
4.509508013725280762e-01
2.824516296386718750e-01
2.760827541351318359e-02
-8.979904651641845703e-02
3.541914224624633789e-01
1.192062973976135254e+00
1.999615192413330078e+00
1.996919155120849609e+00
9.912981986999511719e-01
-7.703452706336975098e-01
-2.374527692794799805e+00
