-1.228823065757751465e+00
-1.237813472747802734e+00
-8.936213254928588867e-01
-1.383782327175140381e-01
8.262385129928588867e-01
1.296701669692993164e+00
1.047592163085937500e+00
5.476278066635131836e-02
-9.561561346054077148e-01
-1.453690528869628906e+00
-9.888865947723388672e-01
4.442107677459716797e-02
1.150726675987243652e+00
1.621790170669555664e+00
1.442022204399108887e+00
7.921155691146850586e-01
2.909039258956909180e-01
1.183001995086669922e-01
3.414947092533111572e-01
5.302188992500305176e-01
5.173225402832031250e-01
1.312987804412841797e-01
-3.225468397140502930e-01
-6.912978291511535645e-01
-7.045395374298095703e-01
-4.941517710685729980e-01
-9.759956598281860352e-02
2.175294160842895508e-01
4.468890130519866943e-01
4.541011750698089600e-01
3.623809218406677246e-01
1.634989380836486816e-01
7.985880970954895020e-02
1.285197287797927856e-01
3.736056387424468994e-01
5.270515084266662598e-01
3.677271306514739990e-01
-3.589575886726379395e-01
-1.422361254692077637e+00
-2.396399974822998047e+00
-2.631784200668334961e+00
-1.931516289710998535e+00
-5.263042449951171875e-01
7.862869501113891602e-01
1.336597681045532227e+00
8.307917118072509766e-01
-2.605521678924560547e-01
-1.192337036132812500e+00
-1.292080163955688477e+00
-5.590770244598388672e-01
5.184701085090637207e-01
1.214784026145935059e+00
1.211465477943420410e+00
6.693053245544433594e-01
1.377272009849548340e-01
2.603977918624877930e-03
2.705300748348236084e-01
5.410577058792114258e-01
4.370718002319335938e-01
-1.097491681575775146e-01
-7.473615407943725586e-01
-1.025133490562438965e+00
-7.376194000244140625e-01
-1.073895841836929321e-01
3.997226059436798096e-01
4.490607976913452148e-01
8.016286045312881470e-02
-3.251022100448608398e-01
-4.027017951011657715e-01
-7.438260316848754883e-02
3.412168025970458984e-01
4.577417969703674316e-01
9.454153478145599365e-02
-4.645397961139678955e-01
-7.397315502166748047e-01
-3.319082260131835938e-01
6.440367698669433594e-01
1.689887285232543945e+00
2.108610153198242188e+00
1.582510709762573242e+00
2.671650648117065430e-01
-1.149588108062744141e+00
-1.987357378005981445e+00
-1.807124972343444824e+00
-7.902419567108154297e-01
5.597327351570129395e-01
1.545814514160156250e+00
1.813822507858276367e+00
1.315820932388305664e+00
4.638113975524902344e-01
-3.216496109962463379e-01
-6.362645626068115234e-01
-4.780189394950866699e-01
1.019256655126810074e-02
4.440864324569702148e-01
6.365668773651123047e-01
4.595080018043518066e-01
1.009072810411453247e-01
-3.110211491584777832e-01
-5.664345622062683105e-01
-7.026890516281127930e-01
-6.910516023635864258e-01
-6.277235150337219238e-01
-4.018120467662811279e-01
-2.593788504600524902e-02
5.520563125610351562e-01
1.101142644882202148e+00
1.449332952499389648e+00
1.345843076705932617e+00
8.894400596618652344e-01
2.411781251430511475e-01
-2.407831549644470215e-01
-4.972240030765533447e-01
-5.701289772987365723e-01
-7.814316749572753906e-01
-1.211696863174438477e+00
-1.803831219673156738e+00
-2.128982543945312500e+00
-1.922445774078369141e+00
-1.081329941749572754e+00
-1.484040915966033936e-02
8.407499194145202637e-01
1.109886646270751953e+00
9.658898115158081055e-01
7.788895964622497559e-01
1.019556045532226562e+00
1.662961006164550781e+00
2.371348619461059570e+00
2.532380104064941406e+00
1.909908175468444824e+00
6.472095847129821777e-01
-6.403515338897705078e-01
-1.472261190414428711e+00
-1.639026403427124023e+00
-1.440018534660339355e+00
-1.206936240196228027e+00
-1.143656730651855469e+00
-1.028930664062500000e+00
-6.035568714141845703e-01
2.428291738033294678e-01
1.140848398208618164e+00
1.578582763671875000e+00
1.184745430946350098e+00
1.715648174285888672e-01
-8.570349216461181641e-01
-1.226188182830810547e+00
-7.716912031173706055e-01
1.154676079750061035e-01
7.153734564781188965e-01
5.909386277198791504e-01
-1.348208189010620117e-01
-8.489807844161987305e-01
-9.739679098129272461e-01
-3.991951942443847656e-01
4.278340637683868408e-01
8.816484212875366211e-01
6.675220727920532227e-01
5.025410652160644531e-02
-3.547655642032623291e-01
-1.182910650968551636e-01
6.735006570816040039e-01
1.431597471237182617e+00
1.588178038597106934e+00
9.883214831352233887e-01
9.672933816909790039e-02
-4.527973532676696777e-01
-2.629506587982177734e-01
4.067692160606384277e-01
9.619622826576232910e-01
8.267592191696166992e-01
3.538548946380615234e-02
-9.273241758346557617e-01
-1.347423553466796875e+00
-1.003309607505798340e+00
-1.761243790388107300e-01
3.629552125930786133e-01
1.178829371929168701e-01
-9.608762860298156738e-01
-2.201273918151855469e+00
-2.873076438903808594e+00
-2.425560235977172852e+00
-1.073980450630187988e+00
6.065830588340759277e-01
1.757857203483581543e+00
1.990073680877685547e+00
1.243862748146057129e+00
4.994791746139526367e-02
-1.103233098983764648e+00
-1.690519332885742188e+00
-1.687074542045593262e+00
-1.172199368476867676e+00
-5.921816825866699219e-01
-1.606708765029907227e-01
-1.248831748962402344e-01
-2.873344421386718750e-01
-5.261321067810058594e-01
-5.148932337760925293e-01
-3.385489583015441895e-01
-4.129034280776977539e-02
3.242909908294677734e-02
-7.051962614059448242e-02
-2.994703054428100586e-01
-1.981869935989379883e-01
3.154236078262329102e-01
1.240339279174804688e+00
1.979017257690429688e+00
2.153830528259277344e+00
1.446613907814025879e+00
3.271672725677490234e-01
-6.786384582519531250e-01
-8.650914430618286133e-01
-3.075002431869506836e-01
6.604493260383605957e-01
1.202048182487487793e+00
1.039611816406250000e+00
1.451707482337951660e-01
-7.939708232879638672e-01
