-3.142224848270416260e-01
-2.653720378875732422e-01
-8.917108774185180664e-01
-1.002165555953979492e+00
-4.572636187076568604e-01
4.106948077678680420e-01
1.044171094894409180e+00
1.133915543556213379e+00
8.270644545555114746e-01
5.663142204284667969e-01
6.419593095779418945e-01
9.070972800254821777e-01
8.894292116165161133e-01
2.436087131500244141e-01
-8.788986206054687500e-01
-1.857487201690673828e+00
-2.055229187011718750e+00
-1.326977133750915527e+00
-1.491255164146423340e-01
7.186574339866638184e-01
8.164168000221252441e-01
2.920496463775634766e-01
-2.451298087835311890e-01
-2.479964792728424072e-01
3.623123764991760254e-01
1.157960414886474609e+00
1.596795439720153809e+00
1.426433205604553223e+00
8.547951579093933105e-01
2.874278724193572998e-01
-1.872113090939819813e-03
-8.073487877845764160e-02
-1.924181282520294189e-01
-5.057630538940429688e-01
-9.112510681152343750e-01
-1.161529183387756348e+00
-1.084012031555175781e+00
-7.885691523551940918e-01
-5.416842103004455566e-01
-5.690053701400756836e-01
-8.130820989608764648e-01
-1.020945191383361816e+00
-9.149952530860900879e-01
-4.641085267066955566e-01
1.472533941268920898e-01
6.165687441825866699e-01
7.930738925933837891e-01
6.869484782218933105e-01
4.636405110359191895e-01
2.457148432731628418e-01
1.363717317581176758e-01
1.613527536392211914e-01
3.777573108673095703e-01
7.363839745521545410e-01
1.085591554641723633e+00
1.099924921989440918e+00
5.446094274520874023e-01
-5.630379915237426758e-01
-1.759084224700927734e+00
-2.424269437789916992e+00
-2.092144966125488281e+00
-8.850414752960205078e-01
5.969700813293457031e-01
1.564442992210388184e+00
1.637630939483642578e+00
9.746103882789611816e-01
1.810099333524703979e-01
-2.537298202514648438e-01
-1.964548677206039429e-01
3.580416366457939148e-02
1.252560615539550781e-01
-2.603407204151153564e-02
-1.393554210662841797e-01
4.686133190989494324e-02
5.694733858108520508e-01
1.061254143714904785e+00
1.137718200683593750e+00
6.531334519386291504e-01
-3.644770011305809021e-02
-4.339792132377624512e-01
-2.038848102092742920e-01
4.446853697299957275e-01
1.010414600372314453e+00
9.996498823165893555e-01
4.187682867050170898e-01
-3.412511050701141357e-01
-7.324642539024353027e-01
-5.844503045082092285e-01
-1.277717202901840210e-01
1.177091076970100403e-01
-1.286492794752120972e-01
-7.915528416633605957e-01
-1.415668487548828125e+00
-1.636577844619750977e+00
-1.343826174736022949e+00
-8.275910019874572754e-01
-4.150825738906860352e-01
-3.167966306209564209e-01
-4.083546698093414307e-01
-4.762187600135803223e-01
-3.138714730739593506e-01
4.469669982790946960e-02
4.931848049163818359e-01
8.638631701469421387e-01
1.127070546150207520e+00
1.247529387474060059e+00
1.233371496200561523e+00
1.001756072044372559e+00
5.553740262985229492e-01
-5.920557677745819092e-02
-6.407892107963562012e-01
-1.027848601341247559e+00
-1.101329088211059570e+00
-9.159313440322875977e-01
-5.364773869514465332e-01
-6.915117800235748291e-02
4.479030668735504150e-01
8.887857198715209961e-01
1.104605197906494141e+00
9.049326777458190918e-01
3.066755235195159912e-01
-4.600133001804351807e-01
-9.574688673019409180e-01
-8.896047472953796387e-01
-2.633829116821289062e-01
4.980405867099761963e-01
9.124211072921752930e-01
7.187744379043579102e-01
1.443282216787338257e-01
-3.377994000911712646e-01
-3.321245610713958740e-01
9.623831510543823242e-02
5.251862406730651855e-01
4.722990393638610840e-01
-1.253730803728103638e-01
-8.724632263183593750e-01
-1.146259784698486328e+00
-6.507348418235778809e-01
3.623708784580230713e-01
1.195695281028747559e+00
1.262798786163330078e+00
4.951153993606567383e-01
-5.363019108772277832e-01
-1.060903072357177734e+00
-6.179728507995605469e-01
5.796530246734619141e-01
1.833091259002685547e+00
2.410228729248046875e+00
2.056165218353271484e+00
1.086703181266784668e+00
1.384193599224090576e-01
-3.166796267032623291e-01
-2.455393373966217041e-01
-2.632659114897251129e-02
-9.430769830942153931e-02
-6.113619208335876465e-01
-1.340549945831298828e+00
-1.850817799568176270e+00
-1.839175581932067871e+00
-1.373780012130737305e+00
-8.449080586433410645e-01
-6.941444277763366699e-01
-1.087463736534118652e+00
-1.786697983741760254e+00
-2.304337263107299805e+00
-2.233957529067993164e+00
-1.539754509925842285e+00
-5.750897526741027832e-01
1.642779260873794556e-01
4.025628268718719482e-01
2.648454904556274414e-01
1.789623051881790161e-01
5.076936483383178711e-01
1.265372991561889648e+00
2.065525770187377930e+00
2.437432765960693359e+00
2.180368185043334961e+00
1.570761442184448242e+00
1.130054235458374023e+00
1.244019150733947754e+00
1.812497973442077637e+00
2.339322328567504883e+00
2.280994415283203125e+00
1.509391188621520996e+00
3.789858818054199219e-01
-5.213249921798706055e-01
-8.700645565986633301e-01
-8.027855157852172852e-01
-7.816657423973083496e-01
-1.108173966407775879e+00
-1.659569740295410156e+00
-1.934594869613647461e+00
-1.544551849365234375e+00
-5.711115002632141113e-01
3.734865784645080566e-01
6.434218883514404297e-01
4.352663084864616394e-02
-9.300891757011413574e-01
-1.490494489669799805e+00
-1.129820227622985840e+00
-8.266549557447433472e-02
8.838129043579101562e-01
1.003920674324035645e+00
1.494180262088775635e-01
-1.123443365097045898e+00
-1.947231650352478027e+00
-1.828469514846801758e+00
-9.067462682723999023e-01
1.696017533540725708e-01
8.234957456588745117e-01
8.848074674606323242e-01
6.555905938148498535e-01
5.055875182151794434e-01
5.908271670341491699e-01
7.302995920181274414e-01
7.011063694953918457e-01
4.480200707912445068e-01
