1.768985390663146973e-02
1.289790868759155273e-02
-1.635893583297729492e-01
-3.540272712707519531e-01
-3.423651456832885742e-01
3.577128052711486816e-02
5.330377221107482910e-01
8.360870480537414551e-01
6.024745106697082520e-01
-5.618679523468017578e-02
-7.847474813461303711e-01
-1.012814879417419434e+00
-5.613602995872497559e-01
3.538809120655059814e-01
1.029131889343261719e+00
9.225544333457946777e-01
-9.221613407135009766e-02
-1.381614089012145996e+00
-2.082813262939453125e+00
-1.525408387184143066e+00
8.710162341594696045e-02
1.883736968040466309e+00
2.700453996658325195e+00
2.004014730453491211e+00
1.369249522686004639e-01
-1.733192205429077148e+00
-2.509553909301757812e+00
-1.744532823562622070e+00
-3.277175873517990112e-02
1.563940048217773438e+00
2.136499404907226562e+00
1.620373249053955078e+00
6.130400896072387695e-01
-6.243079900741577148e-02
-1.024168729782104492e-01
2.006935477256774902e-01
2.123279571533203125e-01
-3.430102467536926270e-01
-1.163778066635131836e+00
-1.514253616333007812e+00
-9.325829744338989258e-01
3.769908845424652100e-01
1.535847902297973633e+00
1.692023754119873047e+00
6.509894132614135742e-01
-8.352950215339660645e-01
-1.605159401893615723e+00
-8.961576223373413086e-01
9.977583885192871094e-01
2.884351730346679688e+00
3.435365200042724609e+00
2.138490676879882812e+00
-3.410730957984924316e-01
-2.567713499069213867e+00
-3.303678512573242188e+00
-2.294720888137817383e+00
-3.915763795375823975e-01
1.086851716041564941e+00
1.259988784790039062e+00
2.244484424591064453e-01
-1.097105383872985840e+00
-1.675766706466674805e+00
-1.082468748092651367e+00
2.442641705274581909e-01
1.387852311134338379e+00
1.584403395652770996e+00
7.523181438446044922e-01
-5.516411066055297852e-01
-1.521099090576171875e+00
-1.680485963821411133e+00
-1.083992958068847656e+00
-2.315043210983276367e-01
3.827512860298156738e-01
5.258414149284362793e-01
3.566501438617706299e-01
1.500847637653350830e-01
1.281770467758178711e-01
2.605459988117218018e-01
4.335424602031707764e-01
5.189926028251647949e-01
5.378561615943908691e-01
4.993547797203063965e-01
3.760132491588592529e-01
-1.825779676437377930e-02
-7.896152138710021973e-01
-1.854179859161376953e+00
-2.752850055694580078e+00
-2.934704780578613281e+00
-2.014583826065063477e+00
-2.015374898910522461e-01
1.808367848396301270e+00
3.077090024948120117e+00
3.070796966552734375e+00
1.888141393661499023e+00
2.978350222110748291e-01
-8.535091280937194824e-01
-1.059118747711181641e+00
-5.234229564666748047e-01
1.698474884033203125e-01
4.229047894477844238e-01
1.556381583213806152e-01
-2.894637584686279297e-01
-3.676282763481140137e-01
1.001662015914916992e-01
8.676354885101318359e-01
1.340563297271728516e+00
1.137788772583007812e+00
2.844305336475372314e-01
-6.992536783218383789e-01
-1.284494519233703613e+00
-1.209042549133300781e+00
-7.301948070526123047e-01
-2.861517071723937988e-01
-2.328920066356658936e-01
-4.899637699127197266e-01
-7.436282634735107422e-01
-6.522328853607177734e-01
-2.375926375389099121e-01
2.175926715135574341e-01
3.274995684623718262e-01
2.462770231068134308e-02
-4.451330900192260742e-01
-6.255456805229187012e-01
-2.979226708412170410e-01
3.998088836669921875e-01
9.779344797134399414e-01
1.026340603828430176e+00
4.554873108863830566e-01
-3.543755114078521729e-01
-8.817785978317260742e-01
-7.622336149215698242e-01
-9.322658181190490723e-02
7.060592770576477051e-01
1.131454229354858398e+00
9.751465320587158203e-01
3.763706982135772705e-01
-2.709646522998809814e-01
-6.441614627838134766e-01
-6.442542076110839844e-01
-4.411303997039794922e-01
-2.761071026325225830e-01
-2.995507717132568359e-01
-4.651323258876800537e-01
-6.108512878417968750e-01
-5.827994346618652344e-01
-3.525799214839935303e-01
-1.745069026947021484e-02
2.743442654609680176e-01
4.182284474372863770e-01
4.098613858222961426e-01
3.175320923328399658e-01
2.382356524467468262e-01
2.226009666919708252e-01
2.728349566459655762e-01
3.256109654903411865e-01
3.155144155025482178e-01
1.776559352874755859e-01
-7.315509766340255737e-02
-3.754428327083587646e-01
-5.802428722381591797e-01
-5.669859051704406738e-01
-2.477773725986480713e-01
2.965085506439208984e-01
8.925459980964660645e-01
1.264962673187255859e+00
1.257774353027343750e+00
8.470422625541687012e-01
2.638861238956451416e-01
-2.150852233171463013e-01
-3.347042798995971680e-01
-1.204860210418701172e-01
2.262540459632873535e-01
3.437018990516662598e-01
6.029778718948364258e-02
-5.882582664489746094e-01
-1.238851070404052734e+00
-1.540209770202636719e+00
-1.249242782592773438e+00
-5.221875905990600586e-01
3.171398937702178955e-01
8.413963317871093750e-01
9.182595014572143555e-01
6.100137233734130859e-01
2.347196042537689209e-01
-2.521100640296936035e-02
-6.981884688138961792e-02
-4.300192743539810181e-02
2.050490677356719971e-02
1.124940365552902222e-01
4.324070811271667480e-01
1.007918000221252441e+00
1.754583597183227539e+00
2.262446403503417969e+00
2.223839759826660156e+00
1.480875849723815918e+00
3.747730851173400879e-01
-6.262308359146118164e-01
-1.013149619102478027e+00
-7.619433999061584473e-01
-1.259757280349731445e-01
3.519850075244903564e-01
4.218193888664245605e-01
6.225460767745971680e-02
-3.531326949596405029e-01
-5.876726508140563965e-01
-5.233266949653625488e-01
-4.400854110717773438e-01
-5.453465580940246582e-01
-9.888097047805786133e-01
-1.499799609184265137e+00
-1.797075986862182617e+00
-1.572829246520996094e+00
-9.394884109497070312e-01
-1.120004057884216309e-01
5.279058218002319336e-01
9.157842993736267090e-01
1.073907852172851562e+00
