-6.307970285415649414e-01
-6.256349682807922363e-01
2.714306116104125977e-01
8.051080703735351562e-01
8.123109936714172363e-01
3.546845316886901855e-01
-1.564237475395202637e-01
-3.665093481540679932e-01
-8.055282384157180786e-02
4.702316224575042725e-01
9.379422068595886230e-01
9.916040897369384766e-01
6.832584142684936523e-01
2.572648227214813232e-01
5.492237955331802368e-02
1.019815579056739807e-01
2.182489335536956787e-01
6.680722534656524658e-02
-4.131483435630798340e-01
-1.025097727775573730e+00
-1.326240420341491699e+00
-1.070896387100219727e+00
-2.980814576148986816e-01
5.684316158294677734e-01
1.126479029655456543e+00
1.143345952033996582e+00
7.801378965377807617e-01
3.120671808719635010e-01
8.643521927297115326e-03
-1.351150572299957275e-01
-2.255719155073165894e-01
-4.195709824562072754e-01
-6.771959662437438965e-01
-8.947846293449401855e-01
-9.119516015052795410e-01
-7.322984337806701660e-01
-4.169899225234985352e-01
-1.067234873771667480e-01
1.621860861778259277e-01
3.624276816844940186e-01
5.129089951515197754e-01
5.411205291748046875e-01
3.975419998168945312e-01
3.463411331176757812e-02
-4.647693932056427002e-01
-1.004689455032348633e+00
-1.461235404014587402e+00
-1.805355668067932129e+00
-1.986929655075073242e+00
-1.960879087448120117e+00
-1.620900511741638184e+00
-9.786387681961059570e-01
-1.960999071598052979e-01
3.562451601028442383e-01
3.628478646278381348e-01
-2.403979599475860596e-01
-1.078819632530212402e+00
-1.564477562904357910e+00
-1.211713790893554688e+00
-3.943606838583946228e-02
1.443048000335693359e+00
2.480810880661010742e+00
2.583873033523559570e+00
1.763218522071838379e+00
5.154300332069396973e-01
-5.731735825538635254e-01
-1.142445564270019531e+00
-1.231641888618469238e+00
-1.082121014595031738e+00
-9.219757318496704102e-01
-7.699937820434570312e-01
-5.338575243949890137e-01
-1.252110302448272705e-01
3.918997049331665039e-01
8.849406242370605469e-01
1.237104177474975586e+00
1.457453966140747070e+00
1.595930337905883789e+00
1.679184317588806152e+00
1.630684494972229004e+00
1.381282925605773926e+00
9.545089602470397949e-01
5.380592346191406250e-01
3.413591086864471436e-01
4.527645111083984375e-01
7.220942378044128418e-01
8.849406242370605469e-01
7.360199093818664551e-01
3.069050610065460205e-01
-1.946593225002288818e-01
-5.333173274993896484e-01
-6.425018310546875000e-01
-6.090682148933410645e-01
-5.662707686424255371e-01
-5.212523937225341797e-01
-3.821757435798645020e-01
-6.554671376943588257e-02
3.363770842552185059e-01
6.075676083564758301e-01
5.586476325988769531e-01
2.525829374790191650e-01
-2.839156985282897949e-02
3.043240122497081757e-02
4.647093713283538818e-01
9.774983525276184082e-01
1.119156002998352051e+00
6.787565946578979492e-01
-1.455593109130859375e-01
-8.423832654953002930e-01
-1.007570624351501465e+00
-6.327778697013854980e-01
-1.436385363340377808e-01
-1.056430488824844360e-02
-3.847567737102508545e-01
-9.285183548927307129e-01
-1.121497035026550293e+00
-6.659113764762878418e-01
2.008418440818786621e-01
8.989863395690917969e-01
8.983260393142700195e-01
1.663877964019775391e-01
-8.399822711944580078e-01
-1.462375879287719727e+00
-1.345748424530029297e+00
-5.993442535400390625e-01
2.885375916957855225e-01
8.776776790618896484e-01
1.001568198204040527e+00
8.468250632286071777e-01
6.734744310379028320e-01
6.501249074935913086e-01
7.238349914550781250e-01
7.980251908302307129e-01
8.001860976219177246e-01
7.842195630073547363e-01
7.596695423126220703e-01
6.876401901245117188e-01
4.324762225151062012e-01
-1.446589455008506775e-02
-5.047456622123718262e-01
-7.032465934753417969e-01
-3.966416418552398682e-01
3.784542083740234375e-01
1.206791758537292480e+00
1.603373408317565918e+00
1.244186997413635254e+00
2.759324312210083008e-01
-8.431636095046997070e-01
-1.524741291999816895e+00
-1.477442026138305664e+00
-7.483249306678771973e-01
2.570847570896148682e-01
1.128159761428833008e+00
1.557634711265563965e+00
1.544909596443176270e+00
1.213934659957885742e+00
8.018067479133605957e-01
4.237726926803588867e-01
1.614657938480377197e-01
-4.561858996748924255e-02
-2.116462439298629761e-01
-3.900389373302459717e-01
-5.272548794746398926e-01
-6.177717447280883789e-01
-6.124895811080932617e-01
-5.908808112144470215e-01
-5.984438657760620117e-01
-7.290570735931396484e-01
-9.051088094711303711e-01
-1.021076083183288574e+00
-8.785179853439331055e-01
-4.760539829730987549e-01
7.779169827699661255e-02
4.696913957595825195e-01
5.221527814865112305e-01
1.950194686651229858e-01
-2.402779161930084229e-01
-5.343977808952331543e-01
-5.114083886146545410e-01
-3.360169231891632080e-01
-2.303138524293899536e-01
-4.189107120037078857e-01
-8.034874200820922852e-01
-1.203610420227050781e+00
-1.400130510330200195e+00
-1.490287303924560547e+00
-1.657515406608581543e+00
-2.111060142517089844e+00
-2.665746212005615234e+00
-2.946060419082641602e+00
-2.497977972030639648e+00
-1.337345004081726074e+00
1.323539316654205322e-01
1.198268294334411621e+00
1.490827560424804688e+00
1.085722446441650391e+00
5.683715939521789551e-01
3.834962844848632812e-01
6.164512038230895996e-01
7.766565084457397461e-01
4.051050841808319092e-01
-6.224536299705505371e-01
-1.729004621505737305e+00
-2.184530258178710938e+00
-1.511536002159118652e+00
-6.686724722385406494e-02
1.333263278007507324e+00
1.832186579704284668e+00
1.332663059234619141e+00
4.003631472587585449e-01
-1.134462282061576843e-02
5.372189283370971680e-01
1.784227013587951660e+00
2.780333042144775391e+00
2.738495826721191406e+00
1.424200415611267090e+00
-5.300160050392150879e-01
