-4.164405465126037598e-01
-4.584915339946746826e-01
2.263972163200378418e-02
9.196917414665222168e-01
1.813905715942382812e+00
2.083689451217651367e+00
1.779927730560302734e+00
1.156764388084411621e+00
7.979215383529663086e-01
7.236796021461486816e-01
7.423064708709716797e-01
2.847032546997070312e-01
-6.771523356437683105e-01
-1.867900490760803223e+00
-2.504295110702514648e+00
-2.251173019409179688e+00
-1.171780228614807129e+00
-6.387233734130859375e-02
4.467326700687408447e-01
2.655947953462600708e-02
-8.230437636375427246e-01
-1.496480584144592285e+00
-1.434018015861511230e+00
-8.111926317214965820e-01
-3.425142168998718262e-02
3.482925891876220703e-01
3.600958287715911865e-01
2.604154646396636963e-01
5.255110859870910645e-01
1.145160675048828125e+00
1.825536489486694336e+00
1.949812173843383789e+00
1.277905464172363281e+00
-8.700579404830932617e-02
-1.524802446365356445e+00
-2.495824575424194336e+00
-2.627097129821777344e+00
-2.058815002441406250e+00
-1.087753057479858398e+00
-1.486503183841705322e-01
5.466586947441101074e-01
8.504685759544372559e-01
8.122397065162658691e-01
4.711702466011047363e-01
9.293347597122192383e-03
-4.149450063705444336e-01
-6.011613011360168457e-01
-5.264659523963928223e-01
-2.804193496704101562e-01
-9.295862913131713867e-02
-9.854468703269958496e-02
-2.961439192295074463e-01
-4.898939728736877441e-01
-4.822265207767486572e-01
-1.924057900905609131e-01
2.487563192844390869e-01
6.143382787704467773e-01
7.376381158828735352e-01
6.372506618499755859e-01
5.133048892021179199e-01
5.917780399322509766e-01
9.909145832061767578e-01
1.603312253952026367e+00
2.189923763275146484e+00
2.448762178421020508e+00
2.223661184310913086e+00
1.500088572502136230e+00
4.897272586822509766e-01
-5.491704344749450684e-01
-1.316130161285400391e+00
-1.694236636161804199e+00
-1.670481920242309570e+00
-1.442506074905395508e+00
-1.168459892272949219e+00
-1.011009573936462402e+00
-9.083911776542663574e-01
-7.890305519104003906e-01
-4.937779903411865234e-01
-6.036583334207534790e-02
4.604445695877075195e-01
8.702425956726074219e-01
1.128137826919555664e+00
1.166451454162597656e+00
1.078328132629394531e+00
8.191570043563842773e-01
4.320359528064727783e-01
-1.434168368577957153e-01
-7.399990558624267578e-01
-1.217628240585327148e+00
-1.307184457778930664e+00
-1.026998281478881836e+00
-4.872303009033203125e-01
-8.214637637138366699e-02
-1.110422611236572266e-02
-3.862657546997070312e-01
-9.112199544906616211e-01
-1.329455494880676270e+00
-1.338858008384704590e+00
-1.019427299499511719e+00
-4.855242073535919189e-01
-3.049567341804504395e-02
3.270119726657867432e-01
5.538315773010253906e-01
8.179519772529602051e-01
1.055695533752441406e+00
1.253758788108825684e+00
1.211365342140197754e+00
9.680459499359130859e-01
5.479338169097900391e-01
2.237507104873657227e-01
8.001691102981567383e-02
2.217974662780761719e-01
4.375270307064056396e-01
5.832679867744445801e-01
3.969366252422332764e-01
-7.729718089103698730e-02
-7.436363101005554199e-01
-1.199906468391418457e+00
-1.184365749359130859e+00
-4.748946428298950195e-01
6.688314676284790039e-01
1.809520721435546875e+00
2.266008615493774414e+00
1.740929841995239258e+00
3.070270717144012451e-01
-1.317478895187377930e+00
-2.365378141403198242e+00
-2.227091073989868164e+00
-1.035513639450073242e+00
6.298072934150695801e-01
1.893561363220214844e+00
2.308754920959472656e+00
1.873002648353576660e+00
1.113937616348266602e+00
4.753471314907073975e-01
1.856058835983276367e-01
5.661129951477050781e-03
-3.225640058517456055e-01
-9.478886127471923828e-01
-1.604841828346252441e+00
-1.959313511848449707e+00
-1.738982200622558594e+00
-1.083344459533691406e+00
-3.174380064010620117e-01
1.697896420955657959e-01
2.893233895301818848e-01
1.635695993900299072e-01
6.882692873477935791e-02
1.230142861604690552e-01
3.002277016639709473e-01
4.315172135829925537e-01
4.353817105293273926e-01
3.257245719432830811e-01
2.175106406211853027e-01
1.725952029228210449e-01
1.781237423419952393e-01
1.627704352140426636e-01
8.634248375892639160e-02
-3.496378660202026367e-02
-1.849282979965209961e-01
-3.835981488227844238e-01
-7.013791799545288086e-01
-1.122578620910644531e+00
-1.513623714447021484e+00
-1.596083998680114746e+00
-1.188538789749145508e+00
-2.974932193756103516e-01
7.473545074462890625e-01
1.563049554824829102e+00
1.851239562034606934e+00
1.683663368225097656e+00
1.295862197875976562e+00
1.003939628601074219e+00
8.241773843765258789e-01
6.227753758430480957e-01
1.181050837039947510e-01
-6.847057342529296875e-01
-1.601117253303527832e+00
-2.164937496185302734e+00
-2.111839294433593750e+00
-1.341870784759521484e+00
-2.019360661506652832e-01
9.196814298629760742e-01
1.527544379234313965e+00
1.472744226455688477e+00
7.320587635040283203e-01
-2.977123260498046875e-01
-1.207842230796813965e+00
-1.429141521453857422e+00
-7.945142984390258789e-01
6.167935132980346680e-01
2.130691528320312500e+00
3.096467018127441406e+00
2.927882909774780273e+00
1.798752784729003906e+00
2.327280044555664062e-01
-8.783128261566162109e-01
-1.182453036308288574e+00
-7.271894812583923340e-01
-2.207038849592208862e-01
-1.361425817012786865e-01
-7.154628038406372070e-01
-1.468068838119506836e+00
-1.946354866027832031e+00
-1.742180466651916504e+00
-1.144155859947204590e+00
-4.849717915058135986e-01
-2.137365937232971191e-01
-1.565307974815368652e-01
-9.598460793495178223e-02
3.598108589649200439e-01
9.944831728935241699e-01
1.514632225036621094e+00
1.380518198013305664e+00
6.729223132133483887e-01
-3.568308949470520020e-01
-1.046065092086791992e+00
