-1.360455989837646484e+00
-1.458303809165954590e+00
-1.010228991508483887e+00
-6.368337571620941162e-02
1.003547430038452148e+00
1.467655420303344727e+00
1.171850085258483887e+00
2.959907054901123047e-01
-4.061306416988372803e-01
-5.264967679977416992e-01
8.302986621856689453e-02
9.014571309089660645e-01
1.537999153137207031e+00
1.683411002159118652e+00
1.601989865303039551e+00
1.464651107788085938e+00
1.443948388099670410e+00
1.227794885635375977e+00
6.574034690856933594e-01
-3.544746041297912598e-01
-1.345305681228637695e+00
-1.928835630416870117e+00
-1.786304831504821777e+00
-1.210650920867919922e+00
-5.618546605110168457e-01
-2.520041167736053467e-01
-1.550169438123703003e-01
-5.867748707532882690e-02
3.467096686363220215e-01
8.729476332664489746e-01
1.224616646766662598e+00
1.003263831138610840e+00
3.067989051342010498e-01
-5.905206799507141113e-01
-1.228221416473388672e+00
-1.554677367210388184e+00
-1.670933485031127930e+00
-1.850109338760375977e+00
-1.989400506019592285e+00
-1.859101891517639160e+00
-1.152013182640075684e+00
-6.043884158134460449e-02
9.357050657272338867e-01
1.208860635757446289e+00
6.830223798751831055e-01
-2.186483293771743774e-01
-7.049093246459960938e-01
-4.049702882766723633e-01
4.602016806602478027e-01
1.098278760910034180e+00
9.232748746871948242e-01
-7.177719473838806152e-02
-1.170595765113830566e+00
-1.602842569351196289e+00
-1.049281001091003418e+00
3.099733591079711914e-02
8.902343511581420898e-01
1.022230386734008789e+00
6.055165529251098633e-01
2.075089514255523682e-01
2.981080412864685059e-01
7.703969478607177734e-01
1.103451013565063477e+00
8.226059079170227051e-01
9.183287620544433594e-04
-7.794102430343627930e-01
-8.888636827468872070e-01
-2.079524993896484375e-01
7.489975094795227051e-01
1.235466480255126953e+00
8.605356216430664062e-01
-9.821198880672454834e-02
-9.510931968688964844e-01
-1.129980564117431641e+00
-6.381121873855590820e-01
5.414363741874694824e-02
3.988493680953979492e-01
2.652534246444702148e-01
-6.746530532836914062e-02
-1.470705568790435791e-01
1.700495779514312744e-01
7.012118101119995117e-01
1.061929106712341309e+00
1.112993001937866211e+00
9.740077257156372070e-01
9.598692059516906738e-01
1.143098711967468262e+00
1.346829414367675781e+00
1.181377291679382324e+00
5.046971440315246582e-01
-5.392842888832092285e-01
-1.485845208168029785e+00
-2.012725353240966797e+00
-2.008037805557250977e+00
-1.706154823303222656e+00
-1.289312124252319336e+00
-8.804586529731750488e-01
-3.857866525650024414e-01
1.291310787200927734e-01
5.004403591156005859e-01
3.824330568313598633e-01
-2.908644378185272217e-01
-1.303505182266235352e+00
-2.060368061065673828e+00
-2.142318248748779297e+00
-1.439886569976806641e+00
-3.974274694919586182e-01
5.050852894783020020e-01
9.337567090988159180e-01
1.073755383491516113e+00
1.216446161270141602e+00
1.590758562088012695e+00
1.948921799659729004e+00
1.931373953819274902e+00
1.248987555503845215e+00
1.727897524833679199e-01
-7.639979124069213867e-01
-9.707629680633544922e-01
-4.252495765686035156e-01
4.673687517642974854e-01
9.997808933258056641e-01
8.582178354263305664e-01
1.734193265438079834e-01
-4.378358125686645508e-01
-5.189039707183837891e-01
4.554969072341918945e-02
7.944957017898559570e-01
1.194056034088134766e+00
8.581810593605041504e-01
-4.578951001167297363e-02
-1.083883404731750488e+00
-1.689957380294799805e+00
-1.635726928710937500e+00
-9.636319875717163086e-01
-5.378460884094238281e-02
7.462459802627563477e-01
1.130880713462829590e+00
1.073706626892089844e+00
6.584121584892272949e-01
1.427832841873168945e-01
-2.831137478351593018e-01
-4.560739099979400635e-01
-4.127044677734375000e-01
-2.316362261772155762e-01
-5.029609799385070801e-02
1.365568935871124268e-01
3.861928582191467285e-01
8.124862909317016602e-01
1.361845731735229492e+00
1.837329149246215820e+00
1.900110483169555664e+00
1.333905458450317383e+00
1.488614827394485474e-01
-1.315431714057922363e+00
-2.565490484237670898e+00
-3.129778861999511719e+00
-2.784852981567382812e+00
-1.617850303649902344e+00
-8.759796619415283203e-03
1.507743597030639648e+00
2.419498443603515625e+00
2.423498630523681641e+00
1.572868347167968750e+00
2.532232403755187988e-01
-9.593356251716613770e-01
-1.633760452270507812e+00
-1.668952345848083496e+00
-1.362475156784057617e+00
-1.103461861610412598e+00
-1.109279513359069824e+00
-1.192528724670410156e+00
-1.010815858840942383e+00
-3.354822397232055664e-01
5.668773651123046875e-01
1.158887267112731934e+00
9.363105893135070801e-01
8.674263954162597656e-03
-9.893158674240112305e-01
-1.184467434883117676e+00
-2.677274644374847412e-01
1.336392760276794434e+00
2.556255578994750977e+00
2.585745573043823242e+00
1.317992091178894043e+00
-3.755634129047393799e-01
-1.451077103614807129e+00
-1.247278690338134766e+00
-1.258984804153442383e-01
1.056549191474914551e+00
1.424429178237915039e+00
9.302415847778320312e-01
1.016121208667755127e-01
-2.290751338005065918e-01
1.634169220924377441e-01
9.718658924102783203e-01
1.405948162078857422e+00
1.087012648582458496e+00
8.349078893661499023e-02
-9.249992370605468750e-01
-1.470649003982543945e+00
-1.367738008499145508e+00
-1.060574531555175781e+00
-9.137179255485534668e-01
-1.174468874931335449e+00
-1.507103800773620605e+00
-1.600584506988525391e+00
-1.141120076179504395e+00
-3.535523116588592529e-01
5.107644796371459961e-01
1.048819899559020996e+00
1.274667620658874512e+00
1.178590655326843262e+00
9.813103079795837402e-01
6.213688850402832031e-01
2.166340202093124390e-01
-2.561379075050354004e-01
-5.179626941680908203e-01
