3.310267031192779541e-01
3.564619421958923340e-01
8.011862039566040039e-01
1.168950080871582031e+00
1.514327526092529297e+00
1.799929499626159668e+00
1.812077283859252930e+00
1.354654788970947266e+00
4.448800981044769287e-01
-5.664018988609313965e-01
-1.210288882255554199e+00
-1.189835906028747559e+00
-6.379005908966064453e-01
-1.635342836380004883e-03
2.317021936178207397e-01
-9.879921376705169678e-02
-7.939541339874267578e-01
-1.438831806182861328e+00
-1.739958047866821289e+00
-1.638460874557495117e+00
-1.293452501296997070e+00
-8.527701497077941895e-01
-3.882998228073120117e-01
1.013846099376678467e-01
5.276301503181457520e-01
7.195869684219360352e-01
4.949158430099487305e-01
-1.130080819129943848e-01
-8.432956933975219727e-01
-1.298974156379699707e+00
-1.259852886199951172e+00
-8.014200925827026367e-01
-2.846225500106811523e-01
-4.044118523597717285e-02
-1.600305140018463135e-01
-3.917118012905120850e-01
-3.763696551322937012e-01
1.078645586967468262e-01
9.236384630203247070e-01
1.681156635284423828e+00
1.933595180511474609e+00
1.490670919418334961e+00
4.938629269599914551e-01
-6.086857318878173828e-01
-1.329381942749023438e+00
-1.336917281150817871e+00
-6.642273068428039551e-01
3.429503142833709717e-01
1.144028782844543457e+00
1.328135848045349121e+00
8.067023754119873047e-01
-8.246609568595886230e-02
-8.164596557617187500e-01
-9.858145713806152344e-01
-6.158355474472045898e-01
-1.048860400915145874e-01
4.657597467303276062e-02
-3.251259624958038330e-01
-9.304144382476806641e-01
-1.208164453506469727e+00
-8.306794762611389160e-01
1.741577312350273132e-02
6.956441402435302734e-01
6.355262398719787598e-01
-2.180806249380111694e-01
-1.273998737335205078e+00
-1.754359960556030273e+00
-1.257932901382446289e+00
-1.075833439826965332e-01
9.466339945793151855e-01
1.301248908042907715e+00
1.004448890686035156e+00
6.332865953445434570e-01
7.746960520744323730e-01
1.420598268508911133e+00
1.941440463066101074e+00
1.576790571212768555e+00
1.637941598892211914e-01
-1.626015067100524902e+00
-2.660591840744018555e+00
-2.192052364349365234e+00
-3.925496041774749756e-01
1.719847798347473145e+00
3.021134853363037109e+00
2.990645647048950195e+00
1.976091146469116211e+00
7.582417726516723633e-01
-5.632180720567703247e-02
-4.198255240917205811e-01
-6.302365064620971680e-01
-9.097146987915039062e-01
-1.111083507537841797e+00
-9.165289998054504395e-01
-2.346181869506835938e-01
5.423047542572021484e-01
7.973415255546569824e-01
1.950469017028808594e-01
-9.358052611351013184e-01
-1.802407145500183105e+00
-1.736422777175903320e+00
-7.618907690048217773e-01
4.167503714561462402e-01
9.545714855194091797e-01
5.695243477821350098e-01
-2.536925375461578369e-01
-6.722655892372131348e-01
-2.372171580791473389e-01
7.091612219810485840e-01
1.274629831314086914e+00
7.657387852668762207e-01
-7.184576988220214844e-01
-2.297665834426879883e+00
-2.960509061813354492e+00
-2.294899225234985352e+00
-7.627139091491699219e-01
7.163317799568176270e-01
1.459845304489135742e+00
1.473581910133361816e+00
1.289901018142700195e+00
1.415524959564208984e+00
1.859357357025146484e+00
2.163614749908447266e+00
1.856821060180664062e+00
9.405248165130615234e-01
-5.011170729994773865e-02
-4.454760253429412842e-01
9.563893079757690430e-03
9.292966723442077637e-01
1.556989192962646484e+00
1.332031130790710449e+00
2.965405583381652832e-01
-9.391879439353942871e-01
-1.640755176544189453e+00
-1.442265987396240234e+00
-5.492331385612487793e-01
4.641582965850830078e-01
1.057922601699829102e+00
1.038103818893432617e+00
5.825275778770446777e-01
3.420494496822357178e-02
-3.601361513137817383e-01
-5.722836256027221680e-01
-7.373743057250976562e-01
-9.903615713119506836e-01
-1.336061716079711914e+00
-1.615110993385314941e+00
-1.594982385635375977e+00
-1.121325016021728516e+00
-2.474300861358642578e-01
7.303225398063659668e-01
1.385483980178833008e+00
1.380605459213256836e+00
6.884558200836181641e-01
-3.460220992565155029e-01
-1.162078619003295898e+00
-1.313890933990478516e+00
-7.525744438171386719e-01
1.266404688358306885e-01
7.391115427017211914e-01
7.019020915031433105e-01
9.799827635288238525e-02
-5.792256593704223633e-01
-7.601534128189086914e-01
-1.850720942020416260e-01
9.294761419296264648e-01
2.036075115203857422e+00
2.598398447036743164e+00
2.380937337875366211e+00
1.525908589363098145e+00
4.110361337661743164e-01
-5.712748169898986816e-01
-1.163563013076782227e+00
-1.282890796661376953e+00
-9.898317456245422363e-01
-4.542448222637176514e-01
7.723595201969146729e-02
3.440094590187072754e-01
1.781862080097198486e-01
-3.945765495300292969e-01
-1.143660068511962891e+00
-1.746612548828125000e+00
-1.961937069892883301e+00
-1.740223050117492676e+00
-1.211131691932678223e+00
-5.748502016067504883e-01
1.155376434326171875e-03
4.030414819717407227e-01
5.506728291511535645e-01
3.959662020206451416e-01
-1.456834375858306885e-03
-4.150904417037963867e-01
-4.997780621051788330e-01
-1.471525430679321289e-02
9.443705677986145020e-01
1.884411454200744629e+00
2.175911188125610352e+00
1.469081878662109375e+00
5.614876747131347656e-03
-1.482201933860778809e+00
-2.222350120544433594e+00
-1.925236940383911133e+00
-9.590864181518554688e-01
-6.603670120239257812e-02
1.997487545013427734e-01
-1.597524881362915039e-01
-6.454993486404418945e-01
-7.231222391128540039e-01
-2.520178556442260742e-01
4.223390221595764160e-01
8.149613738059997559e-01
7.180619835853576660e-01
3.797566890716552734e-01
2.342776060104370117e-01
4.914480447769165039e-01
8.959856629371643066e-01
9.416338205337524414e-01
2.977352738380432129e-01
