-1.897425502538681030e-01
-1.749490648508071899e-01
-4.555429220199584961e-01
-6.069349646568298340e-01
-5.741320252418518066e-01
-4.935718178749084473e-01
-5.411682724952697754e-01
-7.737636566162109375e-01
-9.970327615737915039e-01
-9.151057600975036621e-01
-3.450741469860076904e-01
5.689060688018798828e-01
1.440194129943847656e+00
1.869044423103332520e+00
1.754234194755554199e+00
1.320318698883056641e+00
9.520894885063171387e-01
8.681525588035583496e-01
9.978367686271667480e-01
1.057975530624389648e+00
8.372792005538940430e-01
3.441897630691528320e-01
-2.050988227128982544e-01
-6.149749159812927246e-01
-8.342239856719970703e-01
-9.472655653953552246e-01
-9.730737209320068359e-01
-7.986070513725280762e-01
-2.610568106174468994e-01
5.652076601982116699e-01
1.271757483482360840e+00
1.277948260307312012e+00
3.111456036567687988e-01
-1.273606657981872559e+00
-2.557102441787719727e+00
-2.655752420425415039e+00
-1.372015476226806641e+00
5.344147086143493652e-01
1.805046558380126953e+00
1.530482649803161621e+00
-1.442364901304244995e-01
-2.080012559890747070e+00
-2.888428211212158203e+00
-1.926208496093750000e+00
2.638707756996154785e-01
2.312607765197753906e+00
2.989972591400146484e+00
2.017140150070190430e+00
2.063852250576019287e-01
-1.186292886734008789e+00
-1.334227800369262695e+00
-3.552848696708679199e-01
9.010359048843383789e-01
1.532573103904724121e+00
1.217568278312683105e+00
3.332554399967193604e-01
-4.398650228977203369e-01
-6.777667999267578125e-01
-4.869790673255920410e-01
-3.275471031665802002e-01
-5.733280181884765625e-01
-1.179378509521484375e+00
-1.705270886421203613e+00
-1.644891023635864258e+00
-8.109886050224304199e-01
5.176916122436523438e-01
1.748686552047729492e+00
2.333270549774169922e+00
2.051229476928710938e+00
1.125028610229492188e+00
6.021913886070251465e-02
-5.976086258888244629e-01
-5.509769916534423828e-01
1.367593556642532349e-01
1.054839968681335449e+00
1.675282001495361328e+00
1.598259329795837402e+00
8.067274093627929688e-01
-3.389638066291809082e-01
-1.262511491775512695e+00
-1.531447410583496094e+00
-1.084587693214416504e+00
-2.923321723937988281e-01
3.154871761798858643e-01
3.561692833900451660e-01
-1.400557309389114380e-01
-8.097826242446899414e-01
-1.183318138122558594e+00
-1.025011777877807617e+00
-4.221771657466888428e-01
2.721519172191619873e-01
7.234336733818054199e-01
7.538246512413024902e-01
4.319858849048614502e-01
-8.763533085584640503e-02
-6.314567327499389648e-01
-1.117953419685363770e+00
-1.462062835693359375e+00
-1.598178982734680176e+00
-1.428777456283569336e+00
-9.547426700592041016e-01
-2.639511823654174805e-01
4.224987626075744629e-01
9.199297428131103516e-01
1.102436304092407227e+00
1.006761074066162109e+00
7.088009715080261230e-01
3.220799267292022705e-01
-1.100667566061019897e-01
-5.029785633087158203e-01
-7.692613005638122559e-01
-7.493222355842590332e-01
-3.723295331001281738e-01
3.325318396091461182e-01
1.126797318458557129e+00
1.729631900787353516e+00
1.887697100639343262e+00
1.577033877372741699e+00
9.248341321945190430e-01
2.024456560611724854e-01
-4.034441113471984863e-01
-7.828487753868103027e-01
-9.785408973693847656e-01
-1.017936587333679199e+00
-9.354468584060668945e-01
-6.679580807685852051e-01
-2.053400278091430664e-01
4.315035045146942139e-01
1.061995506286621094e+00
1.481760621070861816e+00
1.466002345085144043e+00
9.763700962066650391e-01
1.271114200353622437e-01
-7.568798065185546875e-01
-1.356337666511535645e+00
-1.422827839851379395e+00
-9.890732169151306152e-01
-2.692575454711914062e-01
3.656564056873321533e-01
6.638576984405517578e-01
5.257315635681152344e-01
1.101471558213233948e-01
-3.675055801868438721e-01
-6.859675645828247070e-01
-8.017426729202270508e-01
-7.371015548706054688e-01
-6.028345823287963867e-01
-4.311015009880065918e-01
-2.683731317520141602e-01
-1.128807365894317627e-01
-3.047136589884757996e-02
-3.408933803439140320e-02
-1.171419024467468262e-01
-1.438345015048980713e-01
-4.421966150403022766e-03
3.635660111904144287e-01
8.103454113006591797e-01
1.112727522850036621e+00
1.030720114707946777e+00
5.522633790969848633e-01
-1.572611927986145020e-01
-7.760148644447326660e-01
-1.086999654769897461e+00
-1.021876215934753418e+00
-7.275339961051940918e-01
-3.675055801868438721e-01
-7.292224466800689697e-02
1.706878989934921265e-01
3.908213973045349121e-01
6.300095915794372559e-01
8.384851813316345215e-01
9.834452867507934570e-01
1.024127364158630371e+00
9.836060404777526855e-01
8.451583385467529297e-01
5.914178490638732910e-01
1.794514209032058716e-01
-3.257783055305480957e-01
-7.830899953842163086e-01
-9.792644977569580078e-01
-8.316512107849121094e-01
-4.210515618324279785e-01
-9.487126953899860382e-03
1.891797482967376709e-01
1.222874596714973450e-01
-2.709459327161312103e-02
-5.266159772872924805e-02
1.177850961685180664e-01
2.932165563106536865e-01
2.185255289077758789e-01
-2.141839563846588135e-01
-7.636333703994750977e-01
-9.967111349105834961e-01
-5.657704472541809082e-01
4.545781314373016357e-01
1.589656591415405273e+00
2.221997737884521484e+00
2.026787996292114258e+00
1.156143188476562500e+00
1.386889368295669556e-01
-5.268571376800537109e-01
-6.735056638717651367e-01
-5.332891345024108887e-01
-4.744367599487304688e-01
-6.985098719596862793e-01
-1.077914595603942871e+00
-1.309545159339904785e+00
-1.167961835861206055e+00
-7.036554217338562012e-01
-1.827477961778640747e-01
1.256642341613769531e-01
1.519548296928405762e-01
4.341566562652587891e-02
2.122543752193450928e-02
1.909485310316085815e-01
4.852906763553619385e-01
7.404783368110656738e-01
