-1.118640005588531494e-01
-9.388300776481628418e-02
-1.211832880973815918e+00
-2.038258314132690430e+00
-2.217626094818115234e+00
-1.635314345359802246e+00
-6.326938271522521973e-01
2.845735847949981689e-01
6.210900545120239258e-01
2.992958128452301025e-01
-3.846180737018585205e-01
-8.349740505218505859e-01
-6.261813044548034668e-01
2.986024022102355957e-01
1.467300653457641602e+00
2.237409353256225586e+00
2.113278865814208984e+00
1.157642841339111328e+00
-1.060866713523864746e-01
-9.398876428604125977e-01
-9.267432093620300293e-01
-1.645340919494628906e-01
7.552533149719238281e-01
1.207563877105712891e+00
8.903555274009704590e-01
4.662054777145385742e-02
-7.832108139991760254e-01
-1.097592473030090332e+00
-7.877382040023803711e-01
-1.111911684274673462e-01
5.154433250427246094e-01
8.436701297760009766e-01
8.932706117630004883e-01
8.617785573005676270e-01
8.891738057136535645e-01
9.484257698059082031e-01
8.979974985122680664e-01
6.611500978469848633e-01
3.405280709266662598e-01
1.563087701797485352e-01
2.692286968231201172e-01
6.189972758293151855e-01
9.589165449142456055e-01
1.011078119277954102e+00
6.866118907928466797e-01
1.110214591026306152e-01
-4.455146789550781250e-01
-7.866296172142028809e-01
-8.419356346130371094e-01
-6.825628280639648438e-01
-3.713723421096801758e-01
3.436899185180664062e-02
4.969825446605682373e-01
8.618074059486389160e-01
9.411187171936035156e-01
5.703494548797607422e-01
-1.513794362545013428e-01
-9.187768101692199707e-01
-1.304114341735839844e+00
-1.124331474304199219e+00
-5.189185738563537598e-01
4.454138875007629395e-02
1.832064241170883179e-01
-1.991382986307144165e-01
-7.379105687141418457e-01
-9.633411765098571777e-01
-5.617334246635437012e-01
2.779388427734375000e-01
1.080434918403625488e+00
1.320090651512145996e+00
8.936780691146850586e-01
8.807267993688583374e-02
-5.294844508171081543e-01
-6.197634935379028320e-01
-1.925012469291687012e-01
3.079569339752197266e-01
4.405515789985656738e-01
-4.313787817955017090e-02
-9.177798628807067871e-01
-1.749526023864746094e+00
-2.032239913940429688e+00
-1.586725950241088867e+00
-5.020956993103027344e-01
8.031843900680541992e-01
1.917926073074340820e+00
2.459971189498901367e+00
2.332900524139404297e+00
1.592609882354736328e+00
5.531071424484252930e-01
-4.683400690555572510e-01
-1.126255393028259277e+00
-1.315071344375610352e+00
-1.066101670265197754e+00
-6.509140133857727051e-01
-2.933712303638458252e-01
-1.830590367317199707e-01
-2.527075111865997314e-01
-3.813639283180236816e-01
-3.640592396259307861e-01
-1.864981204271316528e-01
9.808230400085449219e-02
2.820958197116851807e-01
2.755815088748931885e-01
4.340162873268127441e-02
-2.474695742130279541e-01
-4.565006196498870850e-01
-4.309605658054351807e-01
-2.185230255126953125e-01
9.370428323745727539e-02
3.222895860671997070e-01
4.239493906497955322e-01
3.986289799213409424e-01
3.831918537616729736e-01
4.225791692733764648e-01
5.073878169059753418e-01
4.460778236389160156e-01
8.857861161231994629e-02
-6.410640478134155273e-01
-1.526881814002990723e+00
-2.214645862579345703e+00
-2.280138969421386719e+00
-1.567178964614868164e+00
-2.196353077888488770e-01
1.262791752815246582e+00
2.335741519927978516e+00
2.572764396667480469e+00
1.923831820487976074e+00
6.280731558799743652e-01
-8.394201993942260742e-01
-2.035677671432495117e+00
-2.616413593292236328e+00
-2.490571260452270508e+00
-1.761701822280883789e+00
-7.599607706069946289e-01
1.248944401741027832e-01
5.424242019653320312e-01
4.085590839385986328e-01
-6.704446673393249512e-02
-4.326391816139221191e-01
-2.947714924812316895e-01
4.485194087028503418e-01
1.477909803390502930e+00
2.255467414855957031e+00
2.349308013916015625e+00
1.739200353622436523e+00
8.138003349304199219e-01
9.903050959110260010e-02
-1.197171211242675781e-01
2.053143084049224854e-02
1.048296988010406494e-01
-2.114046216011047363e-01
-9.014988541603088379e-01
-1.592190027236938477e+00
-1.840635657310485840e+00
-1.505074262619018555e+00
-8.305135965347290039e-01
-2.768149375915527344e-01
-1.195729747414588928e-01
-2.837230265140533447e-01
-3.972926139831542969e-01
-1.841881275177001953e-01
3.156546354293823242e-01
7.010096907615661621e-01
5.964590907096862793e-01
-5.177769064903259277e-02
-7.970006465911865234e-01
-1.041416645050048828e+00
-4.150241315364837646e-01
8.266862630844116211e-01
1.988935708999633789e+00
2.289645195007324219e+00
1.461790323257446289e+00
-1.429946720600128174e-01
-1.671495437622070312e+00
-2.387788772583007812e+00
-2.002813100814819336e+00
-9.013221859931945801e-01
2.553200423717498779e-01
8.535394072532653809e-01
7.980937957763671875e-01
3.876206278800964355e-01
1.771286725997924805e-01
4.541305303573608398e-01
1.155218482017517090e+00
1.782960653305053711e+00
1.877539992332458496e+00
1.220820069313049316e+00
1.764829903841018677e-01
-6.227881312370300293e-01
-5.194799900054931641e-01
5.713061690330505371e-01
2.163480043411254883e+00
3.269812107086181641e+00
3.124425411224365234e+00
1.530693769454956055e+00
-7.951475381851196289e-01
-2.755728721618652344e+00
-3.348639726638793945e+00
-2.429060935974121094e+00
-6.256124973297119141e-01
9.034336805343627930e-01
1.360596060752868652e+00
6.162992715835571289e-01
-6.113748550415039062e-01
-1.445647478103637695e+00
-1.281614780426025391e+00
-3.133376836776733398e-01
8.214422464370727539e-01
1.338597297668457031e+00
9.849454760551452637e-01
-2.264529466629028320e-02
-1.028853416442871094e+00
-1.552511572837829590e+00
-1.368425965309143066e+00
-7.206878662109375000e-01
8.868879079818725586e-02
7.355318069458007812e-01
