-2.488946914672851562e-01
-2.361509799957275391e-01
-3.803260624408721924e-01
-6.848610043525695801e-01
-8.948384523391723633e-01
-7.401220798492431641e-01
-1.878551840782165527e-01
4.056932926177978516e-01
5.168838500976562500e-01
-1.615441739559173584e-01
-1.367083787918090820e+00
-2.355493783950805664e+00
-2.331107616424560547e+00
-1.040115475654602051e+00
1.010766148567199707e+00
2.799079895019531250e+00
3.451232194900512695e+00
2.762427806854248047e+00
1.313107967376708984e+00
1.508808135986328125e-02
-4.676234126091003418e-01
-1.132427752017974854e-01
5.912818908691406250e-01
1.047020316123962402e+00
9.770253896713256836e-01
4.913741946220397949e-01
-8.935295045375823975e-02
-5.459088683128356934e-01
-8.352653384208679199e-01
-1.017824769020080566e+00
-1.061132192611694336e+00
-8.508939146995544434e-01
-3.006588816642761230e-01
4.527820050716400146e-01
1.098133087158203125e+00
1.329308509826660156e+00
1.124658823013305664e+00
7.603631019592285156e-01
6.230949163436889648e-01
8.514816761016845703e-01
1.214889407157897949e+00
1.242899656295776367e+00
6.256995797157287598e-01
-5.401947498321533203e-01
-1.753867506980895996e+00
-2.477513074874877930e+00
-2.471463203430175781e+00
-1.955102920532226562e+00
-1.374060153961181641e+00
-1.089564204216003418e+00
-1.121964812278747559e+00
-1.240352034568786621e+00
-1.171288013458251953e+00
-8.444959521293640137e-01
-3.751778602600097656e-01
5.453532934188842773e-02
3.823026418685913086e-01
6.436910033226013184e-01
8.913167715072631836e-01
1.056443810462951660e+00
1.016400337219238281e+00
7.090907096862792969e-01
2.849276363849639893e-01
2.248886227607727051e-02
1.588761210441589355e-01
6.618107557296752930e-01
1.250551700592041016e+00
1.560996294021606445e+00
1.431905746459960938e+00
9.794533252716064453e-01
5.059906244277954102e-01
2.244262248277664185e-01
1.368468105792999268e-01
5.931597948074340820e-02
-1.398921310901641846e-01
-4.116975367069244385e-01
-5.277379155158996582e-01
-3.174076080322265625e-01
1.713013797998428345e-01
6.301866769790649414e-01
7.200886607170104980e-01
2.946241199970245361e-01
-4.585526585578918457e-01
-1.161335229873657227e+00
-1.461204648017883301e+00
-1.260754585266113281e+00
-7.142224311828613281e-01
-1.254451423883438110e-01
2.498884201049804688e-01
2.779877483844757080e-01
-1.460167765617370605e-02
-5.040723681449890137e-01
-9.775568842887878418e-01
-1.213446140289306641e+00
-1.042573809623718262e+00
-4.869273900985717773e-01
2.248806357383728027e-01
7.365133166313171387e-01
8.188078403472900391e-01
5.422695279121398926e-01
2.943571805953979492e-01
4.883658885955810547e-01
1.231571912765502930e+00
2.129392623901367188e+00
2.505757331848144531e+00
1.847325921058654785e+00
2.496473193168640137e-01
-1.563876509666442871e+00
-2.629448890686035156e+00
-2.376649618148803711e+00
-9.914590120315551758e-01
6.736428737640380859e-01
1.664457440376281738e+00
1.502737283706665039e+00
4.600102007389068604e-01
-7.082964181900024414e-01
-1.283847332000732422e+00
-1.058060765266418457e+00
-3.817017674446105957e-01
1.327707171440124512e-01
7.920724153518676758e-02
-5.009885430335998535e-01
-1.176668524742126465e+00
-1.474296331405639648e+00
-1.185760140419006348e+00
-5.006380081176757812e-01
1.665399968624114990e-01
4.531149864196777344e-01
3.019479811191558838e-01
-2.706162631511688232e-02
-1.284485757350921631e-01
2.502340376377105713e-01
1.027251839637756348e+00
1.788689970970153809e+00
2.042078018188476562e+00
1.522641420364379883e+00
4.113106727600097656e-01
-7.425876855850219727e-01
-1.321529030799865723e+00
-1.032199025154113770e+00
-8.455121517181396484e-02
9.275735616683959961e-01
1.419217467308044434e+00
1.167569160461425781e+00
4.285718500614166260e-01
-3.076691329479217529e-01
-6.790431737899780273e-01
-6.965388655662536621e-01
-6.441898941993713379e-01
-7.765598297119140625e-01
-1.037326097488403320e+00
-1.093726873397827148e+00
-6.328571438789367676e-01
2.880378365516662598e-01
1.192350983619689941e+00
1.475094556808471680e+00
8.738942146301269531e-01
-2.914134562015533447e-01
-1.289540171623229980e+00
-1.488573074340820312e+00
-7.985877394676208496e-01
2.599496245384216309e-01
9.507209658622741699e-01
8.452178239822387695e-01
1.182572692632675171e-01
-6.325341463088989258e-01
-8.476824164390563965e-01
-4.184100031852722168e-01
2.887203693389892578e-01
7.469748258590698242e-01
6.856955885887145996e-01
2.416932582855224609e-01
-2.053956687450408936e-01
-3.772701621055603027e-01
-2.816239893436431885e-01
-1.361503899097442627e-01
-9.830453991889953613e-02
-1.035698056221008301e-01
6.577986478805541992e-02
5.045868754386901855e-01
1.008905172348022461e+00
1.155189514160156250e+00
6.500564813613891602e-01
-3.685188293457031250e-01
-1.314124584197998047e+00
-1.532302021980285645e+00
-7.819751501083374023e-01
5.069277882575988770e-01
1.470107793807983398e+00
1.367850780487060547e+00
1.230808943510055542e-01
-1.591408014297485352e+00
-2.755948543548583984e+00
-2.675000905990600586e+00
-1.414233446121215820e+00
2.457242608070373535e-01
1.345093488693237305e+00
1.348132848739624023e+00
4.600933194160461426e-01
-5.848842859268188477e-01
-1.035337448120117188e+00
-6.210361719131469727e-01
3.431117534637451172e-01
1.227169275283813477e+00
1.556545376777648926e+00
1.289364933967590332e+00
7.807835936546325684e-01
4.491974711418151855e-01
4.687860012054443359e-01
6.618094444274902344e-01
6.988710165023803711e-01
3.747557401657104492e-01
-2.068565636873245239e-01
-7.322041988372802734e-01
-9.057067632675170898e-01
-6.849533915519714355e-01
-2.788147926330566406e-01
