-2.219251155853271484e+00
-2.245876789093017578e+00
-9.120965600013732910e-01
4.872892200946807861e-01
1.418895721435546875e+00
1.446396827697753906e+00
9.609302282333374023e-01
4.301429688930511475e-01
4.244789481163024902e-01
7.491140365600585938e-01
1.039197325706481934e+00
7.130240797996520996e-01
-8.428743481636047363e-02
-9.225776195526123047e-01
-1.009538888931274414e+00
-2.301492840051651001e-01
1.092135429382324219e+00
2.011737108230590820e+00
2.046780347824096680e+00
1.174992322921752930e+00
2.296022921800613403e-01
-9.657254815101623535e-02
5.816166400909423828e-01
1.702236533164978027e+00
2.526335716247558594e+00
2.346087932586669922e+00
1.308626174926757812e+00
-6.988957524299621582e-02
-1.007015109062194824e+00
-1.327263236045837402e+00
-1.210472226142883301e+00
-1.247433304786682129e+00
-1.620613694190979004e+00
-2.237756013870239258e+00
-2.560307264328002930e+00
-2.346209049224853516e+00
-1.614732861518859863e+00
-8.995451927185058594e-01
-5.910254716873168945e-01
-8.853021860122680664e-01
-1.418400049209594727e+00
-1.803714632987976074e+00
-1.708733439445495605e+00
-1.289988160133361816e+00
-8.104760050773620605e-01
-5.782927870750427246e-01
-5.090932250022888184e-01
-4.078679680824279785e-01
-2.034413814544677734e-02
5.315602421760559082e-01
9.551216363906860352e-01
8.666056394577026367e-01
2.676506936550140381e-01
-5.267635583877563477e-01
-9.509926438331604004e-01
-6.984174847602844238e-01
1.624331474304199219e-01
1.128713726997375488e+00
1.703130245208740234e+00
1.638279676437377930e+00
1.141112804412841797e+00
6.013886928558349609e-01
3.378258347511291504e-01
3.243178725242614746e-01
3.080103099346160889e-01
2.130508422851562500e-02
-5.382660627365112305e-01
-1.110552072525024414e+00
-1.350280165672302246e+00
-1.086358666419982910e+00
-4.228116571903228760e-01
3.720421791076660156e-01
1.052226185798645020e+00
1.530274748802185059e+00
1.792638421058654785e+00
1.808601975440979004e+00
1.435520172119140625e+00
6.024964451789855957e-01
-5.536462664604187012e-01
-1.557414889335632324e+00
-1.875808477401733398e+00
-1.214699745178222656e+00
1.254788190126419067e-01
1.431734800338745117e+00
1.916904687881469727e+00
1.337027549743652344e+00
7.594516873359680176e-02
-1.001117110252380371e+00
-1.243304133415222168e+00
-5.290270447731018066e-01
5.774863958358764648e-01
1.390354394912719727e+00
1.468400001525878906e+00
9.989337921142578125e-01
4.347224235534667969e-01
2.203731089830398560e-01
3.310710489749908447e-01
5.116715431213378906e-01
4.413301944732666016e-01
1.983012557029724121e-01
5.579489469528198242e-02
3.411205410957336426e-01
9.289786815643310547e-01
1.400881886482238770e+00
1.179882287979125977e+00
1.473221480846405029e-01
-1.380471229553222656e+00
-2.671100139617919922e+00
-3.229634761810302734e+00
-2.932698965072631836e+00
-2.197954654693603516e+00
-1.457631111145019531e+00
-1.007912516593933105e+00
-7.138426303863525391e-01
-3.991835713386535645e-01
8.439713716506958008e-02
5.623567700386047363e-01
8.709880113601684570e-01
8.785766363143920898e-01
7.573185563087463379e-01
6.598077416419982910e-01
7.018460631370544434e-01
7.171127796173095703e-01
5.928573608398437500e-01
3.116517663002014160e-01
1.849829107522964478e-01
4.740917086601257324e-01
1.246881484985351562e+00
2.081717014312744141e+00
2.437535524368286133e+00
1.922647237777709961e+00
7.535945773124694824e-01
-4.738086462020874023e-01
-1.072122097015380859e+00
-8.541114926338195801e-01
-1.230756118893623352e-01
4.972044825553894043e-01
6.543042659759521484e-01
4.077602624893188477e-01
1.870272457599639893e-01
2.844191193580627441e-01
6.524162292480468750e-01
8.860507011413574219e-01
6.727464199066162109e-01
5.775202810764312744e-02
-4.998605847358703613e-01
-5.395159721374511719e-01
2.957343682646751404e-02
7.779253721237182617e-01
1.087677359580993652e+00
6.079542636871337891e-01
-4.434663057327270508e-01
-1.440117597579956055e+00
-1.805140972137451172e+00
-1.412604808807373047e+00
-6.578031778335571289e-01
-1.152067184448242188e-01
-1.447078883647918701e-01
-6.353539228439331055e-01
-1.181277871131896973e+00
-1.348165512084960938e+00
-1.005065202713012695e+00
-2.759757637977600098e-01
5.286638736724853516e-01
1.200713992118835449e+00
1.595209360122680664e+00
1.718739509582519531e+00
1.538846135139465332e+00
1.123898983001708984e+00
5.230183601379394531e-01
-7.192866504192352295e-02
-5.718287229537963867e-01
-8.874397873878479004e-01
-1.125869154930114746e+00
-1.297035694122314453e+00
-1.414530277252197266e+00
-1.277452468872070312e+00
-8.320167064666748047e-01
-9.241402149200439453e-02
5.881621241569519043e-01
9.453870654106140137e-01
7.759290933609008789e-01
3.356488347053527832e-01
-9.132823348045349121e-02
-1.890850067138671875e-01
-1.246429681777954102e-01
-1.662634909152984619e-01
-6.994443535804748535e-01
-1.588810920715332031e+00
-2.489279747009277344e+00
-2.781662702560424805e+00
-2.329629182815551758e+00
-1.291124105453491211e+00
-3.259005546569824219e-01
1.882817298173904419e-01
6.921043992042541504e-02
-2.815471887588500977e-01
-5.790070891380310059e-01
-5.458546876907348633e-01
-4.136107563972473145e-01
-2.946296632289886475e-01
-3.577164709568023682e-01
-3.059438467025756836e-01
-1.019740104675292969e-02
6.815865039825439453e-01
1.377324700355529785e+00
1.788184642791748047e+00
1.575430870056152344e+00
1.021324634552001953e+00
4.396706819534301758e-01
3.407349288463592529e-01
6.426242589950561523e-01
1.154997348785400391e+00
1.314684033393859863e+00
1.020659327507019043e+00
2.504281699657440186e-01
-5.362453460693359375e-01
