1.164024353027343750e+00
1.182382822036743164e+00
5.914807319641113281e-01
-7.902634143829345703e-02
-7.439302206039428711e-01
-1.216692686080932617e+00
-1.466065406799316406e+00
-1.397173762321472168e+00
-1.132786512374877930e+00
-7.869171500205993652e-01
-6.323924064636230469e-01
-7.238380312919616699e-01
-1.011543989181518555e+00
-1.141332387924194336e+00
-8.865189552307128906e-01
-1.713456809520721436e-01
6.258918642997741699e-01
1.084281206130981445e+00
8.876907825469970703e-01
2.842027544975280762e-01
-2.247708439826965332e-01
-9.446321427822113037e-02
6.288572549819946289e-01
1.430327177047729492e+00
1.521890997886657715e+00
6.326334476470947266e-01
-8.431773185729980469e-01
-1.886378169059753418e+00
-1.705447912216186523e+00
-1.870000809431076050e-01
1.825523853302001953e+00
3.226087093353271484e+00
3.255434989929199219e+00
2.115829467773437500e+00
6.298969984054565430e-01
-2.680829167366027832e-01
-2.949192821979522705e-01
2.022439241409301758e-01
5.192935466766357422e-01
2.956058084964752197e-01
-3.492872416973114014e-01
-9.000032544136047363e-01
-1.009712338447570801e+00
-6.717966794967651367e-01
-2.301313877105712891e-01
5.882829427719116211e-02
1.649677157402038574e-01
2.889553308486938477e-01
4.810331463813781738e-01
5.366325378417968750e-01
7.984340190887451172e-02
-9.765154123306274414e-01
-2.226199388504028320e+00
-2.875973224639892578e+00
-2.333553075790405273e+00
-6.715077757835388184e-01
1.280559539794921875e+00
2.473324060440063477e+00
2.316467523574829102e+00
1.092434287071228027e+00
-2.791516780853271484e-01
-8.869217634201049805e-01
-4.332415759563446045e-01
6.492188572883605957e-01
1.596528291702270508e+00
1.864357113838195801e+00
1.439489364624023438e+00
6.828482151031494141e-01
-1.930981874465942383e-02
-5.587573051452636719e-01
-1.033017396926879883e+00
-1.545346498489379883e+00
-1.967009544372558594e+00
-2.042378664016723633e+00
-1.567591667175292969e+00
-6.560692191123962402e-01
3.464061319828033447e-01
1.003341197967529297e+00
1.109892010688781738e+00
7.008850574493408203e-01
5.972859263420104980e-02
-5.238878130912780762e-01
-7.582435607910156250e-01
-4.988293349742889404e-01
3.068681061267852783e-01
1.429538130760192871e+00
2.452103853225708008e+00
2.796479225158691406e+00
2.164407968521118164e+00
6.975284814834594727e-01
-8.824276924133300781e-01
-1.784364223480224609e+00
-1.547488927841186523e+00
-5.011425614356994629e-01
5.695267915725708008e-01
8.606471419334411621e-01
2.655903100967407227e-01
-6.902707219123840332e-01
-1.152441740036010742e+00
-7.599095106124877930e-01
1.938875913619995117e-01
8.618788123130798340e-01
6.666285991668701172e-01
-3.743809163570404053e-01
-1.533085584640502930e+00
-2.104048013687133789e+00
-1.813355326652526855e+00
-1.129136800765991211e+00
-6.548699140548706055e-01
-7.169687747955322266e-01
-9.316703677177429199e-01
-7.127696275711059570e-01
3.024689257144927979e-01
1.693696260452270508e+00
2.658638954162597656e+00
2.469263076782226562e+00
1.217393994331359863e+00
-3.668794035911560059e-01
-1.279156208038330078e+00
-1.115089416503906250e+00
-1.571698486804962158e-01
7.541878223419189453e-01
1.041426301002502441e+00
6.344711780548095703e-01
7.880000770092010498e-02
-1.285345554351806641e-01
1.942868232727050781e-01
6.592374444007873535e-01
8.197584152221679688e-01
4.027355313301086426e-01
-3.544019460678100586e-01
-1.070937752723693848e+00
-1.385262131690979004e+00
-1.315073847770690918e+00
-1.002861738204956055e+00
-6.613409519195556641e-01
-2.746379971504211426e-01
1.674128621816635132e-01
6.646556258201599121e-01
9.856989979743957520e-01
9.506326317787170410e-01
4.861980080604553223e-01
-1.414873450994491577e-01
-6.146517395973205566e-01
-6.804099082946777344e-01
-4.402162432670593262e-01
-1.270651221275329590e-01
7.424712181091308594e-03
4.816055297851562500e-04
8.946895599365234375e-03
2.072870731353759766e-01
4.918045699596405029e-01
6.282442212104797363e-01
3.795112669467926025e-01
-1.774539649486541748e-01
-7.542868852615356445e-01
-9.992435574531555176e-01
-8.473995327949523926e-01
-4.944699406623840332e-01
-2.674267292022705078e-01
-2.655995190143585205e-01
-3.297151923179626465e-01
-1.645044237375259399e-01
2.999897301197052002e-01
8.185724616050720215e-01
9.610712528228759766e-01
5.183126926422119141e-01
-2.950760424137115479e-01
-9.241268634796142578e-01
-8.985548019409179688e-01
-1.904485225677490234e-01
7.340911626815795898e-01
1.261405229568481445e+00
1.075477123260498047e+00
3.541054427623748779e-01
-4.115568995475769043e-01
-8.362466096878051758e-01
-8.874844312667846680e-01
-8.298258781433105469e-01
-8.598809838294982910e-01
-8.859475851058959961e-01
-5.546116828918457031e-01
3.418418169021606445e-01
1.593815445899963379e+00
2.541202068328857422e+00
2.557894229888916016e+00
1.486743688583374023e+00
-1.029762998223304749e-01
-1.326532363891601562e+00
-1.516564726829528809e+00
-7.722616195678710938e-01
2.080600261688232422e-01
5.730517506599426270e-01
5.185928940773010254e-02
-9.372379779815673828e-01
-1.513849020004272461e+00
-1.122841000556945801e+00
1.235651671886444092e-01
1.383946895599365234e+00
1.800955772399902344e+00
1.008719921112060547e+00
-4.637624621391296387e-01
-1.676189661026000977e+00
-1.793697118759155273e+00
-7.917294502258300781e-01
6.810564994812011719e-01
1.618857264518737793e+00
1.486156821250915527e+00
4.008233845233917236e-01
-8.354592323303222656e-01
-1.464419960975646973e+00
-1.110245943069458008e+00
-1.438107639551162720e-01
7.926565408706665039e-01
1.076227784156799316e+00
6.650330424308776855e-01
-1.171731650829315186e-01
