1.253040313720703125e+00
1.271994233131408691e+00
7.898413538932800293e-01
3.569737970829010010e-01
4.951966926455497742e-02
-3.637170046567916870e-02
-1.670702993869781494e-01
-5.243044495582580566e-01
-1.289698362350463867e+00
-2.169284343719482422e+00
-2.783880233764648438e+00
-2.653207540512084961e+00
-1.815669178962707520e+00
-5.978028774261474609e-01
3.223725259304046631e-01
6.158716082572937012e-01
2.771226763725280762e-01
-1.545732319355010986e-01
-2.413237690925598145e-01
2.577522099018096924e-01
9.841448664665222168e-01
1.480409026145935059e+00
1.310344576835632324e+00
5.873105525970458984e-01
-3.354944586753845215e-01
-9.143434762954711914e-01
-9.871389269828796387e-01
-6.270148158073425293e-01
-2.156266570091247559e-01
7.409725338220596313e-02
2.160432189702987671e-01
4.926972687244415283e-01
1.038533210754394531e+00
1.845011234283447266e+00
2.524878263473510742e+00
2.702206611633300781e+00
2.084512472152709961e+00
8.342059254646301270e-01
-6.463332176208496094e-01
-1.745216846466064453e+00
-2.095291137695312500e+00
-1.591112256050109863e+00
-5.653365254402160645e-01
5.348749160766601562e-01
1.234424829483032227e+00
1.377985000610351562e+00
1.038689374923706055e+00
5.542713999748229980e-01
2.013852000236511230e-01
1.560312211513519287e-01
3.240388035774230957e-01
5.386500954627990723e-01
5.954857468605041504e-01
4.613504409790039062e-01
1.845922470092773438e-01
-9.161920100450515747e-02
-3.021949529647827148e-01
-4.184698462486267090e-01
-4.950665235519409180e-01
-5.529175400733947754e-01
-6.196727752685546875e-01
-6.786954402923583984e-01
-7.273559570312500000e-01
-7.161346077919006348e-01
-5.684868693351745605e-01
-1.697780042886734009e-01
5.157387852668762207e-01
1.367622852325439453e+00
2.074046134948730469e+00
2.274676322937011719e+00
1.778021693229675293e+00
7.305583357810974121e-01
-4.137053191661834717e-01
-1.147205710411071777e+00
-1.210680365562438965e+00
-7.615406513214111328e-01
-2.324716746807098389e-01
-4.423444718122482300e-02
-3.012316226959228516e-01
-7.875502109527587891e-01
-1.146685004234313965e+00
-1.208545446395874023e+00
-1.070504903793334961e+00
-1.013981580734252930e+00
-1.184774994850158691e+00
-1.477727293968200684e+00
-1.552371382713317871e+00
-1.162566661834716797e+00
-3.332554101943969727e-01
5.510430335998535156e-01
1.048686981201171875e+00
8.923694491386413574e-01
2.279935479164123535e-01
-5.550785064697265625e-01
-1.001120090484619141e+00
-9.079907536506652832e-01
-3.133121430873870850e-01
5.131091475486755371e-01
1.312297224998474121e+00
1.839934229850769043e+00
1.982218742370605469e+00
1.664090037345886230e+00
9.686276316642761230e-01
7.690909504890441895e-02
-6.676824092864990234e-01
-9.881542921066284180e-01
-7.482885718345642090e-01
-1.400193423032760620e-01
4.967588186264038086e-01
7.901017069816589355e-01
6.370124816894531250e-01
1.564217507839202881e-01
-3.440861999988555908e-01
-6.638031005859375000e-01
-7.280588746070861816e-01
-6.463853120803833008e-01
-4.869694411754608154e-01
-2.796221077442169189e-01
5.136819556355476379e-02
4.888179600238800049e-01
9.428263902664184570e-01
1.207087516784667969e+00
1.176547765731811523e+00
8.635219931602478027e-01
4.537480473518371582e-01
9.419672191143035889e-02
-1.632430702447891235e-01
-4.454947710037231445e-01
-8.601894378662109375e-01
-1.412508249282836914e+00
-1.883648037910461426e+00
-2.004869699478149414e+00
-1.589758396148681641e+00
-7.293086051940917969e-01
2.778777182102203369e-01
1.032466888427734375e+00
1.270301818847656250e+00
9.336358308792114258e-01
2.012029439210891724e-01
-6.393296718597412109e-01
-1.277123212814331055e+00
-1.506210207939147949e+00
-1.269052147865295410e+00
-7.062931656837463379e-01
-1.039600595831871033e-01
2.140124440193176270e-01
6.087118014693260193e-02
-4.823351204395294189e-01
-1.077534437179565430e+00
-1.292249917984008789e+00
-8.668285012245178223e-01
1.298394203186035156e-01
1.291416764259338379e+00
2.117187261581420898e+00
2.244032382965087891e+00
1.659611821174621582e+00
6.331071257591247559e-01
-4.001928567886352539e-01
-1.103856444358825684e+00
-1.301258206367492676e+00
-1.059674024581909180e+00
-5.449506640434265137e-01
-1.122133433818817139e-02
3.734282851219177246e-01
4.938688874244689941e-01
4.120130240917205811e-01
2.358823418617248535e-01
1.443933099508285522e-01
1.781874895095825195e-01
3.203677833080291748e-01
4.243018031120300293e-01
4.620794355869293213e-01
4.595019221305847168e-01
5.972040891647338867e-01
9.133801460266113281e-01
1.335755348205566406e+00
1.542321562767028809e+00
1.325783729553222656e+00
6.379237174987792969e-01
-1.668099462985992432e-01
-7.009298205375671387e-01
-6.665628552436828613e-01
-2.540031075477600098e-01
1.473874002695083618e-01
7.745584100484848022e-02
-4.548155069351196289e-01
-1.130829334259033203e+00
-1.374470233917236328e+00
-9.802916049957275391e-01
-9.357186406850814819e-02
6.971806883811950684e-01
9.997401237487792969e-01
7.011641263961791992e-01
2.322373539209365845e-01
1.536099123768508434e-03
2.877191603183746338e-01
8.293893933296203613e-01
1.281913757324218750e+00
1.277982354164123535e+00
9.131718277931213379e-01
3.837123513221740723e-01
1.168997399508953094e-02
-2.462965697050094604e-01
-4.660889208316802979e-01
-8.326698541641235352e-01
-1.158557176589965820e+00
-1.240881681442260742e+00
-8.050981760025024414e-01
-5.511731654405593872e-02
6.567994952201843262e-01
7.963502407073974609e-01
3.158896565437316895e-01
-5.442477464675903320e-01
-1.137780785560607910e+00
-1.134968996047973633e+00
-4.681196808815002441e-01
3.751726746559143066e-01
