-7.628347277641296387e-01
-7.598624825477600098e-01
6.184175610542297363e-02
8.709529042243957520e-01
1.489484310150146484e+00
1.773715972900390625e+00
1.828766942024230957e+00
1.692433595657348633e+00
1.436498403549194336e+00
9.770323038101196289e-01
3.958931863307952881e-01
-1.661678701639175415e-01
-3.765543699264526367e-01
-1.154208183288574219e-01
5.318058133125305176e-01
1.107478737831115723e+00
1.237285137176513672e+00
7.700295448303222656e-01
7.100793719291687012e-02
-3.706848919391632080e-01
-1.724441647529602051e-01
4.867449104785919189e-01
1.117760419845581055e+00
1.147491931915283203e+00
4.956933856010437012e-01
-4.924918413162231445e-01
-1.184272170066833496e+00
-1.277035236358642578e+00
-9.036250710487365723e-01
-6.296715736389160156e-01
-8.691529035568237305e-01
-1.654523372650146484e+00
-2.480545520782470703e+00
-2.793813943862915039e+00
-2.299803972244262695e+00
-1.283219814300537109e+00
-2.898569703102111816e-01
1.581864953041076660e-01
-6.055362522602081299e-03
-5.096838474273681641e-01
-8.913708925247192383e-01
-9.176424741744995117e-01
-5.970968008041381836e-01
-1.839914023876190186e-01
1.218478679656982422e-01
2.004872560501098633e-01
9.542113542556762695e-02
-1.538920700550079346e-01
-4.664972722530364990e-01
-7.805836796760559082e-01
-9.536471366882324219e-01
-8.862059116363525391e-01
-5.563622117042541504e-01
-1.555811762809753418e-01
4.820764064788818359e-02
-1.718824654817581177e-01
-7.689477205276489258e-01
-1.472853302955627441e+00
-1.897922515869140625e+00
-1.824753999710083008e+00
-1.265863776206970215e+00
-4.496936202049255371e-01
3.982498049736022949e-01
1.134875416755676270e+00
1.733676791191101074e+00
2.151029109954833984e+00
2.306737422943115234e+00
2.116325855255126953e+00
1.640429139137268066e+00
1.099388003349304199e+00
7.778116464614868164e-01
7.921769618988037109e-01
9.932891130447387695e-01
1.045965194702148438e+00
7.058549523353576660e-01
2.323853969573974609e-02
-6.575382351875305176e-01
-9.601393342018127441e-01
-7.584056854248046875e-01
-2.693108916282653809e-01
1.367432475090026855e-01
2.390411496162414551e-01
1.248910427093505859e-01
7.129159569740295410e-02
2.509846091270446777e-01
5.405501723289489746e-01
6.058015227317810059e-01
2.149455398321151733e-01
-5.097966194152832031e-01
-1.117501497268676758e+00
-1.167520284652709961e+00
-5.804160833358764648e-01
2.630732655525207520e-01
8.117615580558776855e-01
7.590935826301574707e-01
2.870755791664123535e-01
-1.116120219230651855e-01
-4.423180222511291504e-02
4.307891130447387695e-01
8.554602861404418945e-01
7.439059019088745117e-01
1.405638456344604492e-02
-9.228363633155822754e-01
-1.458410501480102539e+00
-1.274072885513305664e+00
-5.876604318618774414e-01
3.993004560470581055e-03
-2.935394644737243652e-03
-6.418640613555908203e-01
-1.451875090599060059e+00
-1.852303504943847656e+00
-1.579131364822387695e+00
-8.720453381538391113e-01
-2.553715109825134277e-01
-1.264923214912414551e-01
-4.581898152828216553e-01
-8.560661673545837402e-01
-8.853436112403869629e-01
-4.106768369674682617e-01
3.224651217460632324e-01
8.951852321624755859e-01
1.032563924789428711e+00
7.821964025497436523e-01
4.289079904556274414e-01
2.571150064468383789e-01
3.347456753253936768e-01
5.108947157859802246e-01
5.607552528381347656e-01
3.945963382720947266e-01
1.130031123757362366e-01
-5.476709082722663879e-02
6.524142622947692871e-02
5.029973387718200684e-01
1.117630362510681152e+00
1.718931555747985840e+00
2.142273426055908203e+00
2.335623025894165039e+00
2.313449382781982422e+00
2.149475097656250000e+00
1.891729593276977539e+00
1.581656694412231445e+00
1.197812199592590332e+00
7.246694564819335938e-01
1.279639601707458496e-01
-5.448195338249206543e-01
-1.198913812637329102e+00
-1.650907754898071289e+00
-1.769099473953247070e+00
-1.493292450904846191e+00
-9.534142613410949707e-01
-3.558168411254882812e-01
4.401271790266036987e-02
1.377305686473846436e-01
-6.744696199893951416e-02
-3.973386287689208984e-01
-6.892378926277160645e-01
-7.799667716026306152e-01
-6.384809017181396484e-01
-2.550954520702362061e-01
2.655044198036193848e-01
8.158093094825744629e-01
1.180568575859069824e+00
1.199354529380798340e+00
7.455306053161621094e-01
-5.608153343200683594e-02
-9.400750994682312012e-01
-1.486511707305908203e+00
-1.459707260131835938e+00
-8.483408689498901367e-01
-2.377468347549438477e-02
5.754606723785400391e-01
5.767562389373779297e-01
2.466058731079101562e-02
-7.786881923675537109e-01
-1.340662360191345215e+00
-1.428350448608398438e+00
-1.076220989227294922e+00
-6.738816499710083008e-01
-5.440750122070312500e-01
-8.441230058670043945e-01
-1.317014575004577637e+00
-1.621930599212646484e+00
-1.438437938690185547e+00
-8.413991332054138184e-01
-9.154567122459411621e-02
4.076126217842102051e-01
5.546587705612182617e-01
4.520065188407897949e-01
4.638761281967163086e-01
7.629215717315673828e-01
1.346491456031799316e+00
1.871278166770935059e+00
2.070603847503662109e+00
1.784061551094055176e+00
1.236200809478759766e+00
6.971613168716430664e-01
4.682672917842864990e-01
5.342017412185668945e-01
8.157110214233398438e-01
1.114352226257324219e+00
1.451693534851074219e+00
1.824008345603942871e+00
2.284992933273315430e+00
2.610664844512939453e+00
2.577618598937988281e+00
1.933681130409240723e+00
8.185135722160339355e-01
-4.567522704601287842e-01
-1.389362335205078125e+00
-1.802698731422424316e+00
-1.758449435234069824e+00
-1.670205354690551758e+00
-1.775871038436889648e+00
-2.135169029235839844e+00
-2.398657798767089844e+00
-2.290458440780639648e+00
-1.659754633903503418e+00
