-5.910587906837463379e-01
-5.733205080032348633e-01
-8.908990025520324707e-02
3.434864878654479980e-01
5.547010302543640137e-01
3.397507667541503906e-01
-2.503401041030883789e-01
-1.033110380172729492e+00
-1.591193914413452148e+00
-1.619260907173156738e+00
-9.595862030982971191e-01
1.248666644096374512e-01
1.187636852264404297e+00
1.678044438362121582e+00
1.385953545570373535e+00
4.504869878292083740e-01
-5.555047392845153809e-01
-1.061624050140380859e+00
-6.953171491622924805e-01
3.643929362297058105e-01
1.590840339660644531e+00
2.269912719726562500e+00
2.010135412216186523e+00
8.306150436401367188e-01
-7.443971633911132812e-01
-2.084840536117553711e+00
-2.663060665130615234e+00
-2.378081083297729492e+00
-1.430897951126098633e+00
-2.527981102466583252e-01
8.201559782028198242e-01
1.559056401252746582e+00
1.952178955078125000e+00
2.033268928527832031e+00
1.921861410140991211e+00
1.699977636337280273e+00
1.499756574630737305e+00
1.366346359252929688e+00
1.297379493713378906e+00
1.144671916961669922e+00
7.709181308746337891e-01
1.070018410682678223e-01
-6.818494796752929688e-01
-1.326333880424499512e+00
-1.584820151329040527e+00
-1.506166219711303711e+00
-1.393023252487182617e+00
-1.641277432441711426e+00
-2.355836391448974609e+00
-3.225379467010498047e+00
-3.619082450866699219e+00
-3.059390068054199219e+00
-1.582604408264160156e+00
1.550742387771606445e-01
1.290598630905151367e+00
1.299301147460937500e+00
4.017208516597747803e-01
-6.029179096221923828e-01
-8.652570247650146484e-01
-1.148041188716888428e-01
1.169272184371948242e+00
2.091968536376953125e+00
2.004922866821289062e+00
9.477328062057495117e-01
-3.971426188945770264e-01
-1.226740479469299316e+00
-1.171811223030090332e+00
-5.012019872665405273e-01
1.717310398817062378e-01
3.973879218101501465e-01
2.149010598659515381e-01
3.733709454536437988e-02
2.369319200515747070e-01
7.944474816322326660e-01
1.300051450729370117e+00
1.317665100097656250e+00
7.788494825363159180e-01
8.969064056873321533e-02
-1.772247254848480225e-01
2.688941657543182373e-01
1.159715175628662109e+00
1.849997997283935547e+00
1.756918549537658691e+00
8.087382316589355469e-01
-5.091108679771423340e-01
-1.448402285575866699e+00
-1.506459116935729980e+00
-6.985259056091308594e-01
4.672619104385375977e-01
1.360120654106140137e+00
1.564634680747985840e+00
1.083939552307128906e+00
2.263160645961761475e-01
-5.946305394172668457e-01
-1.099465131759643555e+00
-1.198058128356933594e+00
-9.852194190025329590e-01
-6.119226217269897461e-01
-2.377096414566040039e-01
5.584412813186645508e-02
2.468584179878234863e-01
3.856942355632781982e-01
5.136194825172424316e-01
6.423521637916564941e-01
7.099869251251220703e-01
6.592281460762023926e-01
4.810370802879333496e-01
2.901691496372222900e-01
2.382920980453491211e-01
4.148105382919311523e-01
7.117481231689453125e-01
8.726426362991333008e-01
6.441783905029296875e-01
4.642680287361145020e-03
-7.766191959381103516e-01
-1.259015560150146484e+00
-1.141743659973144531e+00
-4.781910181045532227e-01
3.032951354980468750e-01
6.727410554885864258e-01
3.255278468132019043e-01
-5.983436703681945801e-01
-1.610804438591003418e+00
-2.161778926849365234e+00
-1.966899514198303223e+00
-1.139068722724914551e+00
-8.595636487007141113e-02
7.387603521347045898e-01
1.058344006538391113e+00
8.617721796035766602e-01
3.456800580024719238e-01
-2.167791128158569336e-01
-5.888219475746154785e-01
-6.552666425704956055e-01
-4.342527389526367188e-01
-5.880412459373474121e-02
3.019093275070190430e-01
5.242182612419128418e-01
6.103795170783996582e-01
6.550347805023193359e-01
7.696765661239624023e-01
9.458529949188232422e-01
1.057428121566772461e+00
9.342945218086242676e-01
5.558784604072570801e-01
1.031136959791183472e-01
-1.006365567445755005e-01
1.383132487535476685e-01
7.354944348335266113e-01
1.291682600975036621e+00
1.392772912979125977e+00
8.707287907600402832e-01
-1.719109714031219482e-04
-7.191976308822631836e-01
-8.483723402023315430e-01
-3.718060255050659180e-01
3.636598587036132812e-01
8.448667526245117188e-01
8.156405091285705566e-01
3.515462875366210938e-01
-1.789404153823852539e-01
-4.947189092636108398e-01
-5.166246891021728516e-01
-4.379159808158874512e-01
-4.269742965698242188e-01
-5.401595830917358398e-01
-6.107087135314941406e-01
-5.155186653137207031e-01
-2.258456647396087646e-01
6.450368463993072510e-02
2.016803026199340820e-01
1.189777255058288574e-01
-2.395653724670410156e-02
-1.059383749961853027e-01
-8.645960688591003418e-02
-1.505308151245117188e-01
-4.195563793182373047e-01
-8.859748244285583496e-01
-1.241314291954040527e+00
-1.218047261238098145e+00
-7.321792840957641602e-01
-1.492736637592315674e-01
5.858832597732543945e-02
-4.530192017555236816e-01
-1.458979606628417969e+00
-2.393922805786132812e+00
-2.594105720520019531e+00
-1.910127401351928711e+00
-6.966726183891296387e-01
2.914348244667053223e-01
5.648369789123535156e-01
8.370503783226013184e-02
-6.186925768852233887e-01
-9.997619390487670898e-01
-7.534455060958862305e-01
-1.231425926089286804e-01
4.986332356929779053e-01
7.649062871932983398e-01
7.621556520462036133e-01
7.128135561943054199e-01
8.575542569160461426e-01
1.039118051528930664e+00
9.621435403823852539e-01
3.083511590957641602e-01
-7.678975462913513184e-01
-1.808607578277587891e+00
-2.145458936691284180e+00
-1.502439379692077637e+00
-3.157651424407958984e-02
1.592913746833801270e+00
2.734964609146118164e+00
2.967917442321777344e+00
2.417356014251708984e+00
1.425578832626342773e+00
4.708687961101531982e-01
-2.522733509540557861e-01
-6.810019612312316895e-01
