9.429910182952880859e-01
9.493075609207153320e-01
1.440894842147827148e+00
1.668017625808715820e+00
1.125773191452026367e+00
-1.491832733154296875e-02
-1.248350501060485840e+00
-1.804930329322814941e+00
-1.541182637214660645e+00
-8.063221573829650879e-01
-4.493795335292816162e-01
-8.459879755973815918e-01
-1.813301563262939453e+00
-2.447026729583740234e+00
-2.108543395996093750e+00
-7.274745106697082520e-01
8.145069479942321777e-01
1.581157445907592773e+00
1.060022115707397461e+00
-1.696083694696426392e-01
-1.116955041885375977e+00
-9.139882326126098633e-01
2.588556706905364990e-01
1.531924605369567871e+00
1.796930313110351562e+00
8.015449047088623047e-01
-8.544977903366088867e-01
-1.940368890762329102e+00
-1.712147235870361328e+00
-2.333730757236480713e-01
1.501865744590759277e+00
2.505805253982543945e+00
2.272115707397460938e+00
1.226400613784790039e+00
1.178957223892211914e-01
-3.879980444908142090e-01
-3.049840331077575684e-01
-9.578526020050048828e-03
1.385986804962158203e-03
-3.093724846839904785e-01
-6.784383058547973633e-01
-6.578956842422485352e-01
-1.526886522769927979e-01
6.292557716369628906e-01
1.200046300888061523e+00
1.289582729339599609e+00
9.126784801483154297e-01
4.746316969394683838e-01
3.672866523265838623e-01
8.118656873703002930e-01
1.595098853111267090e+00
2.286969900131225586e+00
2.385562896728515625e+00
1.703125596046447754e+00
4.063475728034973145e-01
-9.656410217285156250e-01
-1.856652736663818359e+00
-1.933201909065246582e+00
-1.347654223442077637e+00
-5.890787839889526367e-01
-2.309106588363647461e-01
-5.027419924736022949e-01
-1.174013853073120117e+00
-1.671625733375549316e+00
-1.519221544265747070e+00
-6.574699878692626953e-01
4.779378473758697510e-01
1.279289007186889648e+00
1.375856757164001465e+00
8.814967274665832520e-01
2.590558826923370361e-01
-6.131325662136077881e-02
-2.855688333511352539e-03
1.321127414703369141e-01
-3.841459751129150391e-02
-6.505081653594970703e-01
-1.451844215393066406e+00
-2.022063493728637695e+00
-2.064456224441528320e+00
-1.627976655960083008e+00
-9.773639440536499023e-01
-3.798679113388061523e-01
1.261958479881286621e-01
6.333824396133422852e-01
1.214549899101257324e+00
1.708573698997497559e+00
1.854190111160278320e+00
1.462421774864196777e+00
6.856377124786376953e-01
-1.032989621162414551e-01
-5.005679130554199219e-01
-4.362401664257049561e-01
-1.458302736282348633e-01
-3.639097511768341064e-02
-2.827841937541961670e-01
-7.685093879699707031e-01
-1.123163938522338867e+00
-1.110761642456054688e+00
-7.341037988662719727e-01
-2.890233993530273438e-01
-2.132217586040496826e-02
-8.589275181293487549e-03
-4.595342278480529785e-02
6.497699022293090820e-02
4.079170227050781250e-01
7.946298122406005859e-01
1.011434674263000488e+00
9.134936332702636719e-01
6.190035939216613770e-01
3.162393867969512939e-01
1.998094916343688965e-01
2.620248198509216309e-01
4.269068241119384766e-01
5.500022768974304199e-01
5.896751284599304199e-01
4.853761196136474609e-01
2.123090773820877075e-01
-3.069034814834594727e-01
-1.013535618782043457e+00
-1.735057830810546875e+00
-2.136828899383544922e+00
-1.995496988296508789e+00
-1.297369956970214844e+00
-3.632962703704833984e-01
4.121936857700347900e-01
7.447456121444702148e-01
6.933540105819702148e-01
5.028907656669616699e-01
4.356825947761535645e-01
4.935550391674041748e-01
4.975255727767944336e-01
2.275517880916595459e-01
-2.900252938270568848e-01
-7.937291264533996582e-01
-9.121285080909729004e-01
-4.809587001800537109e-01
3.546749651432037354e-01
1.172506809234619141e+00
1.545132637023925781e+00
1.233093142509460449e+00
3.060903549194335938e-01
-9.398363232612609863e-01
-2.085541963577270508e+00
-2.733248710632324219e+00
-2.608349323272705078e+00
-1.676553845405578613e+00
-2.127380073070526123e-01
1.254362344741821289e+00
2.152279376983642578e+00
2.183979272842407227e+00
1.498946785926818848e+00
6.306481361389160156e-01
1.066715419292449951e-01
1.071855723857879639e-01
3.031957149505615234e-01
1.770102083683013916e-01
-5.727969408035278320e-01
-1.670564174652099609e+00
-2.461545705795288086e+00
-2.315107822418212891e+00
-1.179835915565490723e+00
4.091392755508422852e-01
1.598910689353942871e+00
1.872377157211303711e+00
1.267415642738342285e+00
3.656648993492126465e-01
-2.686260342597961426e-01
-3.677270114421844482e-01
-1.552900373935699463e-01
5.369055271148681641e-02
3.633618354797363281e-02
-7.971829175949096680e-02
-1.361407339572906494e-01
-2.316814661026000977e-02
7.705992460250854492e-02
2.580580115318298340e-02
-2.273199558258056641e-01
-3.928566277027130127e-01
-2.216217517852783203e-01
4.263554215431213379e-01
1.264677882194519043e+00
1.951084613800048828e+00
2.162740468978881836e+00
1.992283344268798828e+00
1.624947071075439453e+00
1.311614513397216797e+00
9.512435197830200195e-01
4.191122651100158691e-01
-4.190128445625305176e-01
-1.255894660949707031e+00
-1.700399994850158691e+00
-1.344130992889404297e+00
-3.446049690246582031e-01
8.480507135391235352e-01
1.537320613861083984e+00
1.491219162940979004e+00
8.299367427825927734e-01
1.351604461669921875e-01
-2.485990971326828003e-01
-1.867130100727081299e-01
-2.560344338417053223e-02
1.456080377101898193e-02
-2.132195979356765747e-01
-4.404283165931701660e-01
-5.302553176879882812e-01
-3.843762874603271484e-01
-3.081569075584411621e-01
-4.644483327865600586e-01
-9.694260358810424805e-01
-1.477451324462890625e+00
-1.713747859001159668e+00
-1.397401332855224609e+00
-7.365852594375610352e-01
3.114008903503417969e-02
5.243275761604309082e-01
7.626050710678100586e-01
7.873854041099548340e-01
