-8.566364049911499023e-01
-8.744084835052490234e-01
-6.775892376899719238e-01
-2.910901904106140137e-01
1.351310014724731445e-01
3.277550339698791504e-01
3.626148104667663574e-01
3.209611773490905762e-01
4.515278935432434082e-01
7.032713890075683594e-01
1.027938842773437500e+00
1.200543761253356934e+00
1.249556422233581543e+00
1.161734700202941895e+00
1.063619375228881836e+00
8.148002624511718750e-01
3.341705501079559326e-01
-5.101766586303710938e-01
-1.448736548423767090e+00
-2.122662305831909180e+00
-2.059655189514160156e+00
-1.260879039764404297e+00
-5.120790004730224609e-02
8.668680191040039062e-01
1.088745951652526855e+00
5.738012194633483887e-01
-1.206046938896179199e-01
-4.457933306694030762e-01
-5.929619073867797852e-02
7.487792372703552246e-01
1.479674577713012695e+00
1.626855373382568359e+00
1.231288194656372070e+00
6.421101093292236328e-01
3.869359195232391357e-01
5.626957416534423828e-01
8.969855904579162598e-01
7.938045263290405273e-01
-3.615756332874298096e-02
-1.448339223861694336e+00
-2.749361515045166016e+00
-3.277021408081054688e+00
-2.707768678665161133e+00
-1.434950113296508789e+00
-1.946969181299209595e-01
2.602715790271759033e-01
-2.362099587917327881e-01
-1.298571109771728516e+00
-2.136168003082275391e+00
-2.166422367095947266e+00
-1.262320995330810547e+00
9.738129377365112305e-02
1.249038815498352051e+00
1.655117869377136230e+00
1.274899721145629883e+00
4.374456405639648438e-01
-3.336782455444335938e-01
-7.101821303367614746e-01
-6.234699487686157227e-01
-2.748321890830993652e-01
1.185583472251892090e-01
4.100674986839294434e-01
6.080175042152404785e-01
7.431685924530029297e-01
8.455009460449218750e-01
8.866341114044189453e-01
8.680202960968017578e-01
8.236272335052490234e-01
8.127357363700866699e-01
8.273490667343139648e-01
7.761009931564331055e-01
5.337824821472167969e-01
7.455968856811523438e-02
-4.512858986854553223e-01
-7.703343033790588379e-01
-6.517688035964965820e-01
-7.994955778121948242e-02
7.275684475898742676e-01
1.435873389244079590e+00
1.809100389480590820e+00
1.788036942481994629e+00
1.473311662673950195e+00
9.552395939826965332e-01
2.755426764488220215e-01
-5.565263032913208008e-01
-1.391119956970214844e+00
-1.949407577514648438e+00
-1.916759490966796875e+00
-1.254064679145812988e+00
-2.812230587005615234e-01
3.919967114925384521e-01
3.064266741275787354e-01
-5.517209768295288086e-01
-1.620603561401367188e+00
-2.162516117095947266e+00
-1.704534769058227539e+00
-4.499850571155548096e-01
8.953276872634887695e-01
1.513530969619750977e+00
1.075170040130615234e+00
-1.306650042533874512e-01
-1.335969209671020508e+00
-1.857322692871093750e+00
-1.412598013877868652e+00
-2.971221208572387695e-01
9.339894056320190430e-01
1.719374299049377441e+00
1.819089889526367188e+00
1.268373131752014160e+00
3.839439749717712402e-01
-4.690458178520202637e-01
-9.082254171371459961e-01
-7.621839642524719238e-01
-8.926844596862792969e-02
7.112560272216796875e-01
1.145837783813476562e+00
8.304837942123413086e-01
-1.448792219161987305e-01
-1.283745288848876953e+00
-1.883621335029602051e+00
-1.565473556518554688e+00
-4.658043384552001953e-01
7.843999862670898438e-01
1.571249485015869141e+00
1.645996809005737305e+00
1.308809280395507812e+00
1.031098008155822754e+00
1.088614106178283691e+00
1.268407940864562988e+00
1.133461952209472656e+00
3.892285227775573730e-01
-7.424323558807373047e-01
-1.692679286003112793e+00
-1.918530941009521484e+00
-1.377125501632690430e+00
-5.134527683258056641e-01
5.011558532714843750e-02
3.597673773765563965e-02
-3.343095779418945312e-01
-5.323463678359985352e-01
-2.106930613517761230e-01
5.396854877471923828e-01
1.256737589836120605e+00
1.515071392059326172e+00
1.228235125541687012e+00
6.697270870208740234e-01
1.786036193370819092e-01
-1.174225956201553345e-01
-3.341031670570373535e-01
-5.976641774177551270e-01
-8.030284643173217773e-01
-6.545866131782531738e-01
5.035459995269775391e-02
1.093734383583068848e+00
1.882351994514465332e+00
1.805736303329467773e+00
7.641715407371520996e-01
-7.110376358032226562e-01
-1.747502207756042480e+00
-1.797228932380676270e+00
-9.934877157211303711e-01
-9.387278556823730469e-02
1.602964401245117188e-01
-4.568360149860382080e-01
-1.443355679512023926e+00
-2.059584140777587891e+00
-1.833802938461303711e+00
-9.716002941131591797e-01
-4.922953248023986816e-02
3.973824381828308105e-01
3.802158236503601074e-01
2.890957593917846680e-01
5.879663825035095215e-01
1.267605185508728027e+00
1.926539421081542969e+00
1.983431458473205566e+00
1.285819053649902344e+00
1.411468982696533203e-01
-7.598209977149963379e-01
-9.753415584564208984e-01
-4.695837497711181641e-01
2.585373222827911377e-01
7.074021100997924805e-01
5.585075020790100098e-01
-3.639727830886840820e-03
-6.453667879104614258e-01
-9.636960625648498535e-01
-8.804798722267150879e-01
-4.406390488147735596e-01
7.758221030235290527e-02
4.903729557991027832e-01
5.420835018157958984e-01
1.776336729526519775e-01
-6.224343180656433105e-01
-1.547268152236938477e+00
-2.246954917907714844e+00
-2.267982244491577148e+00
-1.545423150062561035e+00
-2.580865621566772461e-01
1.026723146438598633e+00
1.919031143188476562e+00
2.201515197753906250e+00
2.140526533126831055e+00
1.992412328720092773e+00
2.004211902618408203e+00
1.995511531829833984e+00
1.782602190971374512e+00
1.143835902214050293e+00
2.798510789871215820e-01
-5.591259598731994629e-01
-1.016225457191467285e+00
-1.132685184478759766e+00
-1.031599879264831543e+00
-1.027014851570129395e+00
-1.104556202888488770e+00
-1.204212427139282227e+00
-1.061603784561157227e+00
