1.587429523468017578e+00
1.622117996215820312e+00
1.892514944076538086e+00
1.666884064674377441e+00
8.992632627487182617e-01
-6.474858522415161133e-02
-8.763672113418579102e-01
-1.187327861785888672e+00
-1.007325887680053711e+00
-4.517310559749603271e-01
1.662856936454772949e-01
6.794275641441345215e-01
8.838744163513183594e-01
7.650677561759948730e-01
2.696906328201293945e-01
-4.336853921413421631e-01
-1.177869796752929688e+00
-1.631120920181274414e+00
-1.665374398231506348e+00
-1.237320184707641602e+00
-6.259863376617431641e-01
-6.771278381347656250e-02
1.730297207832336426e-01
1.276827156543731689e-01
-1.615946292877197266e-01
-5.212613344192504883e-01
-9.605228900909423828e-01
-1.402858257293701172e+00
-1.831286430358886719e+00
-2.015936613082885742e+00
-1.827716827392578125e+00
-1.153687953948974609e+00
-2.190869748592376709e-01
7.143165469169616699e-01
1.294090270996093750e+00
1.480218887329101562e+00
1.335491180419921875e+00
1.130211949348449707e+00
9.494106769561767578e-01
8.536102175712585449e-01
7.240353226661682129e-01
5.979696512222290039e-01
4.909480810165405273e-01
5.451948642730712891e-01
6.949235796928405762e-01
8.569858074188232422e-01
8.114909529685974121e-01
5.649058818817138672e-01
1.947088241577148438e-01
-3.728556632995605469e-02
-7.432436943054199219e-02
3.886607289314270020e-02
2.301325649023056030e-02
-2.332093566656112671e-01
-7.062166929244995117e-01
-1.060364127159118652e+00
-1.044105887413024902e+00
-5.295292735099792480e-01
2.184175252914428711e-01
8.631403446197509766e-01
1.061749458312988281e+00
8.211612701416015625e-01
3.143114447593688965e-01
-1.194679290056228638e-01
-3.294739723205566406e-01
-2.768745720386505127e-01
-1.425844132900238037e-01
-6.665354967117309570e-02
-2.012080252170562744e-01
-5.395287275314331055e-01
-1.060514807701110840e+00
-1.601806163787841797e+00
-2.014364719390869141e+00
-2.089246511459350586e+00
-1.769558548927307129e+00
-1.097904562950134277e+00
-3.211868703365325928e-01
3.414623737335205078e-01
7.286313772201538086e-01
9.131433367729187012e-01
1.032733798027038574e+00
1.242575168609619141e+00
1.513988137245178223e+00
1.728937387466430664e+00
1.709567308425903320e+00
1.410487413406372070e+00
8.691681027412414551e-01
2.186724543571472168e-01
-4.537532925605773926e-01
-1.048232555389404297e+00
-1.473120927810668945e+00
-1.571107625961303711e+00
-1.257125973701477051e+00
-5.861871242523193359e-01
1.610828936100006104e-01
6.421515345573425293e-01
6.480878591537475586e-01
2.957091927528381348e-01
-7.626032084226608276e-02
-1.562828421592712402e-01
6.313686072826385498e-02
2.889652848243713379e-01
1.867876797914505005e-01
-2.714922130107879639e-01
-7.160743474960327148e-01
-6.476193666458129883e-01
1.176140308380126953e-01
1.200909018516540527e+00
1.876591444015502930e+00
1.607365131378173828e+00
5.185070633888244629e-01
-6.487541198730468750e-01
-1.054640173912048340e+00
-4.446615874767303467e-01
6.370565891265869141e-01
1.202309250831604004e+00
6.138927936553955078e-01
-9.182016253471374512e-01
-2.412988662719726562e+00
-2.860728263854980469e+00
-1.933454990386962891e+00
-2.713843584060668945e-01
1.030497550964355469e+00
1.170013189315795898e+00
2.383553683757781982e-01
-9.452485442161560059e-01
-1.409062862396240234e+00
-7.582814693450927734e-01
6.648147106170654297e-01
2.039094924926757812e+00
2.705431461334228516e+00
2.475089311599731445e+00
1.667169928550720215e+00
7.049372792243957520e-01
-1.189725697040557861e-01
-7.838094234466552734e-01
-1.318322539329528809e+00
-1.702515721321105957e+00
-1.772557854652404785e+00
-1.426719903945922852e+00
-6.835859417915344238e-01
2.320164144039154053e-01
1.077521920204162598e+00
1.633985280990600586e+00
1.828122377395629883e+00
1.608437538146972656e+00
1.010692954063415527e+00
1.120622456073760986e-01
-8.246736526489257812e-01
-1.474453091621398926e+00
-1.544412016868591309e+00
-1.053718566894531250e+00
-3.094331026077270508e-01
2.032843381166458130e-01
2.136886566877365112e-01
-1.997753381729125977e-01
-6.126901507377624512e-01
-6.500518321990966797e-01
-2.305051386356353760e-01
3.009643256664276123e-01
4.986740052700042725e-01
1.072218567132949829e-01
-6.737275719642639160e-01
-1.383195877075195312e+00
-1.567899465560913086e+00
-1.118276357650756836e+00
-2.367333173751831055e-01
6.988997459411621094e-01
1.424978613853454590e+00
1.825639367103576660e+00
1.912523746490478516e+00
1.682021975517272949e+00
1.161898970603942871e+00
4.673115015029907227e-01
-1.108635663986206055e-01
-2.603693008422851562e-01
1.568875312805175781e-01
9.073514938354492188e-01
1.501716017723083496e+00
1.479181170463562012e+00
7.488371729850769043e-01
-3.486117422580718994e-01
-1.267052650451660156e+00
-1.631669163703918457e+00
-1.457475185394287109e+00
-1.064147233963012695e+00
-7.793608903884887695e-01
-6.894435882568359375e-01
-6.461529731750488281e-01
-4.681609869003295898e-01
-1.700253784656524658e-01
5.225460976362228394e-02
2.582788467407226562e-03
-2.767153084278106689e-01
-5.177854299545288086e-01
-4.086464643478393555e-01
1.044703125953674316e-01
7.742484211921691895e-01
1.192654609680175781e+00
1.142593502998352051e+00
7.041757702827453613e-01
2.255395352840423584e-01
-7.316559553146362305e-03
9.248030185699462891e-02
3.551689386367797852e-01
6.176707744598388672e-01
8.113330602645874023e-01
1.028436899185180664e+00
1.269642233848571777e+00
1.404261946678161621e+00
1.132235884666442871e+00
3.292500674724578857e-01
-8.536645174026489258e-01
-1.906318902969360352e+00
-2.359887361526489258e+00
-2.005503177642822266e+00
-1.147970676422119141e+00
