9.764925241470336914e-01
9.782695770263671875e-01
9.076890349388122559e-01
7.781293392181396484e-01
5.358420014381408691e-01
2.627406120300292969e-01
1.341197639703750610e-04
-1.207748502492904663e-01
-1.077652350068092346e-01
3.145108371973037720e-02
1.524941772222518921e-01
1.927300989627838135e-01
6.917227059602737427e-02
-1.568865925073623657e-01
-4.589913785457611084e-01
-7.299132943153381348e-01
-9.404143095016479492e-01
-9.944645762443542480e-01
-8.712755441665649414e-01
-5.291360020637512207e-01
-7.141877710819244385e-02
3.780836164951324463e-01
6.193985939025878906e-01
5.939829349517822266e-01
3.311081826686859131e-01
2.306859940290451050e-02
-1.986984312534332275e-01
-2.727996110916137695e-01
-3.210827112197875977e-01
-4.595613777637481689e-01
-7.536860108375549316e-01
-1.073963999748229980e+00
-1.253416299819946289e+00
-1.163120150566101074e+00
-8.843187093734741211e-01
-5.994147658348083496e-01
-4.980202317237854004e-01
-5.716854929924011230e-01
-6.614116430282592773e-01
-5.565299987792968750e-01
-2.187828719615936279e-01
1.941718906164169312e-01
4.151342213153839111e-01
3.096154928207397461e-01
-1.304314751178026199e-02
-2.487251162528991699e-01
-1.259384602308273315e-01
3.906238377094268799e-01
1.066084504127502441e+00
1.552469849586486816e+00
1.632606387138366699e+00
1.320677399635314941e+00
8.259430527687072754e-01
3.459619283676147461e-01
-2.085562422871589661e-02
-3.017359375953674316e-01
-4.876594841480255127e-01
-5.064362287521362305e-01
-2.202917188405990601e-01
3.559538722038269043e-01
1.027491569519042969e+00
1.414862990379333496e+00
1.263374686241149902e+00
5.737308263778686523e-01
-2.766220271587371826e-01
-8.372091054916381836e-01
-7.817170619964599609e-01
-1.932665854692459106e-01
6.203039288520812988e-01
1.253651022911071777e+00
1.562461733818054199e+00
1.574130177497863770e+00
1.475183367729187012e+00
1.280776739120483398e+00
9.286117553710937500e-01
2.579793632030487061e-01
-6.524926424026489258e-01
-1.583350896835327148e+00
-2.148162841796875000e+00
-2.206404209136962891e+00
-1.835261344909667969e+00
-1.428878426551818848e+00
-1.262972354888916016e+00
-1.442759871482849121e+00
-1.673009991645812988e+00
-1.647024273872375488e+00
-1.122850656509399414e+00
-2.697483897209167480e-01
6.199686527252197266e-01
1.162617206573486328e+00
1.301095843315124512e+00
1.114702939987182617e+00
8.856934309005737305e-01
6.793166399002075195e-01
4.976849257946014404e-01
1.413622349500656128e-01
-3.840184211730957031e-01
-1.000734686851501465e+00
-1.382506608963012695e+00
-1.369698166847229004e+00
-8.991389274597167969e-01
-2.742078602313995361e-01
2.130157202482223511e-01
2.482892125844955444e-01
-1.031716316938400269e-01
-6.425007581710815430e-01
-9.336747527122497559e-01
-7.601572871208190918e-01
-2.501333691179752350e-02
9.830308556556701660e-01
1.960529208183288574e+00
2.528325319290161133e+00
2.627372741699218750e+00
2.300589799880981445e+00
1.846024513244628906e+00
1.403965711593627930e+00
1.089186668395996094e+00
7.432582378387451172e-01
3.052566051483154297e-01
-2.861109972000122070e-01
-7.878865599632263184e-01
-9.907427430152893066e-01
-6.685199737548828125e-01
2.474509738385677338e-02
8.047521114349365234e-01
1.192861199378967285e+00
1.007574796676635742e+00
2.647524178028106689e-01
-6.423330903053283691e-01
-1.393839716911315918e+00
-1.727596759796142578e+00
-1.735710978507995605e+00
-1.529703021049499512e+00
-1.289461016654968262e+00
-9.480590820312500000e-01
-4.807187914848327637e-01
1.554783433675765991e-01
7.063753008842468262e-01
9.059119820594787598e-01
4.851782619953155518e-01
-4.193589687347412109e-01
-1.439775705337524414e+00
-1.982055425643920898e+00
-1.732123255729675293e+00
-6.876990795135498047e-01
6.758630275726318359e-01
1.826510071754455566e+00
2.309944868087768555e+00
2.102595567703247070e+00
1.406379938125610352e+00
6.071266531944274902e-01
-9.284441173076629639e-02
-6.090378761291503906e-01
-1.046704173088073730e+00
-1.413689374923706055e+00
-1.664661049842834473e+00
-1.609705448150634766e+00
-1.177135705947875977e+00
-4.206331074237823486e-01
3.520308732986450195e-01
8.207459449768066406e-01
7.447335124015808105e-01
2.109704017639160156e-01
-4.776004850864410400e-01
-8.850563764572143555e-01
-7.630743980407714844e-01
-1.271790713071823120e-01
6.949750781059265137e-01
1.325773954391479492e+00
1.509383916854858398e+00
1.299084067344665527e+00
9.452761411666870117e-01
7.332998514175415039e-01
7.437611818313598633e-01
8.323808312416076660e-01
7.407099604606628418e-01
3.386188745498657227e-01
-2.507704496383666992e-01
-7.074146866798400879e-01
-7.442976236343383789e-01
-3.383841812610626221e-01
2.283388972282409668e-01
5.366802215576171875e-01
3.466660678386688232e-01
-2.354807853698730469e-01
-7.921113371849060059e-01
-9.193239212036132812e-01
-4.995625913143157959e-01
1.534330099821090698e-01
5.411732792854309082e-01
2.947617173194885254e-01
-4.882294833660125732e-01
-1.329529285430908203e+00
-1.625766277313232422e+00
-1.131702542304992676e+00
-8.288601785898208618e-02
8.711749315261840820e-01
1.168887257575988770e+00
6.424337029457092285e-01
-2.812826931476593018e-01
-9.491655826568603516e-01
-8.327161073684692383e-01
1.448493450880050659e-02
1.080603003501892090e+00
1.630326390266418457e+00
1.293652176856994629e+00
2.039291113615036011e-01
-9.714294672012329102e-01
-1.571481347084045410e+00
-1.231722474098205566e+00
-2.159998863935470581e-01
8.931370377540588379e-01
1.436825037002563477e+00
1.190078258514404297e+00
3.168914914131164551e-01
-6.547726988792419434e-01
-1.313904285430908203e+00
