-8.508478403091430664e-01
-8.196713328361511230e-01
8.573786616325378418e-01
1.379204511642456055e+00
6.046769618988037109e-01
-6.501252651214599609e-01
-1.250364780426025391e+00
-5.173834562301635742e-01
1.255077123641967773e+00
3.098793745040893555e+00
4.031177043914794922e+00
3.745712280273437500e+00
2.656108140945434570e+00
1.520734310150146484e+00
8.210744857788085938e-01
5.587950944900512695e-01
3.821578025817871094e-01
2.021145820617675781e-02
-5.419752597808837891e-01
-1.095173716545104980e+00
-1.515402197837829590e+00
-1.852595806121826172e+00
-2.277489185333251953e+00
-2.789970874786376953e+00
-3.159087181091308594e+00
-3.019130229949951172e+00
-2.222310066223144531e+00
-9.741237759590148926e-01
2.153396308422088623e-01
9.039602279663085938e-01
9.582436084747314453e-01
6.344871520996093750e-01
2.987283468246459961e-01
1.832528114318847656e-01
2.170997262001037598e-01
1.875320225954055786e-01
-7.961094379425048828e-02
-5.428476333618164062e-01
-1.034929156303405762e+00
-1.371024608612060547e+00
-1.502774953842163086e+00
-1.460922360420227051e+00
-1.310247421264648438e+00
-1.047975182533264160e+00
-6.793946623802185059e-01
-2.394205927848815918e-01
1.529898345470428467e-01
4.107795655727386475e-01
5.259498953819274902e-01
6.169697046279907227e-01
7.889504432678222656e-01
1.053864002227783203e+00
1.263909101486206055e+00
1.256580352783203125e+00
9.662119150161743164e-01
5.202156901359558105e-01
1.117956936359405518e-01
-1.198885142803192139e-01
-2.159275561571121216e-01
-2.966742217540740967e-01
-4.553030729293823242e-01
-6.354632377624511719e-01
-7.284967303276062012e-01
-6.832405328750610352e-01
-6.270033121109008789e-01
-7.452711462974548340e-01
-1.131300568580627441e+00
-1.624610781669616699e+00
-1.917977094650268555e+00
-1.753739476203918457e+00
-1.164832949638366699e+00
-4.393539428710937500e-01
5.599522590637207031e-02
1.704955101013183594e-01
2.697002887725830078e-02
-8.176204562187194824e-02
3.268414735794067383e-02
3.544167280197143555e-01
6.957562565803527832e-01
9.182853698730468750e-01
1.018040895462036133e+00
1.114367008209228516e+00
1.264678716659545898e+00
1.419048190116882324e+00
1.460663795471191406e+00
1.390594482421875000e+00
1.343151807785034180e+00
1.485578536987304688e+00
1.761656403541564941e+00
1.858552336692810059e+00
1.378244161605834961e+00
2.366556078195571899e-01
-1.162647485733032227e+00
-2.065790653228759766e+00
-1.902676582336425781e+00
-7.057291865348815918e-01
8.074697852134704590e-01
1.723416566848754883e+00
1.524303793907165527e+00
4.667424261569976807e-01
-6.663758754730224609e-01
-1.123035192489624023e+00
-7.395175695419311523e-01
4.051426053047180176e-02
5.426596403121948242e-01
4.244512319564819336e-01
-1.503568440675735474e-01
-7.013314366340637207e-01
-9.100329279899597168e-01
-8.218737840652465820e-01
-7.565538883209228516e-01
-9.054220914840698242e-01
-1.143348455429077148e+00
-1.107603311538696289e+00
-6.061296463012695312e-01
1.680049896240234375e-01
6.928111910820007324e-01
5.781261324882507324e-01
-1.103654801845550537e-01
-8.113260865211486816e-01
-9.252560138702392578e-01
-2.655285894870758057e-01
7.248457670211791992e-01
1.332566380500793457e+00
1.090824484825134277e+00
1.974537968635559082e-01
-6.552888154983520508e-01
-7.482688426971435547e-01
9.334778785705566406e-02
1.421432614326477051e+00
2.454492568969726562e+00
2.663432836532592773e+00
2.046227455139160156e+00
1.085494399070739746e+00
2.945324778556823730e-01
-1.000305116176605225e-01
-2.841957211494445801e-01
-5.589958429336547852e-01
-1.066226243972778320e+00
-1.594574928283691406e+00
-1.781537294387817383e+00
-1.362396359443664551e+00
-4.456404447555541992e-01
5.768973827362060547e-01
1.225480318069458008e+00
1.281714200973510742e+00
8.569865226745605469e-01
3.412688970565795898e-01
8.865746855735778809e-02
2.491241544485092163e-01
6.583063006401062012e-01
1.040260434150695801e+00
1.166130542755126953e+00
1.059340000152587891e+00
8.924235105514526367e-01
8.664736151695251465e-01
9.591013789176940918e-01
9.558228254318237305e-01
5.509512424468994141e-01
-3.310241699218750000e-01
-1.449563741683959961e+00
-2.279082298278808594e+00
-2.381000041961669922e+00
-1.645707726478576660e+00
-4.422482252120971680e-01
6.649556159973144531e-01
1.216332554817199707e+00
1.176942825317382812e+00
8.228763937950134277e-01
5.201800465583801270e-01
3.707661032676696777e-01
2.297117710113525391e-01
-1.477184295654296875e-01
-7.618347406387329102e-01
-1.356258511543273926e+00
-1.552757740020751953e+00
-1.232299327850341797e+00
-6.118181943893432617e-01
-1.431593894958496094e-01
-8.998754620552062988e-02
-3.692950606346130371e-01
-5.826106667518615723e-01
-4.449669718742370605e-01
-1.615759730339050293e-02
2.642083168029785156e-01
1.030549407005310059e-02
-7.924724817276000977e-01
-1.654215335845947266e+00
-2.001265048980712891e+00
-1.588033914566040039e+00
-7.749170064926147461e-01
-1.899004280567169189e-01
-2.592769265174865723e-01
-7.718212604522705078e-01
-1.088487863540649414e+00
-6.162732243537902832e-01
6.019538044929504395e-01
1.905189156532287598e+00
2.419792652130126953e+00
1.776447772979736328e+00
3.461387753486633301e-01
-9.568912982940673828e-01
-1.374091863632202148e+00
-7.418248653411865234e-01
4.123359918594360352e-01
1.362835288047790527e+00
1.625127196311950684e+00
1.247680664062500000e+00
5.751084685325622559e-01
-1.716582849621772766e-02
-3.986059725284576416e-01
-5.687391161918640137e-01
-5.691636204719543457e-01
-3.485518693923950195e-01
6.602460145950317383e-02
5.143092870712280273e-01
6.719957590103149414e-01
