-9.169478416442871094e-01
-1.016022205352783203e+00
-7.567552924156188965e-01
-5.242218375205993652e-01
-4.216510057449340820e-01
-4.296875894069671631e-01
-1.687195748090744019e-01
4.872809648513793945e-01
1.397976160049438477e+00
1.906250953674316406e+00
1.554971814155578613e+00
3.009747862815856934e-01
-1.078700661659240723e+00
-1.703977346420288086e+00
-1.015378236770629883e+00
5.340680480003356934e-01
1.988540410995483398e+00
2.364161014556884766e+00
1.591238260269165039e+00
3.192678093910217285e-01
-4.214677810668945312e-01
-2.559679448604583740e-01
4.713751673698425293e-01
8.403759002685546875e-01
3.760793209075927734e-01
-7.062979936599731445e-01
-1.469129562377929688e+00
-1.237780570983886719e+00
-1.767952740192413330e-02
1.271274805068969727e+00
1.686556935310363770e+00
8.438056707382202148e-01
-5.877276659011840820e-01
-1.569608092308044434e+00
-1.339467048645019531e+00
-1.572334766387939453e-01
1.076670408248901367e+00
1.378643155097961426e+00
5.909382104873657227e-01
-6.822282075881958008e-01
-1.431677818298339844e+00
-1.173714399337768555e+00
-1.575209796428680420e-01
7.309809327125549316e-01
7.995064258575439453e-01
-6.978300213813781738e-02
-1.246054172515869141e+00
-1.960482835769653320e+00
-1.747809171676635742e+00
-8.401890397071838379e-01
1.552971899509429932e-01
5.991123914718627930e-01
3.180895745754241943e-01
-4.464643597602844238e-01
-1.176027536392211914e+00
-1.516533970832824707e+00
-1.380850791931152344e+00
-1.016392469406127930e+00
-7.177069187164306641e-01
-6.917230486869812012e-01
-8.708295226097106934e-01
-1.036778807640075684e+00
-9.194913506507873535e-01
-4.394653439521789551e-01
2.736816108226776123e-01
9.072446823120117188e-01
1.208232641220092773e+00
1.124381303787231445e+00
8.731489181518554688e-01
7.504569888114929199e-01
9.169003963470458984e-01
1.243061423301696777e+00
1.429088115692138672e+00
1.257435917854309082e+00
8.283970952033996582e-01
5.173122882843017578e-01
6.856501698493957520e-01
1.341812372207641602e+00
2.049788475036621094e+00
2.210612297058105469e+00
1.502756237983703613e+00
1.814084053039550781e-01
-1.078552842140197754e+00
-1.626754403114318848e+00
-1.323735594749450684e+00
-5.926798582077026367e-01
-1.043730378150939941e-01
-2.286023497581481934e-01
-8.077101707458496094e-01
-1.281578183174133301e+00
-1.200858473777770996e+00
-5.339825153350830078e-01
2.858975529670715332e-01
7.763395905494689941e-01
7.282133698463439941e-01
3.781200051307678223e-01
1.085711121559143066e-01
1.728612780570983887e-01
4.655738472938537598e-01
7.292239665985107422e-01
7.518045902252197266e-01
5.945885181427001953e-01
4.191482067108154297e-01
3.467208445072174072e-01
2.601066529750823975e-01
3.187537193298339844e-03
-4.733028411865234375e-01
-9.137304425239562988e-01
-1.004774332046508789e+00
-5.934305191040039062e-01
3.333089500665664673e-02
3.776362240314483643e-01
2.740254998207092285e-02
-9.124103784561157227e-01
-1.915931224822998047e+00
-2.311137676239013672e+00
-1.847096562385559082e+00
-7.999038100242614746e-01
1.454008966684341431e-01
4.689840972423553467e-01
9.585845470428466797e-02
-5.113935470581054688e-01
-7.969655394554138184e-01
-4.516569972038269043e-01
3.036711215972900391e-01
9.705413579940795898e-01
1.059226512908935547e+00
4.886810481548309326e-01
-4.402681887149810791e-01
-1.172321796417236328e+00
-1.292478799819946289e+00
-6.781677007675170898e-01
3.922489881515502930e-01
1.471551418304443359e+00
2.121567964553833008e+00
2.196647167205810547e+00
1.846272587776184082e+00
1.462663531303405762e+00
1.364161968231201172e+00
1.623893618583679199e+00
1.955112695693969727e+00
1.948589086532592773e+00
1.350791454315185547e+00
3.360658586025238037e-01
-6.083196401596069336e-01
-9.854029417037963867e-01
-7.051526904106140137e-01
-1.606227755546569824e-01
3.715536743402481079e-02
-4.329928159713745117e-01
-1.313276767730712891e+00
-1.906210780143737793e+00
-1.607438206672668457e+00
-4.012114405632019043e-01
1.059819579124450684e+00
1.891256690025329590e+00
1.614219903945922852e+00
4.882693886756896973e-01
-6.929672956466674805e-01
-1.222277045249938965e+00
-9.693796038627624512e-01
-4.450454413890838623e-01
-3.109112381935119629e-01
-8.541295528411865234e-01
-1.725840926170349121e+00
-2.261397361755371094e+00
-1.963410854339599609e+00
-9.140000939369201660e-01
3.600173592567443848e-01
1.227463483810424805e+00
1.421864986419677734e+00
1.066095352172851562e+00
5.452108383178710938e-01
1.206585317850112915e-01
-1.070635616779327393e-01
-2.245445251464843750e-01
-2.578305304050445557e-01
-2.337674200534820557e-01
-1.456608921289443970e-01
-1.300631016492843628e-01
-2.921946346759796143e-01
-6.775752902030944824e-01
-1.062866449356079102e+00
-1.212117552757263184e+00
-9.793214201927185059e-01
-6.004638671875000000e-01
-4.150453209877014160e-01
-6.843106746673583984e-01
-1.169159889221191406e+00
-1.381644010543823242e+00
-8.342151045799255371e-01
3.582998514175415039e-01
1.601368665695190430e+00
2.059274911880493164e+00
1.452654361724853516e+00
1.701545119285583496e-01
-8.007220625877380371e-01
-7.440921664237976074e-01
4.305317401885986328e-01
1.954483866691589355e+00
2.942932128906250000e+00
2.829077243804931641e+00
1.878306269645690918e+00
6.908050179481506348e-01
-1.101364865899085999e-01
-4.931198954582214355e-01
-6.935176849365234375e-01
-1.058361887931823730e+00
-1.469015121459960938e+00
-1.637784957885742188e+00
-1.205326795578002930e+00
-3.314950466156005859e-01
5.750138759613037109e-01
9.356547594070434570e-01
6.593117713928222656e-01
-2.691847085952758789e-02
-5.674356818199157715e-01
