5.346432328224182129e-01
5.019689202308654785e-01
3.493078649044036865e-01
-3.834480643272399902e-01
-1.478986263275146484e+00
-2.310604572296142578e+00
-2.458702802658081055e+00
-1.772233605384826660e+00
-6.615143418312072754e-01
3.944245278835296631e-01
9.362302422523498535e-01
9.662816524505615234e-01
6.472716331481933594e-01
3.273169398307800293e-01
1.201604604721069336e-01
1.016938164830207825e-01
1.674547791481018066e-01
3.465282320976257324e-01
5.794361829757690430e-01
8.705375194549560547e-01
1.038118243217468262e+00
9.822932481765747070e-01
5.961821079254150391e-01
3.935056924819946289e-02
-5.036847591400146484e-01
-7.614099383354187012e-01
-6.941052079200744629e-01
-3.319440782070159912e-01
1.144913434982299805e-01
5.285146236419677734e-01
7.574540376663208008e-01
7.862465381622314453e-01
5.523467063903808594e-01
1.412760615348815918e-01
-3.472263813018798828e-01
-6.663917303085327148e-01
-6.824125051498413086e-01
-3.593694269657135010e-01
6.820142269134521484e-02
3.549709320068359375e-01
3.173214793205261230e-01
9.717628359794616699e-02
-3.669311106204986572e-02
2.025693655014038086e-01
7.777463197708129883e-01
1.418189764022827148e+00
1.710178136825561523e+00
1.491980314254760742e+00
8.803803324699401855e-01
2.607701718807220459e-01
-7.956290245056152344e-02
-6.891192495822906494e-02
6.764870882034301758e-02
9.323847293853759766e-02
-1.135974526405334473e-01
-4.294319152832031250e-01
-6.827804446220397949e-01
-7.601901292800903320e-01
-7.279170751571655273e-01
-6.931217312812805176e-01
-7.230899333953857422e-01
-7.576276659965515137e-01
-7.283556461334228516e-01
-6.265338063240051270e-01
-5.483233332633972168e-01
-5.568991899490356445e-01
-5.839668512344360352e-01
-4.200653433799743652e-01
1.029556095600128174e-01
9.337272644042968750e-01
1.740683555603027344e+00
2.100494384765625000e+00
1.772449851036071777e+00
8.648611307144165039e-01
-2.364969849586486816e-01
-1.138751983642578125e+00
-1.651290059089660645e+00
-1.833294153213500977e+00
-1.815299272537231445e+00
-1.654887080192565918e+00
-1.292051196098327637e+00
-7.156012654304504395e-01
-6.636096537113189697e-02
3.626250624656677246e-01
3.720743060111999512e-01
1.781684160232543945e-02
-3.559447526931762695e-01
-4.000089168548583984e-01
-5.288183689117431641e-03
5.579328536987304688e-01
8.963546752929687500e-01
7.799377441406250000e-01
3.856735229492187500e-01
1.050350964069366455e-01
2.644120454788208008e-01
8.045283555984497070e-01
1.378189563751220703e+00
1.595400571823120117e+00
1.396356105804443359e+00
1.019311428070068359e+00
8.219342231750488281e-01
8.923646211624145508e-01
1.031531691551208496e+00
8.947739005088806152e-01
3.808236420154571533e-01
-3.024341762065887451e-01
-7.450439333915710449e-01
-7.473464012145996094e-01
-4.434312582015991211e-01
-2.427617907524108887e-01
-4.172037839889526367e-01
-9.156266450881958008e-01
-1.345164418220520020e+00
-1.370200753211975098e+00
-9.353216290473937988e-01
-3.615428507328033447e-01
7.383108139038085938e-03
4.437392950057983398e-02
-2.182137966156005859e-02
9.013295173645019531e-02
4.604033231735229492e-01
8.038623332977294922e-01
7.541766762733459473e-01
1.557175815105438232e-01
-7.209074497222900391e-01
-1.424636244773864746e+00
-1.645293712615966797e+00
-1.499870538711547852e+00
-1.350125670433044434e+00
-1.468423247337341309e+00
-1.704832792282104492e+00
-1.616683244705200195e+00
-8.335470557212829590e-01
5.129668116569519043e-01
1.812417745590209961e+00
2.347753286361694336e+00
1.842283725738525391e+00
6.495815515518188477e-01
-4.814386367797851562e-01
-9.573024511337280273e-01
-6.877537369728088379e-01
-5.480355024337768555e-02
4.803148508071899414e-01
7.400110363960266113e-01
8.853002190589904785e-01
1.146968007087707520e+00
1.527742981910705566e+00
1.767131447792053223e+00
1.580028533935546875e+00
9.757448434829711914e-01
2.869523167610168457e-01
-6.577658653259277344e-02
3.662055730819702148e-02
3.157452642917633057e-01
2.886190414428710938e-01
-2.980954051017761230e-01
-1.267861485481262207e+00
-2.100753545761108398e+00
-2.361727476119995117e+00
-1.962283492088317871e+00
-1.226080656051635742e+00
-5.439680814743041992e-01
-1.369916945695877075e-01
8.706110715866088867e-02
2.735414505004882812e-01
4.816887378692626953e-01
5.587970018386840820e-01
4.159701168537139893e-01
1.305742114782333374e-01
3.669908642768859863e-02
3.550928235054016113e-01
1.020825386047363281e+00
1.548442363739013672e+00
1.464170694351196289e+00
6.154280900955200195e-01
-5.269817709922790527e-01
-1.263169527053833008e+00
-1.050856232643127441e+00
-4.594737291336059570e-02
1.114134907722473145e+00
1.640735507011413574e+00
1.278472781181335449e+00
3.234156072139739990e-01
-5.183901786804199219e-01
-8.168601989746093750e-01
-5.696356296539306641e-01
-2.633937299251556396e-01
-2.692916989326477051e-01
-6.521228551864624023e-01
-9.788464903831481934e-01
-8.556447625160217285e-01
-1.461893320083618164e-01
6.992813348770141602e-01
1.106902837753295898e+00
6.157555580139160156e-01
-5.956622958183288574e-01
-1.983503580093383789e+00
-2.782213211059570312e+00
-2.631739854812622070e+00
-1.556115508079528809e+00
-8.196645975112915039e-02
1.283496379852294922e+00
2.091651439666748047e+00
2.300755977630615234e+00
1.990306138992309570e+00
1.452347993850708008e+00
8.271422982215881348e-01
2.888444364070892334e-01
-1.879100203514099121e-01
-5.337245464324951172e-01
-7.930831909179687500e-01
-8.549640178680419922e-01
-7.350302934646606445e-01
-3.725454211235046387e-01
7.662802934646606445e-02
5.191067457199096680e-01
7.411417365074157715e-01
