-5.472977161407470703e-01
-5.639875531196594238e-01
-4.571166038513183594e-01
-3.234843611717224121e-01
-1.854412555694580078e-01
-1.580507755279541016e-01
-1.555520892143249512e-01
-1.572986543178558350e-01
-2.447043173015117645e-02
1.917261630296707153e-01
4.733780026435852051e-01
6.431763172149658203e-01
6.765087842941284180e-01
5.220812559127807617e-01
3.260588049888610840e-01
1.525701880455017090e-01
1.389544010162353516e-01
2.384882271289825439e-01
4.655027389526367188e-01
7.210394144058227539e-01
1.037071824073791504e+00
1.348500847816467285e+00
1.645039081573486328e+00
1.749859333038330078e+00
1.558115243911743164e+00
9.600062370300292969e-01
1.249173581600189209e-01
-6.807388067245483398e-01
-1.061274766921997070e+00
-8.830322027206420898e-01
-2.448462843894958496e-01
3.949039578437805176e-01
6.195599436759948730e-01
1.781482100486755371e-01
-7.166510820388793945e-01
-1.637443423271179199e+00
-2.086847305297851562e+00
-1.920588612556457520e+00
-1.306524753570556641e+00
-6.922265291213989258e-01
-4.051091670989990234e-01
-5.608530044555664062e-01
-9.435755014419555664e-01
-1.281750440597534180e+00
-1.341242313385009766e+00
-1.112268090248107910e+00
-6.615129113197326660e-01
-1.165121644735336304e-01
4.691354036331176758e-01
9.922899007797241211e-01
1.328996062278747559e+00
1.286892056465148926e+00
7.887068390846252441e-01
-6.945750117301940918e-02
-9.577140808105468750e-01
-1.520667314529418945e+00
-1.541854858398437500e+00
-1.112646341323852539e+00
-5.254969000816345215e-01
-1.028381437063217163e-01
2.342385053634643555e-02
-6.914135813713073730e-02
-1.820036619901657104e-01
-1.721730083227157593e-01
-8.946971967816352844e-03
2.625918090343475342e-01
6.084139943122863770e-01
1.019088029861450195e+00
1.437397837638854980e+00
1.702382206916809082e+00
1.590373516082763672e+00
9.985045790672302246e-01
8.523327112197875977e-02
-7.220870256423950195e-01
-9.928364157676696777e-01
-5.808895826339721680e-01
2.038682401180267334e-01
8.010768890380859375e-01
7.550743818283081055e-01
9.330481290817260742e-02
-6.992950439453125000e-01
-9.751832485198974609e-01
-4.269889593124389648e-01
7.309865951538085938e-01
1.863743424415588379e+00
2.397438049316406250e+00
2.139609098434448242e+00
1.405273914337158203e+00
6.738142967224121094e-01
2.825750708580017090e-01
1.702609658241271973e-01
6.580845266580581665e-02
-2.862379252910614014e-01
-8.374255895614624023e-01
-1.342502236366271973e+00
-1.517315268516540527e+00
-1.344362735748291016e+00
-1.023854732513427734e+00
-8.697074651718139648e-01
-9.951401948928833008e-01
-1.290397524833679199e+00
-1.447759389877319336e+00
-1.259242057800292969e+00
-6.983466744422912598e-01
5.478888750076293945e-03
5.917186141014099121e-01
8.583201169967651367e-01
8.245080709457397461e-01
6.145449876785278320e-01
4.438937008380889893e-01
4.339464306831359863e-01
6.350443363189697266e-01
9.240634441375732422e-01
1.117781877517700195e+00
9.773562550544738770e-01
4.201100468635559082e-01
-4.520183503627777100e-01
-1.279751420021057129e+00
-1.679167509078979492e+00
-1.411679983139038086e+00
-6.281255483627319336e-01
2.466524839401245117e-01
7.118943929672241211e-01
5.665846467018127441e-01
-1.508483290672302246e-02
-5.747611522674560547e-01
-7.689493298530578613e-01
-5.785397887229919434e-01
-3.471736609935760498e-01
-4.407874047756195068e-01
-9.541769027709960938e-01
-1.547571420669555664e+00
-1.706562399864196777e+00
-1.091790676116943359e+00
1.586779952049255371e-01
1.524451613426208496e+00
2.417502880096435547e+00
2.581756591796875000e+00
2.187312841415405273e+00
1.657244682312011719e+00
1.312199115753173828e+00
1.181124448776245117e+00
1.055867671966552734e+00
7.501960992813110352e-01
3.003888130187988281e-01
-6.362301111221313477e-02
-1.308885812759399414e-01
6.607413291931152344e-02
2.672867178916931152e-01
1.810668110847473145e-01
-2.217417508363723755e-01
-6.606122851371765137e-01
-7.218329310417175293e-01
-2.262757122516632080e-01
5.993975996971130371e-01
1.199476003646850586e+00
1.107550859451293945e+00
2.651923000812530518e-01
-8.343480229377746582e-01
-1.494437336921691895e+00
-1.215310335159301758e+00
-1.022540479898452759e-01
1.246304392814636230e+00
2.036033630371093750e+00
1.841437220573425293e+00
7.621906995773315430e-01
-5.991341471672058105e-01
-1.634511709213256836e+00
-2.009855270385742188e+00
-1.905673265457153320e+00
-1.706410884857177734e+00
-1.768974065780639648e+00
-2.050140619277954102e+00
-2.267832756042480469e+00
-2.034236192703247070e+00
-1.305841326713562012e+00
-3.403175175189971924e-01
3.191842138767242432e-01
3.348142504692077637e-01
-3.184792697429656982e-01
-1.186165332794189453e+00
-1.749027848243713379e+00
-1.587311506271362305e+00
-7.529266476631164551e-01
4.618350863456726074e-01
1.572676301002502441e+00
2.330278873443603516e+00
2.612269639968872070e+00
2.537075519561767578e+00
2.129688739776611328e+00
1.477644801139831543e+00
5.864663720130920410e-01
-3.043562471866607666e-01
-9.456064701080322266e-01
-1.009405374526977539e+00
-5.093822479248046875e-01
3.440327644348144531e-01
1.041818022727966309e+00
1.290339231491088867e+00
1.000715732574462891e+00
5.355740785598754883e-01
2.382666319608688354e-01
3.801379203796386719e-01
7.688333392143249512e-01
1.113958001136779785e+00
1.053210854530334473e+00
6.310480833053588867e-01
4.266059398651123047e-02
-3.186496198177337646e-01
-3.802430033683776855e-01
-2.186153829097747803e-01
-1.893678307533264160e-01
-4.164752960205078125e-01
-9.001457095146179199e-01
-1.300417423248291016e+00
-1.420076012611389160e+00
-1.132841587066650391e+00
