6.161529421806335449e-01
6.187362670898437500e-01
6.832286715507507324e-01
4.205070734024047852e-01
-1.857875585556030273e-01
-8.769881129264831543e-01
-1.351832389831542969e+00
-1.327938556671142578e+00
-8.003637194633483887e-01
6.865212321281433105e-02
9.284105300903320312e-01
1.495964765548706055e+00
1.558275222778320312e+00
1.142749190330505371e+00
4.082116782665252686e-01
-3.019890785217285156e-01
-6.840738058090209961e-01
-5.186754465103149414e-01
1.011531502008438110e-01
8.827295899391174316e-01
1.381820917129516602e+00
1.354189395904541016e+00
8.142731189727783203e-01
1.147315576672554016e-01
-3.861811459064483643e-01
-4.814762473106384277e-01
-3.322553038597106934e-01
-2.373569905757904053e-01
-4.696365892887115479e-01
-9.790742397308349609e-01
-1.507592320442199707e+00
-1.714903950691223145e+00
-1.508336305618286133e+00
-1.025819301605224609e+00
-5.835756063461303711e-01
-3.634751141071319580e-01
-3.719926476478576660e-01
-4.190110564231872559e-01
-3.704007863998413086e-01
-2.056442797183990479e-01
-7.508417963981628418e-02
-9.547197818756103516e-02
-2.991486787796020508e-01
-5.578957796096801758e-01
-7.363997697830200195e-01
-7.155115008354187012e-01
-4.806787371635437012e-01
-1.797945797443389893e-02
6.256929039955139160e-01
1.342630624771118164e+00
1.858672618865966797e+00
1.847640872001647949e+00
1.109658002853393555e+00
-1.478399485349655151e-01
-1.324621558189392090e+00
-1.687121868133544922e+00
-8.920455574989318848e-01
7.209652662277221680e-01
2.222116708755493164e+00
2.689932584762573242e+00
1.823675870895385742e+00
2.157434225082397461e-01
-1.045401453971862793e+00
-1.104882597923278809e+00
3.401634097099304199e-02
1.528350830078125000e+00
2.280662298202514648e+00
1.728396654129028320e+00
2.021713852882385254e-01
-1.334705710411071777e+00
-1.997567057609558105e+00
-1.557628154754638672e+00
-5.137408375740051270e-01
3.665485978126525879e-01
6.220027804374694824e-01
3.533234000205993652e-01
6.258338689804077148e-03
-8.385708928108215332e-02
2.258896827697753906e-02
-3.154718875885009766e-02
-5.249016284942626953e-01
-1.359153747558593750e+00
-2.076332807540893555e+00
-2.208724260330200195e+00
-1.627827405929565430e+00
-6.577500700950622559e-01
1.640436053276062012e-01
4.347242712974548340e-01
1.396452039480209351e-01
-4.133432209491729736e-01
-8.068526983261108398e-01
-7.739214301109313965e-01
-2.595182657241821289e-01
6.023443937301635742e-01
1.593233942985534668e+00
2.430074930191040039e+00
2.818952083587646484e+00
2.517826557159423828e+00
1.510836243629455566e+00
8.342069387435913086e-02
-1.216302156448364258e+00
-1.865565538406372070e+00
-1.641849994659423828e+00
-7.927932739257812500e-01
1.511060595512390137e-01
6.823469996452331543e-01
6.457606554031372070e-01
2.389128506183624268e-01
-1.703939437866210938e-01
-3.635810017585754395e-01
-3.555776476860046387e-01
-3.224170804023742676e-01
-3.471101522445678711e-01
-3.520367741584777832e-01
-1.550281345844268799e-01
2.933963835239410400e-01
8.396596908569335938e-01
1.186121702194213867e+00
1.156726956367492676e+00
8.122880458831787109e-01
4.225465953350067139e-01
1.963064223527908325e-01
1.260424554347991943e-01
-2.356964349746704102e-02
-4.329265356063842773e-01
-1.023967623710632324e+00
-1.408756136894226074e+00
-1.195543527603149414e+00
-3.080716729164123535e-01
8.387587070465087891e-01
1.584992766380310059e+00
1.442964076995849609e+00
4.719025492668151855e-01
-7.692748308181762695e-01
-1.569909214973449707e+00
-1.562984108924865723e+00
-9.144808053970336914e-01
-1.757712662220001221e-01
1.658824235200881958e-01
-6.036415696144104004e-03
-3.925547897815704346e-01
-5.797750353813171387e-01
-3.540177047252655029e-01
1.525135040283203125e-01
6.299660205841064453e-01
8.477212190628051758e-01
8.356418609619140625e-01
7.956462502479553223e-01
8.923895359039306641e-01
1.078094244003295898e+00
1.138920426368713379e+00
8.993574380874633789e-01
4.108054935932159424e-01
-6.240630149841308594e-02
-2.493333220481872559e-01
-1.168604791164398193e-01
6.877058744430541992e-02
-5.690898001194000244e-02
-6.575669646263122559e-01
-1.502187728881835938e+00
-2.090996503829956055e+00
-1.980068445205688477e+00
-1.127007007598876953e+00
5.975214391946792603e-02
9.602035880088806152e-01
1.162296056747436523e+00
7.011431455612182617e-01
1.417532563209533691e-02
-4.182987809181213379e-01
-3.893719911575317383e-01
-1.054814979434013367e-01
5.076423287391662598e-02
-1.784326285123825073e-01
-6.761388778686523438e-01
-1.074405431747436523e+00
-1.006788611412048340e+00
-4.298621714115142822e-01
3.864121437072753906e-01
1.031094074249267578e+00
1.302839040756225586e+00
1.287813425064086914e+00
1.280094265937805176e+00
1.444244861602783203e+00
1.683364152908325195e+00
1.651192545890808105e+00
1.094764351844787598e+00
6.334955990314483643e-02
-1.003406286239624023e+00
-1.600256085395812988e+00
-1.448026180267333984e+00
-7.616170644760131836e-01
-5.209293961524963379e-02
1.509743928909301758e-01
-2.899903059005737305e-01
-1.110208392143249512e+00
-1.767586946487426758e+00
-1.862956047058105469e+00
-1.291698455810546875e+00
-3.394406437873840332e-01
5.965846776962280273e-01
1.149317741394042969e+00
1.201510548591613770e+00
8.007456660270690918e-01
1.773037910461425781e-01
-4.253498613834381104e-01
-7.244745492935180664e-01
-5.771336555480957031e-01
3.009526431560516357e-02
8.351521492004394531e-01
1.475079417228698730e+00
1.575885772705078125e+00
1.071018099784851074e+00
1.763421297073364258e-01
-6.312304735183715820e-01
-9.967890381813049316e-01
-8.116874098777770996e-01
-3.557416200637817383e-01
