7.739139199256896973e-01
7.991200089454650879e-01
1.225078821182250977e+00
1.372458815574645996e+00
1.164329767227172852e+00
7.751861810684204102e-01
3.831800222396850586e-01
1.185162514448165894e-01
-1.136658713221549988e-01
-4.304911196231842041e-01
-9.133822321891784668e-01
-1.396034836769104004e+00
-1.643921017646789551e+00
-1.419332504272460938e+00
-7.652468681335449219e-01
8.953324705362319946e-02
7.621060609817504883e-01
1.023469924926757812e+00
8.063955903053283691e-01
2.975032329559326172e-01
-2.989344894886016846e-01
-7.637758255004882812e-01
-1.010151267051696777e+00
-9.605342745780944824e-01
-6.243870258331298828e-01
-1.474992651492357254e-02
7.136022448539733887e-01
1.366057872772216797e+00
1.687852740287780762e+00
1.569614768028259277e+00
1.030188918113708496e+00
2.894325256347656250e-01
-4.322404265403747559e-01
-9.399400353431701660e-01
-1.207903623580932617e+00
-1.269169569015502930e+00
-1.226152181625366211e+00
-1.114354968070983887e+00
-9.698772430419921875e-01
-7.720453143119812012e-01
-5.465026497840881348e-01
-2.985369265079498291e-01
-8.794295787811279297e-02
4.770865663886070251e-02
3.427071869373321533e-02
-1.261098831892013550e-01
-3.834185600280761719e-01
-5.586683750152587891e-01
-4.794322550296783447e-01
-4.631715267896652222e-02
5.993002653121948242e-01
1.154430270195007324e+00
1.270282745361328125e+00
8.376845121383666992e-01
5.629621446132659912e-02
-6.282435059547424316e-01
-8.590341210365295410e-01
-5.966762900352478027e-01
-1.968379616737365723e-01
-1.171247512102127075e-01
-5.904343724250793457e-01
-1.377985000610351562e+00
-1.928900718688964844e+00
-1.743274331092834473e+00
-7.783667445182800293e-01
4.984759390354156494e-01
1.380768060684204102e+00
1.412891864776611328e+00
6.849372982978820801e-01
-2.147684693336486816e-01
-6.055421233177185059e-01
-1.598637551069259644e-01
8.836438059806823730e-01
1.892363905906677246e+00
2.233321666717529297e+00
1.661931037902832031e+00
4.511648714542388916e-01
-7.827400565147399902e-01
-1.421161413192749023e+00
-1.161507010459899902e+00
-1.412176191806793213e-01
1.151925563812255859e+00
2.140647649765014648e+00
2.429841756820678711e+00
1.998952984809875488e+00
1.174070239067077637e+00
4.465927779674530029e-01
1.682127714157104492e-01
3.608364760875701904e-01
6.904237866401672363e-01
7.184526324272155762e-01
1.828434318304061890e-01
-7.851651906967163086e-01
-1.762158989906311035e+00
-2.289816617965698242e+00
-2.204060316085815430e+00
-1.697394490242004395e+00
-1.176336407661437988e+00
-9.179940819740295410e-01
-9.188687205314636230e-01
-9.158869385719299316e-01
-6.734474301338195801e-01
-1.795833408832550049e-01
3.088738024234771729e-01
5.154920220375061035e-01
3.512549698352813721e-01
2.949985302984714508e-02
-1.485727131366729736e-01
-1.681730151176452637e-02
2.745235562324523926e-01
4.152243435382843018e-01
1.636804491281509399e-01
-4.066367745399475098e-01
-9.827585816383361816e-01
-1.205319404602050781e+00
-9.678893685340881348e-01
-4.316043257713317871e-01
8.551776409149169922e-02
3.961806297302246094e-01
5.081369280815124512e-01
5.922234654426574707e-01
7.484692931175231934e-01
9.480902552604675293e-01
1.042871475219726562e+00
9.638341069221496582e-01
7.736753821372985840e-01
6.409658193588256836e-01
6.308674812316894531e-01
6.553976535797119141e-01
4.927509129047393799e-01
4.611836746335029602e-02
-5.592647194862365723e-01
-9.774708747863769531e-01
-9.235998392105102539e-01
-3.679530024528503418e-01
3.782501220703125000e-01
9.059078693389892578e-01
9.621643424034118652e-01
6.487582325935363770e-01
2.845423817634582520e-01
1.817302256822586060e-01
3.818680346012115479e-01
7.031461000442504883e-01
8.919133543968200684e-01
8.833655118942260742e-01
8.071112036705017090e-01
8.717166781425476074e-01
1.115945219993591309e+00
1.365540981292724609e+00
1.326499462127685547e+00
8.478226065635681152e-01
3.900182619690895081e-02
-7.709718942642211914e-01
-1.275172829627990723e+00
-1.380370497703552246e+00
-1.261019349098205566e+00
-1.192994713783264160e+00
-1.351824760437011719e+00
-1.688926219940185547e+00
-1.999708294868469238e+00
-2.077234983444213867e+00
-1.855508923530578613e+00
-1.424182891845703125e+00
-9.412918090820312500e-01
-5.247157216072082520e-01
-2.088844031095504761e-01
3.458877652883529663e-02
2.351639270782470703e-01
3.993214666843414307e-01
5.240001082420349121e-01
6.094781160354614258e-01
6.642237901687622070e-01
6.653369665145874023e-01
5.601791143417358398e-01
2.798510193824768066e-01
-1.765220314264297485e-01
-7.130059003829956055e-01
-1.114553689956665039e+00
-1.162699699401855469e+00
-7.226271033287048340e-01
1.410983502864837646e-01
1.193710327148437500e+00
2.086458683013916016e+00
2.529632329940795898e+00
2.388414621353149414e+00
1.770746588706970215e+00
9.372763037681579590e-01
2.063796967267990112e-01
-2.367939651012420654e-01
-3.770971596240997314e-01
-3.838559091091156006e-01
-4.207108318805694580e-01
-5.544143319129943848e-01
-6.544037461280822754e-01
-5.488085746765136719e-01
-1.426091194152832031e-01
3.928012847900390625e-01
7.349518537521362305e-01
5.614513754844665527e-01
-1.371623873710632324e-01
-1.040287256240844727e+00
-1.587704300880432129e+00
-1.384266614913940430e+00
-4.105329811573028564e-01
8.638447523117065430e-01
1.803347468376159668e+00
1.906159639358520508e+00
1.164170742034912109e+00
-2.997693978250026703e-02
-1.054917931556701660e+00
-1.492366552352905273e+00
-1.247183799743652344e+00
-6.162765622138977051e-01
1.017784699797630310e-02
2.889951765537261963e-01
1.579156517982482910e-01
-2.755970060825347900e-01
