-8.352686166763305664e-01
-8.413000702857971191e-01
-1.125995039939880371e+00
-1.218002676963806152e+00
-8.462561964988708496e-01
-1.332656890153884888e-01
6.505618095397949219e-01
1.025394558906555176e+00
9.036474227905273438e-01
4.603143930435180664e-01
2.234532088041305542e-01
4.077138006687164307e-01
9.135958552360534668e-01
1.164551377296447754e+00
8.126598596572875977e-01
-1.169915795326232910e-01
-9.506638646125793457e-01
-1.061320424079895020e+00
-1.787100434303283691e-01
1.131913423538208008e+00
2.039662837982177734e+00
1.840189814567565918e+00
6.632065176963806152e-01
-8.399454355239868164e-01
-1.788323283195495605e+00
-1.860710978507995605e+00
-1.219803571701049805e+00
-4.328084588050842285e-01
2.035329341888427734e-01
6.250731348991394043e-01
1.013870120048522949e+00
1.259706735610961914e+00
1.095836520195007324e+00
2.019654810428619385e-01
-1.189495921134948730e+00
-2.408107042312622070e+00
-2.585722208023071289e+00
-1.482177972793579102e+00
3.732685446739196777e-01
1.843830823898315430e+00
2.140936851501464844e+00
1.279603838920593262e+00
1.807795464992523193e-01
-2.064440846443176270e-01
4.378803372383117676e-01
1.429581403732299805e+00
1.767223358154296875e+00
8.821915984153747559e-01
-7.525481581687927246e-01
-2.070398807525634766e+00
-2.169554471969604492e+00
-1.124661445617675781e+00
1.683915555477142334e-01
6.563885211944580078e-01
6.035888195037841797e-02
-9.843371510505676270e-01
-1.420001149177551270e+00
-7.260556817054748535e-01
6.828797459602355957e-01
1.728830456733703613e+00
1.589099407196044922e+00
3.195475935935974121e-01
-1.143979787826538086e+00
-1.744727611541748047e+00
-1.077193021774291992e+00
3.204800784587860107e-01
1.440894126892089844e+00
1.566013216972351074e+00
7.585848569869995117e-01
-2.856828272342681885e-01
-8.302192687988281250e-01
-6.240810155868530273e-01
2.786740660667419434e-03
5.234527587890625000e-01
6.473672389984130859e-01
5.188761353492736816e-01
4.773842990398406982e-01
7.420814633369445801e-01
1.173584461212158203e+00
1.433516263961791992e+00
1.216848850250244141e+00
5.238217711448669434e-01
-4.043503701686859131e-01
-1.198396801948547363e+00
-1.626050710678100586e+00
-1.605645656585693359e+00
-1.266394257545471191e+00
-8.021553754806518555e-01
-4.873140156269073486e-01
-4.920025467872619629e-01
-8.587652444839477539e-01
-1.317491173744201660e+00
-1.459662437438964844e+00
-8.826950788497924805e-01
3.855240345001220703e-01
1.876068115234375000e+00
2.779168844223022461e+00
2.550848722457885742e+00
1.202910304069519043e+00
-5.373653769493103027e-01
-1.785828828811645508e+00
-1.961379766464233398e+00
-1.258588433265686035e+00
-3.259273469448089600e-01
1.338281929492950439e-01
-8.988976478576660156e-04
-3.663204312324523926e-01
-3.667429685592651367e-01
1.555072367191314697e-01
8.792145252227783203e-01
1.134433388710021973e+00
5.936413407325744629e-01
-5.456112027168273926e-01
-1.537856340408325195e+00
-1.764530420303344727e+00
-1.060276269912719727e+00
4.859834909439086914e-02
8.863424658775329590e-01
1.002338528633117676e+00
6.112942099571228027e-01
2.460371106863021851e-01
4.390472471714019775e-01
1.164959073066711426e+00
1.988863587379455566e+00
2.265004873275756836e+00
1.749236345291137695e+00
6.439435482025146484e-01
-4.164073169231414795e-01
-9.293441772460937500e-01
-7.122743129730224609e-01
-1.148397028446197510e-01
3.709841966629028320e-01
3.084355294704437256e-01
-3.079360425472259521e-01
-1.205107688903808594e+00
-1.891537547111511230e+00
-2.052832841873168945e+00
-1.574845552444458008e+00
-6.911444067955017090e-01
2.672487497329711914e-01
9.091479778289794922e-01
1.056890487670898438e+00
6.960636377334594727e-01
8.049762248992919922e-02
-4.870037734508514404e-01
-6.857258677482604980e-01
-4.339351952075958252e-01
1.519453078508377075e-01
6.998602151870727539e-01
8.487124443054199219e-01
3.663329482078552246e-01
-6.123126745223999023e-01
-1.686575651168823242e+00
-2.307510614395141602e+00
-2.147075653076171875e+00
-1.241967916488647461e+00
-5.831384658813476562e-02
8.247812390327453613e-01
1.007162928581237793e+00
5.567197203636169434e-01
-9.423041343688964844e-02
-4.124802947044372559e-01
-1.563552021980285645e-01
5.099203586578369141e-01
1.152392268180847168e+00
1.434064269065856934e+00
1.352157831192016602e+00
1.206617593765258789e+00
1.295425415039062500e+00
1.611653566360473633e+00
1.805657148361206055e+00
1.454702258110046387e+00
4.629688858985900879e-01
-7.968934774398803711e-01
-1.671156048774719238e+00
-1.711221933364868164e+00
-9.700212478637695312e-01
-4.988908767700195312e-05
5.997458696365356445e-01
5.662905573844909668e-01
1.629668176174163818e-01
-1.562982499599456787e-01
-1.015841960906982422e-01
1.517906785011291504e-01
2.175488770008087158e-01
-1.910745948553085327e-01
-8.888957500457763672e-01
-1.415816307067871094e+00
-1.331744432449340820e+00
-6.859743595123291016e-01
9.250241518020629883e-02
4.314488172531127930e-01
1.711314618587493896e-01
-4.322814941406250000e-01
-8.330056667327880859e-01
-7.711082696914672852e-01
-3.480338156223297119e-01
-1.686489582061767578e-02
-1.037317514419555664e-02
-2.335054278373718262e-01
-1.963924169540405273e-01
3.972901701927185059e-01
1.475962996482849121e+00
2.424944877624511719e+00
2.677031993865966797e+00
1.983593583106994629e+00
7.741464376449584961e-01
-3.272286653518676758e-01
-7.790064215660095215e-01
-6.499595642089843750e-01
-3.064725995063781738e-01
-2.468364983797073364e-01
-5.207332968711853027e-01
-9.201202392578125000e-01
-1.015753507614135742e+00
-7.194606065750122070e-01
-1.540252119302749634e-01
