1.382791161537170410e+00
1.386223673820495605e+00
-4.986040294170379639e-02
-1.412685871124267578e+00
-1.815636038780212402e+00
-9.937334060668945312e-01
4.310606718063354492e-01
1.406069159507751465e+00
1.178793787956237793e+00
-1.662664264440536499e-01
-1.847538828849792480e+00
-2.961100578308105469e+00
-3.113797664642333984e+00
-2.546975612640380859e+00
-1.814013719558715820e+00
-1.266282558441162109e+00
-8.613687753677368164e-01
-3.379344046115875244e-01
3.883055448532104492e-01
1.075774788856506348e+00
1.321350216865539551e+00
9.480994939804077148e-01
1.902025789022445679e-01
-4.527221918106079102e-01
-6.066290736198425293e-01
-2.777178883552551270e-01
2.040532231330871582e-01
5.260713100433349609e-01
6.592445373535156250e-01
8.382671475410461426e-01
1.255558490753173828e+00
1.798555970191955566e+00
2.070184946060180664e+00
1.739476442337036133e+00
8.853189349174499512e-01
3.588984906673431396e-02
-1.960868537425994873e-01
4.069563150405883789e-01
1.458954334259033203e+00
2.247045516967773438e+00
2.264518499374389648e+00
1.599534034729003906e+00
8.377536535263061523e-01
5.685203075408935547e-01
8.854926228523254395e-01
1.293485760688781738e+00
1.119310021400451660e+00
8.504384756088256836e-02
-1.394535064697265625e+00
-2.465818405151367188e+00
-2.442005634307861328e+00
-1.323361873626708984e+00
1.722661852836608887e-01
1.084856033325195312e+00
8.601148128509521484e-01
-3.008653521537780762e-01
-1.600265383720397949e+00
-2.198384523391723633e+00
-1.744595289230346680e+00
-5.672863721847534180e-01
5.931600928306579590e-01
1.061970591545104980e+00
6.289517879486083984e-01
-3.955870270729064941e-01
-1.408326864242553711e+00
-1.884152531623840332e+00
-1.620213866233825684e+00
-7.837711572647094727e-01
2.489631175994873047e-01
1.101552724838256836e+00
1.564466118812561035e+00
1.621853828430175781e+00
1.401770353317260742e+00
1.063223123550415039e+00
7.217524051666259766e-01
4.146132171154022217e-01
1.323480308055877686e-01
-1.440169215202331543e-01
-3.987789452075958252e-01
-5.895332098007202148e-01
-6.651917099952697754e-01
-6.108207702636718750e-01
-4.558789730072021484e-01
-2.703420221805572510e-01
-1.163578927516937256e-01
-9.562015533447265625e-03
9.431120753288269043e-02
2.712596356868743896e-01
5.587477087974548340e-01
8.952493667602539062e-01
1.109976172447204590e+00
9.919517636299133301e-01
4.304788410663604736e-01
-4.677843153476715088e-01
-1.369784235954284668e+00
-1.861851453781127930e+00
-1.690511703491210938e+00
-9.427217245101928711e-01
-3.679113462567329407e-02
5.212255120277404785e-01
4.638686776161193848e-01
-4.169730842113494873e-02
-5.057708621025085449e-01
-4.526156783103942871e-01
2.091852426528930664e-01
1.111984252929687500e+00
1.672452569007873535e+00
1.535506129264831543e+00
8.482635617256164551e-01
1.692670583724975586e-01
3.669750690460205078e-02
5.605378150939941406e-01
1.308160781860351562e+00
1.637358307838439941e+00
1.176431417465209961e+00
1.289760619401931763e-01
-8.889169096946716309e-01
-1.297705292701721191e+00
-9.827274084091186523e-01
-3.234096765518188477e-01
1.370087265968322754e-01
1.508512347936630249e-01
-8.795425295829772949e-02
-1.569897234439849854e-01
1.341480761766433716e-01
5.422602891921997070e-01
5.325604677200317383e-01
-2.324700355529785156e-01
-1.566307067871093750e+00
-2.779460906982421875e+00
-3.172622203826904297e+00
-2.511349916458129883e+00
-1.224469780921936035e+00
-5.163681507110595703e-02
4.540703296661376953e-01
3.264861106872558594e-01
3.812560439109802246e-02
1.011275500059127808e-01
6.014752984046936035e-01
1.193175792694091797e+00
1.372211694717407227e+00
9.568692445755004883e-01
1.988634467124938965e-01
-3.814684152603149414e-01
-4.639679491519927979e-01
-1.339335441589355469e-01
1.677508354187011719e-01
7.463168352842330933e-02
-4.276435673236846924e-01
-9.289159774780273438e-01
-9.702644944190979004e-01
-3.754563331604003906e-01
5.215975046157836914e-01
1.147127509117126465e+00
1.031990885734558105e+00
1.971995830535888672e-01
-9.125244021415710449e-01
-1.672199726104736328e+00
-1.727049112319946289e+00
-1.119269490242004395e+00
-2.539027631282806396e-01
4.666963517665863037e-01
8.374002575874328613e-01
9.692208766937255859e-01
1.062097907066345215e+00
1.248290300369262695e+00
1.416887044906616211e+00
1.372686624526977539e+00
9.730192422866821289e-01
3.583173155784606934e-01
-1.591572165489196777e-01
-2.353108525276184082e-01
1.819407790899276733e-01
8.430234789848327637e-01
1.264094829559326172e+00
1.116994380950927734e+00
3.911670446395874023e-01
-5.299180746078491211e-01
-1.202136874198913574e+00
-1.366480112075805664e+00
-1.169305324554443359e+00
-9.303426742553710938e-01
-8.981469273567199707e-01
-9.486050605773925781e-01
-7.517724633216857910e-01
-4.157496988773345947e-02
9.820419549942016602e-01
1.733568429946899414e+00
1.563537120819091797e+00
3.472539186477661133e-01
-1.370401144027709961e+00
-2.604726552963256836e+00
-2.651110410690307617e+00
-1.535419225692749023e+00
-7.823595404624938965e-02
7.566987276077270508e-01
4.864470660686492920e-01
-4.973614811897277832e-01
-1.333928227424621582e+00
-1.321671962738037109e+00
-5.158550143241882324e-01
4.105728864669799805e-01
6.802199482917785645e-01
1.113311052322387695e-01
-8.013480901718139648e-01
-1.241060376167297363e+00
-7.958040833473205566e-01
2.824882864952087402e-01
1.246672391891479492e+00
1.536028146743774414e+00
1.143810391426086426e+00
6.200438737869262695e-01
4.939641356468200684e-01
8.525878190994262695e-01
1.227476835250854492e+00
1.086155652999877930e+00
2.782979607582092285e-01
