2.877258360385894775e-01
3.167577385902404785e-01
-3.610954880714416504e-01
-7.097448110580444336e-01
-5.743481516838073730e-01
-1.197250634431838989e-01
1.984871625900268555e-01
1.044604480266571045e-01
-3.527043759822845459e-01
-7.834557890892028809e-01
-9.229646921157836914e-01
-8.211045265197753906e-01
-8.628325462341308594e-01
-1.273084640502929688e+00
-1.860053896903991699e+00
-1.997852325439453125e+00
-1.216497898101806641e+00
3.624670505523681641e-01
1.903312802314758301e+00
2.490777969360351562e+00
1.801590681076049805e+00
4.845724403858184814e-01
-3.507521748542785645e-01
4.434180259704589844e-02
1.382963657379150391e+00
2.586738586425781250e+00
2.601342201232910156e+00
1.311627984046936035e+00
-3.683001101016998291e-01
-1.169435858726501465e+00
-5.127331018447875977e-01
1.053862690925598145e+00
2.259071111679077148e+00
2.133414030075073242e+00
7.184443473815917969e-01
-1.003838300704956055e+00
-1.951561212539672852e+00
-1.768426656723022461e+00
-1.020960927009582520e+00
-6.014075279235839844e-01
-9.229307174682617188e-01
-1.571472167968750000e+00
-1.717351436614990234e+00
-8.920954465866088867e-01
5.460563302040100098e-01
1.653868556022644043e+00
1.662536501884460449e+00
5.905678272247314453e-01
-7.566869854927062988e-01
-1.426679134368896484e+00
-1.014303445816040039e+00
7.583139836788177490e-02
1.037606477737426758e+00
1.279148697853088379e+00
8.384673595428466797e-01
2.041466832160949707e-01
-1.254847645759582520e-01
-6.170377135276794434e-02
1.316058635711669922e-01
1.239536404609680176e-01
-1.213439851999282837e-01
-3.730897903442382812e-01
-3.380832076072692871e-01
8.910953998565673828e-03
4.348453879356384277e-01
5.978167653083801270e-01
3.676275014877319336e-01
-1.449846625328063965e-01
-6.535891890525817871e-01
-9.630471467971801758e-01
-9.963057041168212891e-01
-8.043898344039916992e-01
-3.936652243137359619e-01
2.109584808349609375e-01
9.417061209678649902e-01
1.540307760238647461e+00
1.715923309326171875e+00
1.285753607749938965e+00
4.374488890171051025e-01
-3.872415125370025635e-01
-6.877313852310180664e-01
-3.156109750270843506e-01
4.774544239044189453e-01
1.134016513824462891e+00
1.238459348678588867e+00
7.151213288307189941e-01
-7.624832540750503540e-02
-6.788471937179565430e-01
-7.699832320213317871e-01
-4.149413406848907471e-01
9.596522152423858643e-02
3.881129920482635498e-01
3.107429742813110352e-01
-6.707140803337097168e-02
-4.466696977615356445e-01
-5.640742182731628418e-01
-2.854037284851074219e-01
2.116173505783081055e-01
5.784835815429687500e-01
4.151147007942199707e-01
-3.786962628364562988e-01
-1.524275660514831543e+00
-2.377805471420288086e+00
-2.370787382125854492e+00
-1.348556756973266602e+00
1.726222634315490723e-01
1.337466716766357422e+00
1.440243959426879883e+00
4.952509701251983643e-01
-7.996159195899963379e-01
-1.483468055725097656e+00
-1.092090845108032227e+00
4.812186956405639648e-02
1.010226130485534668e+00
1.038907051086425781e+00
9.715557098388671875e-02
-1.041039586067199707e+00
-1.438574790954589844e+00
-6.866927146911621094e-01
7.189850211143493652e-01
1.802693128585815430e+00
1.826218366622924805e+00
8.976629972457885742e-01
-1.667221635580062866e-01
-4.588160812854766846e-01
2.742614448070526123e-01
1.469180345535278320e+00
2.154772520065307617e+00
1.712545275688171387e+00
2.901597321033477783e-01
-1.310786366462707520e+00
-2.243585824966430664e+00
-2.148260831832885742e+00
-1.311306238174438477e+00
-3.388561308383941650e-01
2.898406386375427246e-01
4.952425360679626465e-01
5.091952085494995117e-01
6.032488346099853516e-01
8.573162555694580078e-01
1.132558822631835938e+00
1.203840494155883789e+00
9.140633344650268555e-01
2.645356357097625732e-01
-5.907989144325256348e-01
-1.371320009231567383e+00
-1.759236812591552734e+00
-1.505556225776672363e+00
-6.111618876457214355e-01
6.139498353004455566e-01
1.612952709197998047e+00
1.896289706230163574e+00
1.305019617080688477e+00
1.548272222280502319e-01
-1.009171366691589355e+00
-1.728794932365417480e+00
-1.933683395385742188e+00
-1.828513979911804199e+00
-1.659749984741210938e+00
-1.406854033470153809e+00
-8.878858089447021484e-01
1.163953542709350586e-02
1.008714437484741211e+00
1.566246986389160156e+00
1.222769975662231445e+00
8.994722366333007812e-02
-1.186408519744873047e+00
-1.779430627822875977e+00
-1.365960121154785156e+00
-3.092880845069885254e-01
5.524339079856872559e-01
6.535006761550903320e-01
6.787678599357604980e-02
-5.008243322372436523e-01
-4.213008880615234375e-01
3.987509906291961670e-01
1.349327683448791504e+00
1.744924068450927734e+00
1.339481949806213379e+00
6.368727684020996094e-01
3.437510132789611816e-01
8.175790309906005859e-01
1.618239641189575195e+00
1.967040061950683594e+00
1.333308815956115723e+00
4.144358634948730469e-02
-1.061661124229431152e+00
-1.199814677238464355e+00
-4.481647312641143799e-01
4.100072681903839111e-01
4.156002998352050781e-01
-6.366435289382934570e-01
-2.101932764053344727e+00
-2.860851764678955078e+00
-2.325541257858276367e+00
-7.856075763702392578e-01
7.047685384750366211e-01
1.266566991806030273e+00
7.090313434600830078e-01
-2.907393574714660645e-01
-9.209052324295043945e-01
-7.438369989395141602e-01
-6.247776746749877930e-02
5.882451534271240234e-01
8.243834972381591797e-01
8.023974895477294922e-01
8.209187984466552734e-01
1.049213290214538574e+00
1.185121297836303711e+00
8.729988336563110352e-01
-1.063102483749389648e-02
-1.000508785247802734e+00
-1.479530930519104004e+00
-1.057926535606384277e+00
-6.363123655319213867e-02
7.991610169410705566e-01
8.572040796279907227e-01
