1.410770177841186523e+00
1.366054773330688477e+00
3.915622830390930176e-02
-1.131230235099792480e+00
-1.804379343986511230e+00
-1.918309688568115234e+00
-1.685742616653442383e+00
-1.369938492774963379e+00
-1.133471250534057617e+00
-9.599179029464721680e-01
-7.989683151245117188e-01
-6.471415758132934570e-01
-6.224048137664794922e-01
-7.988463044166564941e-01
-1.126740336418151855e+00
-1.344337344169616699e+00
-1.192607283592224121e+00
-5.560508370399475098e-01
3.335482776165008545e-01
1.080749750137329102e+00
1.298330664634704590e+00
9.547600746154785156e-01
3.262115716934204102e-01
-9.407694637775421143e-02
-8.802562952041625977e-03
5.836753845214843750e-01
1.321053028106689453e+00
1.830930233001708984e+00
1.885036230087280273e+00
1.618642568588256836e+00
1.272473931312561035e+00
1.078763842582702637e+00
9.775721430778503418e-01
8.065630197525024414e-01
3.811352252960205078e-01
-1.743408888578414917e-01
-5.761559009552001953e-01
-4.574806690216064453e-01
2.063906937837600708e-01
1.141043901443481445e+00
1.782886862754821777e+00
1.791027545928955078e+00
1.159630537033081055e+00
3.707168996334075928e-01
-7.552948594093322754e-02
1.136756539344787598e-01
6.651048064231872559e-01
1.082751274108886719e+00
8.816169500350952148e-01
1.189478933811187744e-01
-7.674161195755004883e-01
-1.111892938613891602e+00
-6.631597876548767090e-01
3.599685430526733398e-01
1.244683504104614258e+00
1.427980184555053711e+00
7.159488797187805176e-01
-4.318584203720092773e-01
-1.393166303634643555e+00
-1.638350963592529297e+00
-1.210473537445068359e+00
-4.675610661506652832e-01
3.763625770807266235e-02
8.077422529458999634e-02
-3.444669842720031738e-01
-9.651202559471130371e-01
-1.648319959640502930e+00
-2.277093410491943359e+00
-2.863282442092895508e+00
-3.195796489715576172e+00
-3.042109966278076172e+00
-2.114728689193725586e+00
-5.195963382720947266e-01
1.374840974807739258e+00
2.895430326461791992e+00
3.613152742385864258e+00
3.382070541381835938e+00
2.560512542724609375e+00
1.557357192039489746e+00
7.649346590042114258e-01
2.251980304718017578e-01
-6.683671474456787109e-02
-1.991992294788360596e-01
-6.170212477445602417e-02
3.520895838737487793e-01
9.852397441864013672e-01
1.475756645202636719e+00
1.520433545112609863e+00
9.279421567916870117e-01
-3.033626824617385864e-02
-9.474605917930603027e-01
-1.382254600524902344e+00
-1.328385949134826660e+00
-1.034878134727478027e+00
-9.468470215797424316e-01
-1.192368268966674805e+00
-1.633871078491210938e+00
-1.828468561172485352e+00
-1.526574611663818359e+00
-7.182570695877075195e-01
2.158494591712951660e-01
9.342789649963378906e-01
1.218579292297363281e+00
1.222227096557617188e+00
1.150850176811218262e+00
1.205529689788818359e+00
1.305867314338684082e+00
1.323475122451782227e+00
1.105711698532104492e+00
7.349377274513244629e-01
3.374655842781066895e-01
8.578530699014663696e-02
-5.423250794410705566e-02
-1.494272947311401367e-01
-3.214095532894134521e-01
-5.115178227424621582e-01
-6.513461470603942871e-01
-6.489859819412231445e-01
-6.048641204833984375e-01
-6.473344564437866211e-01
-8.864724040031433105e-01
-1.177084088325500488e+00
-1.265636801719665527e+00
-8.917595148086547852e-01
-1.207064688205718994e-01
6.998664140701293945e-01
1.043355822563171387e+00
6.392678022384643555e-01
-3.864850103855133057e-01
-1.470127582550048828e+00
-2.008803129196166992e+00
-1.673255205154418945e+00
-6.718675494194030762e-01
4.420083165168762207e-01
1.056286811828613281e+00
9.110219478607177734e-01
1.709241867065429688e-01
-6.723549365997314453e-01
-1.159001231193542480e+00
-1.083426356315612793e+00
-5.963675975799560547e-01
-2.546175569295883179e-02
3.200275301933288574e-01
3.514566719532012939e-01
1.823507994413375854e-01
2.488197386264801025e-02
1.272454857826232910e-02
1.308240443468093872e-01
2.417083233594894409e-01
2.221217304468154907e-01
6.730316579341888428e-02
-8.208745718002319336e-02
-2.749943733215332031e-02
3.455252349376678467e-01
9.776589274406433105e-01
1.633698701858520508e+00
2.034272670745849609e+00
1.970885276794433594e+00
1.418115615844726562e+00
5.062373876571655273e-01
-5.110014677047729492e-01
-1.364865183830261230e+00
-1.801672816276550293e+00
-1.673983097076416016e+00
-9.702336192131042480e-01
7.299423217773437500e-02
1.033041954040527344e+00
1.393954753875732422e+00
8.589476346969604492e-01
-4.671970605850219727e-01
-1.993225097656250000e+00
-2.944849967956542969e+00
-2.746525287628173828e+00
-1.436959385871887207e+00
3.640742897987365723e-01
1.743187308311462402e+00
2.093899965286254883e+00
1.407358169555664062e+00
2.936805784702301025e-01
-5.067635178565979004e-01
-5.539727210998535156e-01
-1.404868811368942261e-02
5.897678136825561523e-01
7.378537058830261230e-01
3.550568222999572754e-01
-2.360920608043670654e-01
-5.296053886413574219e-01
-3.074175715446472168e-01
2.719340920448303223e-01
7.396903038024902344e-01
7.473299503326416016e-01
2.499788701534271240e-01
-4.057820439338684082e-01
-8.288731575012207031e-01
-7.934346199035644531e-01
-4.542545676231384277e-01
-1.345943361520767212e-01
-1.409816890954971313e-01
-4.721972942352294922e-01
-9.024239778518676758e-01
-1.069966912269592285e+00
-7.931567430496215820e-01
-1.124549806118011475e-01
6.631107926368713379e-01
1.202340126037597656e+00
1.251540660858154297e+00
8.217492103576660156e-01
1.090361177921295166e-01
-5.376653671264648438e-01
-8.435231447219848633e-01
-6.661810874938964844e-01
-1.270284354686737061e-01
5.169743895530700684e-01
9.466843605041503906e-01
1.009629964828491211e+00
7.310546636581420898e-01
3.353624641895294189e-01
