7.676917314529418945e-01
7.604486942291259766e-01
6.366713643074035645e-01
2.780327796936035156e-01
-1.544706225395202637e-01
-3.339692056179046631e-01
-1.881759017705917358e-01
1.523192226886749268e-01
2.927340269088745117e-01
2.861363813281059265e-02
-6.088466048240661621e-01
-1.206219077110290527e+00
-1.409885048866271973e+00
-1.036258339881896973e+00
-3.371963202953338623e-01
3.477381765842437744e-01
6.988468766212463379e-01
7.362812757492065430e-01
5.843206048011779785e-01
4.360173344612121582e-01
2.582398653030395508e-01
5.306790117174386978e-03
-3.894753754138946533e-01
-7.659705877304077148e-01
-9.811107516288757324e-01
-9.320588111877441406e-01
-7.993890643119812012e-01
-7.787355780601501465e-01
-9.958119988441467285e-01
-1.223860502243041992e+00
-1.150712847709655762e+00
-5.400734543800354004e-01
3.931327462196350098e-01
1.183414220809936523e+00
1.326984405517578125e+00
7.899228930473327637e-01
-4.030291736125946045e-02
-5.149020552635192871e-01
-3.065747022628784180e-01
4.670692384243011475e-01
1.254697322845458984e+00
1.616204380989074707e+00
1.454634189605712891e+00
1.144186973571777344e+00
1.090115070343017578e+00
1.461231827735900879e+00
1.964946627616882324e+00
2.177863597869873047e+00
1.811121344566345215e+00
1.010369777679443359e+00
1.346060186624526978e-01
-4.518660008907318115e-01
-7.098190188407897949e-01
-7.971659302711486816e-01
-9.254611730575561523e-01
-1.069318175315856934e+00
-1.061644911766052246e+00
-7.228708863258361816e-01
-1.413470655679702759e-01
4.056108593940734863e-01
5.833166241645812988e-01
3.137460350990295410e-01
-2.309170812368392944e-01
-7.254525423049926758e-01
-9.981785416603088379e-01
-1.079860091209411621e+00
-1.163836479187011719e+00
-1.335590004920959473e+00
-1.507486939430236816e+00
-1.442227721214294434e+00
-1.014887690544128418e+00
-3.173317015171051025e-01
3.348297774791717529e-01
6.495797634124755859e-01
5.235793590545654297e-01
1.334585994482040405e-01
-2.258254289627075195e-01
-3.019850254058837891e-01
-4.647026956081390381e-02
4.223918020725250244e-01
8.707438707351684570e-01
1.081366062164306641e+00
8.929749727249145508e-01
2.806144654750823975e-01
-6.193167567253112793e-01
-1.476793646812438965e+00
-1.892229199409484863e+00
-1.580634593963623047e+00
-5.922808051109313965e-01
6.597630977630615234e-01
1.585654497146606445e+00
1.774977803230285645e+00
1.246593713760375977e+00
4.370213449001312256e-01
-1.118011549115180969e-01
-1.109405979514122009e-01
2.934511601924896240e-01
6.860818862915039062e-01
7.160580754280090332e-01
3.716904520988464355e-01
-3.456584736704826355e-02
-1.310920566320419312e-01
2.058891057968139648e-01
7.501936554908752441e-01
1.080648899078369141e+00
8.713175654411315918e-01
1.000401601195335388e-01
-9.462580084800720215e-01
-1.846619486808776855e+00
-2.251656770706176758e+00
-2.009839057922363281e+00
-1.197828531265258789e+00
-7.730702310800552368e-02
9.765927791595458984e-01
1.593758106231689453e+00
1.555463194847106934e+00
9.286882877349853516e-01
6.346634030342102051e-02
-5.828863382339477539e-01
-7.243768572807312012e-01
-4.312125444412231445e-01
-7.013568282127380371e-02
-1.333868876099586487e-02
-3.410688340663909912e-01
-7.714208364486694336e-01
-9.068874120712280273e-01
-5.990218520164489746e-01
-1.189724951982498169e-01
3.133874759078025818e-02
-4.376667439937591553e-01
-1.283669471740722656e+00
-1.812985897064208984e+00
-1.369868993759155273e+00
1.343908756971359253e-01
2.040317296981811523e+00
3.323484897613525391e+00
3.241874933242797852e+00
1.847623467445373535e+00
-6.023923680186271667e-02
-1.443231701850891113e+00
-1.691790342330932617e+00
-9.244571924209594727e-01
1.670204550027847290e-01
8.523852229118347168e-01
7.829666733741760254e-01
1.359685659408569336e-01
-6.424084305763244629e-01
-1.147916078567504883e+00
-1.252689361572265625e+00
-1.045796155929565430e+00
-7.181378006935119629e-01
-3.865351080894470215e-01
-1.179685071110725403e-01
7.615961134433746338e-02
1.657296121120452881e-01
1.708212643861770630e-01
1.342474520206451416e-01
1.493789702653884888e-01
2.299848049879074097e-01
3.154671490192413330e-01
2.475545853376388550e-01
-4.876509681344032288e-02
-5.266630649566650391e-01
-9.495568275451660156e-01
-1.078425765037536621e+00
-7.598749399185180664e-01
-8.698832988739013672e-02
7.260262370109558105e-01
1.391454696655273438e+00
1.760491728782653809e+00
1.782077431678771973e+00
1.559335708618164062e+00
1.198904275894165039e+00
8.419150710105895996e-01
5.356989502906799316e-01
3.110209107398986816e-01
8.662976324558258057e-02
-1.766300499439239502e-01
-5.043601989746093750e-01
-7.464645504951477051e-01
-7.327672839164733887e-01
-3.134591877460479736e-01
3.654513657093048096e-01
9.534294009208679199e-01
9.754453897476196289e-01
2.731562554836273193e-01
-9.004331827163696289e-01
-1.856014013290405273e+00
-1.991265416145324707e+00
-1.112776517868041992e+00
2.679928839206695557e-01
1.345701575279235840e+00
1.441080331802368164e+00
5.848225951194763184e-01
-6.117868423461914062e-01
-1.259573817253112793e+00
-9.248874783515930176e-01
2.103353440761566162e-01
1.371518373489379883e+00
1.859886527061462402e+00
1.377112030982971191e+00
3.034192919731140137e-01
-7.382175326347351074e-01
-1.162832498550415039e+00
-8.765526413917541504e-01
-1.024067029356956482e-01
6.875161528587341309e-01
1.187932133674621582e+00
1.208011865615844727e+00
8.155962824821472168e-01
1.041278243064880371e-01
-6.762571930885314941e-01
-1.309199452400207520e+00
-1.512937188148498535e+00
-1.227948188781738281e+00
-5.326152443885803223e-01
2.158572673797607422e-01
