-3.869886398315429688e-01
-2.953029870986938477e-01
-1.160853147506713867e+00
-1.560174703598022461e+00
-1.524960517883300781e+00
-1.293439149856567383e+00
-1.078668832778930664e+00
-9.331104755401611328e-01
-7.394406199455261230e-01
-3.931852579116821289e-01
7.383152842521667480e-02
4.677025377750396729e-01
6.150258183479309082e-01
5.030331015586853027e-01
3.279327154159545898e-01
3.024230003356933594e-01
4.866735339164733887e-01
6.935646533966064453e-01
6.834391355514526367e-01
3.795846700668334961e-01
2.341324090957641602e-02
-1.041789352893829346e-02
5.028595328330993652e-01
1.363411426544189453e+00
2.058151960372924805e+00
2.078698635101318359e+00
1.350403308868408203e+00
2.871513664722442627e-01
-4.494752883911132812e-01
-4.676813185214996338e-01
1.103332638740539551e-01
7.190158367156982422e-01
8.423794507980346680e-01
3.869200348854064941e-01
-2.060892581939697266e-01
-3.656430840492248535e-01
1.678550839424133301e-01
1.045406341552734375e+00
1.576437830924987793e+00
1.185094594955444336e+00
-9.290149807929992676e-02
-1.644260525703430176e+00
-2.617707490921020508e+00
-2.524676799774169922e+00
-1.482418179512023926e+00
-1.467299163341522217e-01
7.826406359672546387e-01
9.231312274932861328e-01
4.216820001602172852e-01
-2.897758781909942627e-01
-7.589676976203918457e-01
-8.167867064476013184e-01
-5.379676818847656250e-01
-1.607774496078491211e-01
1.533843874931335449e-01
3.382488489151000977e-01
4.664652645587921143e-01
6.085643768310546875e-01
8.347705602645874023e-01
1.121956348419189453e+00
1.418185353279113770e+00
1.593476057052612305e+00
1.544789552688598633e+00
1.195828914642333984e+00
6.231479644775390625e-01
-3.419250249862670898e-03
-4.311447739601135254e-01
-5.245046615600585938e-01
-3.048244416713714600e-01
-8.571475744247436523e-03
1.042658984661102295e-01
-1.383524537086486816e-01
-6.486309766769409180e-01
-1.172991871833801270e+00
-1.385996818542480469e+00
-1.130730986595153809e+00
-4.572842121124267578e-01
3.466241657733917236e-01
9.584156870841979980e-01
1.133683204650878906e+00
8.845746517181396484e-01
4.238918423652648926e-01
1.015653014183044434e-01
1.532921493053436279e-01
5.842041969299316406e-01
1.067873716354370117e+00
1.154813051223754883e+00
5.027681589126586914e-01
-8.025059700012207031e-01
-2.252181053161621094e+00
-3.106215953826904297e+00
-2.880976676940917969e+00
-1.645682334899902344e+00
-9.370170533657073975e-02
8.855509757995605469e-01
7.055097818374633789e-01
-4.901198148727416992e-01
-1.936953306198120117e+00
-2.678484201431274414e+00
-2.190726995468139648e+00
-6.526161432266235352e-01
1.156240463256835938e+00
2.383491039276123047e+00
2.559005260467529297e+00
1.830772042274475098e+00
7.477367520332336426e-01
-8.630168437957763672e-02
-3.683956265449523926e-01
-1.392346769571304321e-01
3.175087869167327881e-01
7.234171032905578613e-01
8.993641734123229980e-01
8.143959641456604004e-01
5.083327889442443848e-01
7.986678183078765869e-02
-3.568861186504364014e-01
-6.726511120796203613e-01
-7.960188984870910645e-01
-7.383534908294677734e-01
-6.089543104171752930e-01
-5.187349915504455566e-01
-5.100041031837463379e-01
-5.091246366500854492e-01
-4.134452939033508301e-01
-1.821312308311462402e-01
9.737455844879150391e-02
2.854167520999908447e-01
2.971346676349639893e-01
1.888744235038757324e-01
9.616744518280029297e-02
1.078068017959594727e-01
1.697891950607299805e-01
1.346182078123092651e-01
-8.642166107892990112e-02
-3.992232680320739746e-01
-5.664509534835815430e-01
-4.071002602577209473e-01
1.344230771064758301e-02
3.755385875701904297e-01
3.365944325923919678e-01
-1.764696240425109863e-01
-8.411002159118652344e-01
-1.137866854667663574e+00
-7.332890033721923828e-01
2.187389731407165527e-01
1.140320777893066406e+00
1.409699440002441406e+00
8.317752480506896973e-01
-1.999929398298263550e-01
-9.488883614540100098e-01
-8.728069663047790527e-01
-1.598975062370300293e-02
9.832985401153564453e-01
1.340776562690734863e+00
6.542354226112365723e-01
-7.891524434089660645e-01
-2.209952592849731445e+00
-2.814576148986816406e+00
-2.307150125503540039e+00
-1.019322395324707031e+00
3.136657476425170898e-01
1.040731787681579590e+00
9.391214847564697266e-01
3.063394725322723389e-01
-3.088145554065704346e-01
-4.405879378318786621e-01
5.342721939086914062e-03
7.556521296501159668e-01
1.334710836410522461e+00
1.378273010253906250e+00
8.182466030120849609e-01
-5.326148867607116699e-02
-7.719943523406982422e-01
-9.385932683944702148e-01
-4.874034821987152100e-01
2.760145962238311768e-01
7.997601032257080078e-01
6.296849846839904785e-01
-3.203897476196289062e-01
-1.629925251007080078e+00
-2.580541610717773438e+00
-2.502321958541870117e+00
-1.190626025199890137e+00
9.727142453193664551e-01
3.146753311157226562e+00
4.464626789093017578e+00
4.421511650085449219e+00
3.134756565093994141e+00
1.228783965110778809e+00
-4.507710635662078857e-01
-1.264586687088012695e+00
-1.016791105270385742e+00
-2.729061245918273926e-02
1.090219259262084961e+00
1.708040833473205566e+00
1.504829764366149902e+00
5.651502609252929688e-01
-6.603194475173950195e-01
-1.624855756759643555e+00
-1.932882547378540039e+00
-1.550612211227416992e+00
-7.624093294143676758e-01
-1.598325371742248535e-02
3.588943481445312500e-01
2.837609648704528809e-01
-5.059301853179931641e-02
-3.682327568531036377e-01
-4.778439104557037354e-01
-3.929418921470642090e-01
-2.606163620948791504e-01
-2.412908971309661865e-01
-3.583759069442749023e-01
-4.986728429794311523e-01
-4.881488382816314697e-01
-2.407456934452056885e-01
1.839258521795272827e-01
5.986238718032836914e-01
