3.027735352516174316e-01
2.772230207920074463e-01
2.256465107202529907e-01
-3.602976202964782715e-01
-1.217158079147338867e+00
-1.643686413764953613e+00
-1.210556626319885254e+00
7.378742098808288574e-02
1.482909798622131348e+00
2.215381860733032227e+00
1.716568470001220703e+00
2.537481784820556641e-01
-1.450962305068969727e+00
-2.471271276473999023e+00
-2.410649061203002930e+00
-1.372053742408752441e+00
6.859302520751953125e-04
1.131280779838562012e+00
1.612033605575561523e+00
1.504299163818359375e+00
1.007475733757019043e+00
4.800692200660705566e-01
1.038661599159240723e-01
3.346398472785949707e-02
2.002961337566375732e-01
5.242169499397277832e-01
7.704245448112487793e-01
8.206456899642944336e-01
5.833985805511474609e-01
2.021441459655761719e-01
-1.891699731349945068e-01
-4.214459359645843506e-01
-5.444881319999694824e-01
-6.269268989562988281e-01
-7.891812920570373535e-01
-9.485743045806884766e-01
-9.970807433128356934e-01
-8.067101836204528809e-01
-5.001007318496704102e-01
-2.910869717597961426e-01
-4.241529107093811035e-01
-8.265794515609741211e-01
-1.182541131973266602e+00
-1.012026190757751465e+00
-1.109161972999572754e-01
1.340759158134460449e+00
2.738104820251464844e+00
3.476468324661254883e+00
3.217560529708862305e+00
2.152322769165039062e+00
7.853381633758544922e-01
-2.955309748649597168e-01
-7.960974574089050293e-01
-7.433961033821105957e-01
-4.489974975585937500e-01
-2.223380804061889648e-01
-2.454248666763305664e-01
-4.478466510772705078e-01
-6.284426450729370117e-01
-5.611894726753234863e-01
-1.972338557243347168e-01
2.976260483264923096e-01
5.823451280593872070e-01
3.810575902462005615e-01
-3.077730238437652588e-01
-1.102438211441040039e+00
-1.431114196777343750e+00
-9.017400145530700684e-01
3.479613363742828369e-01
1.636827230453491211e+00
2.119489431381225586e+00
1.359192132949829102e+00
-3.174336254596710205e-01
-1.987384200096130371e+00
-2.721738576889038086e+00
-2.232394218444824219e+00
-1.034382104873657227e+00
-6.232428550720214844e-02
5.520057678222656250e-02
-5.857677459716796875e-01
-1.272216320037841797e+00
-1.318946599960327148e+00
-6.042389273643493652e-01
3.122524619102478027e-01
7.130045294761657715e-01
2.992847263813018799e-01
-5.143589973449707031e-01
-9.886487722396850586e-01
-6.360747814178466797e-01
3.278195858001708984e-01
1.217082738876342773e+00
1.401404380798339844e+00
8.718476295471191406e-01
1.692520380020141602e-01
-3.581088781356811523e-02
4.417215585708618164e-01
1.233201861381530762e+00
1.718081474304199219e+00
1.636637806892395020e+00
1.234790682792663574e+00
1.059448599815368652e+00
1.349304199218750000e+00
1.829362630844116211e+00
1.856225252151489258e+00
1.052944779396057129e+00
-3.707504570484161377e-01
-1.655408501625061035e+00
-2.126692056655883789e+00
-1.646946668624877930e+00
-7.609251737594604492e-01
-1.698518097400665283e-01
-2.360499501228332520e-01
-6.823571324348449707e-01
-9.739683270454406738e-01
-7.701104283332824707e-01
-2.932356297969818115e-01
-4.296936467289924622e-02
-3.731355965137481689e-01
-1.072238683700561523e+00
-1.573342084884643555e+00
-1.378863096237182617e+00
-5.607830286026000977e-01
3.359045982360839844e-01
6.857244372367858887e-01
3.569032847881317139e-01
-2.428358793258666992e-01
-4.773023724555969238e-01
-8.624380826950073242e-02
6.328688859939575195e-01
1.031334996223449707e+00
7.100638747215270996e-01
-1.694362461566925049e-01
-9.519060850143432617e-01
-1.038234353065490723e+00
-3.107032179832458496e-01
7.557268142700195312e-01
1.493968367576599121e+00
1.489881515502929688e+00
8.420295715332031250e-01
-3.085456416010856628e-02
-7.173301577568054199e-01
-1.075809001922607422e+00
-1.177332997322082520e+00
-1.113216042518615723e+00
-8.472379446029663086e-01
-2.966000139713287354e-01
4.931454956531524658e-01
1.262896180152893066e+00
1.669789791107177734e+00
1.547321200370788574e+00
1.032709360122680664e+00
4.772528409957885742e-01
1.529120802879333496e-01
7.348465919494628906e-02
1.219761371612548828e-02
-2.248633503913879395e-01
-6.127617359161376953e-01
-8.813155293464660645e-01
-7.925159335136413574e-01
-3.387272953987121582e-01
1.721693575382232666e-01
3.986939191818237305e-01
1.939481049776077271e-01
-2.243650108575820923e-01
-5.189270377159118652e-01
-4.595474600791931152e-01
-1.747279763221740723e-01
3.843927383422851562e-02
-8.378100395202636719e-02
-4.541223049163818359e-01
-7.701317667961120605e-01
-6.778259277343750000e-01
-1.521576941013336182e-01
5.544233322143554688e-01
1.002473473548889160e+00
9.850265979766845703e-01
5.663141012191772461e-01
1.289631724357604980e-01
-1.335871219635009766e-02
3.011122941970825195e-01
8.870494961738586426e-01
1.480211138725280762e+00
1.766303777694702148e+00
1.657133221626281738e+00
1.146615028381347656e+00
4.272027313709259033e-01
-3.426494002342224121e-01
-9.254162311553955078e-01
-1.240624666213989258e+00
-1.241002559661865234e+00
-1.105903387069702148e+00
-9.861121177673339844e-01
-1.069822430610656738e+00
-1.282919645309448242e+00
-1.494054198265075684e+00
-1.423274636268615723e+00
-1.005215764045715332e+00
-2.552225887775421143e-01
5.615566968917846680e-01
1.262562274932861328e+00
1.628533363342285156e+00
1.651010751724243164e+00
1.279751181602478027e+00
6.408166885375976562e-01
-1.650418639183044434e-01
-8.195565342903137207e-01
-1.099110364913940430e+00
-7.984575033187866211e-01
-1.119722276926040649e-01
6.273301839828491211e-01
9.201682209968566895e-01
6.399849653244018555e-01
-6.871414184570312500e-02
-6.618587374687194824e-01
-7.758362293243408203e-01
-2.656182944774627686e-01
4.973961710929870605e-01
