3.892849087715148926e-01
3.655446171760559082e-01
5.251016616821289062e-01
2.930749356746673584e-01
-1.857205629348754883e-01
-4.650689363479614258e-01
-4.942613840103149414e-01
-3.161523640155792236e-01
-2.778012156486511230e-01
-3.766148686408996582e-01
-5.300203561782836914e-01
-3.766625225543975830e-01
7.405599951744079590e-02
6.556603312492370605e-01
8.591302037239074707e-01
5.176657438278198242e-01
-2.857096195220947266e-01
-9.672470092773437500e-01
-1.113192439079284668e+00
-5.269521474838256836e-01
3.817118704319000244e-01
1.136998653411865234e+00
1.289529323577880859e+00
9.216674566268920898e-01
2.996053695678710938e-01
-1.506230831146240234e-01
-3.490051627159118652e-01
-3.563172221183776855e-01
-4.364449679851531982e-01
-6.220684051513671875e-01
-8.583949208259582520e-01
-9.013145565986633301e-01
-6.921204328536987305e-01
-2.670003771781921387e-01
1.198299080133438110e-01
3.188061714172363281e-01
2.529347538948059082e-01
8.834561705589294434e-02
-2.281516790390014648e-03
1.540906131267547607e-01
5.193165540695190430e-01
9.552658796310424805e-01
1.208046913146972656e+00
1.128535747528076172e+00
6.950424909591674805e-01
1.051319837570190430e-01
-3.711826801300048828e-01
-4.984556436538696289e-01
-2.590274512767791748e-01
1.549177169799804688e-01
4.425877928733825684e-01
4.007329940795898438e-01
5.822542309761047363e-02
-3.665707111358642578e-01
-6.126884818077087402e-01
-5.920753479003906250e-01
-3.947815597057342529e-01
-2.225757837295532227e-01
-1.578563898801803589e-01
-1.570039838552474976e-01
-5.919270217418670654e-02
1.606924533843994141e-01
4.105642139911651611e-01
4.638103842735290527e-01
2.573599219322204590e-01
-1.261332333087921143e-01
-4.120660424232482910e-01
-4.851468801498413086e-01
-3.832569718360900879e-01
-3.884230852127075195e-01
-6.154467463493347168e-01
-9.923764467239379883e-01
-1.119695186614990234e+00
-7.462416291236877441e-01
1.354982852935791016e-01
1.045081615447998047e+00
1.511249065399169922e+00
1.244499564170837402e+00
5.457188487052917480e-01
-1.208576187491416931e-01
-2.980072498321533203e-01
-7.118636369705200195e-02
2.569265961647033691e-01
2.741748094558715820e-01
4.795360565185546875e-02
-1.570259481668472290e-01
5.287653207778930664e-02
5.538074970245361328e-01
9.587786197662353516e-01
6.924598217010498047e-01
-2.467156946659088135e-01
-1.432564735412597656e+00
-2.041000604629516602e+00
-1.739184379577636719e+00
-7.187143564224243164e-01
1.786956191062927246e-01
3.845838904380798340e-01
-1.908121705055236816e-01
-8.164193630218505859e-01
-7.863191962242126465e-01
2.547106742858886719e-01
1.726733922958374023e+00
2.786368846893310547e+00
2.669785022735595703e+00
1.501387238502502441e+00
-1.038106158375740051e-01
-1.230473041534423828e+00
-1.541444063186645508e+00
-1.119280219078063965e+00
-5.196082592010498047e-01
-2.278177440166473389e-02
2.564078569412231445e-01
5.631050467491149902e-01
8.966696262359619141e-01
1.188768386840820312e+00
1.113519191741943359e+00
6.598470211029052734e-01
-6.335395574569702148e-02
-6.569770574569702148e-01
-1.006839632987976074e+00
-1.124003529548645020e+00
-1.312555074691772461e+00
-1.595032215118408203e+00
-1.837769627571105957e+00
-1.597098588943481445e+00
-7.399625778198242188e-01
5.808638930320739746e-01
1.722368001937866211e+00
2.185081005096435547e+00
1.738095998764038086e+00
7.871956229209899902e-01
-1.217680275440216064e-01
-4.664822220802307129e-01
-2.528424859046936035e-01
2.530660927295684814e-01
5.681017637252807617e-01
4.739165902137756348e-01
-9.000460803508758545e-02
-8.932610750198364258e-01
-1.719665169715881348e+00
-2.246269702911376953e+00
-2.254106998443603516e+00
-1.547112941741943359e+00
-2.539829313755035400e-01
1.242306709289550781e+00
2.286326408386230469e+00
2.414518594741821289e+00
1.578497290611267090e+00
3.466860055923461914e-01
-5.058950781822204590e-01
-4.219579100608825684e-01
4.742149710655212402e-01
1.511594772338867188e+00
1.883170247077941895e+00
1.264349341392517090e+00
3.582820296287536621e-03
-1.099136352539062500e+00
-1.379989027976989746e+00
-7.538619041442871094e-01
2.390652894973754883e-01
8.246811032295227051e-01
5.302987098693847656e-01
-5.270015597343444824e-01
-1.716271400451660156e+00
-2.337587356567382812e+00
-2.007041215896606445e+00
-9.167033433914184570e-01
3.658748567104339600e-01
1.170540690422058105e+00
1.180044412612915039e+00
5.089572668075561523e-01
-2.887720465660095215e-01
-6.712690591812133789e-01
-3.498553931713104248e-01
3.838956356048583984e-01
9.604397416114807129e-01
7.941609621047973633e-01
-1.133193969726562500e-01
-1.238991975784301758e+00
-1.685550212860107422e+00
-9.889163970947265625e-01
6.521744132041931152e-01
2.242917537689208984e+00
2.843757629394531250e+00
2.058062314987182617e+00
5.577134490013122559e-01
-6.000545024871826172e-01
-5.584983229637145996e-01
4.394261837005615234e-01
1.438110113143920898e+00
1.279848575592041016e+00
-2.090413868427276611e-01
-2.248677492141723633e+00
-3.390433549880981445e+00
-2.866758346557617188e+00
-9.291454553604125977e-01
1.044689416885375977e+00
1.856702685356140137e+00
1.096011757850646973e+00
-2.981496453285217285e-01
-1.099990844726562500e+00
-4.731735289096832275e-01
1.067540049552917480e+00
2.371451377868652344e+00
2.227138996124267578e+00
6.009279489517211914e-01
-1.671554088592529297e+00
-3.168790817260742188e+00
-3.205540895462036133e+00
-1.873803615570068359e+00
-1.859985589981079102e-01
1.050399422645568848e+00
1.373957633972167969e+00
1.142666339874267578e+00
7.211216688156127930e-01
4.905078113079071045e-01
3.020438253879547119e-01
