7.079660296440124512e-01
7.374085783958435059e-01
5.337330102920532227e-01
5.207658410072326660e-01
5.089373588562011719e-01
4.070884287357330322e-01
1.312697231769561768e-01
-1.234839707612991333e-01
-2.491813004016876221e-01
-1.644734293222427368e-01
-1.158332303166389465e-01
-3.235982656478881836e-01
-9.802223443984985352e-01
-1.858159780502319336e+00
-2.580575466156005859e+00
-2.639329195022583008e+00
-1.899572491645812988e+00
-5.145215988159179688e-01
9.625273942947387695e-01
2.056568384170532227e+00
2.418540239334106445e+00
2.129745006561279297e+00
1.411639690399169922e+00
6.373531222343444824e-01
-1.281309127807617188e-02
-4.127585291862487793e-01
-6.229606866836547852e-01
-6.393233537673950195e-01
-5.292054414749145508e-01
-2.706666588783264160e-01
5.260497331619262695e-02
4.035855531692504883e-01
6.525145173072814941e-01
7.638610601425170898e-01
6.768433451652526855e-01
4.566171467304229736e-01
1.481406092643737793e-01
-1.201150417327880859e-01
-2.980902791023254395e-01
-3.238542079925537109e-01
-2.538245916366577148e-01
-1.292679905891418457e-01
-3.945058584213256836e-02
1.289719343185424805e-02
9.765498340129852295e-03
-3.195919841527938843e-02
-1.769409328699111938e-01
-4.636500775814056396e-01
-8.889782428741455078e-01
-1.261033058166503906e+00
-1.296533226966857910e+00
-7.385298609733581543e-01
3.558697998523712158e-01
1.562803983688354492e+00
2.215378999710083008e+00
1.835773706436157227e+00
4.829486012458801270e-01
-1.146630167961120605e+00
-2.101423025131225586e+00
-1.762657880783081055e+00
-3.007273674011230469e-01
1.389447569847106934e+00
2.258758068084716797e+00
1.822870969772338867e+00
5.141516923904418945e-01
-6.311317086219787598e-01
-7.166911363601684570e-01
3.217111229896545410e-01
1.670410752296447754e+00
2.215162992477416992e+00
1.425385713577270508e+00
-2.410310804843902588e-01
-1.608561277389526367e+00
-1.699327945709228516e+00
-4.475407004356384277e-01
1.169667363166809082e+00
1.892868161201477051e+00
1.074433088302612305e+00
-7.575238943099975586e-01
-2.335642099380493164e+00
-2.528706073760986328e+00
-1.257430791854858398e+00
5.113343000411987305e-01
1.409258008003234863e+00
7.499557733535766602e-01
-1.058360338211059570e+00
-2.756808519363403320e+00
-3.249418497085571289e+00
-2.279821872711181641e+00
-6.236456036567687988e-01
6.529403924942016602e-01
8.983449339866638184e-01
3.694865405559539795e-01
-1.957551538944244385e-01
-1.494992524385452271e-01
4.532732963562011719e-01
1.067732334136962891e+00
1.078533768653869629e+00
4.536495506763458252e-01
-3.307896256446838379e-01
-5.979065895080566406e-01
-1.581755131483078003e-01
6.267461776733398438e-01
1.031109929084777832e+00
6.728140711784362793e-01
-2.739791870117187500e-01
-1.088257908821105957e+00
-1.168193817138671875e+00
-3.637193441390991211e-01
8.123893737792968750e-01
1.693360447883605957e+00
1.801515936851501465e+00
1.226437568664550781e+00
3.334455490112304688e-01
-4.433517754077911377e-01
-9.856650829315185547e-01
-1.313438296318054199e+00
-1.519758701324462891e+00
-1.491471052169799805e+00
-1.124441862106323242e+00
-3.953998088836669922e-01
3.955909609794616699e-01
8.962141275405883789e-01
8.642063736915588379e-01
4.947368502616882324e-01
1.858876645565032959e-01
3.234301209449768066e-01
8.407797813415527344e-01
1.334252238273620605e+00
1.268814325332641602e+00
5.120613574981689453e-01
-6.210631728172302246e-01
-1.477946043014526367e+00
-1.628646492958068848e+00
-1.074597716331481934e+00
-3.051454424858093262e-01
1.760064363479614258e-01
1.368275135755538940e-01
-1.772672832012176514e-01
-3.695130050182342529e-01
-1.611002087593078613e-01
3.272619843482971191e-01
7.659837603569030762e-01
8.338473439216613770e-01
5.198341608047485352e-01
3.837972879409790039e-02
-3.143224716186523438e-01
-4.321025609970092773e-01
-3.803526759147644043e-01
-3.151872754096984863e-01
-2.794401347637176514e-01
-2.192331105470657349e-01
-5.939084291458129883e-02
1.320065557956695557e-01
1.765971183776855469e-01
-9.210280328989028931e-02
-6.391198039054870605e-01
-1.214290738105773926e+00
-1.492139577865600586e+00
-1.296768903732299805e+00
-7.086963653564453125e-01
1.791960000991821289e-02
6.397031545639038086e-01
1.071443438529968262e+00
1.341137528419494629e+00
1.480170011520385742e+00
1.399880647659301758e+00
9.868437051773071289e-01
2.291208654642105103e-01
-6.222953200340270996e-01
-1.182359337806701660e+00
-1.126150131225585938e+00
-4.906954765319824219e-01
3.598435819149017334e-01
8.873575925827026367e-01
7.914138436317443848e-01
1.298444569110870361e-01
-6.635746359825134277e-01
-1.154299974441528320e+00
-1.092090487480163574e+00
-6.058709621429443359e-01
3.895723819732666016e-02
5.538791418075561523e-01
8.863008022308349609e-01
1.070295453071594238e+00
1.227201223373413086e+00
1.335712909698486328e+00
1.383069276809692383e+00
1.306413173675537109e+00
1.196086406707763672e+00
1.104431390762329102e+00
1.103585600852966309e+00
1.066254854202270508e+00
8.813527226448059082e-01
4.149095416069030762e-01
-2.085973322391510010e-01
-7.990501523017883301e-01
-1.050611138343811035e+00
-8.926578164100646973e-01
-3.744109272956848145e-01
1.955407559871673584e-01
5.916385650634765625e-01
6.057951450347900391e-01
3.077532052993774414e-01
-1.971624642610549927e-01
-6.387381553649902344e-01
-8.864213228225708008e-01
-8.015477657318115234e-01
-4.967007040977478027e-01
-1.014118194580078125e-01
8.812272548675537109e-02
-2.961417287588119507e-02
-4.776086211204528809e-01
-9.461281299591064453e-01
-1.158632040023803711e+00
-8.422252535820007324e-01
-1.317316889762878418e-01
