3.136509358882904053e-01
3.260771930217742920e-01
8.887591361999511719e-01
1.436144113540649414e+00
1.685371637344360352e+00
1.350632309913635254e+00
6.328401565551757812e-01
-1.815813481807708740e-01
-6.607342958450317383e-01
-7.887781262397766113e-01
-6.895306706428527832e-01
-7.446694374084472656e-01
-1.021927595138549805e+00
-1.442422509193420410e+00
-1.591685771942138672e+00
-1.269718170166015625e+00
-4.337407648563385010e-01
5.096334218978881836e-01
1.179202795028686523e+00
1.229954600334167480e+00
7.767814397811889648e-01
8.182036876678466797e-02
-4.180576205253601074e-01
-5.915962457656860352e-01
-4.699971079826354980e-01
-3.780188560485839844e-01
-4.921817481517791748e-01
-8.787696957588195801e-01
-1.263285875320434570e+00
-1.389229297637939453e+00
-1.050017356872558594e+00
-4.229003787040710449e-01
1.769679188728332520e-01
3.541949987411499023e-01
6.913003325462341309e-02
-4.333923459053039551e-01
-6.372145414352416992e-01
-2.481283247470855713e-01
6.663601994514465332e-01
1.538419723510742188e+00
1.756898045539855957e+00
9.904913306236267090e-01
-4.296400547027587891e-01
-1.747838735580444336e+00
-2.153860330581665039e+00
-1.373471140861511230e+00
2.219986915588378906e-01
1.791540741920471191e+00
2.616717100143432617e+00
2.471857070922851562e+00
1.733845949172973633e+00
1.009851574897766113e+00
7.234847545623779297e-01
8.313392400741577148e-01
9.650037288665771484e-01
7.521793246269226074e-01
1.397667527198791504e-01
-5.749796628952026367e-01
-9.768277406692504883e-01
-8.317869901657104492e-01
-2.564633786678314209e-01
3.919144868850708008e-01
7.338516116142272949e-01
6.158355474472045898e-01
1.301845312118530273e-01
-4.428824186325073242e-01
-8.642713427543640137e-01
-1.001826286315917969e+00
-9.400247931480407715e-01
-8.460416197776794434e-01
-9.527575969696044922e-01
-1.343166589736938477e+00
-1.962486028671264648e+00
-2.512852430343627930e+00
-2.679972171783447266e+00
-2.227672815322875977e+00
-1.287879705429077148e+00
-2.457588464021682739e-01
3.529744148254394531e-01
2.616208791732788086e-01
-3.798627853393554688e-01
-9.759181141853332520e-01
-9.602500796318054199e-01
-5.919200181961059570e-02
1.377020955085754395e+00
2.713780403137207031e+00
3.301785945892333984e+00
3.017050027847290039e+00
2.158776998519897461e+00
1.345305085182189941e+00
9.386013150215148926e-01
9.884887933731079102e-01
1.123722076416015625e+00
1.039084315299987793e+00
5.778877139091491699e-01
-1.455086469650268555e-02
-4.501323997974395752e-01
-4.387642443180084229e-01
-2.438693493604660034e-02
6.479975581169128418e-01
1.263725161552429199e+00
1.656813859939575195e+00
1.656461238861083984e+00
1.290130257606506348e+00
5.887059569358825684e-01
-2.036525011062622070e-01
-8.777717947959899902e-01
-1.170856595039367676e+00
-1.108695864677429199e+00
-8.498696088790893555e-01
-7.620935440063476562e-01
-9.985665082931518555e-01
-1.520399093627929688e+00
-1.941075205802917480e+00
-1.959139585494995117e+00
-1.434567093849182129e+00
-6.774113178253173828e-01
-7.015988230705261230e-02
4.565091431140899658e-02
-2.304476946592330933e-01
-6.042019724845886230e-01
-6.800231337547302246e-01
-3.984658718109130859e-01
8.720272779464721680e-02
4.374554753303527832e-01
5.453945994377136230e-01
4.726617932319641113e-01
4.768182039260864258e-01
6.301586031913757324e-01
8.520497083663940430e-01
8.762243390083312988e-01
6.263782978057861328e-01
2.185784280300140381e-01
4.534691572189331055e-03
1.731432080268859863e-01
6.686004400253295898e-01
1.100637793540954590e+00
1.137553453445434570e+00
6.823908686637878418e-01
5.727837979793548584e-02
-3.258820474147796631e-01
-2.147598862648010254e-01
1.942557096481323242e-01
4.638847112655639648e-01
1.936188340187072754e-01
-5.894898176193237305e-01
-1.467517495155334473e+00
-1.857540607452392578e+00
-1.456836223602294922e+00
-4.250129461288452148e-01
6.829168796539306641e-01
1.293479204177856445e+00
1.135787248611450195e+00
3.769528865814208984e-01
-5.366343259811401367e-01
-1.173037886619567871e+00
-1.331076145172119141e+00
-1.082927584648132324e+00
-6.143158078193664551e-01
-8.171233534812927246e-02
4.982992708683013916e-01
1.149986863136291504e+00
1.862048149108886719e+00
2.460556507110595703e+00
2.721191406250000000e+00
2.438052892684936523e+00
1.648579478263854980e+00
5.792986154556274414e-01
-3.771609067916870117e-01
-9.590349197387695312e-01
-1.084906101226806641e+00
-9.773292541503906250e-01
-8.856409788131713867e-01
-9.990892410278320312e-01
-1.194482684135437012e+00
-1.256023406982421875e+00
-9.449979066848754883e-01
-3.645234704017639160e-01
1.883875131607055664e-01
2.587692737579345703e-01
-2.792992889881134033e-01
-1.237372994422912598e+00
-2.021978378295898438e+00
-2.176765918731689453e+00
-1.520853757858276367e+00
-4.690315127372741699e-01
4.068225622177124023e-01
5.463308691978454590e-01
-4.675316810607910156e-02
-1.027251720428466797e+00
-1.720459461212158203e+00
-1.740021467208862305e+00
-9.577414989471435547e-01
2.430148124694824219e-01
1.440107703208923340e+00
2.123048543930053711e+00
2.129847764968872070e+00
1.401445150375366211e+00
2.630167603492736816e-01
-9.361255168914794922e-01
-1.635842084884643555e+00
-1.556302309036254883e+00
-5.999679565429687500e-01
7.590578794479370117e-01
1.940518498420715332e+00
2.285047292709350586e+00
1.731079578399658203e+00
5.950604081153869629e-01
-3.393712043762207031e-01
-6.060385107994079590e-01
-6.868423521518707275e-02
7.224779129028320312e-01
1.216035962104797363e+00
9.480149745941162109e-01
1.199865937232971191e-01
-8.862857818603515625e-01
-1.512540578842163086e+00
