-1.118061661720275879e+00
-1.132985353469848633e+00
-6.578520536422729492e-01
1.308150887489318848e-01
9.573252201080322266e-01
1.409156560897827148e+00
1.396128177642822266e+00
1.015170335769653320e+00
6.140252351760864258e-01
3.262158930301666260e-01
1.426170021295547485e-01
-2.021734714508056641e-01
-7.688806056976318359e-01
-1.439413070678710938e+00
-1.778083324432373047e+00
-1.519174933433532715e+00
-6.427165269851684570e-01
3.905269503593444824e-01
1.096424818038940430e+00
1.136837005615234375e+00
7.063775062561035156e-01
2.066109776496887207e-01
8.755175769329071045e-02
3.658238649368286133e-01
7.962005138397216797e-01
9.532747268676757812e-01
7.277794480323791504e-01
2.653381228446960449e-01
-2.505016326904296875e-02
5.361938476562500000e-02
4.579391479492187500e-01
8.021855354309082031e-01
7.804506421089172363e-01
2.621399462223052979e-01
-4.933694601058959961e-01
-1.143606424331665039e+00
-1.356684446334838867e+00
-1.106919884681701660e+00
-5.238944292068481445e-01
1.035310178995132446e-01
5.826041698455810547e-01
7.524235248565673828e-01
6.013692617416381836e-01
1.395617723464965820e-01
-4.828842878341674805e-01
-1.083763957023620605e+00
-1.401284337043762207e+00
-1.299361109733581543e+00
-7.797465920448303223e-01
-9.025011211633682251e-02
4.488555788993835449e-01
5.285490751266479492e-01
6.196283549070358276e-02
-8.362866044044494629e-01
-1.844754815101623535e+00
-2.613880634307861328e+00
-2.840101242065429688e+00
-2.413456916809082031e+00
-1.422744512557983398e+00
-1.676202267408370972e-01
9.786268472671508789e-01
1.698366641998291016e+00
1.900887608528137207e+00
1.735115766525268555e+00
1.491427183151245117e+00
1.390858888626098633e+00
1.434957861900329590e+00
1.426249027252197266e+00
1.144264936447143555e+00
5.733909606933593750e-01
-4.590138792991638184e-02
-3.464389443397521973e-01
-1.314978301525115967e-01
4.776304364204406738e-01
1.066324830055236816e+00
1.246943950653076172e+00
8.981791734695434570e-01
2.968886792659759521e-01
-1.275876611471176147e-01
-5.783380568027496338e-02
4.386665225028991699e-01
1.026212215423583984e+00
1.287001252174377441e+00
1.063268661499023438e+00
4.543898105621337891e-01
-2.350274920463562012e-01
-8.035485744476318359e-01
-1.174787044525146484e+00
-1.443305134773254395e+00
-1.629031181335449219e+00
-1.700335383415222168e+00
-1.524965643882751465e+00
-1.120516419410705566e+00
-6.154835820198059082e-01
-2.976181507110595703e-01
-3.089312016963958740e-01
-6.319678425788879395e-01
-9.814797639846801758e-01
-1.112598419189453125e+00
-8.806786537170410156e-01
-4.441589117050170898e-01
-9.795852005481719971e-03
2.164549380540847778e-01
2.955078482627868652e-01
3.529268205165863037e-01
5.653244853019714355e-01
8.612967729568481445e-01
1.081174492835998535e+00
9.738757610321044922e-01
5.410614013671875000e-01
-5.968868732452392578e-02
-4.616026878356933594e-01
-4.739573001861572266e-01
-8.300203084945678711e-02
3.840158879756927490e-01
6.155135631561279297e-01
3.905774354934692383e-01
-1.103831380605697632e-01
-5.491570234298706055e-01
-5.043561458587646484e-01
8.715689182281494141e-02
9.937266111373901367e-01
1.649495363235473633e+00
1.641623258590698242e+00
8.332911133766174316e-01
-3.706839084625244141e-01
-1.385940432548522949e+00
-1.634414911270141602e+00
-1.021960735321044922e+00
1.715333908796310425e-01
1.342371463775634766e+00
2.070221662521362305e+00
2.185056686401367188e+00
1.913813471794128418e+00
1.493008613586425781e+00
1.095256209373474121e+00
6.055443286895751953e-01
-7.599183917045593262e-02
-9.794947504997253418e-01
-1.825318336486816406e+00
-2.310858249664306641e+00
-2.211058139801025391e+00
-1.689500331878662109e+00
-1.085297465324401855e+00
-7.912921905517578125e-01
-8.552259206771850586e-01
-1.060812234878540039e+00
-9.896885156631469727e-01
-4.528338313102722168e-01
4.583843350410461426e-01
1.313615083694458008e+00
1.724512577056884766e+00
1.487848877906799316e+00
7.887901067733764648e-01
-2.391022443771362305e-02
-5.497862696647644043e-01
-6.148252487182617188e-01
-2.303070425987243652e-01
3.611200749874114990e-01
8.726214170455932617e-01
9.950281381607055664e-01
5.928411483764648438e-01
-2.740646004676818848e-01
-1.250391840934753418e+00
-1.868122458457946777e+00
-1.730100870132446289e+00
-8.204162716865539551e-01
4.792099595069885254e-01
1.539304733276367188e+00
1.904971837997436523e+00
1.551933526992797852e+00
9.143568277359008789e-01
5.180420279502868652e-01
5.888482332229614258e-01
8.479092121124267578e-01
7.471107840538024902e-01
-7.482111454010009766e-02
-1.425743579864501953e+00
-2.604474544525146484e+00
-2.857794761657714844e+00
-1.913245558738708496e+00
-2.287875860929489136e-01
1.286276817321777344e+00
1.825524449348449707e+00
1.214341640472412109e+00
-4.265058040618896484e-02
-1.091935634613037109e+00
-1.319241523742675781e+00
-6.484519839286804199e-01
4.480158090591430664e-01
1.362385869026184082e+00
1.674243927001953125e+00
1.393849611282348633e+00
7.928361296653747559e-01
2.388715744018554688e-01
-8.640497922897338867e-02
-1.540375202894210815e-01
-1.064551919698715210e-01
-4.874187707901000977e-02
-8.127653598785400391e-02
-1.758080422878265381e-01
-3.102487325668334961e-01
-3.890557587146759033e-01
-4.070127010345458984e-01
-3.610025942325592041e-01
-3.776486515998840332e-01
-5.278456807136535645e-01
-8.697041273117065430e-01
-1.243786811828613281e+00
-1.449575066566467285e+00
-1.232840538024902344e+00
-5.934298038482666016e-01
3.067007660865783691e-01
1.078501939773559570e+00
1.467132806777954102e+00
1.353693366050720215e+00
9.488480091094970703e-01
