-1.217820882797241211e+00
-1.189722061157226562e+00
-4.430816173553466797e-01
5.402321219444274902e-01
1.300577759742736816e+00
1.487127661705017090e+00
1.024243593215942383e+00
1.851236373186111450e-01
-5.824104547500610352e-01
-8.663917779922485352e-01
-5.347182750701904297e-01
2.126228213310241699e-01
9.286808371543884277e-01
1.187054157257080078e+00
8.244445323944091797e-01
7.101412117481231689e-02
-5.861474275588989258e-01
-7.018171548843383789e-01
-1.938216090202331543e-01
5.687447786331176758e-01
9.810400009155273438e-01
6.200554966926574707e-01
-4.208292365074157715e-01
-1.535921096801757812e+00
-1.975108504295349121e+00
-1.360124826431274414e+00
3.385740891098976135e-02
1.414772510528564453e+00
1.995448112487792969e+00
1.503918647766113281e+00
3.781369030475616455e-01
-5.506692528724670410e-01
-6.017422080039978027e-01
2.872279286384582520e-01
1.554189562797546387e+00
2.365705966949462891e+00
2.166111946105957031e+00
9.569792151451110840e-01
-7.325927615165710449e-01
-2.221565961837768555e+00
-3.009670972824096680e+00
-2.988886117935180664e+00
-2.347517728805541992e+00
-1.432729959487915039e+00
-5.525996685028076172e-01
5.270475149154663086e-02
2.825896739959716797e-01
1.493845582008361816e-01
-1.597569286823272705e-01
-3.847929239273071289e-01
-2.824410796165466309e-01
1.619149893522262573e-01
7.311542630195617676e-01
1.055555343627929688e+00
9.122130870819091797e-01
3.623194992542266846e-01
-2.269200682640075684e-01
-4.898983836174011230e-01
-3.015950918197631836e-01
6.992635130882263184e-02
2.144717872142791748e-01
-1.251114010810852051e-01
-7.635359764099121094e-01
-1.218344688415527344e+00
-1.022513985633850098e+00
-1.582703590393066406e-01
9.118924736976623535e-01
1.487222909927368164e+00
1.168652772903442383e+00
1.193031668663024902e-01
-9.683574438095092773e-01
-1.375890135765075684e+00
-7.961811423301696777e-01
4.158752560615539551e-01
1.530464053153991699e+00
1.876053571701049805e+00
1.299510717391967773e+00
1.751028150320053101e-01
-8.283073902130126953e-01
-1.208581209182739258e+00
-8.429217338562011719e-01
-1.609662175178527832e-02
8.539924025535583496e-01
1.415196061134338379e+00
1.545447826385498047e+00
1.283605337142944336e+00
7.903960943222045898e-01
2.439451366662979126e-01
-1.521974354982376099e-01
-2.584396302700042725e-01
-4.928951710462570190e-02
2.878938913345336914e-01
4.350703954696655273e-01
9.957668930292129517e-02
-7.290080785751342773e-01
-1.716231584548950195e+00
-2.311308860778808594e+00
-2.112062692642211914e+00
-1.140986084938049316e+00
1.000987291336059570e-01
9.429870843887329102e-01
9.639475941658020020e-01
2.761581242084503174e-01
-5.745164155960083008e-01
-9.865604043006896973e-01
-7.298684120178222656e-01
-8.060550689697265625e-02
4.003438949584960938e-01
2.932859957218170166e-01
-3.746941089630126953e-01
-1.156313657760620117e+00
-1.505575060844421387e+00
-1.161440730094909668e+00
-2.970135509967803955e-01
6.160124540328979492e-01
1.141739368438720703e+00
1.118416070938110352e+00
7.052608132362365723e-01
1.924777030944824219e-01
-1.810082495212554932e-01
-3.469687700271606445e-01
-3.341855108737945557e-01
-2.070862948894500732e-01
5.448952317237854004e-03
2.425353229045867920e-01
4.183986186981201172e-01
4.231426119804382324e-01
2.656350731849670410e-01
8.775558322668075562e-02
1.402858495712280273e-01
5.515178442001342773e-01
1.219999313354492188e+00
1.775337457656860352e+00
1.847109436988830566e+00
1.279827117919921875e+00
3.275482356548309326e-01
-5.387440919876098633e-01
-8.712766170501708984e-01
-5.851143598556518555e-01
6.823197007179260254e-02
6.315588951110839844e-01
8.118456602096557617e-01
5.689088106155395508e-01
1.438230872154235840e-01
-2.282869815826416016e-01
-4.050109386444091797e-01
-4.511458873748779297e-01
-4.421151578426361084e-01
-4.457331001758575439e-01
-4.129975736141204834e-01
-3.502124845981597900e-01
-2.838976085186004639e-01
-3.273017406463623047e-01
-4.684469997882843018e-01
-6.044547557830810547e-01
-5.014438629150390625e-01
-8.571521937847137451e-02
5.185664296150207520e-01
9.083508253097534180e-01
7.457580566406250000e-01
-8.108323812484741211e-02
-1.228541612625122070e+00
-2.172529697418212891e+00
-2.417353630065917969e+00
-1.895744800567626953e+00
-8.853099346160888672e-01
8.167284727096557617e-02
6.436993479728698730e-01
6.671793460845947266e-01
3.491751551628112793e-01
-7.671545445919036865e-02
-3.681798875331878662e-01
-4.525625705718994141e-01
-2.613030374050140381e-01
1.724433004856109619e-01
8.195114731788635254e-01
1.474112153053283691e+00
1.910223603248596191e+00
1.874738335609436035e+00
1.387355446815490723e+00
6.681954860687255859e-01
1.573281288146972656e-01
1.369226574897766113e-01
6.612033247947692871e-01
1.400945425033569336e+00
1.957191586494445801e+00
1.976597547531127930e+00
1.446176290512084961e+00
5.326100587844848633e-01
-4.255696535110473633e-01
-1.205714464187622070e+00
-1.628875732421875000e+00
-1.683420658111572266e+00
-1.368627309799194336e+00
-8.334102630615234375e-01
-2.449835240840911865e-01
1.378083825111389160e-01
2.197837531566619873e-01
3.847865760326385498e-02
-1.349393129348754883e-01
-1.053524911403656006e-01
1.676372289657592773e-01
3.832950592041015625e-01
2.049988955259323120e-01
-5.558038949966430664e-01
-1.610653281211853027e+00
-2.416124105453491211e+00
-2.415508747100830078e+00
-1.540346264839172363e+00
-1.980594396591186523e-01
8.840712308883666992e-01
1.240387320518493652e+00
8.741071224212646484e-01
3.103626966476440430e-01
9.497356414794921875e-02
4.827898144721984863e-01
1.190963864326477051e+00
