-3.308641016483306885e-01
-2.916547358036041260e-01
-9.089771509170532227e-01
-1.304905652999877930e+00
-1.112498521804809570e+00
-3.956038057804107666e-01
4.261253476142883301e-01
9.513552188873291016e-01
1.059406161308288574e+00
9.047410488128662109e-01
6.551366448402404785e-01
3.133453130722045898e-01
-2.261659055948257446e-01
-9.294120073318481445e-01
-1.499209642410278320e+00
-1.537617921829223633e+00
-8.970001339912414551e-01
1.187925934791564941e-01
9.299123883247375488e-01
1.126728773117065430e+00
8.093398809432983398e-01
4.915996193885803223e-01
6.381679177284240723e-01
1.216381430625915527e+00
1.703233480453491211e+00
1.545234680175781250e+00
7.159947156906127930e-01
-1.806318461894989014e-01
-3.601926267147064209e-01
4.381916522979736328e-01
1.654223203659057617e+00
2.257207393646240234e+00
1.569900751113891602e+00
-1.576028168201446533e-01
-1.846075296401977539e+00
-2.388479948043823242e+00
-1.467489361763000488e+00
1.691339313983917236e-01
1.278892278671264648e+00
1.006329536437988281e+00
-4.946093559265136719e-01
-2.249876737594604492e+00
-3.172304153442382812e+00
-2.838949203491210938e+00
-1.664915323257446289e+00
-5.242518782615661621e-01
-5.075156688690185547e-02
-2.750454545021057129e-01
-6.882486343383789062e-01
-7.371447682380676270e-01
-2.127471715211868286e-01
6.048927307128906250e-01
1.215301871299743652e+00
1.211180925369262695e+00
5.569902062416076660e-01
-4.448454380035400391e-01
-1.285614728927612305e+00
-1.535047650337219238e+00
-1.000006556510925293e+00
1.388334184885025024e-01
1.428987383842468262e+00
2.303022623062133789e+00
2.395909547805786133e+00
1.696561574935913086e+00
5.822888016700744629e-01
-4.517645537853240967e-01
-1.039860606193542480e+00
-1.148611783981323242e+00
-9.516741633415222168e-01
-6.510694622993469238e-01
-2.759786248207092285e-01
2.291251420974731445e-01
8.664315938949584961e-01
1.428562402725219727e+00
1.642393469810485840e+00
1.372953176498413086e+00
8.176509737968444824e-01
3.445673584938049316e-01
2.107042372226715088e-01
2.847366631031036377e-01
1.868165731430053711e-01
-3.620617389678955078e-01
-1.161926269531250000e+00
-1.626954436302185059e+00
-1.222098112106323242e+00
-1.698094978928565979e-02
1.267307639122009277e+00
1.719060659408569336e+00
9.898883104324340820e-01
-3.995013236999511719e-01
-1.398226737976074219e+00
-1.287501811981201172e+00
-2.600550055503845215e-01
6.923771500587463379e-01
6.290813684463500977e-01
-5.303412675857543945e-01
-1.846797108650207520e+00
-2.109999418258666992e+00
-8.333896398544311523e-01
1.258166551589965820e+00
2.748340129852294922e+00
2.604226112365722656e+00
1.005511522293090820e+00
-8.037827610969543457e-01
-1.478542685508728027e+00
-6.256983876228332520e-01
9.328861832618713379e-01
1.839331746101379395e+00
1.284948945045471191e+00
-3.957373797893524170e-01
-2.036844015121459961e+00
-2.580086708068847656e+00
-1.848303675651550293e+00
-5.771742463111877441e-01
2.510433197021484375e-01
1.822663992643356323e-01
-4.477732181549072266e-01
-8.877873420715332031e-01
-6.197504997253417969e-01
2.826525568962097168e-01
1.285293102264404297e+00
1.851013898849487305e+00
1.772074341773986816e+00
1.201971054077148438e+00
4.230820536613464355e-01
-3.231665194034576416e-01
-8.770027160644531250e-01
-1.076726913452148438e+00
-8.108576536178588867e-01
-1.334011554718017578e-01
6.179805397987365723e-01
1.001238465309143066e+00
7.779604196548461914e-01
1.953863948583602905e-01
-1.754836291074752808e-01
1.257085800170898438e-01
9.593117833137512207e-01
1.627879381179809570e+00
1.361474871635437012e+00
2.663271129131317139e-02
-1.687196969985961914e+00
-2.670625448226928711e+00
-2.264095783233642578e+00
-7.408016920089721680e-01
8.453990221023559570e-01
1.506478548049926758e+00
1.005653977394104004e+00
7.411725819110870361e-03
-5.887450575828552246e-01
-3.568945825099945068e-01
3.157952427864074707e-01
7.152314186096191406e-01
4.479308724403381348e-01
-1.466290652751922607e-01
-3.906776607036590576e-01
1.119470000267028809e-01
9.974776506423950195e-01
1.482641339302062988e+00
1.013128042221069336e+00
-1.396188139915466309e-01
-1.120316267013549805e+00
-1.158981084823608398e+00
-3.180881440639495850e-01
5.889117717742919922e-01
6.268387436866760254e-01
-3.708080649375915527e-01
-1.674499034881591797e+00
-2.178250789642333984e+00
-1.392381310462951660e+00
1.863421797752380371e-01
1.390448212623596191e+00
1.381901502609252930e+00
2.429565638303756714e-01
-1.060302972793579102e+00
-1.550866603851318359e+00
-9.410958290100097656e-01
1.433497071266174316e-01
8.237681388854980469e-01
6.450876593589782715e-01
-3.600301966071128845e-02
-5.111466050148010254e-01
-3.028609752655029297e-01
3.740610778331756592e-01
9.255418777465820312e-01
8.624039888381958008e-01
2.791798710823059082e-01
-3.524494469165802002e-01
-5.731915831565856934e-01
-4.044499993324279785e-01
-2.024651169776916504e-01
-3.406743407249450684e-01
-7.692683339118957520e-01
-1.133458375930786133e+00
-1.054374456405639648e+00
-5.580486655235290527e-01
2.161654829978942871e-02
2.972997128963470459e-01
2.500953674316406250e-01
1.442602425813674927e-01
2.873142361640930176e-01
6.200470924377441406e-01
8.128878474235534668e-01
5.375573039054870605e-01
-9.085035324096679688e-02
-6.135585308074951172e-01
-5.658057928085327148e-01
-1.160519570112228394e-02
4.909054636955261230e-01
2.843948602676391602e-01
-7.035652995109558105e-01
-1.839320778846740723e+00
-2.154320001602172852e+00
-1.181010603904724121e+00
6.621779203414916992e-01
2.260277986526489258e+00
2.664583444595336914e+00
1.728752017021179199e+00
