1.273863673210144043e+00
1.317306399345397949e+00
1.273332953453063965e+00
8.753942251205444336e-01
-3.676272928714752197e-02
-1.125018596649169922e+00
-1.827325582504272461e+00
-1.607474327087402344e+00
-5.417597889900207520e-01
7.622243165969848633e-01
1.397098064422607422e+00
9.096320867538452148e-01
-4.750401973724365234e-01
-1.862571954727172852e+00
-2.419358015060424805e+00
-1.827055096626281738e+00
-5.804802179336547852e-01
5.189083814620971680e-01
8.532932996749877930e-01
5.017426013946533203e-01
7.726490497589111328e-03
-2.632379531860351562e-03
5.896409153938293457e-01
1.400915980339050293e+00
1.780267834663391113e+00
1.395616173744201660e+00
4.119529724121093750e-01
-5.569505691528320312e-01
-9.507277607917785645e-01
-5.756875872611999512e-01
2.313867956399917603e-01
9.082909822463989258e-01
9.838131070137023926e-01
3.989489674568176270e-01
-5.472862124443054199e-01
-1.376385211944580078e+00
-1.757146596908569336e+00
-1.635710120201110840e+00
-1.234808802604675293e+00
-8.417788147926330566e-01
-6.269083619117736816e-01
-5.344494581222534180e-01
-3.767573833465576172e-01
-1.698114722967147827e-02
4.733707606792449951e-01
8.269523382186889648e-01
7.923240065574645996e-01
3.698791861534118652e-01
-8.819478005170822144e-02
-1.037327349185943604e-01
5.680940151214599609e-01
1.621166467666625977e+00
2.324588775634765625e+00
1.949788808822631836e+00
3.844206929206848145e-01
-1.701256871223449707e+00
-3.139398574829101562e+00
-3.065340042114257812e+00
-1.468032002449035645e+00
6.903970837593078613e-01
2.154058933258056641e+00
2.129445791244506836e+00
8.613346219062805176e-01
-6.658891439437866211e-01
-1.360146522521972656e+00
-8.396443724632263184e-01
4.759946167469024658e-01
1.661305189132690430e+00
2.057230949401855469e+00
1.556200742721557617e+00
6.340270638465881348e-01
-2.100380957126617432e-01
-6.937345266342163086e-01
-9.296459555625915527e-01
-1.043667674064636230e+00
-1.080115079879760742e+00
-8.549007177352905273e-01
-3.288100361824035645e-01
3.567548990249633789e-01
7.812158465385437012e-01
6.966141462326049805e-01
1.337334513664245605e-01
-4.340984523296356201e-01
-5.629683732986450195e-01
-2.716931700706481934e-02
8.708553314208984375e-01
1.676683306694030762e+00
1.954747200012207031e+00
1.698332905769348145e+00
1.086800098419189453e+00
4.423466324806213379e-01
-1.473235189914703369e-01
-6.281651258468627930e-01
-1.037000060081481934e+00
-1.227949738502502441e+00
-1.153007030487060547e+00
-8.245032429695129395e-01
-5.556327700614929199e-01
-5.852512121200561523e-01
-1.015399217605590820e+00
-1.501177310943603516e+00
-1.641208171844482422e+00
-1.138669967651367188e+00
-2.364900708198547363e-01
6.055478453636169434e-01
9.029584527015686035e-01
6.955444812774658203e-01
3.385428786277770996e-01
3.414456546306610107e-01
7.563608288764953613e-01
1.284005641937255859e+00
1.387191772460937500e+00
9.386594295501708984e-01
2.014161050319671631e-01
-2.408875823020935059e-01
-1.730939149856567383e-01
1.683207452297210693e-01
1.148902848362922668e-01
-6.877409815788269043e-01
-2.040374279022216797e+00
-3.087852239608764648e+00
-3.077198505401611328e+00
-1.794459342956542969e+00
8.710613846778869629e-02
1.615318775177001953e+00
2.077412843704223633e+00
1.593060374259948730e+00
7.907521128654479980e-01
4.081706404685974121e-01
6.178364157676696777e-01
1.126689076423645020e+00
1.388164401054382324e+00
1.207001090049743652e+00
7.416712045669555664e-01
4.198306798934936523e-01
4.280717968940734863e-01
6.823283433914184570e-01
8.360261321067810059e-01
7.012636065483093262e-01
2.727819681167602539e-01
-2.408429086208343506e-01
-7.472704648971557617e-01
-1.232422590255737305e+00
-1.747074365615844727e+00
-2.113491535186767578e+00
-2.028503417968750000e+00
-1.214046359062194824e+00
1.810864806175231934e-01
1.611395120620727539e+00
2.361279010772705078e+00
2.102377414703369141e+00
1.082649588584899902e+00
6.550997495651245117e-03
-5.394910573959350586e-01
-4.567518234252929688e-01
-1.858929991722106934e-01
-2.367321252822875977e-01
-7.529438734054565430e-01
-1.349508523941040039e+00
-1.478198289871215820e+00
-9.037470817565917969e-01
3.582943975925445557e-02
6.848292350769042969e-01
5.765880346298217773e-01
-1.892250329256057739e-01
-1.030376076698303223e+00
-1.338249683380126953e+00
-9.249426722526550293e-01
-1.276199817657470703e-01
5.122164487838745117e-01
6.482152938842773438e-01
3.465550541877746582e-01
-9.907519072294235229e-02
-4.382124245166778564e-01
-6.721885204315185547e-01
-9.029470682144165039e-01
-1.151429772377014160e+00
-1.197022557258605957e+00
-7.981408834457397461e-01
9.808942675590515137e-02
1.150169253349304199e+00
1.866621613502502441e+00
1.876507401466369629e+00
1.266958832740783691e+00
4.298197031021118164e-01
-1.661457270383834839e-01
-3.923586905002593994e-01
-4.082562327384948730e-01
-5.374572277069091797e-01
-8.500456213951110840e-01
-1.171396970748901367e+00
-1.127689838409423828e+00
-5.622804760932922363e-01
4.286501407623291016e-01
1.444712162017822266e+00
2.159802675247192383e+00
2.373046159744262695e+00
2.166048049926757812e+00
1.633282780647277832e+00
9.258887767791748047e-01
1.020071804523468018e-01
-6.435362100601196289e-01
-1.130660891532897949e+00
-1.148868560791015625e+00
-7.819473743438720703e-01
-2.784952223300933838e-01
-5.550656467676162720e-02
-2.502682507038116455e-01
-7.398879528045654297e-01
-1.063760399818420410e+00
-9.146175980567932129e-01
-2.375629544258117676e-01
5.537656545639038086e-01
1.009052991867065430e+00
7.916783690452575684e-01
4.477542638778686523e-02
-8.957854509353637695e-01
