1.622671484947204590e-01
1.674790978431701660e-01
2.263102680444717407e-01
1.338706612586975098e-01
1.571656465530395508e-01
3.176961541175842285e-01
7.256937026977539062e-01
1.144569158554077148e+00
1.463600277900695801e+00
1.403036475181579590e+00
1.023675680160522461e+00
3.826832771301269531e-01
-1.247176527976989746e-01
-2.863666117191314697e-01
1.344188302755355835e-01
9.202114343643188477e-01
1.795486927032470703e+00
2.230484008789062500e+00
2.017604351043701172e+00
1.075402379035949707e+00
-2.208619713783264160e-01
-1.520972967147827148e+00
-2.382822751998901367e+00
-2.727890729904174805e+00
-2.534244537353515625e+00
-2.050574302673339844e+00
-1.383530259132385254e+00
-7.427296042442321777e-01
-1.673982739448547363e-01
1.664407253265380859e-01
2.275400757789611816e-01
-7.629436254501342773e-02
-5.949611067771911621e-01
-1.200535058975219727e+00
-1.634380340576171875e+00
-1.846724152565002441e+00
-1.809443593025207520e+00
-1.684607267379760742e+00
-1.504036664962768555e+00
-1.305251359939575195e+00
-9.652616381645202637e-01
-4.917189478874206543e-01
6.940716505050659180e-02
4.740719497203826904e-01
5.715351104736328125e-01
2.944408953189849854e-01
-1.354624330997467041e-01
-4.505555033683776855e-01
-3.977704942226409912e-01
-2.133527398109436035e-02
4.577499032020568848e-01
6.999283432960510254e-01
5.636315345764160156e-01
1.240816265344619751e-01
-3.112673759460449219e-01
-4.912132620811462402e-01
-3.279877901077270508e-01
8.620917797088623047e-03
2.943293452262878418e-01
3.940863907337188721e-01
3.996980190277099609e-01
4.980806112289428711e-01
7.982435226440429688e-01
1.169885873794555664e+00
1.310526251792907715e+00
9.731354117393493652e-01
2.198568582534790039e-01
-5.159682631492614746e-01
-6.604992151260375977e-01
1.334184408187866211e-01
1.676732659339904785e+00
3.288880825042724609e+00
4.122699260711669922e+00
3.683416128158569336e+00
2.096276044845581055e+00
8.806355297565460205e-02
-1.472793817520141602e+00
-2.006511926651000977e+00
-1.560231328010559082e+00
-6.489534378051757812e-01
4.287686944007873535e-02
1.323343813419342041e-01
-3.658960163593292236e-01
-1.064103245735168457e+00
-1.580787658691406250e+00
-1.695900321006774902e+00
-1.512610316276550293e+00
-1.235030531883239746e+00
-1.082407951354980469e+00
-1.069451928138732910e+00
-1.126397490501403809e+00
-1.085801959037780762e+00
-8.822857141494750977e-01
-4.581498205661773682e-01
1.440736055374145508e-01
9.144836664199829102e-01
1.727101564407348633e+00
2.422747611999511719e+00
2.701545715332031250e+00
2.360326290130615234e+00
1.330093860626220703e+00
-9.161600470542907715e-02
-1.426689028739929199e+00
-2.116705894470214844e+00
-1.931886672973632812e+00
-1.015062928199768066e+00
7.778099179267883301e-02
7.874742746353149414e-01
7.770214080810546875e-01
2.211685776710510254e-01
-4.201616942882537842e-01
-6.172177791595458984e-01
-2.226476371288299561e-01
5.272683501243591309e-01
1.089450836181640625e+00
1.088511705398559570e+00
5.026411414146423340e-01
-2.274046540260314941e-01
-5.875323414802551270e-01
-2.726597487926483154e-01
5.163403153419494629e-01
1.292547583580017090e+00
1.562739610671997070e+00
1.247332572937011719e+00
6.557714939117431641e-01
2.861824929714202881e-01
3.676510155200958252e-01
7.229319214820861816e-01
8.587128520011901855e-01
4.204795062541961670e-01
-5.167281627655029297e-01
-1.404815435409545898e+00
-1.624260067939758301e+00
-9.218938350677490234e-01
3.453419804573059082e-01
1.444594621658325195e+00
1.755675554275512695e+00
1.210029959678649902e+00
3.230072557926177979e-01
-1.954272985458374023e-01
4.687756299972534180e-02
8.308476209640502930e-01
1.516760230064392090e+00
1.494288921356201172e+00
6.511217355728149414e-01
-5.911067724227905273e-01
-1.541070222854614258e+00
-1.747992753982543945e+00
-1.212335824966430664e+00
-3.777913749217987061e-01
2.739304602146148682e-01
4.530156850814819336e-01
2.419603466987609863e-01
-1.515352874994277954e-01
-4.998680651187896729e-01
-7.746870517730712891e-01
-9.654587507247924805e-01
-1.093487262725830078e+00
-1.034933209419250488e+00
-7.556977868080139160e-01
-2.731972634792327881e-01
1.581841707229614258e-01
3.459160327911376953e-01
1.584634780883789062e-01
-2.037962079048156738e-01
-4.973971843719482422e-01
-4.447377622127532959e-01
-1.063422560691833496e-01
3.387202322483062744e-01
5.419837832450866699e-01
4.182727634906768799e-01
-8.584741503000259399e-03
-4.403511881828308105e-01
-7.268953323364257812e-01
-7.287945747375488281e-01
-5.882093310356140137e-01
-3.603740036487579346e-01
-2.037043273448944092e-01
-6.262540817260742188e-02
-2.575397491455078125e-03
5.668610334396362305e-02
3.064259886741638184e-02
2.422357350587844849e-02
1.798257231712341309e-02
1.620656847953796387e-01
3.675905168056488037e-01
6.230270862579345703e-01
6.919463276863098145e-01
5.725486278533935547e-01
2.055949568748474121e-01
-1.667538881301879883e-01
-4.767082929611206055e-01
-5.505350232124328613e-01
-5.284854769706726074e-01
-4.186530411243438721e-01
-4.097764790058135986e-01
-4.217196404933929443e-01
-5.330718159675598145e-01
-6.144772768020629883e-01
-7.652339339256286621e-01
-8.648069500923156738e-01
-9.720565080642700195e-01
-9.133632779121398926e-01
-7.897796630859375000e-01
-5.830217599868774414e-01
-5.563102960586547852e-01
-6.703833341598510742e-01
-9.090739488601684570e-01
-8.376097083091735840e-01
-2.576408386230468750e-01
9.814058542251586914e-01
2.382192134857177734e+00
3.391870021820068359e+00
3.300886392593383789e+00
2.081861495971679688e+00
4.611447453498840332e-02
-1.908552169799804688e+00
