4.862044751644134521e-01
5.207063555717468262e-01
-3.692665994167327881e-01
-1.266441345214843750e+00
-1.755191206932067871e+00
-1.703800916671752930e+00
-1.123795747756958008e+00
-4.091790914535522461e-01
1.526974141597747803e-01
3.298445343971252441e-01
3.191914260387420654e-01
3.325118720531463623e-01
6.435617804527282715e-01
1.135901093482971191e+00
1.624603390693664551e+00
1.789415359497070312e+00
1.649773597717285156e+00
1.315444469451904297e+00
1.088884115219116211e+00
9.759963750839233398e-01
8.832582831382751465e-01
4.935090839862823486e-01
-2.280113399028778076e-01
-1.147353887557983398e+00
-1.805550813674926758e+00
-1.931137561798095703e+00
-1.436075329780578613e+00
-6.890069842338562012e-01
-7.821060717105865479e-02
4.033149778842926025e-02
-2.655479311943054199e-01
-7.802439928054809570e-01
-1.113304018974304199e+00
-1.102900028228759766e+00
-6.783182621002197266e-01
-9.072527289390563965e-03
7.693007588386535645e-01
1.411213159561157227e+00
1.767192721366882324e+00
1.645317554473876953e+00
1.080160975456237793e+00
2.374447435140609741e-01
-4.694238901138305664e-01
-7.088656425476074219e-01
-3.197122216224670410e-01
4.494858086109161377e-01
1.181004405021667480e+00
1.447349071502685547e+00
1.166095733642578125e+00
5.360131263732910156e-01
-6.093800067901611328e-02
-4.138502478599548340e-01
-5.373258590698242188e-01
-6.575583815574645996e-01
-9.177392125129699707e-01
-1.282107234001159668e+00
-1.511801719665527344e+00
-1.412022590637207031e+00
-9.597358703613281250e-01
-3.540475964546203613e-01
1.661871224641799927e-01
4.821766614913940430e-01
6.478534340858459473e-01
7.714148759841918945e-01
8.555231094360351562e-01
7.790622711181640625e-01
4.060359001159667969e-01
-1.984504014253616333e-01
-7.556230425834655762e-01
-8.815473318099975586e-01
-4.151283502578735352e-01
4.817965030670166016e-01
1.328981637954711914e+00
1.691231012344360352e+00
1.369371891021728516e+00
5.705304145812988281e-01
-3.557148575782775879e-01
-1.061251401901245117e+00
-1.466335535049438477e+00
-1.580019950866699219e+00
-1.475525617599487305e+00
-1.072583317756652832e+00
-3.635182976722717285e-01
5.780429840087890625e-01
1.367981553077697754e+00
1.635107159614562988e+00
1.135263562202453613e+00
1.353766322135925293e-01
-8.515312671661376953e-01
-1.199026584625244141e+00
-7.519844770431518555e-01
2.534304261207580566e-01
1.176646113395690918e+00
1.597057223320007324e+00
1.396022200584411621e+00
9.678534865379333496e-01
6.787345409393310547e-01
7.550864219665527344e-01
9.039629101753234863e-01
7.594965696334838867e-01
-2.803517878055572510e-02
-1.270107030868530273e+00
-2.548123598098754883e+00
-3.226296424865722656e+00
-3.063572406768798828e+00
-2.090784072875976562e+00
-8.041409850120544434e-01
3.777185678482055664e-01
1.035092353820800781e+00
1.137781858444213867e+00
6.932998895645141602e-01
-3.153935074806213379e-02
-8.705382347106933594e-01
-1.476760387420654297e+00
-1.690747022628784180e+00
-1.322641015052795410e+00
-5.822321176528930664e-01
2.509154677391052246e-01
6.559566855430603027e-01
4.487483501434326172e-01
-3.663587868213653564e-01
-1.270540356636047363e+00
-1.798422336578369141e+00
-1.517824649810791016e+00
-5.697470307350158691e-01
7.044134140014648438e-01
1.673270225524902344e+00
2.051087141036987305e+00
1.730583310127258301e+00
1.070255160331726074e+00
3.694827854633331299e-01
3.503784537315368652e-04
-2.027720957994461060e-02
3.343190252780914307e-01
8.557449579238891602e-01
1.479548215866088867e+00
1.960795640945434570e+00
2.196049690246582031e+00
1.940942168235778809e+00
1.239093422889709473e+00
1.829375028610229492e-01
-7.920362949371337891e-01
-1.374165534973144531e+00
-1.292956352233886719e+00
-7.504944801330566406e-01
-7.211959362030029297e-02
2.289684861898422241e-01
1.027460396289825439e-02
-6.478820443153381348e-01
-1.249898195266723633e+00
-1.420690059661865234e+00
-9.045607447624206543e-01
5.529797077178955078e-02
1.076030254364013672e+00
1.629558086395263672e+00
1.518326640129089355e+00
7.341811060905456543e-01
-3.696181476116180420e-01
-1.470036745071411133e+00
-2.207844018936157227e+00
-2.489706039428710938e+00
-2.276562213897705078e+00
-1.743160605430603027e+00
-1.024265408515930176e+00
-3.587036430835723877e-01
1.456989645957946777e-01
3.727449774742126465e-01
3.828393518924713135e-01
2.325280904769897461e-01
7.608410716056823730e-02
-4.935152828693389893e-02
-1.047432422637939453e-01
-1.747435331344604492e-01
-2.798989415168762207e-01
-4.448071718215942383e-01
-5.699087381362915039e-01
-5.648605823516845703e-01
-3.139675259590148926e-01
1.695794761180877686e-01
7.992717623710632324e-01
1.360373258590698242e+00
1.656215548515319824e+00
1.552943468093872070e+00
1.109569430351257324e+00
5.400240421295166016e-01
1.596295237541198730e-01
1.941732168197631836e-01
6.606779694557189941e-01
1.333330154418945312e+00
1.865139007568359375e+00
1.996952533721923828e+00
1.701625108718872070e+00
1.201612472534179688e+00
7.806487083435058594e-01
6.190960407257080078e-01
6.471225023269653320e-01
6.807109117507934570e-01
5.571466088294982910e-01
3.394472301006317139e-01
2.083097249269485474e-01
3.504405021667480469e-01
6.782816648483276367e-01
9.107546210289001465e-01
6.691787838935852051e-01
-1.261971294879913330e-01
-1.234163045883178711e+00
-2.101313591003417969e+00
-2.328032016754150391e+00
-1.822099804878234863e+00
-9.892625212669372559e-01
-3.286028802394866943e-01
-2.259990423917770386e-01
-5.715645551681518555e-01
-1.012944221496582031e+00
-1.086682438850402832e+00
-6.950444579124450684e-01
4.915401339530944824e-03
