2.262788861989974976e-01
2.373571097850799561e-01
1.484124898910522461e+00
2.117735624313354492e+00
1.935422658920288086e+00
1.305120348930358887e+00
7.898976206779479980e-01
7.488839626312255859e-01
1.023930311203002930e+00
1.191975712776184082e+00
9.256323575973510742e-01
3.541283011436462402e-01
-1.206927299499511719e-01
-1.619850099086761475e-01
1.095694601535797119e-01
2.565841078758239746e-01
-1.243676990270614624e-01
-9.349329471588134766e-01
-1.655821681022644043e+00
-1.702783703804016113e+00
-1.001745820045471191e+00
-4.477426409721374512e-02
4.191234111785888672e-01
4.538069665431976318e-02
-8.764798045158386230e-01
-1.599820017814636230e+00
-1.587307333946228027e+00
-8.883227705955505371e-01
-1.376285254955291748e-01
4.121100530028343201e-02
-5.084495544433593750e-01
-1.314744949340820312e+00
-1.749419927597045898e+00
-1.488870859146118164e+00
-7.929487824440002441e-01
-1.612133681774139404e-01
7.768273353576660156e-02
7.907903194427490234e-02
2.091785669326782227e-01
6.641933321952819824e-01
1.144460558891296387e+00
1.121271610260009766e+00
2.790378034114837646e-01
-1.054034709930419922e+00
-2.097901821136474609e+00
-2.120793104171752930e+00
-1.065262675285339355e+00
4.249986112117767334e-01
1.400949478149414062e+00
1.335291147232055664e+00
4.075501561164855957e-01
-6.394581794738769531e-01
-1.138609170913696289e+00
-9.113626480102539062e-01
-3.525867462158203125e-01
1.018270850181579590e-02
-8.829832077026367188e-02
-4.533680081367492676e-01
-7.028261423110961914e-01
-5.741386413574218750e-01
-1.554706990718841553e-01
2.813845574855804443e-01
5.041295886039733887e-01
5.326954126358032227e-01
5.294489264488220215e-01
6.388761997222900391e-01
7.943843007087707520e-01
8.105483055114746094e-01
5.165013074874877930e-01
-5.039751529693603516e-02
-6.870752573013305664e-01
-1.111898422241210938e+00
-1.141614198684692383e+00
-7.120419740676879883e-01
9.631338715553283691e-02
1.112279534339904785e+00
2.045715808868408203e+00
2.556569576263427734e+00
2.351725816726684570e+00
1.406298279762268066e+00
3.507736325263977051e-02
-1.187392115592956543e+00
-1.762847542762756348e+00
-1.550375580787658691e+00
-8.614031076431274414e-01
-1.981573998928070068e-01
1.014129817485809326e-01
9.841096401214599609e-02
1.091893911361694336e-01
3.778985440731048584e-01
7.812532186508178711e-01
9.065583944320678711e-01
3.941298127174377441e-01
-6.837580204010009766e-01
-1.790471315383911133e+00
-2.252402305603027344e+00
-1.751275539398193359e+00
-5.550718307495117188e-01
6.571446061134338379e-01
1.268501162528991699e+00
1.106000185012817383e+00
4.765747785568237305e-01
-1.383050680160522461e-01
-4.460518658161163330e-01
-4.766928553581237793e-01
-4.305471777915954590e-01
-4.203985333442687988e-01
-3.732877075672149658e-01
-1.579430401325225830e-01
2.066650390625000000e-01
4.951029419898986816e-01
4.483224153518676758e-01
4.167342185974121094e-02
-4.254980385303497314e-01
-5.135959982872009277e-01
4.545465111732482910e-03
9.281331300735473633e-01
1.721705913543701172e+00
1.888111591339111328e+00
1.318072915077209473e+00
3.747442066669464111e-01
-3.779379129409790039e-01
-5.612421035766601562e-01
-2.300995588302612305e-01
2.221431732177734375e-01
3.660271167755126953e-01
5.802637338638305664e-02
-4.976050257682800293e-01
-9.060642719268798828e-01
-8.852763175964355469e-01
-4.352511763572692871e-01
1.620606482028961182e-01
5.514973998069763184e-01
5.114924907684326172e-01
9.538938105106353760e-02
-4.246886372566223145e-01
-7.117325663566589355e-01
-5.788161754608154297e-01
-9.044951200485229492e-02
4.644762277603149414e-01
7.707172632217407227e-01
6.791077852249145508e-01
3.389127850532531738e-01
8.783984184265136719e-02
2.301042079925537109e-01
7.883327007293701172e-01
1.478700757026672363e+00
1.877247214317321777e+00
1.730631947517395020e+00
1.113043427467346191e+00
3.686167001724243164e-01
-1.707091927528381348e-01
-3.973912298679351807e-01
-4.517352283000946045e-01
-5.032914280891418457e-01
-5.499126315116882324e-01
-4.003967046737670898e-01
8.169525116682052612e-02
7.382921576499938965e-01
1.092417955398559570e+00
6.814061999320983887e-01
-5.349640846252441406e-01
-1.997055172920227051e+00
-2.845614433288574219e+00
-2.496277809143066406e+00
-1.093240737915039062e+00
5.546081662178039551e-01
1.506927609443664551e+00
1.337972521781921387e+00
3.804376125335693359e-01
-5.767494440078735352e-01
-9.040611386299133301e-01
-5.534160137176513672e-01
-1.131884753704071045e-03
2.175386399030685425e-01
-4.825511947274208069e-02
-4.953191578388214111e-01
-6.855833530426025391e-01
-4.496599435806274414e-01
3.124855458736419678e-03
3.190465867519378662e-01
3.541845679283142090e-01
2.800094485282897949e-01
3.628982901573181152e-01
6.163530945777893066e-01
7.091127634048461914e-01
2.348815053701400757e-01
-8.391925096511840820e-01
-1.992019772529602051e+00
-2.425658226013183594e+00
-1.669266343116760254e+00
8.624419569969177246e-03
1.686469674110412598e+00
2.415285825729370117e+00
1.865356087684631348e+00
5.746308565139770508e-01
-4.580560028553009033e-01
-4.525888562202453613e-01
6.164992451667785645e-01
2.078162670135498047e+00
3.034473419189453125e+00
2.959906578063964844e+00
1.932818174362182617e+00
4.964177608489990234e-01
-7.521472573280334473e-01
-1.442418098449707031e+00
-1.532740592956542969e+00
-1.174263358116149902e+00
-6.131768822669982910e-01
-9.179156273603439331e-02
1.516686677932739258e-01
-8.346945047378540039e-03
-5.250401496887207031e-01
-1.123056054115295410e+00
-1.465699434280395508e+00
-1.337950110435485840e+00
-8.436935544013977051e-01
