-3.203812837600708008e-01
-3.511993288993835449e-01
-5.631265640258789062e-01
-7.118914127349853516e-01
-7.052628993988037109e-01
-5.439880490303039551e-01
-2.530362904071807861e-01
-4.731184989213943481e-02
-7.590794563293457031e-02
-4.107030630111694336e-01
-8.082092404365539551e-01
-9.614854454994201660e-01
-5.910828113555908203e-01
1.865496933460235596e-01
1.009089350700378418e+00
1.359824419021606445e+00
1.050887227058410645e+00
2.497352361679077148e-01
-4.921852648258209229e-01
-7.340875864028930664e-01
-3.142825663089752197e-01
4.409177005290985107e-01
1.083242416381835938e+00
1.235261678695678711e+00
9.328244328498840332e-01
4.204694032669067383e-01
5.008181929588317871e-02
-7.767081260681152344e-02
-1.453912258148193359e-02
4.190164804458618164e-02
4.034960269927978516e-02
2.102553844451904297e-04
4.239782691001892090e-02
1.460704207420349121e-01
2.415603399276733398e-01
1.910253763198852539e-01
3.300946950912475586e-02
-1.103715896606445312e-01
-3.288489580154418945e-02
2.847089767456054688e-01
7.184622287750244141e-01
9.920211434364318848e-01
9.743533134460449219e-01
6.994167566299438477e-01
4.141917228698730469e-01
2.967875301837921143e-01
3.718335628509521484e-01
4.136237502098083496e-01
1.957955658435821533e-01
-3.621190488338470459e-01
-1.021986603736877441e+00
-1.409711599349975586e+00
-1.206634283065795898e+00
-4.308065176010131836e-01
5.893614292144775391e-01
1.342689633369445801e+00
1.469170451164245605e+00
9.162613749504089355e-01
-7.759377360343933105e-03
-8.542053699493408203e-01
-1.246454715728759766e+00
-1.088519930839538574e+00
-5.475941896438598633e-01
5.785522982478141785e-02
4.644950926303863525e-01
5.724145174026489258e-01
4.485906064510345459e-01
2.157138288021087646e-01
-5.962871387600898743e-02
-3.894023597240447998e-01
-7.954503893852233887e-01
-1.187655329704284668e+00
-1.355278015136718750e+00
-1.061857461929321289e+00
-2.699046432971954346e-01
7.708749771118164062e-01
1.572786808013916016e+00
1.722555756568908691e+00
1.128120064735412598e+00
1.457991600036621094e-01
-6.884065866470336914e-01
-9.808174371719360352e-01
-8.064368367195129395e-01
-5.730919837951660156e-01
-7.273780107498168945e-01
-1.299965500831604004e+00
-1.898037433624267578e+00
-1.928298950195312500e+00
-1.162585258483886719e+00
8.844178915023803711e-02
1.069811105728149414e+00
1.204109549522399902e+00
4.658248424530029297e-01
-4.783102273941040039e-01
-8.225517868995666504e-01
-1.242627650499343872e-01
1.272335410118103027e+00
2.579062700271606445e+00
3.029780626296997070e+00
2.503098726272583008e+00
1.435644030570983887e+00
5.375021696090698242e-01
1.384852528572082520e-01
1.163226142525672913e-01
4.624884575605392456e-03
-4.149627685546875000e-01
-9.914638400077819824e-01
-1.213554859161376953e+00
-7.958551645278930664e-01
1.362427920103073120e-01
9.479098320007324219e-01
1.070695161819458008e+00
2.945594787597656250e-01
-9.398735761642456055e-01
-1.994206905364990234e+00
-2.323612451553344727e+00
-1.929522395133972168e+00
-1.112896680831909180e+00
-3.231695890426635742e-01
2.812182605266571045e-01
6.717563867568969727e-01
9.305014610290527344e-01
9.088275432586669922e-01
4.560897946357727051e-01
-5.227539539337158203e-01
-1.704959750175476074e+00
-2.601994991302490234e+00
-2.696729660034179688e+00
-1.956735372543334961e+00
-7.254198789596557617e-01
3.558896780014038086e-01
9.176337122917175293e-01
9.154468774795532227e-01
7.160162925720214844e-01
6.112810373306274414e-01
7.334475517272949219e-01
8.649968504905700684e-01
8.287734985351562500e-01
5.329713225364685059e-01
1.907101720571517944e-01
-1.933822035789489746e-02
2.696295082569122314e-02
1.798881888389587402e-01
3.319174945354461670e-01
4.189093410968780518e-01
6.118243932723999023e-01
9.885383844375610352e-01
1.499484300613403320e+00
1.784501552581787109e+00
1.553048849105834961e+00
7.187021970748901367e-01
-3.295463621616363525e-01
-1.095998167991638184e+00
-1.217277050018310547e+00
-8.820736408233642578e-01
-5.895816087722778320e-01
-8.786792755126953125e-01
-1.756223440170288086e+00
-2.745229721069335938e+00
-3.079331874847412109e+00
-2.363509893417358398e+00
-7.721387147903442383e-01
9.419178962707519531e-01
2.050207138061523438e+00
2.202461957931518555e+00
1.688488245010375977e+00
1.043318033218383789e+00
7.168458700180053711e-01
6.947789192199707031e-01
6.947648525238037109e-01
4.043250977993011475e-01
-1.368069648742675781e-01
-6.382187008857727051e-01
-7.412863373756408691e-01
-4.041589498519897461e-01
1.171564459800720215e-01
4.169963896274566650e-01
3.444819450378417969e-01
7.705676555633544922e-02
1.852679252624511719e-02
3.831779360771179199e-01
1.001841664314270020e+00
1.347992181777954102e+00
9.660114049911499023e-01
-1.791701912879943848e-01
-1.548680543899536133e+00
-2.361588954925537109e+00
-2.072839736938476562e+00
-7.781296372413635254e-01
8.420702219009399414e-01
1.925822734832763672e+00
1.972617745399475098e+00
1.112623333930969238e+00
-2.884560823440551758e-02
-7.715551853179931641e-01
-8.027753829956054688e-01
-2.907541394233703613e-01
3.205033540725708008e-01
6.881225705146789551e-01
7.717367410659790039e-01
7.936871647834777832e-01
9.494969248771667480e-01
1.212451338768005371e+00
1.303579092025756836e+00
9.519464969635009766e-01
1.155306696891784668e-01
-8.934370279312133789e-01
-1.633281469345092773e+00
-1.777106642723083496e+00
-1.373136997222900391e+00
-7.356967329978942871e-01
-2.665861248970031738e-01
-1.236034035682678223e-01
-2.145571410655975342e-01
-2.497939318418502808e-01
-5.285538360476493835e-02
3.861419558525085449e-01
