-1.088965237140655518e-01
-1.194585710763931274e-01
1.262532949447631836e+00
2.387152910232543945e+00
2.945473194122314453e+00
2.708103895187377930e+00
2.077472209930419922e+00
1.347368240356445312e+00
9.078522920608520508e-01
6.186647415161132812e-01
4.074524044990539551e-01
2.572095394134521484e-02
-3.498996496200561523e-01
-6.551872491836547852e-01
-6.774169802665710449e-01
-6.194204092025756836e-01
-5.936645865440368652e-01
-8.350522518157958984e-01
-1.153946280479431152e+00
-1.394199728965759277e+00
-1.254231929779052734e+00
-8.456884622573852539e-01
-3.074885606765747070e-01
2.008035778999328613e-02
1.340969502925872803e-01
4.929621890187263489e-02
-2.058610320091247559e-02
-1.430798768997192383e-01
-3.555278778076171875e-01
-7.899280190467834473e-01
-1.237063884735107422e+00
-1.449955940246582031e+00
-1.134973526000976562e+00
-4.425513446331024170e-01
2.576929926872253418e-01
4.485123753547668457e-01
4.874581098556518555e-02
-6.541941761970520020e-01
-1.063956618309020996e+00
-9.203022718429565430e-01
-4.101516902446746826e-01
-1.763173639774322510e-01
-6.727105379104614258e-01
-1.838578701019287109e+00
-2.963878154754638672e+00
-3.258464097976684570e+00
-2.372640609741210938e+00
-7.623709440231323242e-01
6.484544277191162109e-01
1.050656557083129883e+00
3.251599371433258057e-01
-9.300532937049865723e-01
-1.816636681556701660e+00
-1.726558208465576172e+00
-6.825115680694580078e-01
7.814136147499084473e-01
1.978646397590637207e+00
2.490792274475097656e+00
2.260024070739746094e+00
1.565050482749938965e+00
7.604880928993225098e-01
2.051702737808227539e-01
6.968489289283752441e-02
3.790412843227386475e-01
8.677730560302734375e-01
1.183332681655883789e+00
9.555703997611999512e-01
1.932749003171920776e-01
-7.711198925971984863e-01
-1.292021274566650391e+00
-9.726918935775756836e-01
1.840917468070983887e-01
1.569214105606079102e+00
2.525424003601074219e+00
2.605895996093750000e+00
2.025908946990966797e+00
1.250816702842712402e+00
7.948606014251708984e-01
6.438632607460021973e-01
5.464311838150024414e-01
1.184845864772796631e-01
-5.536911487579345703e-01
-1.165183424949645996e+00
-1.250280857086181641e+00
-8.524852991104125977e-01
-3.151634633541107178e-01
-2.593655884265899658e-01
-8.238878250122070312e-01
-1.759566783905029297e+00
-2.357018470764160156e+00
-2.260259628295898438e+00
-1.492260336875915527e+00
-6.855595707893371582e-01
-2.978287637233734131e-01
-5.015516281127929688e-01
-7.954846620559692383e-01
-7.089173793792724609e-01
6.019526720046997070e-02
1.102891564369201660e+00
1.878043889999389648e+00
1.841907024383544922e+00
1.107437133789062500e+00
5.211898684501647949e-02
-6.954146623611450195e-01
-9.511788487434387207e-01
-7.250287532806396484e-01
-3.835796117782592773e-01
-5.664044618606567383e-02
1.312013864517211914e-01
3.261666595935821533e-01
4.883657693862915039e-01
6.858813762664794922e-01
8.312583565711975098e-01
1.061698198318481445e+00
1.353478312492370605e+00
1.709625840187072754e+00
1.800042033195495605e+00
1.417645692825317383e+00
4.367150366306304932e-01
-7.340995669364929199e-01
-1.583228468894958496e+00
-1.583360314369201660e+00
-8.280242681503295898e-01
2.228063344955444336e-01
8.008142709732055664e-01
5.726608037948608398e-01
-3.654645085334777832e-01
-1.371922731399536133e+00
-1.914256095886230469e+00
-1.685145497322082520e+00
-9.007296562194824219e-01
1.304741799831390381e-01
1.056733489036560059e+00
1.782917737960815430e+00
2.195852518081665039e+00
2.245692491531372070e+00
1.806978464126586914e+00
9.965759515762329102e-01
1.056727468967437744e-01
-3.873348534107208252e-01
-2.462520301342010498e-01
4.254425764083862305e-01
1.136816978454589844e+00
1.454092621803283691e+00
1.243556857109069824e+00
8.121947050094604492e-01
5.410249233245849609e-01
5.650060176849365234e-01
6.038392782211303711e-01
2.559562921524047852e-01
-5.976751446723937988e-01
-1.575865268707275391e+00
-2.043772220611572266e+00
-1.625331878662109375e+00
-5.381830930709838867e-01
5.043922066688537598e-01
8.627580404281616211e-01
4.145211577415466309e-01
-3.242430686950683594e-01
-7.339133620262145996e-01
-5.649107098579406738e-01
-2.349991351366043091e-01
-3.423943221569061279e-01
-1.181992053985595703e+00
-2.276421070098876953e+00
-2.809423446655273438e+00
-2.150830030441284180e+00
-5.646309256553649902e-01
1.069556117057800293e+00
1.726552605628967285e+00
1.188487172126770020e+00
2.992776036262512207e-02
-6.482900977134704590e-01
-2.955798506736755371e-01
8.615524768829345703e-01
1.774808406829833984e+00
1.632780551910400391e+00
2.803367972373962402e-01
-1.376839518547058105e+00
-2.280548095703125000e+00
-1.716881394386291504e+00
-1.083808988332748413e-01
1.582735538482666016e+00
2.220019578933715820e+00
1.542346715927124023e+00
-5.259272456169128418e-02
-1.516427636146545410e+00
-2.185024738311767578e+00
-1.793760418891906738e+00
-8.707248568534851074e-01
7.553035020828247070e-02
5.219890475273132324e-01
5.714002847671508789e-01
3.835858106613159180e-01
3.738299906253814697e-01
5.260012149810791016e-01
8.397084474563598633e-01
9.656924009323120117e-01
8.845894932746887207e-01
5.103688836097717285e-01
1.808131933212280273e-01
-1.839637756347656250e-03
2.001402378082275391e-01
5.413937568664550781e-01
8.911663889884948730e-01
8.589497804641723633e-01
5.261685848236083984e-01
-5.101811885833740234e-02
-3.969875872135162354e-01
-4.159774780273437500e-01
-4.972040653228759766e-03
3.784392774105072021e-01
4.973348677158355713e-01
1.240652799606323242e-02
-7.972308993339538574e-01
-1.713418602943420410e+00
-2.237461566925048828e+00
