-2.825573682785034180e-01
-2.934802174568176270e-01
2.911100387573242188e-01
9.365001320838928223e-01
1.275308609008789062e+00
1.140024423599243164e+00
7.151409387588500977e-01
3.762545287609100342e-01
3.913352489471435547e-01
6.919575929641723633e-01
9.681329727172851562e-01
9.260274171829223633e-01
5.517824888229370117e-01
5.580408498644828796e-02
-3.456180095672607422e-01
-6.851097345352172852e-01
-1.164851188659667969e+00
-1.891409993171691895e+00
-2.595724344253540039e+00
-2.739010334014892578e+00
-1.896245837211608887e+00
-2.282418608665466309e-01
1.507027149200439453e+00
2.383112430572509766e+00
2.001092433929443359e+00
7.811214327812194824e-01
-2.899485826492309570e-01
-4.365792274475097656e-01
3.380034565925598145e-01
1.218098163604736328e+00
1.240360975265502930e+00
1.857203245162963867e-02
-1.906373381614685059e+00
-3.481797933578491211e+00
-3.858611822128295898e+00
-2.984469890594482422e+00
-1.512593746185302734e+00
-2.973962426185607910e-01
2.291537374258041382e-01
1.972110122442245483e-01
7.525286078453063965e-02
1.847752332687377930e-01
5.475937128067016602e-01
9.530353546142578125e-01
1.274020791053771973e+00
1.529978632926940918e+00
1.815043449401855469e+00
2.052768707275390625e+00
2.021810293197631836e+00
1.514922857284545898e+00
6.314429044723510742e-01
-2.415102124214172363e-01
-6.452192068099975586e-01
-4.402559399604797363e-01
1.120682060718536377e-01
5.104714632034301758e-01
4.463673532009124756e-01
-3.835201263427734375e-02
-6.031031012535095215e-01
-9.768000841140747070e-01
-1.115027904510498047e+00
-1.180984973907470703e+00
-1.225458621978759766e+00
-1.094195842742919922e+00
-5.201656818389892578e-01
4.944671988487243652e-01
1.541538476943969727e+00
1.963519334793090820e+00
1.386745810508728027e+00
3.897879272699356079e-02
-1.297388076782226562e+00
-1.873712778091430664e+00
-1.486306428909301758e+00
-6.561129093170166016e-01
-1.497629582881927490e-01
-4.065685570240020752e-01
-1.163803815841674805e+00
-1.750333666801452637e+00
-1.620470046997070312e+00
-8.126556873321533203e-01
1.817755252122879028e-01
8.519410490989685059e-01
1.114943504333496094e+00
1.256391525268554688e+00
1.569060802459716797e+00
1.931804180145263672e+00
1.904906511306762695e+00
1.135975360870361328e+00
-1.567364633083343506e-01
-1.247952818870544434e+00
-1.401628851890563965e+00
-5.347117781639099121e-01
6.749254465103149414e-01
1.249934196472167969e+00
7.258646488189697266e-01
-4.742613732814788818e-01
-1.328381061553955078e+00
-1.060532331466674805e+00
2.591615021228790283e-01
1.735424160957336426e+00
2.378594160079956055e+00
1.834681034088134766e+00
6.286495327949523926e-01
-3.471467792987823486e-01
-5.298709273338317871e-01
-9.055346250534057617e-02
3.599829673767089844e-01
3.456890583038330078e-01
-7.089588046073913574e-02
-4.611633419990539551e-01
-5.136333703994750977e-01
-3.944351971149444580e-01
-5.529824495315551758e-01
-1.228272438049316406e+00
-2.059996128082275391e+00
-2.298991441726684570e+00
-1.432046175003051758e+00
2.539771199226379395e-01
1.754898071289062500e+00
2.037010669708251953e+00
8.634843230247497559e-01
-9.712216258049011230e-01
-2.174490451812744141e+00
-1.908024549484252930e+00
-3.831929564476013184e-01
1.308079957962036133e+00
2.023344278335571289e+00
1.370267391204833984e+00
-8.733686059713363647e-02
-1.340352296829223633e+00
-1.680844664573669434e+00
-1.127571702003479004e+00
-2.436035573482513428e-01
4.069221913814544678e-01
6.820657849311828613e-01
8.575353622436523438e-01
1.263141512870788574e+00
1.930239677429199219e+00
2.534801483154296875e+00
2.665182590484619141e+00
2.127712011337280273e+00
1.073068857192993164e+00
-1.418483555316925049e-01
-1.172911763191223145e+00
-1.831794500350952148e+00
-2.066313982009887695e+00
-1.908848643302917480e+00
-1.439373135566711426e+00
-8.238339424133300781e-01
-2.737255692481994629e-01
5.179326981306076050e-02
1.886188685894012451e-01
3.519101142883300781e-01
7.736978530883789062e-01
1.442531585693359375e+00
2.042541503906250000e+00
2.122887134552001953e+00
1.459137678146362305e+00
2.612528204917907715e-01
-9.141206741333007812e-01
-1.549505233764648438e+00
-1.499311685562133789e+00
-1.060320615768432617e+00
-6.766162514686584473e-01
-5.972193479537963867e-01
-7.114149928092956543e-01
-7.481701374053955078e-01
-5.599216222763061523e-01
-2.915478348731994629e-01
-2.042050361633300781e-01
-3.995814919471740723e-01
-6.551938056945800781e-01
-6.188778877258300781e-01
-1.344723701477050781e-01
5.365055203437805176e-01
9.028683304786682129e-01
6.367264389991760254e-01
-8.093798905611038208e-02
-6.663812398910522461e-01
-5.512639880180358887e-01
3.242391347885131836e-01
1.440693855285644531e+00
2.044091701507568359e+00
1.713781476020812988e+00
6.361466646194458008e-01
-5.460870265960693359e-01
-1.240762472152709961e+00
-1.275849103927612305e+00
-9.314354658126831055e-01
-5.911554098129272461e-01
-4.152917861938476562e-01
-2.450472265481948853e-01
1.281757652759552002e-01
6.945804357528686523e-01
1.138231515884399414e+00
1.105767965316772461e+00
5.117214918136596680e-01
-3.124673962593078613e-01
-8.471866250038146973e-01
-7.383286356925964355e-01
-6.567384302616119385e-02
7.419480085372924805e-01
1.202303290367126465e+00
1.092149496078491211e+00
5.147439837455749512e-01
-2.320916056632995605e-01
-8.856616020202636719e-01
-1.310718894004821777e+00
-1.472850322723388672e+00
-1.345484018325805664e+00
-9.197756052017211914e-01
-2.633094191551208496e-01
4.224522113800048828e-01
8.711428642272949219e-01
9.041836261749267578e-01
5.616601705551147461e-01
7.736615836620330811e-02
