-8.521391153335571289e-01
-8.162746429443359375e-01
-4.587306082248687744e-01
1.240833997726440430e-01
6.905565261840820312e-01
9.188220500946044922e-01
7.264614105224609375e-01
1.955245435237884521e-01
-3.276136815547943115e-01
-5.506086349487304688e-01
-2.768098711967468262e-01
3.280890583992004395e-01
9.314781427383422852e-01
1.078557133674621582e+00
6.059745550155639648e-01
-3.534864783287048340e-01
-1.284562826156616211e+00
-1.708102703094482422e+00
-1.356917500495910645e+00
-4.814550280570983887e-01
4.194150567054748535e-01
8.052708506584167480e-01
5.654743909835815430e-01
-3.435069322586059570e-02
-4.426061809062957764e-01
-3.350629210472106934e-01
2.650181949138641357e-01
9.068389534950256348e-01
1.158965110778808594e+00
8.200571537017822266e-01
1.593044251203536987e-01
-3.993241488933563232e-01
-4.808459281921386719e-01
-1.115663200616836548e-01
4.408311843872070312e-01
7.845793366432189941e-01
7.634741663932800293e-01
4.172037839889526367e-01
-1.849105954170227051e-02
-3.920458257198333740e-01
-6.049503087997436523e-01
-6.762481331825256348e-01
-5.667471289634704590e-01
-2.790144383907318115e-01
1.558143198490142822e-01
5.298480987548828125e-01
6.228787899017333984e-01
3.002800941467285156e-01
-2.488988935947418213e-01
-6.465611457824707031e-01
-5.105701088905334473e-01
1.669431030750274658e-01
1.010078787803649902e+00
1.427839159965515137e+00
1.095801115036010742e+00
1.676203906536102295e-01
-7.577802538871765137e-01
-1.114146828651428223e+00
-7.478994727134704590e-01
-8.820536732673645020e-02
2.110788226127624512e-01
-2.678155899047851562e-01
-1.339498877525329590e+00
-2.363052845001220703e+00
-2.661842823028564453e+00
-2.019328594207763672e+00
-7.731319665908813477e-01
4.370678067207336426e-01
1.140739321708679199e+00
1.294612050056457520e+00
1.208317875862121582e+00
1.199806451797485352e+00
1.321021199226379395e+00
1.341556906700134277e+00
1.009575128555297852e+00
3.228192627429962158e-01
-4.164835512638092041e-01
-8.169330358505249023e-01
-7.073820829391479492e-01
-2.678540349006652832e-01
1.067731082439422607e-01
1.360687017440795898e-01
-1.466898322105407715e-01
-4.087035655975341797e-01
-3.173117637634277344e-01
2.049415558576583862e-01
8.800636529922485352e-01
1.296472787857055664e+00
1.176239967346191406e+00
5.964248180389404297e-01
-1.117272973060607910e-01
-5.717560052871704102e-01
-6.429518461227416992e-01
-4.393150806427001953e-01
-2.405358552932739258e-01
-2.270500659942626953e-01
-4.134901762008666992e-01
-6.242860555648803711e-01
-7.067947387695312500e-01
-5.933611989021301270e-01
-3.805320858955383301e-01
-1.675356328487396240e-01
-1.447941362857818604e-02
1.620510965585708618e-01
4.423926770687103271e-01
8.700975179672241211e-01
1.311166763305664062e+00
1.581314325332641602e+00
1.490314126014709473e+00
1.037979602813720703e+00
3.622578382492065430e-01
-2.613193094730377197e-01
-6.408919095993041992e-01
-6.920375823974609375e-01
-5.365308523178100586e-01
-3.337326645851135254e-01
-2.567176818847656250e-01
-3.250009715557098389e-01
-5.046433806419372559e-01
-6.890013217926025391e-01
-8.612152338027954102e-01
-1.016172766685485840e+00
-1.202449202537536621e+00
-1.360036730766296387e+00
-1.390550255775451660e+00
-1.123990893363952637e+00
-5.213959217071533203e-01
3.285197019577026367e-01
1.123784422874450684e+00
1.555784583091735840e+00
1.388577222824096680e+00
6.738255023956298828e-01
-3.286108374595642090e-01
-1.175621867179870605e+00
-1.513801336288452148e+00
-1.151987910270690918e+00
-2.229707837104797363e-01
9.494211077690124512e-01
1.899127960205078125e+00
2.275035619735717773e+00
1.908577919006347656e+00
9.630421400070190430e-01
-1.960862725973129272e-01
-1.076461791992187500e+00
-1.350154280662536621e+00
-9.372491836547851562e-01
-1.104231551289558411e-01
7.137305736541748047e-01
1.136628866195678711e+00
1.045859456062316895e+00
5.983316898345947266e-01
1.542272269725799561e-01
-1.755632460117340088e-02
1.536599397659301758e-01
4.654261171817779541e-01
6.594039797782897949e-01
5.692026019096374512e-01
2.865315377712249756e-01
4.201692342758178711e-02
6.443518400192260742e-02
3.548461198806762695e-01
6.967642307281494141e-01
7.534391880035400391e-01
3.270341455936431885e-01
-5.268245339393615723e-01
-1.488633394241333008e+00
-2.190951585769653320e+00
-2.402670621871948242e+00
-2.159759998321533203e+00
-1.672566413879394531e+00
-1.163141250610351562e+00
-7.004580497741699219e-01
-2.100614905357360840e-01
3.945479393005371094e-01
1.038430571556091309e+00
1.453052639961242676e+00
1.325667977333068848e+00
5.534425973892211914e-01
-5.888473391532897949e-01
-1.532292962074279785e+00
-1.716856122016906738e+00
-9.640176296234130859e-01
3.811457753181457520e-01
1.609859585762023926e+00
2.094726085662841797e+00
1.651844263076782227e+00
6.651477813720703125e-01
-2.233706712722778320e-01
-5.170771479606628418e-01
-2.111704796552658081e-01
3.043449521064758301e-01
5.542873740196228027e-01
4.043026566505432129e-01
1.133528947830200195e-01
1.434802263975143433e-01
6.899639368057250977e-01
1.510930657386779785e+00
1.990383267402648926e+00
1.637387871742248535e+00
4.127502739429473877e-01
-1.124526023864746094e+00
-2.224601268768310547e+00
-2.355232715606689453e+00
-1.603185296058654785e+00
-5.018492341041564941e-01
2.755608260631561279e-01
4.259892106056213379e-01
6.532382965087890625e-02
-3.591376841068267822e-01
-5.162032246589660645e-01
-3.173509240150451660e-01
5.154371261596679688e-03
2.301932275295257568e-01
2.424471080303192139e-01
1.765152066946029663e-01
1.618298292160034180e-01
2.811916470527648926e-01
