-1.741637945175170898e+00
-1.761938810348510742e+00
-2.598777294158935547e+00
-2.848224639892578125e+00
-2.015846729278564453e+00
-4.467226266860961914e-01
1.338124752044677734e+00
2.447600841522216797e+00
2.646085023880004883e+00
1.964740991592407227e+00
1.102271795272827148e+00
4.606069028377532959e-01
3.881644606590270996e-01
5.675789117813110352e-01
7.931061983108520508e-01
6.976187229156494141e-01
4.440288543701171875e-01
1.091770827770233154e-01
4.217609763145446777e-02
1.844870299100875854e-01
5.896553397178649902e-01
9.699288606643676758e-01
1.300780773162841797e+00
1.341145992279052734e+00
1.151136159896850586e+00
6.070558428764343262e-01
-7.953304052352905273e-02
-8.582983016967773438e-01
-1.429278135299682617e+00
-1.813831686973571777e+00
-1.926621913909912109e+00
-1.959101676940917969e+00
-1.808934211730957031e+00
-1.473263263702392578e+00
-7.219281196594238281e-01
2.877012193202972412e-01
1.327691674232482910e+00
1.825908899307250977e+00
1.584154963493347168e+00
6.623505353927612305e-01
-2.751025557518005371e-01
-6.836775541305541992e-01
-2.470588088035583496e-01
5.891016721725463867e-01
1.193687558174133301e+00
9.663906097412109375e-01
5.986312031745910645e-02
-9.562993049621582031e-01
-1.284812569618225098e+00
-7.362909913063049316e-01
3.385359346866607666e-01
1.105410099029541016e+00
1.077956199645996094e+00
2.738100886344909668e-01
-6.544784903526306152e-01
-1.119664192199707031e+00
-8.819119930267333984e-01
-3.295710682868957520e-01
3.092978894710540771e-02
-1.249026656150817871e-01
-5.839778780937194824e-01
-9.394860863685607910e-01
-8.746072649955749512e-01
-5.315442681312561035e-01
-2.838404178619384766e-01
-4.610464572906494141e-01
-9.632181525230407715e-01
-1.371752381324768066e+00
-1.227261781692504883e+00
-4.299377799034118652e-01
7.106863856315612793e-01
1.686255216598510742e+00
2.151871204376220703e+00
2.094438314437866211e+00
1.737282514572143555e+00
1.314763903617858887e+00
8.996467590332031250e-01
4.759064614772796631e-01
4.125231504440307617e-02
-2.781577110290527344e-01
-3.863008618354797363e-01
-2.961730360984802246e-01
-2.351590096950531006e-01
-3.781122267246246338e-01
-7.205709218978881836e-01
-9.109390974044799805e-01
-5.976279973983764648e-01
3.490785956382751465e-01
1.515552759170532227e+00
2.273387432098388672e+00
2.078268289566040039e+00
1.009769439697265625e+00
-4.044439792633056641e-01
-1.408940792083740234e+00
-1.690221428871154785e+00
-1.376625299453735352e+00
-9.979271888732910156e-01
-8.287508487701416016e-01
-8.305405378341674805e-01
-5.739885568618774414e-01
1.190673857927322388e-01
1.090402960777282715e+00
1.700180172920227051e+00
1.518640875816345215e+00
5.162069797515869141e-01
-6.407390832901000977e-01
-1.260447859764099121e+00
-9.264999628067016602e-01
-2.161800861358642578e-02
8.013767004013061523e-01
9.115859270095825195e-01
3.978400826454162598e-01
-2.682045400142669678e-01
-4.344940483570098877e-01
-4.731580615043640137e-02
5.241268873214721680e-01
5.757286548614501953e-01
-1.030316054821014404e-01
-1.244512557983398438e+00
-2.045113086700439453e+00
-1.989989161491394043e+00
-9.994278550148010254e-01
2.908270657062530518e-01
1.235174179077148438e+00
1.383440971374511719e+00
9.528134465217590332e-01
3.266153931617736816e-01
-7.146686315536499023e-02
-2.970390319824218750e-01
-5.097532868385314941e-01
-9.267114400863647461e-01
-1.323659658432006836e+00
-1.383801102638244629e+00
-7.702016234397888184e-01
3.185532689094543457e-01
1.411343693733215332e+00
1.857949256896972656e+00
1.500941276550292969e+00
6.123970150947570801e-01
-9.484270960092544556e-02
-1.555483937263488770e-01
5.077311992645263672e-01
1.372993111610412598e+00
1.878963112831115723e+00
1.653177738189697266e+00
8.997257947921752930e-01
3.473871946334838867e-02
-4.986373186111450195e-01
-6.818364858627319336e-01
-7.225618958473205566e-01
-9.339020252227783203e-01
-1.297848224639892578e+00
-1.566873311996459961e+00
-1.373886942863464355e+00
-6.821139454841613770e-01
1.987946927547454834e-01
6.970362663269042969e-01
4.622014164924621582e-01
-4.289539456367492676e-01
-1.428126096725463867e+00
-1.932548642158508301e+00
-1.633381366729736328e+00
-7.363506555557250977e-01
2.636592388153076172e-01
9.411743879318237305e-01
1.236794829368591309e+00
1.415804505348205566e+00
1.755872011184692383e+00
2.246472835540771484e+00
2.515702724456787109e+00
2.147009611129760742e+00
1.023275017738342285e+00
-4.303270280361175537e-01
-1.513817787170410156e+00
-1.634305596351623535e+00
-7.988178133964538574e-01
4.463331103324890137e-01
1.255657315254211426e+00
1.123523473739624023e+00
6.648401916027069092e-02
-1.298736095428466797e+00
-2.305701732635498047e+00
-2.488829135894775391e+00
-1.959501147270202637e+00
-1.089113831520080566e+00
-4.130575358867645264e-01
-1.471842229366302490e-01
-3.324989080429077148e-01
-6.834536790847778320e-01
-9.949187040328979492e-01
-1.008186101913452148e+00
-7.485039234161376953e-01
-2.473751753568649292e-01
1.968102157115936279e-01
4.149038791656494141e-01
1.886635273694992065e-01
-2.988150715827941895e-01
-8.029189109802246094e-01
-8.384475708007812500e-01
-3.036633133888244629e-01
7.041491866111755371e-01
1.572371006011962891e+00
1.872948169708251953e+00
1.333234310150146484e+00
3.968926668167114258e-01
-3.856962919235229492e-01
-3.618254661560058594e-01
4.088828861713409424e-01
1.548974275588989258e+00
2.225800752639770508e+00
2.080348968505859375e+00
1.051585912704467773e+00
-2.106859385967254639e-01
-1.186646342277526855e+00
-1.383980751037597656e+00
-1.001280665397644043e+00
-2.995930910110473633e-01
