6.513009667396545410e-01
6.435291767120361328e-01
1.253859877586364746e+00
1.697524428367614746e+00
1.802420854568481445e+00
1.646131992340087891e+00
1.303994536399841309e+00
1.004669189453125000e+00
8.045350313186645508e-01
7.609592080116271973e-01
7.165299057960510254e-01
6.006272435188293457e-01
2.955068051815032959e-01
-8.876883983612060547e-02
-4.632062613964080811e-01
-6.307709217071533203e-01
-6.070513129234313965e-01
-4.483814835548400879e-01
-4.125774502754211426e-01
-6.207080483436584473e-01
-1.139035463333129883e+00
-1.736158609390258789e+00
-2.173983097076416016e+00
-2.174297571182250977e+00
-1.762349009513854980e+00
-1.098289847373962402e+00
-5.552095770835876465e-01
-3.437097370624542236e-01
-5.556138753890991211e-01
-9.704375267028808594e-01
-1.348019599914550781e+00
-1.415135264396667480e+00
-1.142359733581542969e+00
-5.842301845550537109e-01
3.086244687438011169e-02
5.465393662452697754e-01
7.789735794067382812e-01
6.953709125518798828e-01
2.845903933048248291e-01
-2.801429629325866699e-01
-7.909681200981140137e-01
-9.429892897605895996e-01
-5.983810424804687500e-01
2.218322604894638062e-01
1.194785475730895996e+00
1.941054701805114746e+00
2.118547439575195312e+00
1.703634023666381836e+00
9.027377963066101074e-01
1.143303140997886658e-01
-3.765937387943267822e-01
-4.423617422580718994e-01
-2.031890004873275757e-01
1.654532700777053833e-01
4.692260026931762695e-01
6.269973516464233398e-01
5.849489569664001465e-01
3.662163913249969482e-01
1.370166894048452377e-02
-3.284357488155364990e-01
-4.954613149166107178e-01
-3.466297686100006104e-01
7.466286420822143555e-02
5.528735518455505371e-01
7.743015289306640625e-01
5.632059574127197266e-01
-4.043115477543324232e-04
-5.908339023590087891e-01
-8.705276250839233398e-01
-7.181471586227416992e-01
-3.327933251857757568e-01
-8.189554512500762939e-02
-2.314458936452865601e-01
-7.390365600585937500e-01
-1.271919131278991699e+00
-1.441190958023071289e+00
-1.058307886123657227e+00
-2.640154361724853516e-01
5.918222665786743164e-01
1.151299595832824707e+00
1.245279550552368164e+00
8.962688446044921875e-01
2.600172460079193115e-01
-5.013462901115417480e-01
-1.208442211151123047e+00
-1.687551379203796387e+00
-1.746760606765747070e+00
-1.317157149314880371e+00
-5.087586641311645508e-01
3.363422751426696777e-01
8.535915017127990723e-01
8.296472430229187012e-01
3.995945751667022705e-01
-9.519290179014205933e-02
-2.900261282920837402e-01
-1.050760746002197266e-01
2.823442220687866211e-01
5.474377870559692383e-01
5.477073788642883301e-01
3.687770366668701172e-01
2.874205708503723145e-01
4.483814835548400879e-01
7.735378146171569824e-01
9.347233176231384277e-01
6.745263934135437012e-01
-5.008970573544502258e-02
-9.416415691375732422e-01
-1.622996330261230469e+00
-1.797838568687438965e+00
-1.471828699111938477e+00
-8.135646581649780273e-01
-8.301863819360733032e-02
5.783451795578002930e-01
1.062755346298217773e+00
1.331532597541809082e+00
1.306824684143066406e+00
1.025558710098266602e+00
6.195400357246398926e-01
3.634760677814483643e-01
4.138353168964385986e-01
7.147778868675231934e-01
8.956848382949829102e-01
5.794682502746582031e-01
-3.791992962360382080e-01
-1.636069059371948242e+00
-2.589435577392578125e+00
-2.695275545120239258e+00
-1.914819478988647461e+00
-6.864311099052429199e-01
3.099272549152374268e-01
6.793332099914550781e-01
4.833319783210754395e-01
1.818503439426422119e-01
1.709788590669631958e-01
5.299176573753356934e-01
9.470773339271545410e-01
1.088271856307983398e+00
8.654962182044982910e-01
5.759193301200866699e-01
5.962696671485900879e-01
1.076546788215637207e+00
1.723355412483215332e+00
2.038359165191650391e+00
1.664236068725585938e+00
7.174732685089111328e-01
-3.089838624000549316e-01
-8.623515963554382324e-01
-7.479763627052307129e-01
-2.117694020271301270e-01
2.534584105014801025e-01
3.032785654067993164e-01
-5.637899786233901978e-02
-5.235834121704101562e-01
-7.974371314048767090e-01
-8.081738352775573730e-01
-7.412378191947937012e-01
-8.343192934989929199e-01
-1.151119828224182129e+00
-1.523670434951782227e+00
-1.686922430992126465e+00
-1.499097347259521484e+00
-1.029332280158996582e+00
-4.965844154357910156e-01
-7.003574073314666748e-02
2.183282226324081421e-01
4.707084596157073975e-01
7.510760426521301270e-01
1.018056392669677734e+00
1.099547624588012695e+00
8.702132105827331543e-01
3.202147483825683594e-01
-3.677887320518493652e-01
-9.745705127716064453e-01
-1.300086140632629395e+00
-1.292404294013977051e+00
-9.473019242286682129e-01
-3.282560408115386963e-01
5.286598205566406250e-01
1.486923098564147949e+00
2.363650083541870117e+00
2.869399070739746094e+00
2.830674886703491211e+00
2.215088129043579102e+00
1.276546239852905273e+00
3.401158452033996582e-01
-2.655877470970153809e-01
-4.732241928577423096e-01
-3.651382327079772949e-01
-1.825241893529891968e-01
-3.728650882840156555e-02
3.387232124805450439e-02
1.729554831981658936e-01
4.399358630180358887e-01
8.622168302536010742e-01
1.269358515739440918e+00
1.522008299827575684e+00
1.455251932144165039e+00
1.107499122619628906e+00
5.455959439277648926e-01
-2.228205837309360504e-02
-4.952366948127746582e-01
-7.491892576217651367e-01
-8.298718929290771484e-01
-7.477067708969116211e-01
-6.331967711448669434e-01
-5.114091634750366211e-01
-4.728648066520690918e-01
-4.745269715785980225e-01
-5.533677339553833008e-01
-6.427654623985290527e-01
-7.875539660453796387e-01
-9.238069057464599609e-01
-1.068954825401306152e+00
-1.100805521011352539e+00
-9.942919015884399414e-01
-6.532326936721801758e-01
-1.724164038896560669e-01
