9.535124301910400391e-01
9.700756072998046875e-01
1.284519582986831665e-01
-7.407449483871459961e-01
-1.288253426551818848e+00
-1.392834067344665527e+00
-1.227266669273376465e+00
-1.039870500564575195e+00
-9.027061462402343750e-01
-6.007403135299682617e-01
1.480468660593032837e-01
1.372345685958862305e+00
2.633600234985351562e+00
3.233095884323120117e+00
2.642025470733642578e+00
9.483743906021118164e-01
-1.131526112556457520e+00
-2.635770320892333984e+00
-2.962022304534912109e+00
-2.192491531372070312e+00
-1.001765727996826172e+00
-1.398450881242752075e-01
2.620100788772106171e-02
-3.002424836158752441e-01
-6.214521527290344238e-01
-5.301795005798339844e-01
-5.106165073812007904e-03
6.745563149452209473e-01
1.170205354690551758e+00
1.354059219360351562e+00
1.307593107223510742e+00
1.195448875427246094e+00
1.066901206970214844e+00
8.557932376861572266e-01
4.749052524566650391e-01
-1.793540455400943756e-02
-4.430236220359802246e-01
-6.003573536872863770e-01
-4.660651981830596924e-01
-1.957256793975830078e-01
-4.739159345626831055e-02
-1.620888262987136841e-01
-4.909577369689941406e-01
-8.002955913543701172e-01
-8.509104847908020020e-01
-5.119568705558776855e-01
1.516211777925491333e-01
9.448958039283752441e-01
1.596314787864685059e+00
1.877855896949768066e+00
1.645653128623962402e+00
9.444490075111389160e-01
-7.914555259048938751e-03
-8.422937989234924316e-01
-1.230330467224121094e+00
-1.033743023872375488e+00
-4.252797067165374756e-01
2.289157509803771973e-01
5.625078678131103516e-01
4.606718122959136963e-01
7.113526016473770142e-02
-3.076145052909851074e-01
-4.845431447029113770e-01
-4.617568552494049072e-01
-3.989510536193847656e-01
-3.958554267883300781e-01
-4.146844148635864258e-01
-2.995723187923431396e-01
1.244627684354782104e-02
4.131525754928588867e-01
6.522167921066284180e-01
5.810815691947937012e-01
2.824985682964324951e-01
5.205096676945686340e-02
1.173141375184059143e-01
4.282795786857604980e-01
6.202713847160339355e-01
3.170928359031677246e-01
-5.525189638137817383e-01
-1.582113265991210938e+00
-2.149471998214721680e+00
-1.807422757148742676e+00
-6.487701535224914551e-01
7.628291249275207520e-01
1.727351784706115723e+00
1.882355809211730957e+00
1.345665931701660156e+00
5.836984515190124512e-01
2.265860699117183685e-02
-1.734819561243057251e-01
-1.284519582986831665e-01
-2.383940666913986206e-02
4.550869390368461609e-02
1.075166836380958557e-01
1.525466740131378174e-01
8.249647915363311768e-02
-2.569677531719207764e-01
-8.552187681198120117e-01
-1.478043198585510254e+00
-1.744074463844299316e+00
-1.427268862724304199e+00
-6.360366344451904297e-01
1.976085752248764038e-01
6.416215300559997559e-01
5.419874787330627441e-01
1.410897225141525269e-01
-1.580996364355087280e-01
-8.045400679111480713e-02
3.051252663135528564e-01
7.196182012557983398e-01
9.136524796485900879e-01
8.835899233818054199e-01
7.940086126327514648e-01
7.797433137893676758e-01
7.506062388420104980e-01
4.790220856666564941e-01
-1.657269597053527832e-01
-9.840217828750610352e-01
-1.526519894599914551e+00
-1.382334589958190918e+00
-5.435512661933898926e-01
5.496786236763000488e-01
1.260680198669433594e+00
1.202182650566101074e+00
4.678842723369598389e-01
-4.583740234375000000e-01
-1.093900084495544434e+00
-1.262052416801452637e+00
-1.155333638191223145e+00
-1.063773751258850098e+00
-1.101910352706909180e+00
-1.103761315345764160e+00
-8.273582458496093750e-01
-2.081081271171569824e-01
5.113185644149780273e-01
9.696288108825683594e-01
9.556825757026672363e-01
6.040273904800415039e-01
2.739776670932769775e-01
2.824028432369232178e-01
6.428661346435546875e-01
1.091570377349853516e+00
1.292242646217346191e+00
1.114643931388854980e+00
6.842260956764221191e-01
2.554678022861480713e-01
-2.463724464178085327e-02
-1.926300674676895142e-01
-3.851005733013153076e-01
-6.382706165313720703e-01
-8.312836289405822754e-01
-7.702649831771850586e-01
-4.171736538410186768e-01
2.843495458364486694e-02
2.201076149940490723e-01
-6.089101731777191162e-02
-7.211500406265258789e-01
-1.362356662750244141e+00
-1.549593329429626465e+00
-1.092974543571472168e+00
-1.940661817789077759e-01
7.006934881210327148e-01
1.163599252700805664e+00
1.038115262985229492e+00
4.729904234409332275e-01
-2.063209712505340576e-01
-7.095335125923156738e-01
-8.805261850357055664e-01
-7.118632197380065918e-01
-2.556592822074890137e-01
3.984085023403167725e-01
1.125717878341674805e+00
1.731309056282043457e+00
1.988787412643432617e+00
1.727798581123352051e+00
9.561293721199035645e-01
-1.197076514363288879e-01
-1.155557036399841309e+00
-1.841825604438781738e+00
-2.025615692138671875e+00
-1.770020127296447754e+00
-1.277147531509399414e+00
-7.793284058570861816e-01
-4.253116250038146973e-01
-2.464682012796401978e-01
-1.666205376386642456e-01
-6.322070211172103882e-02
1.792583018541336060e-01
6.090378165245056152e-01
1.184023857116699219e+00
1.755244135856628418e+00
2.119920015335083008e+00
2.095538139343261719e+00
1.632536649703979492e+00
8.630056977272033691e-01
8.575165271759033203e-02
-3.753350377082824707e-01
-3.258052170276641846e-01
1.626632660627365112e-01
7.780199646949768066e-01
1.107367634773254395e+00
8.808772563934326172e-01
1.229309216141700745e-01
-8.305495977401733398e-01
-1.527572989463806152e+00
-1.643355369567871094e+00
-1.180130481719970703e+00
-4.386195540428161621e-01
1.626951843500137329e-01
3.543997406959533691e-01
1.469298899173736572e-01
-2.109484374523162842e-01
-4.400556683540344238e-01
-4.198863208293914795e-01
-2.485106587409973145e-01
-1.172183975577354431e-01
-1.500574201345443726e-01
