3.437173366546630859e-01
3.404296040534973145e-01
-3.090550303459167480e-01
-6.781434416770935059e-01
-6.514663696289062500e-01
-3.603876829147338867e-01
-4.250114038586616516e-02
6.625965237617492676e-03
-3.372308015823364258e-01
-1.012808084487915039e+00
-1.703285217285156250e+00
-2.048635244369506836e+00
-1.773703694343566895e+00
-9.356092810630798340e-01
1.366280317306518555e-01
9.331856966018676758e-01
1.119197964668273926e+00
6.725215911865234375e-01
-3.575590252876281738e-02
-5.312515497207641602e-01
-4.747420549392700195e-01
7.400623708963394165e-02
7.753791809082031250e-01
1.189446687698364258e+00
1.122949481010437012e+00
6.793360710144042969e-01
2.102730870246887207e-01
8.933782577514648438e-03
1.700846850872039795e-01
5.015901327133178711e-01
7.363124489784240723e-01
6.735568046569824219e-01
3.608632087707519531e-01
-7.803279906511306763e-03
-1.913728863000869751e-01
-1.175281256437301636e-01
1.169968843460083008e-01
2.747720777988433838e-01
2.026513814926147461e-01
-7.469093799591064453e-02
-2.860960364341735840e-01
-1.119612306356430054e-01
6.333794593811035156e-01
1.768520355224609375e+00
2.811582326889038086e+00
3.171269655227661133e+00
2.553379297256469727e+00
1.139490127563476562e+00
-4.203209877014160156e-01
-1.420711755752563477e+00
-1.493130683898925781e+00
-8.784741163253784180e-01
-2.154552638530731201e-01
-1.312657594680786133e-01
-7.534338235855102539e-01
-1.656546115875244141e+00
-2.127254962921142578e+00
-1.723955512046813965e+00
-5.639635324478149414e-01
7.049002051353454590e-01
1.378563761711120605e+00
1.113746881484985352e+00
1.537710428237915039e-01
-9.321263432502746582e-01
-1.608129262924194336e+00
-1.719726800918579102e+00
-1.451656699180603027e+00
-1.133566260337829590e+00
-9.380379915237426758e-01
-8.381111025810241699e-01
-6.705889105796813965e-01
-3.403993844985961914e-01
1.402243375778198242e-01
6.516430377960205078e-01
1.088330268859863281e+00
1.347886443138122559e+00
1.358553647994995117e+00
1.041307687759399414e+00
4.253967404365539551e-01
-3.097494840621948242e-01
-8.135370016098022461e-01
-7.871032357215881348e-01
-1.761909872293472290e-01
6.891682147979736328e-01
1.313551425933837891e+00
1.340378761291503906e+00
8.670362830162048340e-01
3.534637689590454102e-01
3.079043328762054443e-01
8.433356881141662598e-01
1.598461031913757324e+00
1.967522621154785156e+00
1.600588798522949219e+00
6.401129364967346191e-01
-3.543896079063415527e-01
-8.708876967430114746e-01
-7.703008651733398438e-01
-3.608092665672302246e-01
-3.818666934967041016e-02
2.354206144809722900e-02
1.601397991180419922e-02
1.988256871700286865e-01
6.172819137573242188e-01
9.491281509399414062e-01
8.030557036399841309e-01
4.919052124023437500e-02
-9.550068378448486328e-01
-1.646057605743408203e+00
-1.641879558563232422e+00
-1.087826490402221680e+00
-4.824616312980651855e-01
-3.021025061607360840e-01
-5.661606192588806152e-01
-8.961418271064758301e-01
-8.337278366088867188e-01
-3.173308968544006348e-01
2.888781428337097168e-01
4.551118612289428711e-01
-2.931043505668640137e-03
-8.043361902236938477e-01
-1.376235723495483398e+00
-1.366744756698608398e+00
-8.463327884674072266e-01
-2.329764962196350098e-01
1.685966849327087402e-01
3.711961507797241211e-01
6.635479927062988281e-01
1.169282674789428711e+00
1.650942444801330566e+00
1.584975719451904297e+00
7.056819200515747070e-01
-6.886484622955322266e-01
-1.759806275367736816e+00
-1.782711148262023926e+00
-6.736571192741394043e-01
8.095033168792724609e-01
1.668669223785400391e+00
1.356572270393371582e+00
2.619211673736572266e-01
-6.780177950859069824e-01
-6.810588240623474121e-01
1.717053800821304321e-01
1.075405001640319824e+00
1.115216970443725586e+00
1.193031966686248779e-01
-1.227456569671630859e+00
-1.841056823730468750e+00
-1.179430723190307617e+00
3.772083818912506104e-01
1.728921294212341309e+00
1.967559099197387695e+00
9.766844511032104492e-01
-4.448722302913665771e-01
-1.303405642509460449e+00
-1.079514026641845703e+00
-1.266355216503143311e-01
7.727501392364501953e-01
9.793006777763366699e-01
5.213373303413391113e-01
-1.147944629192352295e-01
-3.877618312835693359e-01
-2.267076969146728516e-01
5.505865812301635742e-02
3.278517723083496094e-02
-3.372311890125274658e-01
-7.553031444549560547e-01
-7.701201438903808594e-01
-2.695406675338745117e-01
4.892714321613311768e-01
9.961781501770019531e-01
9.614882469177246094e-01
4.256189465522766113e-01
-2.306321859359741211e-01
-6.791222691535949707e-01
-7.606908082962036133e-01
-5.980838537216186523e-01
-3.223669528961181641e-01
-5.095121264457702637e-02
2.082006335258483887e-01
3.442532420158386230e-01
2.141153216361999512e-01
-3.381466865539550781e-01
-1.178169608116149902e+00
-1.942453145980834961e+00
-2.125330686569213867e+00
-1.538447260856628418e+00
-4.286657869815826416e-01
5.279374122619628906e-01
7.507255077362060547e-01
7.066717743873596191e-02
-1.029838323593139648e+00
-1.820135593414306641e+00
-1.709598660469055176e+00
-7.247094511985778809e-01
6.225801706314086914e-01
1.596150875091552734e+00
1.791774511337280273e+00
1.260232567787170410e+00
4.978306591510772705e-01
3.686815500259399414e-03
6.609576940536499023e-02
5.398559570312500000e-01
1.073721885681152344e+00
1.244346141815185547e+00
8.881371021270751953e-01
7.984590530395507812e-02
-8.084713220596313477e-01
-1.381113052368164062e+00
-1.312246561050415039e+00
-6.091593503952026367e-01
4.587633907794952393e-01
1.385267376899719238e+00
1.769423961639404297e+00
1.436460137367248535e+00
6.120222806930541992e-01
-3.099670708179473877e-01
-9.180519580841064453e-01
