-2.467327415943145752e-01
-1.922073662281036377e-01
-1.017930209636688232e-01
-1.361750662326812744e-01
-7.998901605606079102e-02
1.000093370676040649e-01
4.820868074893951416e-01
8.517707586288452148e-01
1.076853275299072266e+00
9.209039211273193359e-01
4.521024525165557861e-01
-2.182860523462295532e-01
-7.095065712928771973e-01
-8.111458420753479004e-01
-3.575364351272583008e-01
4.097861051559448242e-01
1.184151053428649902e+00
1.518192172050476074e+00
1.317927479743957520e+00
6.984046697616577148e-01
1.473999768495559692e-01
8.703148923814296722e-03
4.447832107543945312e-01
1.096012473106384277e+00
1.483533263206481934e+00
1.133654356002807617e+00
1.005628928542137146e-01
-1.211152434349060059e+00
-2.107484579086303711e+00
-2.214505672454833984e+00
-1.545470237731933594e+00
-6.405887007713317871e-01
-5.055822432041168213e-02
-1.445706933736801147e-01
-7.714434862136840820e-01
-1.560939073562622070e+00
-2.062800168991088867e+00
-2.143035173416137695e+00
-1.860290527343750000e+00
-1.453056931495666504e+00
-1.029954671859741211e+00
-6.512293219566345215e-01
-2.868041396141052246e-01
-2.663225121796131134e-02
4.686784371733665466e-02
-1.284867823123931885e-01
-4.031434059143066406e-01
-5.587237477302551270e-01
-4.084637165069580078e-01
-3.853373229503631592e-02
2.902792394161224365e-01
3.089464306831359863e-01
5.646283552050590515e-02
-1.275641769170761108e-01
1.925763934850692749e-01
1.128549337387084961e+00
2.306734323501586914e+00
3.027834892272949219e+00
2.763480663299560547e+00
1.560200929641723633e+00
7.337708026170730591e-02
-8.537389636039733887e-01
-7.593266963958740234e-01
1.465696394443511963e-01
1.159794569015502930e+00
1.630841016769409180e+00
1.389428615570068359e+00
8.157280683517456055e-01
4.290683269500732422e-01
4.726455807685852051e-01
6.998808383941650391e-01
6.759548187255859375e-01
1.495527029037475586e-01
-6.556577682495117188e-01
-1.273396849632263184e+00
-1.343083500862121582e+00
-9.898833036422729492e-01
-6.648222208023071289e-01
-8.228012919425964355e-01
-1.446260452270507812e+00
-2.103824853897094727e+00
-2.211676359176635742e+00
-1.595505595207214355e+00
-5.630291700363159180e-01
2.453796118497848511e-01
4.536401331424713135e-01
1.469079256057739258e-01
-1.260880231857299805e-01
7.894340902566909790e-02
8.159125447273254395e-01
1.585234045982360840e+00
1.825047373771667480e+00
1.245934247970581055e+00
1.622537672519683838e-01
-8.560147285461425781e-01
-1.283360838890075684e+00
-1.089062333106994629e+00
-5.610302090644836426e-01
-1.382355391979217529e-01
3.512012958526611328e-02
2.592492848634719849e-02
7.263900339603424072e-02
2.174249738454818726e-01
4.032971858978271484e-01
4.759054183959960938e-01
4.955874681472778320e-01
5.899997353553771973e-01
9.081720709800720215e-01
1.281700134277343750e+00
1.386230230331420898e+00
8.712375164031982422e-01
-1.819972991943359375e-01
-1.319034576416015625e+00
-1.844544887542724609e+00
-1.414246439933776855e+00
-1.909464746713638306e-01
1.125843048095703125e+00
1.874436974525451660e+00
1.751055240631103516e+00
1.072763085365295410e+00
3.849682807922363281e-01
1.509673446416854858e-01
3.623954355716705322e-01
7.359542846679687500e-01
9.156758785247802734e-01
8.490644693374633789e-01
6.830281019210815430e-01
6.386820077896118164e-01
6.819517016410827637e-01
6.077135205268859863e-01
1.617924720048904419e-01
-6.200455427169799805e-01
-1.448720693588256836e+00
-1.906512498855590820e+00
-1.818466186523437500e+00
-1.321802377700805664e+00
-8.050874471664428711e-01
-5.576473474502563477e-01
-6.151558160781860352e-01
-7.417358756065368652e-01
-7.036634683609008789e-01
-4.491194188594818115e-01
-1.700035631656646729e-01
-9.281308948993682861e-02
-2.874499559402465820e-01
-5.844026207923889160e-01
-7.279891967773437500e-01
-5.813580751419067383e-01
-2.274505048990249634e-01
1.229204535484313965e-01
3.353941440582275391e-01
4.528097808361053467e-01
6.455399394035339355e-01
9.949575662612915039e-01
1.399023532867431641e+00
1.588524699211120605e+00
1.382970452308654785e+00
8.209560513496398926e-01
2.106900215148925781e-01
-1.399884670972824097e-01
-9.641121327877044678e-02
1.459238231182098389e-01
2.976292669773101807e-01
1.505060493946075439e-01
-1.629918366670608521e-01
-3.492638468742370605e-01
-9.890221804380416870e-02
5.593388080596923828e-01
1.352094173431396484e+00
1.828922271728515625e+00
1.772736191749572754e+00
1.202449202537536621e+00
4.469974339008331299e-01
-2.297262400388717651e-01
-6.537818312644958496e-01
-9.294225573539733887e-01
-1.135315060615539551e+00
-1.354492902755737305e+00
-1.450965642929077148e+00
-1.362950086593627930e+00
-1.044224143028259277e+00
-7.181174755096435547e-01
-5.691490769386291504e-01
-7.870968580245971680e-01
-1.229419827461242676e+00
-1.684290051460266113e+00
-1.800844550132751465e+00
-1.513179302215576172e+00
-8.712375164031982422e-01
-2.181015312671661377e-01
2.294187098741531372e-01
2.706587314605712891e-01
3.524314239621162415e-02
-3.512628078460693359e-01
-6.101123094558715820e-01
-6.894247531890869141e-01
-5.124402046203613281e-01
-2.345237284898757935e-01
1.165852993726730347e-01
4.020670354366302490e-01
6.964672207832336426e-01
9.589763283729553223e-01
1.292525291442871094e+00
1.579052686691284180e+00
1.787897467613220215e+00
1.701911568641662598e+00
1.332781195640563965e+00
6.688200831413269043e-01
8.118839003145694733e-03
-4.673867821693420410e-01
-5.065663456916809082e-01
-2.359383851289749146e-01
1.859029531478881836e-01
3.619033992290496826e-01
1.886707395315170288e-01
-3.747889697551727295e-01
-9.906521439552307129e-01
