6.039947271347045898e-01
6.209040880203247070e-01
1.028526902198791504e+00
8.330300450325012207e-01
1.371880471706390381e-01
-4.809014797210693359e-01
-7.359495162963867188e-01
-5.406448841094970703e-01
-2.833569943904876709e-01
-1.467319130897521973e-01
-2.129481583833694458e-01
-1.715445369482040405e-01
4.648660123348236084e-02
3.907198905944824219e-01
4.438008069992065430e-01
8.514058589935302734e-02
-5.842028260231018066e-01
-1.002362132072448730e+00
-8.611662387847900391e-01
-1.439220607280731201e-01
5.722414255142211914e-01
8.197267055511474609e-01
3.857617676258087158e-01
-2.865175604820251465e-01
-7.240787148475646973e-01
-6.106607913970947266e-01
-2.507939934730529785e-01
-2.236340381205081940e-02
-1.728237867355346680e-01
-3.432272374629974365e-01
-1.053358167409896851e-01
7.580094933509826660e-01
1.721563577651977539e+00
2.054167985916137695e+00
1.259648799896240234e+00
-2.041487395763397217e-01
-1.337493777275085449e+00
-1.162077784538269043e+00
2.824790477752685547e-01
2.035068750381469727e+00
2.722492933273315430e+00
1.761984348297119141e+00
-3.163890242576599121e-01
-2.095306158065795898e+00
-2.474035501480102539e+00
-1.341862082481384277e+00
2.404433786869049072e-01
1.011299729347229004e+00
3.329553008079528809e-01
-1.255791544914245605e+00
-2.623489379882812500e+00
-2.789801120758056641e+00
-1.688793301582336426e+00
9.294778108596801758e-03
1.363862037658691406e+00
1.885432004928588867e+00
1.601663589477539062e+00
9.079513549804687500e-01
1.064644455909729004e-01
-6.256868839263916016e-01
-1.191197156906127930e+00
-1.348726868629455566e+00
-8.804134130477905273e-01
2.091456949710845947e-01
1.455128073692321777e+00
2.183485507965087891e+00
1.918979287147521973e+00
8.257382512092590332e-01
-3.977588415145874023e-01
-9.623758792877197266e-01
-5.910891294479370117e-01
3.448970019817352295e-01
1.131655454635620117e+00
1.311599731445312500e+00
9.731283187866210938e-01
5.898351669311523438e-01
5.100744962692260742e-01
6.315917968750000000e-01
4.990350008010864258e-01
-2.210228443145751953e-01
-1.355318546295166016e+00
-2.275383949279785156e+00
-2.367504835128784180e+00
-1.538910865783691406e+00
-3.094474077224731445e-01
5.666332840919494629e-01
6.688235998153686523e-01
1.564500331878662109e-01
-4.322391748428344727e-01
-6.873722672462463379e-01
-6.275637745857238770e-01
-6.134121417999267578e-01
-9.118013381958007812e-01
-1.400290727615356445e+00
-1.609529733657836914e+00
-1.164658546447753906e+00
-1.454402804374694824e-01
8.694693446159362793e-01
1.228877425193786621e+00
6.736392974853515625e-01
-4.333721995353698730e-01
-1.393574714660644531e+00
-1.638896226882934570e+00
-1.115866780281066895e+00
-2.178670763969421387e-01
5.396635532379150391e-01
9.133224487304687500e-01
9.975857138633728027e-01
1.052902221679687500e+00
1.195306777954101562e+00
1.306470394134521484e+00
1.142946958541870117e+00
6.062425971031188965e-01
-1.413613259792327881e-01
-7.416205406188964844e-01
-9.036620855331420898e-01
-5.919916629791259766e-01
-6.939503550529479980e-02
2.878466844558715820e-01
2.240932434797286987e-01
-2.231047451496124268e-01
-7.459578514099121094e-01
-9.434944987297058105e-01
-5.699354410171508789e-01
2.875257730484008789e-01
1.223037481307983398e+00
1.716634750366210938e+00
1.464135408401489258e+00
5.928721427917480469e-01
-3.485861420631408691e-01
-7.305527329444885254e-01
-2.446427941322326660e-01
8.200141787528991699e-01
1.749493598937988281e+00
1.843599319458007812e+00
9.484153985977172852e-01
-4.388071298599243164e-01
-1.448762297630310059e+00
-1.483850717544555664e+00
-5.864279866218566895e-01
5.504905581474304199e-01
1.144616723060607910e+00
8.118101358413696289e-01
-1.390822529792785645e-01
-1.061859250068664551e+00
-1.399270057678222656e+00
-1.137923240661621094e+00
-6.482396125793457031e-01
-4.154726564884185791e-01
-5.649986267089843750e-01
-9.216971993446350098e-01
-1.142503261566162109e+00
-1.147058010101318359e+00
-1.063328623771667480e+00
-1.162513017654418945e+00
-1.437594056129455566e+00
-1.674185276031494141e+00
-1.494029879570007324e+00
-8.299285173416137695e-01
9.894223511219024658e-02
7.740021944046020508e-01
9.026751518249511719e-01
4.869985878467559814e-01
-2.222064137458801270e-02
-2.089916765689849854e-01
2.010635733604431152e-01
1.022317051887512207e+00
1.952174067497253418e+00
2.588299751281738281e+00
2.813569068908691406e+00
2.575062274932861328e+00
2.042828083038330078e+00
1.301813840866088867e+00
5.751266479492187500e-01
-4.173076152801513672e-02
-3.770598173141479492e-01
-5.039421916007995605e-01
-4.653261303901672363e-01
-4.471297264099121094e-01
-3.765646219253540039e-01
-1.953384280204772949e-01
2.932055294513702393e-01
9.456443786621093750e-01
1.536465883255004883e+00
1.641240477561950684e+00
1.240493416786193848e+00
5.476020574569702148e-01
1.560114473104476929e-01
3.116722702980041504e-01
9.408297538757324219e-01
1.388687252998352051e+00
1.191558599472045898e+00
2.011083662509918213e-01
-9.665159583091735840e-01
-1.663739919662475586e+00
-1.431575894355773926e+00
-6.615817546844482422e-01
-3.230594098567962646e-03
-1.289685219526290894e-01
-8.920665979385375977e-01
-1.736547708511352539e+00
-1.847083568572998047e+00
-1.106175422668457031e+00
1.268546581268310547e-01
1.010188698768615723e+00
1.194159746170043945e+00
7.338616847991943359e-01
2.647131681442260742e-01
9.064144641160964966e-02
2.307386398315429688e-01
1.439572274684906006e-01
-3.986113369464874268e-01
-1.323746919631958008e+00
-1.916008830070495605e+00
-1.692467689514160156e+00
-4.897185564041137695e-01
1.041111111640930176e+00
