-2.814684510231018066e-01
-2.606923580169677734e-01
1.257064938545227051e-01
-1.983165740966796875e-02
-4.856997728347778320e-01
-7.970287203788757324e-01
-6.440774202346801758e-01
-1.100281924009323120e-01
4.093915224075317383e-01
5.885216593742370605e-01
4.217557311058044434e-01
1.995332539081573486e-01
1.723871827125549316e-01
3.161257505416870117e-01
3.437001109123229980e-01
3.920590877532958984e-02
-4.992014169692993164e-01
-8.648084402084350586e-01
-6.998416185379028320e-01
-2.145856618881225586e-03
8.201381564140319824e-01
1.290674924850463867e+00
1.221047997474670410e+00
8.407893180847167969e-01
5.275657176971435547e-01
4.611155688762664795e-01
4.642838537693023682e-01
2.460025250911712646e-01
-2.641966938972473145e-01
-7.504835128784179688e-01
-7.749316692352294922e-01
-1.713437438011169434e-01
7.263194918632507324e-01
1.334599494934082031e+00
1.288780927658081055e+00
7.797230482101440430e-01
3.832394480705261230e-01
5.573287010192871094e-01
1.187857747077941895e+00
1.648096799850463867e+00
1.296340227127075195e+00
6.122651696205139160e-02
-1.444424152374267578e+00
-2.344816923141479492e+00
-2.178302764892578125e+00
-1.228867650032043457e+00
-3.011203408241271973e-01
-8.376643061637878418e-02
-6.710442900657653809e-01
-1.552607774734497070e+00
-2.079412460327148438e+00
-1.942040801048278809e+00
-1.325541734695434570e+00
-6.325629949569702148e-01
-1.264085918664932251e-01
2.210531383752822876e-01
5.386122465133666992e-01
7.971980571746826172e-01
7.444821596145629883e-01
1.492483615875244141e-01
-9.090920686721801758e-01
-1.970611691474914551e+00
-2.487206697463989258e+00
-2.213567733764648438e+00
-1.402883529663085938e+00
-5.915223360061645508e-01
-1.842904388904571533e-01
-1.492396891117095947e-01
-9.916964173316955566e-02
3.558115065097808838e-01
1.255337476730346680e+00
2.246663570404052734e+00
2.834600448608398438e+00
2.737775802612304688e+00
2.045472860336303711e+00
1.128976821899414062e+00
3.989159166812896729e-01
1.180256903171539307e-01
3.323532640933990479e-01
9.086745977401733398e-01
1.568426370620727539e+00
1.958943128585815430e+00
1.771688938140869141e+00
9.416038990020751953e-01
-2.410545498132705688e-01
-1.221013903617858887e+00
-1.520239114761352539e+00
-1.081011176109313965e+00
-3.555852770805358887e-01
2.590000629425048828e-02
-2.555790841579437256e-01
-9.257846474647521973e-01
-1.340433478355407715e+00
-1.043601632118225098e+00
-2.167948186397552490e-01
4.215573370456695557e-01
2.129138410091400146e-01
-8.052324652671813965e-01
-1.819621682167053223e+00
-1.829255104064941406e+00
-4.899538457393646240e-01
1.505483627319335938e+00
2.847656726837158203e+00
2.577763080596923828e+00
8.190649151802062988e-01
-1.284410357475280762e+00
-2.418076515197753906e+00
-2.034935235977172852e+00
-6.881737709045410156e-01
4.998307228088378906e-01
7.353418469429016113e-01
1.106050908565521240e-01
-6.110088825225830078e-01
-7.075918912887573242e-01
-1.042628586292266846e-01
6.514812111854553223e-01
9.183644056320190430e-01
5.297536849975585938e-01
-1.312872171401977539e-01
-5.286635160446166992e-01
-4.729706645011901855e-01
-2.258574664592742920e-01
-1.836809515953063965e-01
-4.350898861885070801e-01
-6.769220232963562012e-01
-5.217671394348144531e-01
6.516629457473754883e-02
6.817076206207275391e-01
8.199366331100463867e-01
3.601310849189758301e-01
-2.947201430797576904e-01
-5.437207818031311035e-01
-1.486915647983551025e-01
5.355214476585388184e-01
8.416451215744018555e-01
4.072980582714080811e-01
-4.781948924064636230e-01
-1.064670205116271973e+00
-7.838353514671325684e-01
2.753126323223114014e-01
1.407597303390502930e+00
1.883944392204284668e+00
1.510340809822082520e+00
7.441921234130859375e-01
2.151322960853576660e-01
1.785695552825927734e-01
3.212763071060180664e-01
1.563824415206909180e-01
-4.501832723617553711e-01
-1.063110589981079102e+00
-1.063795566558837891e+00
-2.250944077968597412e-01
9.860970973968505859e-01
1.755887508392333984e+00
1.567374825477600098e+00
6.477649211883544922e-01
-2.554871141910552979e-01
-5.046260356903076172e-01
-1.322907358407974243e-01
2.485410869121551514e-01
1.628762483596801758e-02
-8.332366943359375000e-01
-1.661987066268920898e+00
-1.712709546089172363e+00
-8.081949949264526367e-01
4.838055968284606934e-01
1.278856277465820312e+00
1.114268302917480469e+00
2.680985629558563232e-01
-5.117343068122863770e-01
-6.970851421356201172e-01
-3.622016012668609619e-01
-3.820101171731948853e-02
-1.034600436687469482e-01
-4.097591340541839600e-01
-4.095358252525329590e-01
2.262459397315979004e-01
1.193053245544433594e+00
1.671798229217529297e+00
1.033254623413085938e+00
-5.820221304893493652e-01
-2.244363546371459961e+00
-2.940251588821411133e+00
-2.332536458969116211e+00
-1.032102108001708984e+00
-4.578617215156555176e-02
2.190374583005905151e-02
-5.557111501693725586e-01
-9.768034815788269043e-01
-6.391137242317199707e-01
2.955811321735382080e-01
1.109371900558471680e+00
1.185989499092102051e+00
6.294733881950378418e-01
1.557438373565673828e-01
4.624063372611999512e-01
1.520175457000732422e+00
2.552090644836425781e+00
2.622860431671142578e+00
1.458288192749023438e+00
-3.252157568931579590e-01
-1.667615056037902832e+00
-1.914406895637512207e+00
-1.235136508941650391e+00
-3.960584402084350586e-01
-8.127927780151367188e-03
-5.047225952148437500e-02
3.452097997069358826e-02
6.763329505920410156e-01
1.685190796852111816e+00
2.289489746093750000e+00
1.813304543495178223e+00
2.860020101070404053e-01
-1.442987561225891113e+00
-2.328980684280395508e+00
-1.872976183891296387e+00
-4.996020793914794922e-01
