2.049862742424011230e-01
1.779478490352630615e-01
3.664270937442779541e-01
8.505332469940185547e-01
1.292837977409362793e+00
1.371607542037963867e+00
1.006840467453002930e+00
4.060152173042297363e-01
-6.276006996631622314e-02
-9.482945501804351807e-02
3.844854235649108887e-01
1.169867277145385742e+00
1.875687241554260254e+00
2.115191221237182617e+00
1.699726700782775879e+00
7.569540739059448242e-01
-2.966813743114471436e-01
-9.580634832382202148e-01
-9.217497706413269043e-01
-2.929124832153320312e-01
4.367884993553161621e-01
6.809852123260498047e-01
1.505936384201049805e-01
-9.233883023262023926e-01
-1.921519041061401367e+00
-2.257357597351074219e+00
-1.804533004760742188e+00
-1.000055313110351562e+00
-5.410015583038330078e-01
-8.746067285537719727e-01
-1.868189096450805664e+00
-2.903438329696655273e+00
-3.329516649246215820e+00
-2.924411773681640625e+00
-2.024433612823486328e+00
-1.232522487640380859e+00
-9.520945549011230469e-01
-1.104139566421508789e+00
-1.239370346069335938e+00
-9.149872064590454102e-01
-5.327230691909790039e-02
1.017363309860229492e+00
1.809339165687561035e+00
2.020679235458374023e+00
1.690616846084594727e+00
1.108081817626953125e+00
5.727055668830871582e-01
2.370018064975738525e-01
1.103200167417526245e-01
1.733235120773315430e-01
4.407441616058349609e-01
9.242265224456787109e-01
1.522352099418640137e+00
2.004234075546264648e+00
2.111183643341064453e+00
1.734849214553833008e+00
1.012024402618408203e+00
2.605260908603668213e-01
-2.086855769157409668e-01
-2.596553862094879150e-01
1.965416222810745239e-02
4.090101718902587891e-01
6.898609399795532227e-01
7.447946071624755859e-01
5.735630989074707031e-01
2.735162079334259033e-01
-8.911475539207458496e-03
-1.369700729846954346e-01
-6.883879005908966064e-02
8.031044900417327881e-02
6.215612217783927917e-02
-3.466921150684356689e-01
-1.135274529457092285e+00
-1.956262111663818359e+00
-2.275868415832519531e+00
-1.721303939819335938e+00
-4.073279201984405518e-01
1.048852086067199707e+00
1.877917289733886719e+00
1.675284743309020996e+00
6.882386803627014160e-01
-3.478622734546661377e-01
-7.387309670448303223e-01
-3.272463679313659668e-01
4.228990674018859863e-01
8.195173740386962891e-01
4.838257431983947754e-01
-3.748159110546112061e-01
-1.172696232795715332e+00
-1.448780655860900879e+00
-1.220973849296569824e+00
-9.122390747070312500e-01
-9.267019033432006836e-01
-1.268087983131408691e+00
-1.535571336746215820e+00
-1.306188583374023438e+00
-5.573630332946777344e-01
2.526856660842895508e-01
5.432891845703125000e-01
9.994733333587646484e-02
-7.222181558609008789e-01
-1.273047566413879395e+00
-1.122042059898376465e+00
-4.022785127162933350e-01
3.331453204154968262e-01
5.852314829826354980e-01
3.290820717811584473e-01
-5.231037735939025879e-03
6.323510408401489258e-02
6.092414259910583496e-01
1.226063251495361328e+00
1.371116757392883301e+00
8.588681221008300781e-01
4.778548330068588257e-02
-4.275848269462585449e-01
-1.720246076583862305e-01
6.526700258255004883e-01
1.453510761260986328e+00
1.683048486709594727e+00
1.236978292465209961e+00
4.963224530220031738e-01
-3.251373767852783203e-02
-1.103778481483459473e-01
9.308680891990661621e-02
2.336381375789642334e-01
1.174153089523315430e-01
-1.381493508815765381e-01
-2.686488628387451172e-01
-1.279191970825195312e-01
1.595063954591751099e-01
3.425604701042175293e-01
2.843290865421295166e-01
9.968092292547225952e-02
1.756319403648376465e-02
1.472301483154296875e-01
3.389777541160583496e-01
3.373848199844360352e-01
4.764789342880249023e-02
-3.059113621711730957e-01
-3.445576727390289307e-01
1.364254951477050781e-01
9.139601588249206543e-01
1.462656497955322266e+00
1.331324696540832520e+00
5.311235785484313965e-01
-4.464956521987915039e-01
-9.632217884063720703e-01
-7.176021933555603027e-01
6.065934896469116211e-02
7.700768709182739258e-01
8.904275298118591309e-01
2.956315279006958008e-01
-7.153422832489013672e-01
-1.701785326004028320e+00
-2.347346782684326172e+00
-2.581243276596069336e+00
-2.452414512634277344e+00
-2.024427413940429688e+00
-1.340965270996093750e+00
-5.523432493209838867e-01
6.537586450576782227e-02
2.103499472141265869e-01
-1.846940517425537109e-01
-8.477039933204650879e-01
-1.283897638320922852e+00
-1.142802357673645020e+00
-4.787270426750183105e-01
2.569307386875152588e-01
5.880920290946960449e-01
3.801428675651550293e-01
-2.684718370437622070e-02
-1.205523312091827393e-01
3.672906160354614258e-01
1.197935223579406738e+00
1.826559543609619141e+00
1.825019836425781250e+00
1.257411956787109375e+00
6.167795062065124512e-01
4.518966078758239746e-01
9.046418070793151855e-01
1.623772740364074707e+00
2.022187232971191406e+00
1.761086940765380859e+00
9.766259193420410156e-01
1.789271235466003418e-01
-1.578305661678314209e-01
1.077643930912017822e-01
7.269951105117797852e-01
1.322556853294372559e+00
1.639268755912780762e+00
1.660009026527404785e+00
1.470127820968627930e+00
1.122517466545104980e+00
5.816881656646728516e-01
-1.335689425468444824e-01
-8.584961295127868652e-01
-1.287309646606445312e+00
-1.197507381439208984e+00
-6.301370859146118164e-01
6.184604763984680176e-02
4.404862523078918457e-01
2.528432607650756836e-01
-3.899914026260375977e-01
-1.120277881622314453e+00
-1.548564553260803223e+00
-1.514817476272583008e+00
-1.117623448371887207e+00
-6.090362071990966797e-01
-2.017667293548583984e-01
5.941867828369140625e-03
2.644729614257812500e-02
-9.910780191421508789e-02
-3.076683282852172852e-01
-5.286411046981811523e-01
-6.580566167831420898e-01
-6.318647861480712891e-01
-4.699147939682006836e-01
