1.450093507766723633e+00
1.501032352447509766e+00
1.575835704803466797e+00
9.756255149841308594e-01
-8.703104406595230103e-02
-1.027065157890319824e+00
-1.278403997421264648e+00
-7.057723999023437500e-01
3.127102851867675781e-01
1.176457643508911133e+00
1.492117404937744141e+00
1.295571327209472656e+00
9.079576730728149414e-01
6.193801164627075195e-01
4.397962391376495361e-01
1.807760596275329590e-01
-3.129582405090332031e-01
-9.357352256774902344e-01
-1.405258178710937500e+00
-1.465238451957702637e+00
-1.146273612976074219e+00
-6.988674402236938477e-01
-4.363755583763122559e-01
-4.553497433662414551e-01
-6.696710586547851562e-01
-9.041785597801208496e-01
-1.138943672180175781e+00
-1.442644357681274414e+00
-1.876216769218444824e+00
-2.247616052627563477e+00
-2.231691360473632812e+00
-1.535589098930358887e+00
-2.600964009761810303e-01
1.163315176963806152e+00
2.125471115112304688e+00
2.321614742279052734e+00
1.836930751800537109e+00
1.128007292747497559e+00
5.675464272499084473e-01
2.944676578044891357e-01
1.100462973117828369e-01
-1.564849764108657837e-01
-5.293479561805725098e-01
-7.438919544219970703e-01
-6.043699979782104492e-01
-9.203510731458663940e-02
4.560598731040954590e-01
7.092789411544799805e-01
4.841630458831787109e-01
7.423043251037597656e-03
-3.947640657424926758e-01
-4.340940713882446289e-01
-1.924241781234741211e-01
1.101372838020324707e-01
2.027543783187866211e-01
1.180854141712188721e-01
2.108782529830932617e-03
7.559579610824584961e-02
2.868711352348327637e-01
4.853321313858032227e-01
4.475702941417694092e-01
2.331029176712036133e-01
2.145458757877349854e-02
7.992188632488250732e-02
3.658489584922790527e-01
6.395291686058044434e-01
4.972389638423919678e-01
-1.710823178291320801e-01
-1.180231690406799316e+00
-2.008492469787597656e+00
-2.276441574096679688e+00
-1.864420890808105469e+00
-1.108931183815002441e+00
-4.147175550460815430e-01
-1.009572297334671021e-01
-7.083515822887420654e-02
-6.620734930038452148e-02
2.299287766218185425e-01
7.946642041206359863e-01
1.394857764244079590e+00
1.619091510772705078e+00
1.310813665390014648e+00
5.836229920387268066e-01
-9.454536437988281250e-02
-3.081049919128417969e-01
1.610293388366699219e-01
1.058240652084350586e+00
1.919472575187683105e+00
2.233246326446533203e+00
1.876127123832702637e+00
1.061078786849975586e+00
2.952800691127777100e-01
-9.147548675537109375e-02
-5.822074413299560547e-02
4.463216662406921387e-02
-1.221201717853546143e-01
-6.785396337509155273e-01
-1.301257133483886719e+00
-1.556635618209838867e+00
-1.173034071922302246e+00
-3.869736194610595703e-01
2.768949270248413086e-01
3.175968527793884277e-01
-2.560327947139739990e-01
-9.817202091217041016e-01
-1.219009757041931152e+00
-7.371777892112731934e-01
1.364596784114837646e-01
6.822091937065124512e-01
4.050664901733398438e-01
-6.202235221862792969e-01
-1.735348701477050781e+00
-2.243560552597045898e+00
-1.883926153182983398e+00
-1.035132646560668945e+00
-3.329222500324249268e-01
-1.680712103843688965e-01
-3.568150997161865234e-01
-3.701015114784240723e-01
1.962222754955291748e-01
1.217630863189697266e+00
2.131973981857299805e+00
2.382506370544433594e+00
1.880322456359863281e+00
1.068825721740722656e+00
5.591225624084472656e-01
6.463444828987121582e-01
1.110212802886962891e+00
1.462071299552917480e+00
1.368415117263793945e+00
9.255970716476440430e-01
4.932503998279571533e-01
3.406269550323486328e-01
3.497508466243743896e-01
1.641440093517303467e-01
-4.753445088863372803e-01
-1.385673046112060547e+00
-2.056317329406738281e+00
-1.990841388702392578e+00
-1.158526182174682617e+00
1.217389106750488281e-02
9.026770591735839844e-01
1.216645717620849609e+00
1.077502012252807617e+00
9.039224386215209961e-01
9.245468378067016602e-01
1.055491328239440918e+00
9.410512447357177734e-01
4.125853776931762695e-01
-3.839962780475616455e-01
-9.916734099388122559e-01
-1.113462924957275391e+00
-7.880456447601318359e-01
-4.582645595073699951e-01
-5.046756267547607422e-01
-1.013870120048522949e+00
-1.594422340393066406e+00
-1.793350458145141602e+00
-1.343333005905151367e+00
-4.744878709316253662e-01
3.966628313064575195e-01
8.511309623718261719e-01
8.474815487861633301e-01
5.327130556106567383e-01
1.810123175382614136e-01
-1.290711760520935059e-01
-3.536947369575500488e-01
-5.289176106452941895e-01
-5.427638292312622070e-01
-3.740370273590087891e-01
-5.133372545242309570e-02
1.724071204662322998e-01
1.545149087905883789e-01
-1.072800606489181519e-01
-2.752783298492431641e-01
-7.992133498191833496e-02
5.561925172805786133e-01
1.236055374145507812e+00
1.514859437942504883e+00
1.130443096160888672e+00
4.081773757934570312e-01
-1.185483336448669434e-01
-1.950502395629882812e-02
4.802658855915069580e-01
7.776855230331420898e-01
2.448371201753616333e-01
-1.040829896926879883e+00
-2.402570724487304688e+00
-2.875334739685058594e+00
-2.098439455032348633e+00
-4.761246442794799805e-01
9.538276195526123047e-01
1.441271305084228516e+00
9.074862003326416016e-01
8.370505273342132568e-02
-2.792057693004608154e-01
1.179095655679702759e-01
7.774237394332885742e-01
1.025879502296447754e+00
4.840121269226074219e-01
-4.696272015571594238e-01
-1.162123203277587891e+00
-1.068379521369934082e+00
-3.725770115852355957e-01
3.599849641323089600e-01
5.705430507659912109e-01
3.246732056140899658e-01
9.705102443695068359e-02
4.356182813644409180e-01
1.295544266700744629e+00
2.130196094512939453e+00
2.191097259521484375e+00
1.255774497985839844e+00
-2.884250283241271973e-01
-1.615261316299438477e+00
-2.181678056716918945e+00
-1.972836017608642578e+00
