-2.357927262783050537e-01
-2.213099002838134766e-01
7.885810732841491699e-02
3.853296637535095215e-01
4.478734135627746582e-01
1.449867784976959229e-01
-3.359088301658630371e-01
-7.083830237388610840e-01
-7.667143344879150391e-01
-5.808511972427368164e-01
-3.089107573032379150e-01
-3.536424040794372559e-02
3.850490450859069824e-01
1.088400125503540039e+00
1.980656862258911133e+00
2.585093736648559570e+00
2.388163089752197266e+00
1.245987415313720703e+00
-3.067148327827453613e-01
-1.377298951148986816e+00
-1.297477126121520996e+00
-2.165960669517517090e-01
9.951076507568359375e-01
1.330702543258666992e+00
4.666864275932312012e-01
-1.010657548904418945e+00
-2.005672454833984375e+00
-1.798889040946960449e+00
-5.571113824844360352e-01
7.850090265274047852e-01
1.308577179908752441e+00
7.664000391960144043e-01
-2.651999592781066895e-01
-9.698626995086669922e-01
-9.424307346343994141e-01
-4.977349638938903809e-01
-2.701777815818786621e-01
-6.205576658248901367e-01
-1.272606730461120605e+00
-1.602788567543029785e+00
-1.200120091438293457e+00
-2.927624583244323730e-01
4.507558047771453857e-01
4.641580283641815186e-01
-2.108958363533020020e-01
-9.844402670860290527e-01
-1.202735185623168945e+00
-7.099575400352478027e-01
7.488507032394409180e-02
5.272884964942932129e-01
3.665683567523956299e-01
-1.624186038970947266e-01
-5.434176921844482422e-01
-4.770562052726745605e-01
-9.754507243633270264e-02
2.005406469106674194e-01
1.848879009485244751e-01
-2.473577857017517090e-03
5.148291587829589844e-03
4.021900296211242676e-01
9.935685396194458008e-01
1.344679355621337891e+00
1.189908742904663086e+00
6.894432902336120605e-01
2.993139028549194336e-01
3.518232405185699463e-01
7.405390739440917969e-01
1.006356477737426758e+00
7.598043084144592285e-01
5.823743343353271484e-02
-6.205086708068847656e-01
-7.892933487892150879e-01
-3.867595493793487549e-01
1.776560544967651367e-01
3.985460400581359863e-01
1.533984094858169556e-01
-1.881470382213592529e-01
-1.107129454612731934e-01
5.173385143280029297e-01
1.260109066963195801e+00
1.434579014778137207e+00
7.202548384666442871e-01
-5.164924860000610352e-01
-1.449511170387268066e+00
-1.445904016494750977e+00
-5.650405287742614746e-01
4.723502099514007568e-01
8.627731204032897949e-01
3.126820623874664307e-01
-7.763960361480712891e-01
-1.692997574806213379e+00
-1.958863973617553711e+00
-1.617673635482788086e+00
-1.036189436912536621e+00
-5.244260430335998535e-01
-1.068352460861206055e-01
3.216221928596496582e-01
7.351104617118835449e-01
8.852570056915283203e-01
5.774592161178588867e-01
-2.491676807403564453e-02
-3.759242892265319824e-01
4.198670387268066406e-03
1.019272208213806152e+00
1.874750971794128418e+00
1.633720517158508301e+00
1.923385262489318848e-02
-2.158763885498046875e+00
-3.459082603454589844e+00
-2.840775489807128906e+00
-5.368196368217468262e-01
2.015845298767089844e+00
3.161812782287597656e+00
2.245438814163208008e+00
7.175759971141815186e-02
-1.716965675354003906e+00
-1.899142742156982422e+00
-5.427764654159545898e-01
1.147766828536987305e+00
1.869590759277343750e+00
1.244240045547485352e+00
4.105654358863830566e-02
-5.692450404167175293e-01
-3.163325786590576172e-02
1.131349086761474609e+00
1.792944908142089844e+00
1.188721537590026855e+00
-4.283758401870727539e-01
-1.981269121170043945e+00
-2.408985614776611328e+00
-1.457618832588195801e+00
1.981423497200012207e-01
1.537048339843750000e+00
1.947282314300537109e+00
1.553382158279418945e+00
9.180762171745300293e-01
4.708878993988037109e-01
1.772322058677673340e-01
-2.831061482429504395e-01
-1.082764863967895508e+00
-1.959903597831726074e+00
-2.382122993469238281e+00
-1.975095391273498535e+00
-8.631570935249328613e-01
4.141966104507446289e-01
1.277412652969360352e+00
1.506780743598937988e+00
1.296899795532226562e+00
1.020208120346069336e+00
8.869649171829223633e-01
8.445228934288024902e-01
6.972609162330627441e-01
3.551401495933532715e-01
-1.011479049921035767e-01
-4.933563470840454102e-01
-7.337704300880432129e-01
-8.457906246185302734e-01
-9.072052836418151855e-01
-8.990904092788696289e-01
-7.496483325958251953e-01
-4.182069301605224609e-01
-3.537011146545410156e-02
1.878082752227783203e-01
1.086322665214538574e-01
-1.541974544525146484e-01
-3.214730024337768555e-01
-1.493114531040191650e-01
2.939462661743164062e-01
6.835873723030090332e-01
6.573524475097656250e-01
1.803484857082366943e-01
-4.191128611564636230e-01
-6.375558972358703613e-01
-2.349047958850860596e-01
5.939472317695617676e-01
1.291676163673400879e+00
1.374912023544311523e+00
7.145681381225585938e-01
-3.506817817687988281e-01
-1.326645255088806152e+00
-1.822647809982299805e+00
-1.788635253906250000e+00
-1.383994102478027344e+00
-8.637652397155761719e-01
-3.852019011974334717e-01
-6.610086560249328613e-02
6.066566705703735352e-02
-3.166675567626953125e-03
-8.729743957519531250e-02
5.693319439888000488e-02
6.712825894355773926e-01
1.683805704116821289e+00
2.694233894348144531e+00
3.086135387420654297e+00
2.493949174880981445e+00
1.037365078926086426e+00
-6.296573877334594727e-01
-1.781230568885803223e+00
-2.001963615417480469e+00
-1.466831088066101074e+00
-6.551739573478698730e-01
-1.645147800445556641e-02
3.865424990653991699e-01
7.159248590469360352e-01
1.120257735252380371e+00
1.416818022727966309e+00
1.267320632934570312e+00
4.427024126052856445e-01
-8.011176586151123047e-01
-1.869623899459838867e+00
-2.151426553726196289e+00
-1.537830114364624023e+00
-4.407370388507843018e-01
4.357275366783142090e-01
6.722065210342407227e-01
3.165513575077056885e-01
-1.655285358428955078e-01
