2.916641235351562500e-01
3.038650155067443848e-01
4.190742596983909607e-02
-1.206104382872581482e-01
9.244710952043533325e-02
5.176941752433776855e-01
1.107098698616027832e+00
1.475729703903198242e+00
1.537119984626770020e+00
1.082262873649597168e+00
3.432165086269378662e-01
-5.357302427291870117e-01
-1.110956668853759766e+00
-1.288665413856506348e+00
-9.750107526779174805e-01
-5.487027764320373535e-01
-2.434874475002288818e-01
-3.745144605636596680e-01
-7.412164807319641113e-01
-1.096248149871826172e+00
-9.487764239311218262e-01
-2.470078617334365845e-01
8.905207514762878418e-01
1.895334482192993164e+00
2.413800239562988281e+00
2.201900005340576172e+00
1.560412645339965820e+00
8.114801645278930664e-01
3.634709715843200684e-01
1.710054427385330200e-01
8.275390416383743286e-02
-2.698664665222167969e-01
-9.191181063652038574e-01
-1.762474894523620605e+00
-2.379849910736083984e+00
-2.548106431961059570e+00
-2.169107198715209961e+00
-1.541653156280517578e+00
-9.546115994453430176e-01
-6.996466517448425293e-01
-7.142587900161743164e-01
-8.467325568199157715e-01
-8.257547020912170410e-01
-6.216670274734497070e-01
-3.038650155067443848e-01
-9.264000505208969116e-02
-3.915860876441001892e-02
-9.317047894001007080e-02
-4.156985133886337280e-02
1.946838647127151489e-01
5.527054071426391602e-01
7.659076452255249023e-01
6.339161396026611328e-01
1.427938938140869141e-01
-4.289121329784393311e-01
-7.195635437965393066e-01
-5.037089586257934570e-01
1.165595501661300659e-01
7.889109253883361816e-01
1.134056448936462402e+00
1.000907540321350098e+00
5.345246195793151855e-01
2.633078768849372864e-02
-2.911818623542785645e-01
-4.053301811218261719e-01
-4.186402261257171631e-01
-4.387500286102294922e-01
-4.113582670688629150e-01
-2.505282759666442871e-01
8.212698251008987427e-02
3.914896249771118164e-01
4.473822712898254395e-01
1.025743335485458374e-01
-4.221606552600860596e-01
-7.263150215148925781e-01
-3.997842967510223389e-01
5.442660450935363770e-01
1.740677237510681152e+00
2.579163312911987305e+00
2.741632938385009766e+00
2.259673595428466797e+00
1.579750776290893555e+00
1.038185358047485352e+00
7.540925741195678711e-01
4.411612451076507568e-01
-1.147270053625106812e-01
-9.435681104660034180e-01
-1.640610575675964355e+00
-1.833895921707153320e+00
-1.331440925598144531e+00
-4.881805181503295898e-01
2.213522344827651978e-01
3.793851733207702637e-01
1.067216768860816956e-01
-2.462844997644424438e-01
-2.426193952560424805e-01
9.075923264026641846e-02
4.765101075172424316e-01
4.522529840469360352e-01
-2.700593695044517517e-02
-7.269419431686401367e-01
-1.125520586967468262e+00
-1.028492093086242676e+00
-5.211181044578552246e-01
-6.399442255496978760e-02
8.309148252010345459e-02
-1.290497928857803345e-01
-3.586002588272094727e-01
-3.960227668285369873e-01
-1.707160919904708862e-01
2.589676342904567719e-02
2.594498917460441589e-02
-2.055826932191848755e-01
-3.541153371334075928e-01
-2.327332943677902222e-01
1.675332486629486084e-01
4.466589093208312988e-01
2.979333400726318359e-01
-3.495821952819824219e-01
-1.032832384109497070e+00
-1.239765405654907227e+00
-6.596199870109558105e-01
3.732123970985412598e-01
1.255245566368103027e+00
1.414484143257141113e+00
8.981885313987731934e-01
1.984936296939849854e-01
-6.269235163927078247e-04
5.083867311477661133e-01
1.425624132156372070e+00
2.062240839004516602e+00
1.974712610244750977e+00
1.167283415794372559e+00
1.396592706441879272e-01
-6.106235384941101074e-01
-8.499153852462768555e-01
-7.551052570343017578e-01
-5.887776613235473633e-01
-4.838402867317199707e-01
-2.905067205429077148e-01
1.573577970266342163e-01
8.378591537475585938e-01
1.429385662078857422e+00
1.552986025810241699e+00
1.059548974037170410e+00
1.908258795738220215e-01
-5.769625306129455566e-01
-8.830941319465637207e-01
-7.044691443443298340e-01
-3.450972735881805420e-01
-1.236003860831260681e-01
-1.546089798212051392e-01
-2.450306415557861328e-01
-1.595761477947235107e-01
1.999403834342956543e-01
6.215705871582031250e-01
8.321204185485839844e-01
6.474673151969909668e-01
2.303220629692077637e-01
-1.400450766086578369e-01
-1.680155098438262939e-01
9.789651632308959961e-02
4.409683644771575928e-01
4.928583502769470215e-01
1.560075134038925171e-01
-4.985006451606750488e-01
-1.117804646492004395e+00
-1.491016983985900879e+00
-1.482529401779174805e+00
-1.296622514724731445e+00
-1.114959359169006348e+00
-1.196459412574768066e+00
-1.478092789649963379e+00
-1.847495436668395996e+00
-1.932901620864868164e+00
-1.588575959205627441e+00
-7.222641110420227051e-01
3.028040528297424316e-01
1.114766478538513184e+00
1.224912166595458984e+00
6.375812292098999023e-01
-4.147340357303619385e-01
-1.238077521324157715e+00
-1.413519620895385742e+00
-7.059640884399414062e-01
4.340239763259887695e-01
1.518842816352844238e+00
1.951516509056091309e+00
1.737542629241943359e+00
1.019136548042297363e+00
2.873720824718475342e-01
-3.394067585468292236e-01
-7.194671034812927246e-01
-1.027093648910522461e+00
-1.077922701835632324e+00
-8.182316422462463379e-01
1.398521708324551582e-03
1.088628530502319336e+00
2.102170944213867188e+00
2.384961843490600586e+00
1.866399526596069336e+00
7.068803906440734863e-01
-3.308709561824798584e-01
-8.615857958793640137e-01
-6.796815395355224609e-01
-3.253733217716217041e-01
-1.495935916900634766e-01
-4.634893834590911865e-01
-8.106603622436523438e-01
-8.148076534271240234e-01
-6.900981068611145020e-02
9.921787977218627930e-01
1.828205466270446777e+00
1.673548221588134766e+00
5.945163965225219727e-01
-1.044068813323974609e+00
-2.320292234420776367e+00
