-7.544063329696655273e-01
-8.233354091644287109e-01
-7.072603702545166016e-01
-6.957246065139770508e-01
-7.605739235877990723e-01
-7.856147885322570801e-01
-6.866815686225891113e-01
-5.128905177116394043e-01
-4.155260920524597168e-01
-5.013611316680908203e-01
-6.826465129852294922e-01
-6.908704042434692383e-01
-2.615407109260559082e-01
6.166896820068359375e-01
1.625335931777954102e+00
2.271744728088378906e+00
2.217275619506835938e+00
1.492448568344116211e+00
4.767725765705108643e-01
-3.873915672302246094e-01
-8.644416928291320801e-01
-1.027182817459106445e+00
-1.071104884147644043e+00
-1.097851395606994629e+00
-1.002830028533935547e+00
-6.376520395278930664e-01
-8.313715457916259766e-03
6.232966184616088867e-01
9.375889897346496582e-01
8.096241354942321777e-01
4.736763238906860352e-01
3.309009671211242676e-01
6.377671957015991211e-01
1.237277269363403320e+00
1.687423944473266602e+00
1.588373184204101562e+00
9.542700052261352539e-01
1.857102215290069580e-01
-2.218104302883148193e-01
-1.213582754135131836e-01
2.082266807556152344e-01
2.943266034126281738e-01
-4.790675640106201172e-02
-5.472627878189086914e-01
-6.507920026779174805e-01
-5.972377583384513855e-02
9.784578680992126465e-01
1.741087198257446289e+00
1.606093525886535645e+00
5.198088884353637695e-01
-8.649954795837402344e-01
-1.683996081352233887e+00
-1.448114395141601562e+00
-4.453882873058319092e-01
5.311706662178039551e-01
7.350016236305236816e-01
5.892673134803771973e-02
-9.615746736526489258e-01
-1.525925874710083008e+00
-1.211975097656250000e+00
-2.160608470439910889e-01
7.716464996337890625e-01
1.124039769172668457e+00
6.490484476089477539e-01
-2.688087821006774902e-01
-1.018686532974243164e+00
-1.123500108718872070e+00
-5.742111206054687500e-01
2.539630234241485596e-01
7.989329695701599121e-01
6.957455277442932129e-01
-7.973679900169372559e-02
-1.146262884140014648e+00
-1.973955154418945312e+00
-2.111150979995727539e+00
-1.495491623878479004e+00
-4.444645643234252930e-01
4.674339890480041504e-01
8.187318444252014160e-01
5.608868598937988281e-01
9.779977053403854370e-02
-7.438450306653976440e-02
2.943463921546936035e-01
9.422729015350341797e-01
1.347619891166687012e+00
1.119266748428344727e+00
4.175484776496887207e-01
-1.711081862449645996e-01
-5.285549163818359375e-02
7.752231955528259277e-01
1.658104896545410156e+00
1.669263005256652832e+00
3.997813761234283447e-01
-1.655198931694030762e+00
-3.267616748809814453e+00
-3.325580120086669922e+00
-1.569739103317260742e+00
1.143625617027282715e+00
3.437184095382690430e+00
4.243296146392822266e+00
3.458984851837158203e+00
1.810966491699218750e+00
2.876261770725250244e-01
-5.614492297172546387e-01
-7.765895128250122070e-01
-7.498868107795715332e-01
-7.299011349678039551e-01
-6.799743771553039551e-01
-4.111303687095642090e-01
5.713309347629547119e-02
4.423758387565612793e-01
3.827761411666870117e-01
-1.764868497848510742e-01
-9.059294462203979492e-01
-1.290479183197021484e+00
-1.075350522994995117e+00
-4.401834905147552490e-01
1.300519704818725586e-01
2.826542258262634277e-01
3.356641530990600586e-02
-2.845727503299713135e-01
-4.081484675407409668e-01
-3.846506476402282715e-01
-5.318946838378906250e-01
-1.053971290588378906e+00
-1.773552298545837402e+00
-2.172079086303710938e+00
-1.831231594085693359e+00
-8.130443096160888672e-01
2.996370792388916016e-01
8.550333380699157715e-01
6.468908786773681641e-01
1.125676184892654419e-01
-3.831467777490615845e-02
5.795439481735229492e-01
1.651346802711486816e+00
2.384076833724975586e+00
2.116137027740478516e+00
8.674266934394836426e-01
-6.575739383697509766e-01
-1.574747323989868164e+00
-1.455711364746093750e+00
-5.682213902473449707e-01
4.140827059745788574e-01
9.650179743766784668e-01
1.042922258377075195e+00
9.728747606277465820e-01
1.029321670532226562e+00
1.126694202423095703e+00
9.012430906295776367e-01
8.958622813224792480e-02
-1.138511657714843750e+00
-2.223276376724243164e+00
-2.589570999145507812e+00
-2.070307493209838867e+00
-1.004545688629150391e+00
1.800650358200073242e-02
5.745753645896911621e-01
6.181164979934692383e-01
3.981918990612030029e-01
1.783669590950012207e-01
7.505410909652709961e-02
7.155746221542358398e-02
1.802739500999450684e-01
4.736478328704833984e-01
9.892962574958801270e-01
1.552422523498535156e+00
1.813671946525573730e+00
1.467785596847534180e+00
5.681540966033935547e-01
-4.398093223571777344e-01
-9.731092453002929688e-01
-7.722414731979370117e-01
-9.913145005702972412e-02
4.271961152553558350e-01
3.484334051609039307e-01
-2.773337960243225098e-01
-8.917245268821716309e-01
-9.259976148605346680e-01
-2.722310721874237061e-01
5.657025575637817383e-01
8.870281577110290527e-01
3.432845473289489746e-01
-7.195173501968383789e-01
-1.524167895317077637e+00
-1.425454616546630859e+00
-4.407817125320434570e-01
7.822556495666503906e-01
1.412844061851501465e+00
1.067137122154235840e+00
2.209052443504333496e-02
-1.006234884262084961e+00
-1.434618234634399414e+00
-1.167874574661254883e+00
-6.146468520164489746e-01
-2.826325893402099609e-01
-4.232578873634338379e-01
-8.677877783775329590e-01
-1.254768967628479004e+00
-1.297529101371765137e+00
-9.914610385894775391e-01
-5.154958963394165039e-01
-8.140879869461059570e-02
2.382120788097381592e-01
4.574582874774932861e-01
6.117283701896667480e-01
6.580631732940673828e-01
5.547879338264465332e-01
3.195023238658905029e-01
9.995673596858978271e-02
6.150549650192260742e-02
2.866331338882446289e-01
6.678984165191650391e-01
9.973661303520202637e-01
1.082385301589965820e+00
8.994836807250976562e-01
5.740529894828796387e-01
