-5.778828859329223633e-01
-5.632433295249938965e-01
-6.249279975891113281e-01
-9.076788425445556641e-01
-1.393048405647277832e+00
-1.551095008850097656e+00
-1.164431214332580566e+00
-1.501118242740631104e-01
9.224231243133544922e-01
1.603850364685058594e+00
1.496858835220336914e+00
9.044271111488342285e-01
2.025497704744338989e-01
-8.414931595325469971e-02
-1.022875308990478516e-02
2.616869211196899414e-01
3.017033934593200684e-01
1.164221763610839844e-01
-2.189204394817352295e-01
-3.492862284183502197e-01
-2.771199941635131836e-01
-3.649950772523880005e-02
8.117057383060455322e-02
1.009133458137512207e-01
8.122491836547851562e-02
3.129979968070983887e-01
7.525749206542968750e-01
1.251046299934387207e+00
1.364167213439941406e+00
9.404986500740051270e-01
1.171100139617919922e-02
-9.498494267463684082e-01
-1.561462402343750000e+00
-1.514502525329589844e+00
-9.338315129280090332e-01
-3.542548418045043945e-02
8.332525491714477539e-01
1.536049604415893555e+00
1.940011739730834961e+00
2.054758548736572266e+00
1.809074282646179199e+00
1.282310605049133301e+00
5.894415974617004395e-01
1.694747805595397949e-02
-2.603145837783813477e-01
-1.752606034278869629e-01
6.795920431613922119e-02
2.488612532615661621e-01
2.045716941356658936e-01
3.695970773696899414e-02
-5.615583062171936035e-02
8.824270963668823242e-02
3.657260537147521973e-01
4.928046762943267822e-01
1.758376508951187134e-01
-5.934367179870605469e-01
-1.475772500038146973e+00
-1.953189373016357422e+00
-1.660090684890747070e+00
-6.581554412841796875e-01
5.778930187225341797e-01
1.413603782653808594e+00
1.456394195556640625e+00
7.479163408279418945e-01
-2.628661990165710449e-01
-1.078866958618164062e+00
-1.406041383743286133e+00
-1.348942518234252930e+00
-1.177651286125183105e+00
-1.140342473983764648e+00
-1.175410270690917969e+00
-1.078457951545715332e+00
-6.378899812698364258e-01
2.114307507872581482e-02
5.705989599227905273e-01
5.960689187049865723e-01
7.548961043357849121e-02
-6.640036106109619141e-01
-1.006202220916748047e+00
-6.365954279899597168e-01
3.140279054641723633e-01
1.167531013488769531e+00
1.319049000740051270e+00
5.537549257278442383e-01
-5.908985137939453125e-01
-1.335217952728271484e+00
-1.055921912193298340e+00
8.280041068792343140e-02
1.395153641700744629e+00
2.009075880050659180e+00
1.670201897621154785e+00
7.265790104866027832e-01
1.619350910186767578e-02
2.140796184539794922e-02
7.003061771392822266e-01
1.375555992126464844e+00
1.502080082893371582e+00
9.355694055557250977e-01
2.145712375640869141e-01
-1.116605997085571289e-01
2.093870639801025391e-01
6.944265365600585938e-01
6.889569759368896484e-01
-2.707276940345764160e-01
-1.848768115043640137e+00
-3.302466392517089844e+00
-3.827509880065917969e+00
-3.318868160247802734e+00
-2.216447114944458008e+00
-1.323879361152648926e+00
-1.013206243515014648e+00
-1.203558206558227539e+00
-1.339776635169982910e+00
-1.086912274360656738e+00
-4.155070483684539795e-01
2.687529325485229492e-01
6.917320489883422852e-01
7.916437387466430664e-01
8.885465860366821289e-01
1.166790127754211426e+00
1.594489336013793945e+00
1.764545559883117676e+00
1.403804063796997070e+00
5.305532217025756836e-01
-3.453567326068878174e-01
-7.145758271217346191e-01
-3.225338459014892578e-01
5.092157125473022461e-01
1.256788372993469238e+00
1.478312611579895020e+00
1.208163142204284668e+00
7.404350638389587402e-01
4.037885665893554688e-01
1.806782484054565430e-01
-1.470971107482910156e-01
-7.735535502433776855e-01
-1.511374711990356445e+00
-1.904639840126037598e+00
-1.518860220909118652e+00
-3.840543031692504883e-01
9.714133739471435547e-01
1.802627921104431152e+00
1.675627231597900391e+00
7.415745258331298828e-01
-3.875516057014465332e-01
-1.077125787734985352e+00
-1.093518495559692383e+00
-6.768584251403808594e-01
-2.920242846012115479e-01
-2.264090776443481445e-01
-4.436219334602355957e-01
-6.464622020721435547e-01
-6.300902366638183594e-01
-4.122410416603088379e-01
-2.800564467906951904e-01
-4.733607172966003418e-01
-1.061678051948547363e+00
-1.772602796554565430e+00
-2.257749080657958984e+00
-2.175521135330200195e+00
-1.503474712371826172e+00
-3.960470557212829590e-01
7.564088106155395508e-01
1.670430064201354980e+00
2.113109588623046875e+00
2.170033454895019531e+00
1.987658262252807617e+00
1.864517927169799805e+00
1.853507995605468750e+00
1.914827823638916016e+00
1.720607995986938477e+00
1.130131959915161133e+00
1.229488998651504517e-01
-8.630886673927307129e-01
-1.422853469848632812e+00
-1.199965596199035645e+00
-4.275713562965393066e-01
4.641139209270477295e-01
8.513208627700805664e-01
6.314926147460937500e-01
-9.405851364135742188e-03
-4.585419297218322754e-01
-4.346029162406921387e-01
1.326936185359954834e-01
7.818529605865478516e-01
1.231197595596313477e+00
1.257759332656860352e+00
1.148450613021850586e+00
1.047843217849731445e+00
1.139725208282470703e+00
1.152843475341796875e+00
1.015196919441223145e+00
6.160966753959655762e-01
3.115819096565246582e-01
2.314439415931701660e-01
5.010682344436645508e-01
6.992244720458984375e-01
6.079453229904174805e-01
4.603433609008789062e-02
-5.172817111015319824e-01
-7.360044121742248535e-01
-3.165829479694366455e-01
2.421502172946929932e-01
4.085167050361633301e-01
-3.622686862945556641e-01
-1.672055244445800781e+00
-2.821601629257202148e+00
-2.863685846328735352e+00
-1.799750447273254395e+00
-1.925219744443893433e-01
7.594746947288513184e-01
5.793304443359375000e-01
-5.715307593345642090e-01
-1.532190799713134766e+00
-1.467985630035400391e+00
-1.288974285125732422e-02
2.003009796142578125e+00
