-1.553935050964355469e+00
-1.563628911972045898e+00
-1.001173734664916992e+00
-3.851112127304077148e-01
-2.026201784610748291e-02
-8.352487534284591675e-02
-5.042565464973449707e-01
-9.909856319427490234e-01
-1.220244169235229492e+00
-1.049986362457275391e+00
-5.990853309631347656e-01
-1.434316039085388184e-01
1.147447228431701660e-01
1.766563653945922852e-01
2.390586137771606445e-01
4.808295965194702148e-01
9.132266044616699219e-01
1.340331077575683594e+00
1.553170204162597656e+00
1.486424803733825684e+00
1.298928499221801758e+00
1.195083379745483398e+00
1.256392836570739746e+00
1.315087199211120605e+00
1.133931159973144531e+00
5.970873236656188965e-01
-1.000953242182731628e-01
-6.115091443061828613e-01
-6.553786993026733398e-01
-2.947808504104614258e-01
1.539726853370666504e-01
3.119204938411712646e-01
1.013097167015075684e-01
-2.651222944259643555e-01
-4.091281294822692871e-01
-1.889627575874328613e-01
2.263658046722412109e-01
4.141910672187805176e-01
1.195979490876197815e-01
-5.863798856735229492e-01
-1.247625470161437988e+00
-1.429002285003662109e+00
-9.572892785072326660e-01
-1.273222565650939941e-01
5.947491526603698730e-01
8.216924071311950684e-01
5.819817185401916504e-01
1.753352880477905273e-01
2.199578285217285156e-02
2.820664048194885254e-01
8.658162355422973633e-01
1.429414510726928711e+00
1.690323114395141602e+00
1.473684072494506836e+00
8.599035739898681641e-01
1.517291367053985596e-02
-7.809838056564331055e-01
-1.329307079315185547e+00
-1.469464778900146484e+00
-1.263590693473815918e+00
-8.958479166030883789e-01
-6.995503306388854980e-01
-8.596296906471252441e-01
-1.359998464584350586e+00
-1.848136186599731445e+00
-1.938953638076782227e+00
-1.384425282478332520e+00
-3.790114521980285645e-01
6.211230754852294922e-01
1.092375874519348145e+00
8.822181224822998047e-01
2.211596369743347168e-01
-3.443541526794433594e-01
-4.168575406074523926e-01
9.688705205917358398e-02
8.613972663879394531e-01
1.463753461837768555e+00
1.594246029853820801e+00
1.300675034523010254e+00
7.979323863983154297e-01
3.737839460372924805e-01
1.355913877487182617e-01
8.902174234390258789e-02
1.386604905128479004e-01
2.613333463668823242e-01
4.102836847305297852e-01
5.542366504669189453e-01
5.595576167106628418e-01
3.421661555767059326e-01
-1.117177605628967285e-01
-6.031678318977355957e-01
-8.818008899688720703e-01
-7.247483730316162109e-01
-1.635263115167617798e-01
5.796465873718261719e-01
1.150167584419250488e+00
1.311062812805175781e+00
1.002015113830566406e+00
3.845283687114715576e-01
-3.251414895057678223e-01
-9.174325466156005859e-01
-1.294868826866149902e+00
-1.404096245765686035e+00
-1.241269111633300781e+00
-8.083885312080383301e-01
-1.801734864711761475e-01
4.923996925354003906e-01
9.747447967529296875e-01
1.063876867294311523e+00
6.726929545402526855e-01
-7.109872996807098389e-02
-8.736237883567810059e-01
-1.379284024238586426e+00
-1.357266664505004883e+00
-8.114620447158813477e-01
1.121079921722412109e-02
7.475286722183227539e-01
1.120652437210083008e+00
1.071734547615051270e+00
7.661001086235046387e-01
4.386394619941711426e-01
2.347164601087570190e-01
1.135519146919250488e-01
-4.274070262908935547e-02
-2.807142138481140137e-01
-4.443992972373962402e-01
-2.929890751838684082e-01
3.016846776008605957e-01
1.117368936538696289e+00
1.662545919418334961e+00
1.434728741645812988e+00
3.425232470035552979e-01
-1.188379287719726562e+00
-2.375654697418212891e+00
-2.618668556213378906e+00
-1.836349964141845703e+00
-5.742816925048828125e-01
4.395218193531036377e-01
7.163518071174621582e-01
3.470190763473510742e-01
-2.263680398464202881e-01
-5.378057360649108887e-01
-5.083310604095458984e-01
-3.359822332859039307e-01
-2.918562889099121094e-01
-3.247638642787933350e-01
-1.638947129249572754e-01
4.790876507759094238e-01
1.471727728843688965e+00
2.325006723403930664e+00
2.424694299697875977e+00
1.605677962303161621e+00
2.385342121124267578e-01
-8.873246908187866211e-01
-1.211165547370910645e+00
-6.687763929367065430e-01
2.036333680152893066e-01
8.087074756622314453e-01
7.949140667915344238e-01
3.257033526897430420e-01
-2.914354205131530762e-01
-8.118723630905151367e-01
-1.319297194480895996e+00
-1.893768310546875000e+00
-2.463664770126342773e+00
-2.598766326904296875e+00
-1.948419451713562012e+00
-4.984470009803771973e-01
1.131579637527465820e+00
2.154828310012817383e+00
2.048802375793457031e+00
1.092166185379028320e+00
6.681957840919494629e-02
-1.919908821582794189e-01
4.520933032035827637e-01
1.478632450103759766e+00
2.013242959976196289e+00
1.658805608749389648e+00
6.735224127769470215e-01
-1.272182464599609375e-01
-1.671701371669769287e-01
5.595197677612304688e-01
1.371404170989990234e+00
1.586908340454101562e+00
9.257702827453613281e-01
-1.863970905542373657e-01
-1.135619163513183594e+00
-1.502304553985595703e+00
-1.466738343238830566e+00
-1.437794566154479980e+00
-1.738790392875671387e+00
-2.157482624053955078e+00
-2.247808694839477539e+00
-1.631038308143615723e+00
-5.052371621131896973e-01
5.521667599678039551e-01
8.756967782974243164e-01
3.122970759868621826e-01
-7.962973117828369141e-01
-1.774162411689758301e+00
-2.215388298034667969e+00
-2.092960357666015625e+00
-1.759344577789306641e+00
-1.459821939468383789e+00
-1.218427419662475586e+00
-7.724197506904602051e-01
1.259148120880126953e-03
9.800919890403747559e-01
1.728033542633056641e+00
1.926927804946899414e+00
1.549086451530456543e+00
1.000835657119750977e+00
7.281012535095214844e-01
9.719722867012023926e-01
1.503255486488342285e+00
1.903731107711791992e+00
1.810112357139587402e+00
