-1.076338529586791992e+00
-1.125496387481689453e+00
-1.434276401996612549e-01
7.643517851829528809e-01
1.239110827445983887e+00
9.748591184616088867e-01
3.693791925907135010e-01
-2.153837978839874268e-01
-3.009903728961944580e-01
-3.987661004066467285e-02
3.709096908569335938e-01
4.823831021785736084e-01
3.480670452117919922e-01
5.563789606094360352e-02
-1.320809125900268555e-03
1.718193590641021729e-01
5.678764581680297852e-01
8.603808283805847168e-01
1.042951941490173340e+00
1.056581854820251465e+00
1.120290517807006836e+00
1.155202388763427734e+00
1.155181765556335449e+00
8.838568925857543945e-01
4.315786659717559814e-01
-1.324308812618255615e-01
-4.968030452728271484e-01
-6.585597395896911621e-01
-6.336033344268798828e-01
-6.996369361877441406e-01
-8.598495125770568848e-01
-1.077760577201843262e+00
-1.051212787628173828e+00
-7.404633760452270508e-01
-2.018548548221588135e-01
1.842242777347564697e-01
2.333804070949554443e-01
-1.261686682701110840e-01
-5.961927771568298340e-01
-9.778500199317932129e-01
-1.150099754333496094e+00
-1.337383389472961426e+00
-1.684112668037414551e+00
-2.217840909957885742e+00
-2.575206279754638672e+00
-2.408884048461914062e+00
-1.541115283966064453e+00
-3.258784711360931396e-01
6.606143116950988770e-01
8.627971410751342773e-01
2.510348260402679443e-01
-7.675766348838806152e-01
-1.528987884521484375e+00
-1.653194665908813477e+00
-1.170571565628051758e+00
-4.939045906066894531e-01
2.358719706535339355e-02
2.972265481948852539e-01
5.795271992683410645e-01
1.125672101974487305e+00
1.942002534866333008e+00
2.676561355590820312e+00
2.884378671646118164e+00
2.360645294189453125e+00
1.343352198600769043e+00
3.749277591705322266e-01
-6.910227239131927490e-02
1.031057536602020264e-01
5.368300080299377441e-01
7.333487272262573242e-01
3.998205065727233887e-01
-2.973452806472778320e-01
-9.034770131111145020e-01
-9.693366289138793945e-01
-4.448147416114807129e-01
3.344420492649078369e-01
8.231368064880371094e-01
7.283232212066650391e-01
1.473790556192398071e-01
-4.183272421360015869e-01
-5.103467106819152832e-01
4.583548009395599365e-02
9.094957113265991211e-01
1.552322387695312500e+00
1.511111497879028320e+00
8.104432821273803711e-01
-1.734136939048767090e-01
-8.534035682678222656e-01
-9.456305503845214844e-01
-5.147535800933837891e-01
-3.427252173423767090e-02
7.592973113059997559e-02
-4.040246903896331787e-01
-1.233754873275756836e+00
-2.019762516021728516e+00
-2.320224285125732422e+00
-2.021094560623168945e+00
-1.202435970306396484e+00
-1.948496401309967041e-01
7.487840652465820312e-01
1.379669070243835449e+00
1.646872639656066895e+00
1.504940867424011230e+00
1.084207415580749512e+00
5.124741792678833008e-01
5.391949415206909180e-02
-1.578795909881591797e-01
-3.909693658351898193e-02
2.439042925834655762e-01
5.307693481445312500e-01
6.400072574615478516e-01
6.267282962799072266e-01
5.827991962432861328e-01
6.653898954391479492e-01
8.207851648330688477e-01
9.543368816375732422e-01
9.025321006774902344e-01
7.178801894187927246e-01
5.215030312538146973e-01
4.971379637718200684e-01
5.757154226303100586e-01
5.425193905830383301e-01
8.456316590309143066e-02
-8.124528527259826660e-01
-1.855818748474121094e+00
-2.475257396697998047e+00
-2.290769815444946289e+00
-1.318345189094543457e+00
-9.154164791107177734e-02
7.434702515602111816e-01
7.694147229194641113e-01
1.259341686964035034e-01
-6.785460710525512695e-01
-1.079072833061218262e+00
-8.803753852844238281e-01
-2.950166761875152588e-01
2.235563099384307861e-01
3.586764931678771973e-01
1.013380289077758789e-01
-2.783650755882263184e-01
-4.792290329933166504e-01
-3.705306947231292725e-01
-3.311783075332641602e-02
3.511784374713897705e-01
6.629516482353210449e-01
8.796111345291137695e-01
1.060074210166931152e+00
1.221018791198730469e+00
1.367911934852600098e+00
1.466648697853088379e+00
1.551999092102050781e+00
1.623705506324768066e+00
1.678279399871826172e+00
1.580321669578552246e+00
1.243172168731689453e+00
6.277378797531127930e-01
-5.184304714202880859e-02
-5.357685089111328125e-01
-5.508991479873657227e-01
-1.473879218101501465e-01
4.431781172752380371e-01
7.829817533493041992e-01
6.631634235382080078e-01
6.455095112323760986e-02
-6.551347970962524414e-01
-1.173038721084594727e+00
-1.196482300758361816e+00
-8.307827711105346680e-01
-2.875824570655822754e-01
1.507514715194702148e-02
-8.954495191574096680e-02
-6.746853590011596680e-01
-1.428741455078125000e+00
-2.071287155151367188e+00
-2.233058214187622070e+00
-1.948609590530395508e+00
-1.379681587219238281e+00
-1.025876522064208984e+00
-1.107955694198608398e+00
-1.683427810668945312e+00
-2.245867967605590820e+00
-2.353889465332031250e+00
-1.634385347366333008e+00
-4.332997202873229980e-01
7.004855871200561523e-01
1.043747663497924805e+00
5.910447835922241211e-01
-2.454522997140884399e-01
-5.563576817512512207e-01
6.770491600036621094e-03
1.279390454292297363e+00
2.269254207611083984e+00
2.250394344329833984e+00
9.443764686584472656e-01
-8.219544887542724609e-01
-2.072186231613159180e+00
-1.964687943458557129e+00
-7.992281913757324219e-01
6.453298926353454590e-01
1.287160634994506836e+00
9.642668962478637695e-01
7.548034191131591797e-02
-3.518366217613220215e-01
7.633993029594421387e-02
1.261482715606689453e+00
2.277244329452514648e+00
2.556421756744384766e+00
1.866058588027954102e+00
8.927435278892517090e-01
2.018841356039047241e-01
2.440760284662246704e-01
5.830326080322265625e-01
7.638159394264221191e-01
2.451579570770263672e-01
-7.144835591316223145e-01
-1.767195701599121094e+00
-2.303856134414672852e+00
