-6.044198274612426758e-01
-6.160991787910461426e-01
6.060138940811157227e-01
1.551927089691162109e+00
1.671777367591857910e+00
9.004240632057189941e-01
-2.389097511768341064e-01
-9.796190261840820312e-01
-8.400424122810363770e-01
3.093087673187255859e-02
9.835955500602722168e-01
1.345106601715087891e+00
9.209707379341125488e-01
1.000835299491882324e-01
-4.503744244575500488e-01
-3.031498491764068604e-01
4.383866488933563232e-01
1.225345253944396973e+00
1.483115911483764648e+00
9.752019643783569336e-01
-7.114428281784057617e-02
-1.187283754348754883e+00
-1.956473827362060547e+00
-2.230930089950561523e+00
-2.089091539382934570e+00
-1.716176867485046387e+00
-1.260122418403625488e+00
-8.344075679779052734e-01
-5.254859924316406250e-01
-4.184400439262390137e-01
-5.057584047317504883e-01
-6.599470973014831543e-01
-6.354507207870483398e-01
-2.403202056884765625e-01
5.404967665672302246e-01
1.460002303123474121e+00
2.147409439086914062e+00
2.270169496536254883e+00
1.736084222793579102e+00
6.974284648895263672e-01
-4.996261596679687500e-01
-1.500971794128417969e+00
-2.034454345703125000e+00
-2.019397258758544922e+00
-1.531492471694946289e+00
-8.001490831375122070e-01
-6.783410906791687012e-02
4.765046834945678711e-01
8.138872385025024414e-01
1.028128385543823242e+00
1.230868816375732422e+00
1.387851715087890625e+00
1.354887127876281738e+00
9.675833582878112793e-01
2.947242259979248047e-01
-3.372082710266113281e-01
-4.676533341407775879e-01
1.088006421923637390e-01
1.137164235115051270e+00
1.922679066658020020e+00
1.802798986434936523e+00
5.925058126449584961e-01
-1.163872838020324707e+00
-2.531440973281860352e+00
-2.739367008209228516e+00
-1.737847805023193359e+00
-1.738196909427642822e-01
1.020760178565979004e+00
1.300911188125610352e+00
7.645738124847412109e-01
9.834513068199157715e-03
-4.365447163581848145e-01
-4.720896780490875244e-01
-4.603654146194458008e-01
-7.837123274803161621e-01
-1.487463235855102539e+00
-2.144618988037109375e+00
-2.233816146850585938e+00
-1.529411554336547852e+00
-3.590907156467437744e-01
6.708313226699829102e-01
1.067325830459594727e+00
8.356891870498657227e-01
3.687804937362670898e-01
1.465376317501068115e-01
3.135523200035095215e-01
6.604623794555664062e-01
8.093822002410888672e-01
6.087952852249145508e-01
2.115236222743988037e-01
-2.566844224929809570e-02
9.269082546234130859e-02
4.801865816116333008e-01
8.004041910171508789e-01
8.022951483726501465e-01
4.804165363311767578e-01
1.100798174738883972e-01
-4.947123676538467407e-02
5.709695816040039062e-02
1.854307651519775391e-01
5.210331082344055176e-02
-4.383757114410400391e-01
-1.006470561027526855e+00
-1.207820296287536621e+00
-7.062877416610717773e-01
3.891381025314331055e-01
1.569136738777160645e+00
2.156714439392089844e+00
1.775999784469604492e+00
5.710577964782714844e-01
-7.951502799987792969e-01
-1.563925981521606445e+00
-1.292152643203735352e+00
-1.801015883684158325e-01
1.083571195602416992e+00
1.704242944717407227e+00
1.328102707862854004e+00
2.344330549240112305e-01
-8.097722530364990234e-01
-1.113183617591857910e+00
-5.093338489532470703e-01
4.746816754341125488e-01
1.020334362983703613e+00
5.783682465553283691e-01
-6.634266972541809082e-01
-1.907589912414550781e+00
-2.253383636474609375e+00
-1.374502897262573242e+00
2.629751265048980713e-01
1.676197528839111328e+00
2.067087411880493164e+00
1.314819931983947754e+00
3.197672963142395020e-02
-9.492978453636169434e-01
-1.140415668487548828e+00
-7.056857347488403320e-01
-2.030579596757888794e-01
-1.214716210961341858e-01
-4.870387911796569824e-01
-9.411077499389648438e-01
-1.075092554092407227e+00
-8.116355538368225098e-01
-4.139199852943420410e-01
-2.334142923355102539e-01
-3.527312278747558594e-01
-5.295354127883911133e-01
-4.015567600727081299e-01
1.565235257148742676e-01
9.134769439697265625e-01
1.438284397125244141e+00
1.454015254974365234e+00
1.027587652206420898e+00
5.047935843467712402e-01
2.074208557605743408e-01
2.215582132339477539e-01
3.905217647552490234e-01
5.400610566139221191e-01
6.504504680633544922e-01
8.546273708343505859e-01
1.233193159103393555e+00
1.659068346023559570e+00
1.829405546188354492e+00
1.522102832794189453e+00
8.129628896713256836e-01
7.676097750663757324e-02
-2.919249832630157471e-01
-1.897530704736709595e-01
9.369441866874694824e-02
1.019233465194702148e-01
-4.319345951080322266e-01
-1.368220210075378418e+00
-2.275158882141113281e+00
-2.752789735794067383e+00
-2.705986022949218750e+00
-2.340914964675903320e+00
-1.928174734115600586e+00
-1.550676465034484863e+00
-1.072675466537475586e+00
-3.390975594520568848e-01
5.952442884445190430e-01
1.424514651298522949e+00
1.798366308212280273e+00
1.591250300407409668e+00
1.009009242057800293e+00
4.257922172546386719e-01
1.097148060798645020e-01
5.570966005325317383e-02
7.540589570999145508e-02
2.703702449798583984e-02
-1.851630210876464844e-02
1.552669107913970947e-01
6.821141242980957031e-01
1.424536824226379395e+00
2.018285751342773438e+00
2.107188224792480469e+00
1.598595261573791504e+00
7.126349806785583496e-01
-1.823763251304626465e-01
-8.230576515197753906e-01
-1.164602756500244141e+00
-1.322315812110900879e+00
-1.406203269958496094e+00
-1.445361971855163574e+00
-1.426677703857421875e+00
-1.396110415458679199e+00
-1.454498410224914551e+00
-1.647198915481567383e+00
-1.827461719512939453e+00
-1.692244052886962891e+00
-9.874079227447509766e-01
2.330918908119201660e-01
1.545034527778625488e+00
2.365434408187866211e+00
2.331162214279174805e+00
1.546333551406860352e+00
5.214140415191650391e-01
-1.755537539720535278e-01
