-1.168909907341003418e+00
-1.218077182769775391e+00
-5.594824552536010742e-01
3.832651376724243164e-01
1.101957201957702637e+00
1.154740095138549805e+00
5.773559212684631348e-01
-2.342124879360198975e-01
-6.820226311683654785e-01
-4.597378373146057129e-01
3.491265475749969482e-01
1.226938962936401367e+00
1.653530597686767578e+00
1.331079363822937012e+00
4.683505594730377197e-01
-4.492106437683105469e-01
-8.602062463760375977e-01
-5.753382444381713867e-01
1.900453120470046997e-01
8.362117409706115723e-01
8.418891429901123047e-01
1.628369092941284180e-02
-1.240787506103515625e+00
-2.229062318801879883e+00
-2.274456024169921875e+00
-1.262312173843383789e+00
3.264933824539184570e-01
1.582997560501098633e+00
1.810060977935791016e+00
8.971614241600036621e-01
-4.985557198524475098e-01
-1.431300640106201172e+00
-1.192530155181884766e+00
1.460341513156890869e-01
1.837048888206481934e+00
2.845393657684326172e+00
2.555158138275146484e+00
1.047261714935302734e+00
-9.280251264572143555e-01
-2.503022909164428711e+00
-3.117439270019531250e+00
-2.806766986846923828e+00
-1.974196434020996094e+00
-1.111616969108581543e+00
-4.536866843700408936e-01
-5.280613899230957031e-03
3.748053014278411865e-01
7.405865192413330078e-01
1.069430589675903320e+00
1.277777433395385742e+00
1.365548610687255859e+00
1.369192361831665039e+00
1.337230443954467773e+00
1.220332384109497070e+00
9.427816867828369141e-01
4.638698101043701172e-01
-1.063707768917083740e-01
-5.847853422164916992e-01
-8.201946020126342773e-01
-8.456482291221618652e-01
-8.326279520988464355e-01
-9.586951136589050293e-01
-1.212313771247863770e+00
-1.385660052299499512e+00
-1.216245174407958984e+00
-6.367222070693969727e-01
1.288587450981140137e-01
6.779251098632812500e-01
7.222856283187866211e-01
3.032825887203216553e-01
-2.156481146812438965e-01
-4.124361276626586914e-01
-1.154653131961822510e-01
4.706916809082031250e-01
9.164783358573913574e-01
8.922573328018188477e-01
4.000955522060394287e-01
-2.311751693487167358e-01
-6.070325374603271484e-01
-5.293105840682983398e-01
-1.205165982246398926e-01
3.286553919315338135e-01
5.758435130119323730e-01
6.008336544036865234e-01
5.323256254196166992e-01
5.079811215400695801e-01
5.108410120010375977e-01
4.291582107543945312e-01
1.712179481983184814e-01
-1.749716699123382568e-01
-4.122390151023864746e-01
-3.637875914573669434e-01
-7.732803374528884888e-02
2.227418720722198486e-01
2.787560224533081055e-01
7.111561298370361328e-02
-1.670790314674377441e-01
-8.354569971561431885e-02
4.378256201744079590e-01
1.148880720138549805e+00
1.500056982040405273e+00
1.064676642417907715e+00
-1.531867682933807373e-01
-1.585477709770202637e+00
-2.461819648742675781e+00
-2.248326539993286133e+00
-1.064172148704528809e+00
4.232806861400604248e-01
1.359676599502563477e+00
1.293157219886779785e+00
3.861848115921020508e-01
-6.661675572395324707e-01
-1.165129899978637695e+00
-7.932729721069335938e-01
1.571775823831558228e-01
1.068692445755004883e+00
1.350111722946166992e+00
8.436744809150695801e-01
-1.842381954193115234e-01
-1.190304040908813477e+00
-1.744654297828674316e+00
-1.679308176040649414e+00
-1.171503782272338867e+00
-5.232458710670471191e-01
-3.515505790710449219e-02
1.882840394973754883e-01
1.859050840139389038e-01
1.408158093690872192e-01
2.110199481248855591e-01
5.026360750198364258e-01
9.495167732238769531e-01
1.383248925209045410e+00
1.553690910339355469e+00
1.327515244483947754e+00
7.442557811737060547e-01
9.603744745254516602e-02
-2.621952593326568604e-01
-7.089245319366455078e-02
5.990982651710510254e-01
1.398554563522338867e+00
1.835057854652404785e+00
1.609791159629821777e+00
7.538163661956787109e-01
-3.446891903877258301e-01
-1.221305131912231445e+00
-1.560141682624816895e+00
-1.390753030776977539e+00
-9.754163026809692383e-01
-6.462410688400268555e-01
-5.625219345092773438e-01
-6.916083693504333496e-01
-8.533326983451843262e-01
-8.986592888832092285e-01
-7.574756145477294922e-01
-4.617221951484680176e-01
-5.114005506038665771e-02
4.292009472846984863e-01
9.338303208351135254e-01
1.344625473022460938e+00
1.502027988433837891e+00
1.262723207473754883e+00
6.306809186935424805e-01
-2.132204174995422363e-01
-9.597044587135314941e-01
-1.337817311286926270e+00
-1.249980449676513672e+00
-8.278393149375915527e-01
-3.457590937614440918e-01
-7.288423180580139160e-02
-1.326118260622024536e-01
-4.507822096347808838e-01
-8.075889348983764648e-01
-9.443926811218261719e-01
-6.990962028503417969e-01
-8.349537849426269531e-02
6.925669908523559570e-01
1.314885854721069336e+00
1.498934388160705566e+00
1.169510245323181152e+00
5.118409395217895508e-01
-8.035251498222351074e-02
-2.407243847846984863e-01
1.707597076892852783e-01
9.361650943756103516e-01
1.624779224395751953e+00
1.811501264572143555e+00
1.360760927200317383e+00
4.518169760704040527e-01
-5.219606161117553711e-01
-1.241218328475952148e+00
-1.576574563980102539e+00
-1.625444173812866211e+00
-1.507885217666625977e+00
-1.289300084114074707e+00
-9.140888452529907227e-01
-3.809462189674377441e-01
2.158269882202148438e-01
6.440779566764831543e-01
7.514676451683044434e-01
5.419136881828308105e-01
2.481723576784133911e-01
8.340315520763397217e-02
1.107442826032638550e-01
1.054017841815948486e-01
-1.942856311798095703e-01
-8.931900262832641602e-01
-1.702060461044311523e+00
-2.148222446441650391e+00
-1.822957634925842285e+00
-7.762748599052429199e-01
5.503553152084350586e-01
1.514393687248229980e+00
1.767878532409667969e+00
1.375370502471923828e+00
7.967324256896972656e-01
4.376026391983032227e-01
4.513772726058959961e-01
