1.206664204597473145e+00
1.179237246513366699e+00
3.349620401859283447e-01
-3.959945142269134521e-01
-5.469227433204650879e-01
-1.086234450340270996e-01
5.292680263519287109e-01
8.421041965484619141e-01
6.334745883941650391e-01
1.151748299598693848e-01
-2.503914237022399902e-01
-1.919725537300109863e-01
1.971051692962646484e-01
5.196895003318786621e-01
4.639954566955566406e-01
3.567904233932495117e-02
-4.151227474212646484e-01
-5.206191539764404297e-01
-1.719021201133728027e-01
3.577563166618347168e-01
6.488082408905029297e-01
4.330518543720245361e-01
-1.856264770030975342e-01
-8.221577405929565430e-01
-1.058321595191955566e+00
-7.258348464965820312e-01
7.523477077484130859e-03
7.373634576797485352e-01
1.048875093460083008e+00
7.173115611076354980e-01
-1.907574534416198730e-01
-1.333733081817626953e+00
-2.238939046859741211e+00
-2.491748094558715820e+00
-1.955526828765869141e+00
-8.544116616249084473e-01
2.840210795402526855e-01
9.093862771987915039e-01
7.233379483222961426e-01
-1.285982429981231689e-01
-1.179937601089477539e+00
-1.894865989685058594e+00
-2.003690481185913086e+00
-1.561665296554565430e+00
-8.636960983276367188e-01
-1.720131635665893555e-01
3.784256577491760254e-01
7.916299104690551758e-01
1.034298181533813477e+00
1.035263538360595703e+00
7.211465835571289062e-01
2.190296053886413574e-01
-1.770620048046112061e-01
-1.232502534985542297e-01
4.400304853916168213e-01
1.229082345962524414e+00
1.704462289810180664e+00
1.510919094085693359e+00
6.974452733993530273e-01
-2.323383390903472900e-01
-7.386038899421691895e-01
-5.706351995468139648e-01
6.330147385597229004e-03
5.199820399284362793e-01
6.212359666824340820e-01
4.261812567710876465e-01
3.214140236377716064e-01
6.697733402252197266e-01
1.396016120910644531e+00
2.074512004852294922e+00
2.187849998474121094e+00
1.623585939407348633e+00
7.234830856323242188e-01
1.233888566493988037e-01
2.081117630004882812e-01
8.912218213081359863e-01
1.582792997360229492e+00
1.665592312812805176e+00
8.312919139862060547e-01
-6.452760100364685059e-01
-2.160421133041381836e+00
-3.062450885772705078e+00
-3.075119018554687500e+00
-2.317126750946044922e+00
-1.263277053833007812e+00
-3.935227096080780029e-01
-4.832756519317626953e-02
-2.198133170604705811e-01
-6.837767362594604492e-01
-1.065369129180908203e+00
-1.129255771636962891e+00
-8.355038762092590332e-01
-4.291892051696777344e-01
-2.026691436767578125e-01
-3.629452586174011230e-01
-8.106547594070434570e-01
-1.273677706718444824e+00
-1.433844685554504395e+00
-1.215121269226074219e+00
-7.442213892936706543e-01
-2.750406861305236816e-01
1.035863310098648071e-01
4.613328874111175537e-01
9.555449485778808594e-01
1.525880813598632812e+00
1.877799153327941895e+00
1.610460519790649414e+00
6.271671652793884277e-01
-7.153334617614746094e-01
-1.701676130294799805e+00
-1.764497995376586914e+00
-8.529024124145507812e-01
4.618906378746032715e-01
1.428524255752563477e+00
1.602279782295227051e+00
1.165978908538818359e+00
6.805307865142822266e-01
6.295839548110961914e-01
1.003428101539611816e+00
1.397308349609375000e+00
1.398083806037902832e+00
1.020530939102172852e+00
6.877582073211669922e-01
8.534123301506042480e-01
1.514475941658020020e+00
2.130383491516113281e+00
2.009455680847167969e+00
9.093790054321289062e-01
-6.836726665496826172e-01
-1.841933488845825195e+00
-1.876256823539733887e+00
-8.689352273941040039e-01
3.590037226676940918e-01
8.351383805274963379e-01
1.478391438722610474e-01
-1.276593446731567383e+00
-2.481213569641113281e+00
-2.677076339721679688e+00
-1.740479111671447754e+00
-2.566426694393157959e-01
9.478912949562072754e-01
1.310112595558166504e+00
8.334592580795288086e-01
-6.297843158245086670e-02
-8.283694982528686523e-01
-1.112145185470581055e+00
-8.205647468566894531e-01
-1.287499666213989258e-01
6.638561487197875977e-01
1.173589110374450684e+00
1.124794960021972656e+00
4.493941664695739746e-01
-5.495637655258178711e-01
-1.364383459091186523e+00
-1.515872716903686523e+00
-9.624363183975219727e-01
-1.182481944561004639e-01
3.391432166099548340e-01
3.503029048442840576e-02
-8.603639602661132812e-01
-1.656933426856994629e+00
-1.738999128341674805e+00
-9.835082888603210449e-01
4.074150323867797852e-02
5.844449400901794434e-01
2.380464673042297363e-01
-6.384168267250061035e-01
-1.261876106262207031e+00
-9.468696117401123047e-01
2.560195326805114746e-01
1.673733472824096680e+00
2.414755344390869141e+00
2.122227907180786133e+00
1.105256080627441406e+00
1.612922102212905884e-01
-1.377147883176803589e-01
2.719094157218933105e-01
8.862110376358032227e-01
1.201879739761352539e+00
1.005613446235656738e+00
5.905808210372924805e-01
3.354038596153259277e-01
4.748177528381347656e-01
8.178144097328186035e-01
1.050971031188964844e+00
8.958640098571777344e-01
4.174370765686035156e-01
-1.888191550970077515e-01
-6.560924649238586426e-01
-9.235396385192871094e-01
-9.682820439338684082e-01
-8.443638682365417480e-01
-4.986484646797180176e-01
3.894984722137451172e-03
5.341483950614929199e-01
7.791918516159057617e-01
5.744903087615966797e-01
-5.410516262054443359e-02
-7.285894751548767090e-01
-1.086480855941772461e+00
-9.222319126129150391e-01
-4.675146639347076416e-01
-8.209842443466186523e-02
-8.519501984119415283e-02
-3.781867325305938721e-01
-6.564760804176330566e-01
-5.497587919235229492e-01
-4.651659727096557617e-02
6.144759654998779297e-01
1.020753622055053711e+00
1.012717843055725098e+00
6.461167931556701660e-01
2.050276994705200195e-01
-1.677234470844268799e-01
-4.412048459053039551e-01
-7.523448467254638672e-01
-1.091676115989685059e+00
