2.679835259914398193e-01
2.815946042537689209e-01
-1.235671788454055786e-01
-1.972521692514419556e-01
2.462562620639801025e-01
1.001719355583190918e+00
1.526261329650878906e+00
1.391919612884521484e+00
5.960835814476013184e-01
-3.631619811058044434e-01
-9.021454453468322754e-01
-7.635144591331481934e-01
-2.569322586059570312e-01
3.610694408416748047e-02
-3.082752525806427002e-01
-1.171175122261047363e+00
-2.012516736984252930e+00
-2.226107358932495117e+00
-1.597859978675842285e+00
-3.752625584602355957e-01
9.086368680000305176e-01
1.820318222045898438e+00
2.176168680191040039e+00
2.037008047103881836e+00
1.512879133224487305e+00
7.193666696548461914e-01
-2.120011448860168457e-01
-1.028120875358581543e+00
-1.447898387908935547e+00
-1.306631565093994141e+00
-7.442345023155212402e-01
-1.240652203559875488e-01
1.815170645713806152e-01
8.441829681396484375e-02
-1.997438669204711914e-01
-3.323034048080444336e-01
-1.672857701778411865e-01
1.595689058303833008e-01
3.605784177780151367e-01
2.972738742828369141e-01
8.983910083770751953e-02
8.832454681396484375e-03
1.779845207929611206e-01
4.487034380435943604e-01
5.094099640846252441e-01
2.083097994327545166e-01
-2.804523408412933350e-01
-5.578120946884155273e-01
-3.637963533401489258e-01
1.792147159576416016e-01
6.186819672584533691e-01
5.502467155456542969e-01
-4.847121238708496094e-02
-7.722821831703186035e-01
-1.126308321952819824e+00
-9.087729454040527344e-01
-3.561746776103973389e-01
1.013207435607910156e-01
2.049936950206756592e-01
5.331975221633911133e-02
-7.320654392242431641e-02
-2.387726306915283203e-02
6.223648786544799805e-02
-5.738931894302368164e-02
-4.165662229061126709e-01
-7.083956599235534668e-01
-5.375964045524597168e-01
1.701883375644683838e-01
9.820583462715148926e-01
1.255881071090698242e+00
6.980651021003723145e-01
-2.906349599361419678e-01
-8.674229979515075684e-01
-4.357092082500457764e-01
7.734565138816833496e-01
1.786398887634277344e+00
1.632612109184265137e+00
1.910501122474670410e-01
-1.592868685722351074e+00
-2.348413944244384766e+00
-1.334387421607971191e+00
9.453538656234741211e-01
3.058899402618408203e+00
3.684470176696777344e+00
2.542665004730224609e+00
5.227582454681396484e-01
-1.073925614356994629e+00
-1.508254885673522949e+00
-1.034999966621398926e+00
-4.825861454010009766e-01
-4.449757635593414307e-01
-7.911046147346496582e-01
-9.083232283592224121e-01
-3.833999633789062500e-01
5.235313177108764648e-01
1.078427910804748535e+00
7.425877451896667480e-01
-2.936216592788696289e-01
-1.248474836349487305e+00
-1.430952668190002441e+00
-8.803958892822265625e-01
-3.397848308086395264e-01
-5.835546255111694336e-01
-1.652513861656188965e+00
-2.733054637908935547e+00
-2.799800395965576172e+00
-1.535977602005004883e+00
3.143741488456726074e-01
1.466590166091918945e+00
1.136897325515747070e+00
-3.031615912914276123e-01
-1.580887794494628906e+00
-1.545991420745849609e+00
-8.353209495544433594e-02
1.784657955169677734e+00
2.745003461837768555e+00
2.225255966186523438e+00
8.315320611000061035e-01
-2.133930176496505737e-01
-7.767818868160247803e-02
1.004044532775878906e+00
1.998761415481567383e+00
1.959229707717895508e+00
8.455376625061035156e-01
-4.771992862224578857e-01
-9.557844996452331543e-01
-2.498157620429992676e-01
1.018691658973693848e+00
1.765460491180419922e+00
1.357315897941589355e+00
8.719289302825927734e-02
-1.053203701972961426e+00
-1.200132966041564941e+00
-2.607105672359466553e-01
1.008615016937255859e+00
1.629054546356201172e+00
1.092509865760803223e+00
-2.781561315059661865e-01
-1.655475139617919922e+00
-2.286078214645385742e+00
-2.008851289749145508e+00
-1.232372760772705078e+00
-6.034120321273803711e-01
-5.065022110939025879e-01
-8.924573659896850586e-01
-1.336789131164550781e+00
-1.392347097396850586e+00
-8.237251043319702148e-01
2.257024943828582764e-01
1.357331752777099609e+00
2.068675994873046875e+00
2.044609546661376953e+00
1.275228738784790039e+00
1.270403563976287842e-01
-8.831907510757446289e-01
-1.322452545166015625e+00
-1.136308193206787109e+00
-6.084874272346496582e-01
-1.849648952484130859e-01
-8.374091982841491699e-02
-1.844838261604309082e-01
-9.903796017169952393e-02
4.219006597995758057e-01
1.274155974388122559e+00
1.966892600059509277e+00
2.026945352554321289e+00
1.316885948181152344e+00
2.169234156608581543e-01
-7.013815641403198242e-01
-1.038356065750122070e+00
-8.952881097793579102e-01
-6.814852952957153320e-01
-7.935584187507629395e-01
-1.209814071655273438e+00
-1.567885041236877441e+00
-1.426587343215942383e+00
-7.221634387969970703e-01
1.983074396848678589e-01
7.629137039184570312e-01
6.708190441131591797e-01
6.390124559402465820e-02
-5.122005939483642578e-01
-5.627362728118896484e-01
7.722893357276916504e-02
1.083808064460754395e+00
1.941407680511474609e+00
2.203528881072998047e+00
1.800607562065124512e+00
9.624500274658203125e-01
1.226770281791687012e-01
-3.811703622341156006e-01
-3.785986900329589844e-01
7.279520854353904724e-03
4.997869133949279785e-01
7.309443354606628418e-01
5.097846984863281250e-01
-1.153777241706848145e-01
-7.759945392608642578e-01
-1.059813380241394043e+00
-7.230575084686279297e-01
3.920586407184600830e-02
7.561405897140502930e-01
9.398356676101684570e-01
5.243141055107116699e-01
-1.252794116735458374e-01
-4.132932424545288086e-01
-5.644392967224121094e-02
7.184569835662841797e-01
1.242918014526367188e+00
9.763206839561462402e-01
-1.179012060165405273e-01
-1.432242274284362793e+00
-2.198219299316406250e+00
-1.968564271926879883e+00
-9.891729950904846191e-01
7.443836331367492676e-02
5.688718557357788086e-01
