-2.354640364646911621e-01
-2.471202164888381958e-01
-2.000793695449829102e+00
-2.806951999664306641e+00
-2.374274730682373047e+00
-1.283570051193237305e+00
-1.762770414352416992e-01
3.120173811912536621e-01
2.588857114315032959e-01
-8.599539101123809814e-02
-2.066124528646469116e-01
-3.788235783576965332e-02
3.985508978366851807e-01
7.382881641387939453e-01
8.751861453056335449e-01
6.663717031478881836e-01
2.921269237995147705e-01
-1.999519765377044678e-01
-5.572613477706909180e-01
-7.242210507392883301e-01
-5.184818506240844727e-01
-6.648796796798706055e-02
5.164424180984497070e-01
8.278198838233947754e-01
7.138214111328125000e-01
9.569311141967773438e-02
-6.536756753921508789e-01
-1.199071168899536133e+00
-1.177400112152099609e+00
-6.803646683692932129e-01
8.909773826599121094e-02
7.278099060058593750e-01
1.141233921051025391e+00
1.325191378593444824e+00
1.536185860633850098e+00
1.825977087020874023e+00
2.215215921401977539e+00
2.471268177032470703e+00
2.503261566162109375e+00
2.206900596618652344e+00
1.696721673011779785e+00
9.960414171218872070e-01
2.107647061347961426e-01
-6.601932644844055176e-01
-1.448340415954589844e+00
-1.998050689697265625e+00
-2.057119846343994141e+00
-1.598781466484069824e+00
-7.361893653869628906e-01
1.627179980278015137e-01
8.048938512802124023e-01
9.949603080749511719e-01
8.431005477905273438e-01
5.461455583572387695e-01
3.488579690456390381e-01
3.048204779624938965e-01
3.831291794776916504e-01
4.452492594718933105e-01
4.499636888504028320e-01
3.998712301254272461e-01
3.823311924934387207e-01
4.158004820346832275e-01
4.669302701950073242e-01
4.162235558032989502e-01
1.769984066486358643e-01
-2.649538516998291016e-01
-7.887557744979858398e-01
-1.208544373512268066e+00
-1.355466604232788086e+00
-1.185247778892517090e+00
-8.107219934463500977e-01
-4.442238211631774902e-01
-2.883458733558654785e-01
-3.937393128871917725e-01
-6.507519483566284180e-01
-8.432452678680419922e-01
-8.182050585746765137e-01
-5.564019083976745605e-01
-2.066504806280136108e-01
8.939837664365768433e-02
2.570599317550659180e-01
3.841373324394226074e-01
5.484026670455932617e-01
7.624467015266418457e-01
8.477866053581237793e-01
6.393550038337707520e-01
8.433032035827636719e-02
-5.445324182510375977e-01
-8.595190048217773438e-01
-5.070855617523193359e-01
4.560389220714569092e-01
1.631908893585205078e+00
2.392915725708007812e+00
2.363118171691894531e+00
1.548091650009155273e+00
4.336358308792114258e-01
-4.320254921913146973e-01
-6.524620652198791504e-01
-3.077464103698730469e-01
2.610316276550292969e-01
5.841532349586486816e-01
4.758621156215667725e-01
-5.603998899459838867e-03
-5.003404617309570312e-01
-7.180043458938598633e-01
-4.876510202884674072e-01
1.085817813873291016e-03
4.404853284358978271e-01
4.473493397235870361e-01
-6.511306762695312500e-02
-9.290871620178222656e-01
-1.657366514205932617e+00
-1.851916670799255371e+00
-1.341112852096557617e+00
-4.623357653617858887e-01
2.596118450164794922e-01
3.294320106506347656e-01
-2.202751338481903076e-01
-9.389041066169738770e-01
-1.145559072494506836e+00
-5.734467506408691406e-01
4.890137016773223877e-01
1.228067159652709961e+00
9.981701970100402832e-01
-2.928473949432373047e-01
-1.939392209053039551e+00
-2.998208522796630859e+00
-2.814094305038452148e+00
-1.547318696975708008e+00
9.789285808801651001e-02
1.299226999282836914e+00
1.760508775711059570e+00
1.689338207244873047e+00
1.553336858749389648e+00
1.522148966789245605e+00
1.433218598365783691e+00
9.718974232673645020e-01
1.803938150405883789e-01
-5.082582235336303711e-01
-5.085932612419128418e-01
3.080959320068359375e-01
1.439557075500488281e+00
1.985037565231323242e+00
1.378427028656005859e+00
-1.778133958578109741e-01
-1.748168110847473145e+00
-2.366028547286987305e+00
-1.706820964813232422e+00
-3.308726549148559570e-01
7.812819480895996094e-01
9.476619362831115723e-01
2.378904521465301514e-01
-6.992496848106384277e-01
-1.235139608383178711e+00
-1.227534174919128418e+00
-1.035247325897216797e+00
-1.046270489692687988e+00
-1.279840469360351562e+00
-1.336149096488952637e+00
-8.544074296951293945e-01
9.684550762176513672e-02
9.260851144790649414e-01
1.040006399154663086e+00
3.152352273464202881e-01
-6.581773161888122559e-01
-1.084333658218383789e+00
-5.196408033370971680e-01
6.542661190032958984e-01
1.614188551902770996e+00
1.645063996315002441e+00
8.050647974014282227e-01
-2.556231617927551270e-01
-7.292559742927551270e-01
-4.228339791297912598e-01
2.581397891044616699e-01
5.648893713951110840e-01
2.078835368156433105e-01
-5.574529170989990234e-01
-1.006580591201782227e+00
-7.350842952728271484e-01
1.779329031705856323e-01
1.063463449478149414e+00
1.398359775543212891e+00
9.895882010459899902e-01
2.472678571939468384e-01
-4.254299402236938477e-01
-7.472041845321655273e-01
-8.907189369201660156e-01
-9.600975513458251953e-01
-1.001432299613952637e+00
-7.176452279090881348e-01
-4.486083984375000000e-02
8.726511001586914062e-01
1.434394836425781250e+00
1.296573758125305176e+00
4.587391614913940430e-01
-3.903899192810058594e-01
-6.486534476280212402e-01
-3.012892603874206543e-02
8.758854269981384277e-01
1.329094886779785156e+00
7.371722459793090820e-01
-5.486367344856262207e-01
-1.790637254714965820e+00
-2.137556076049804688e+00
-1.592115163803100586e+00
-6.596454381942749023e-01
-2.054815590381622314e-01
-4.004552364349365234e-01
-9.046275019645690918e-01
-8.652446866035461426e-01
-1.395687460899353027e-03
1.429352283477783203e+00
2.451837539672851562e+00
2.459030866622924805e+00
1.332892298698425293e+00
-1.361137628555297852e-01
