1.338843107223510742e-01
6.939792633056640625e-02
-4.802398681640625000e-01
-6.631733179092407227e-01
-3.428235054016113281e-01
3.424720168113708496e-01
9.662634730339050293e-01
1.091830253601074219e+00
5.878006219863891602e-01
-2.045230865478515625e-01
-6.912848949432373047e-01
-4.756790101528167725e-01
2.846256494522094727e-01
9.471102952957153320e-01
8.793058991432189941e-01
-6.286084651947021484e-03
-1.110852360725402832e+00
-1.588928580284118652e+00
-1.015271306037902832e+00
2.185783386230468750e-01
1.190859556198120117e+00
1.159265279769897461e+00
1.799366474151611328e-01
-9.559963345527648926e-01
-1.352055311203002930e+00
-7.942724227905273438e-01
8.900326490402221680e-02
3.225603401660919189e-01
-5.336310863494873047e-01
-1.978738665580749512e+00
-2.887622117996215820e+00
-2.416347980499267578e+00
-6.579689383506774902e-01
1.379139661788940430e+00
2.571982860565185547e+00
2.471854925155639648e+00
1.599106192588806152e+00
8.644301295280456543e-01
8.276405930519104004e-01
1.231282591819763184e+00
1.373350381851196289e+00
7.517883181571960449e-01
-3.819970488548278809e-01
-1.274984955787658691e+00
-1.263588786125183105e+00
-3.999864459037780762e-01
6.470625400543212891e-01
1.106642961502075195e+00
7.891144156455993652e-01
1.437051892280578613e-01
-1.293247193098068237e-01
2.447057068347930908e-01
9.460241794586181641e-01
1.336916208267211914e+00
1.094301939010620117e+00
4.319735169410705566e-01
-7.122299075126647949e-02
-6.522217392921447754e-02
3.257870674133300781e-01
6.162213087081909180e-01
5.155633687973022461e-01
1.808295547962188721e-01
1.078772842884063721e-01
5.593631267547607422e-01
1.256802916526794434e+00
1.497331023216247559e+00
8.017482757568359375e-01
-6.325917840003967285e-01
-1.947710037231445312e+00
-2.312545061111450195e+00
-1.573857784271240234e+00
-4.433256983757019043e-01
1.032521128654479980e-01
-3.943125009536743164e-01
-1.464107275009155273e+00
-2.106210470199584961e+00
-1.611046075820922852e+00
-1.885764002799987793e-01
1.196642160415649414e+00
1.571285009384155273e+00
7.311650514602661133e-01
-6.442407965660095215e-01
-1.569506049156188965e+00
-1.541828155517578125e+00
-8.730849027633666992e-01
-3.255804479122161865e-01
-4.115853607654571533e-01
-9.567071795463562012e-01
-1.328047633171081543e+00
-1.039518117904663086e+00
-2.293718755245208740e-01
4.642406404018402100e-01
4.664354622364044189e-01
-1.901800483465194702e-01
-8.886079788208007812e-01
-9.299194216728210449e-01
-1.733049750328063965e-01
8.546127676963806152e-01
1.343178272247314453e+00
9.076147079467773438e-01
-1.364906877279281616e-01
-9.699174165725708008e-01
-9.579024314880371094e-01
-6.824922561645507812e-02
1.094354987144470215e+00
1.824427127838134766e+00
1.750167369842529297e+00
1.076241970062255859e+00
2.517683506011962891e-01
-3.151357769966125488e-01
-5.481053590774536133e-01
-5.151854157447814941e-01
-3.321832716464996338e-01
2.632848545908927917e-02
5.033969879150390625e-01
9.610841870307922363e-01
1.094162464141845703e+00
7.801383137702941895e-01
1.466711461544036865e-01
-3.457069993019104004e-01
-3.567817807197570801e-01
1.477103233337402344e-01
7.027204036712646484e-01
8.132427930831909180e-01
2.460635900497436523e-01
-6.206113696098327637e-01
-1.199190378189086914e+00
-1.018141031265258789e+00
-2.578231394290924072e-01
5.116940140724182129e-01
6.173907518386840820e-01
-5.765056610107421875e-02
-1.140160202980041504e+00
-1.911679744720458984e+00
-1.987307310104370117e+00
-1.399961948394775391e+00
-6.574933528900146484e-01
-1.479562371969223022e-01
-4.234141111373901367e-02
-8.946157991886138916e-02
-9.471991658210754395e-02
4.127869009971618652e-02
9.184291958808898926e-02
-5.211314558982849121e-02
-3.884690403938293457e-01
-5.850455760955810547e-01
-4.434298276901245117e-01
6.189062446355819702e-02
5.187177062034606934e-01
5.556518435478210449e-01
-4.154652357101440430e-02
-9.280507564544677734e-01
-1.616129875183105469e+00
-1.610427260398864746e+00
-9.579515457153320312e-01
-7.962048053741455078e-03
6.382852792739868164e-01
7.463585138320922852e-01
3.685194253921508789e-01
-2.927187085151672363e-02
-1.248600482940673828e-01
2.568423151969909668e-01
8.554346561431884766e-01
1.407273054122924805e+00
1.616533875465393066e+00
1.532891750335693359e+00
1.232143521308898926e+00
9.359393119812011719e-01
6.470234394073486328e-01
4.144127964973449707e-01
1.694326400756835938e-01
4.567724466323852539e-02
8.363345265388488770e-02
3.654462099075317383e-01
6.698694229125976562e-01
7.668673396110534668e-01
3.593295216560363770e-01
-4.375014603137969971e-01
-1.279789686203002930e+00
-1.530460834503173828e+00
-8.748831152915954590e-01
6.073717474937438965e-01
2.178350687026977539e+00
3.046432495117187500e+00
2.636478900909423828e+00
1.189848899841308594e+00
-5.646007061004638672e-01
-1.660626173019409180e+00
-1.702850461006164551e+00
-8.745877742767333984e-01
7.523056864738464355e-02
6.073176860809326172e-01
5.871469974517822266e-01
4.908802509307861328e-01
7.503532171249389648e-01
1.498756885528564453e+00
2.235666275024414062e+00
2.384225368499755859e+00
1.608050823211669922e+00
2.894185185432434082e-01
-9.084364175796508789e-01
-1.381160855293273926e+00
-1.202939271926879883e+00
-8.489830493927001953e-01
-9.037338495254516602e-01
-1.361013293266296387e+00
-1.756100893020629883e+00
-1.428587079048156738e+00
-3.015205562114715576e-01
1.070598602294921875e+00
1.704108715057373047e+00
1.074930191040039062e+00
-5.547239780426025391e-01
-2.112620115280151367e+00
-2.566354513168334961e+00
-1.507366657257080078e+00
4.634354710578918457e-01
