-1.050127625465393066e+00
-1.095661759376525879e+00
-3.436797559261322021e-01
3.455091714859008789e-01
6.228760480880737305e-01
3.850935995578765869e-01
-8.306711912155151367e-03
-1.134394407272338867e-01
3.692383766174316406e-01
1.197521567344665527e+00
1.838296413421630859e+00
1.699108362197875977e+00
6.966538429260253906e-01
-7.800375819206237793e-01
-1.981132507324218750e+00
-2.416069984436035156e+00
-2.025653362274169922e+00
-1.282109141349792480e+00
-6.761995553970336914e-01
-4.789308309555053711e-01
-4.789205193519592285e-01
-3.486838936805725098e-01
1.572500467300415039e-01
8.827946782112121582e-01
1.527056813240051270e+00
1.787475228309631348e+00
1.686352491378784180e+00
1.375543594360351562e+00
1.049204826354980469e+00
6.622943878173828125e-01
1.340150237083435059e-01
-5.549026727676391602e-01
-1.104438185691833496e+00
-1.158692717552185059e+00
-5.217638015747070312e-01
4.891482889652252197e-01
1.264095306396484375e+00
1.227798700332641602e+00
3.812347948551177979e-01
-7.341842055320739746e-01
-1.326931953430175781e+00
-1.023034453392028809e+00
-7.296982407569885254e-02
7.800682187080383301e-01
9.490686058998107910e-01
3.836088180541992188e-01
-3.711101412773132324e-01
-7.111212015151977539e-01
-4.237897694110870361e-01
1.152550429105758667e-01
3.570601940155029297e-01
4.421663284301757812e-02
-5.098859667778015137e-01
-7.396430969238281250e-01
-3.219907879829406738e-01
4.556524753570556641e-01
9.231084585189819336e-01
5.673042535781860352e-01
-4.650793373584747314e-01
-1.426631450653076172e+00
-1.508232355117797852e+00
-4.856784045696258545e-01
1.079795837402343750e+00
2.237063646316528320e+00
2.331493377685546875e+00
1.454564332962036133e+00
2.944298684597015381e-01
-4.201817512512207031e-01
-4.755727350711822510e-01
-2.221197038888931274e-01
-2.138123065233230591e-01
-6.637496352195739746e-01
-1.304126858711242676e+00
-1.606203317642211914e+00
-1.295574307441711426e+00
-5.442454814910888672e-01
1.355080604553222656e-01
3.798640966415405273e-01
2.016073018312454224e-01
-4.836529493331909180e-03
8.369928598403930664e-02
4.683837890625000000e-01
7.380064129829406738e-01
5.038888454437255859e-01
-3.106941878795623779e-01
-1.254747629165649414e+00
-1.733749151229858398e+00
-1.347727656364440918e+00
-2.923384904861450195e-01
8.675318956375122070e-01
1.464611530303955078e+00
1.261090874671936035e+00
4.397501349449157715e-01
-4.532299041748046875e-01
-9.942917227745056152e-01
-9.872076511383056641e-01
-6.257033944129943848e-01
-1.669293642044067383e-01
1.229151934385299683e-01
2.402544170618057251e-01
2.498302161693572998e-01
3.411256670951843262e-01
5.434975028038024902e-01
8.438841700553894043e-01
1.031167268753051758e+00
9.640862941741943359e-01
5.113568902015686035e-01
-1.763478517532348633e-01
-8.638523817062377930e-01
-1.174431562423706055e+00
-9.764422178268432617e-01
-3.209315836429595947e-01
4.019084274768829346e-01
8.663166165351867676e-01
8.481534719467163086e-01
5.314065217971801758e-01
1.822373270988464355e-01
1.113192737102508545e-01
2.787875533103942871e-01
5.276188850402832031e-01
5.704616308212280273e-01
4.174391031265258789e-01
1.930860877037048340e-01
1.825360059738159180e-01
3.842978477478027344e-01
6.482723951339721680e-01
6.061658859252929688e-01
1.575351059436798096e-01
-5.909423828125000000e-01
-1.198698163032531738e+00
-1.394847989082336426e+00
-1.115066051483154297e+00
-7.357040047645568848e-01
-6.114923954010009766e-01
-9.697750806808471680e-01
-1.536012053489685059e+00
-1.882872819900512695e+00
-1.533851981163024902e+00
-4.736872315406799316e-01
1.008911609649658203e+00
2.289942979812622070e+00
2.925503730773925781e+00
2.665941238403320312e+00
1.711924314498901367e+00
3.903937339782714844e-01
-8.215807676315307617e-01
-1.653582453727722168e+00
-1.923417568206787109e+00
-1.742084503173828125e+00
-1.269204139709472656e+00
-8.145507574081420898e-01
-5.420682430267333984e-01
-5.751353502273559570e-01
-7.914123535156250000e-01
-1.053600072860717773e+00
-1.114958763122558594e+00
-8.743786811828613281e-01
-2.460854351520538330e-01
6.498586535453796387e-01
1.649899482727050781e+00
2.406670570373535156e+00
2.640093564987182617e+00
2.140786170959472656e+00
1.074405670166015625e+00
-1.459223181009292603e-01
-8.994722366333007812e-01
-8.364802598953247070e-01
-9.653151035308837891e-03
9.991811513900756836e-01
1.543065905570983887e+00
1.239623308181762695e+00
3.582499027252197266e-01
-4.484291672706604004e-01
-5.078823566436767578e-01
2.963419854640960693e-01
1.508431315422058105e+00
2.331009149551391602e+00
2.252030372619628906e+00
1.293174505233764648e+00
1.458586752414703369e-02
-9.825419187545776367e-01
-1.385710716247558594e+00
-1.339104294776916504e+00
-1.142073392868041992e+00
-9.950339794158935547e-01
-8.290160894393920898e-01
-5.321500301361083984e-01
-1.497373878955841064e-01
2.246683649718761444e-02
-2.852070927619934082e-01
-1.025177955627441406e+00
-1.719256281852722168e+00
-1.784026861190795898e+00
-9.999163746833801270e-01
2.029458880424499512e-01
9.733965396881103516e-01
6.457059383392333984e-01
-7.080854177474975586e-01
-2.226987361907958984e+00
-2.815977573394775391e+00
-1.896750450134277344e+00
1.459867954254150391e-01
2.218559741973876953e+00
3.221414566040039062e+00
2.785942316055297852e+00
1.417899966239929199e+00
1.028337776660919189e-01
-4.416987597942352295e-01
-1.612439453601837158e-01
3.771354556083679199e-01
5.500127077102661133e-01
1.185627579689025879e-01
-5.795045495033264160e-01
-9.997629523277282715e-01
-7.698111534118652344e-01
-1.790292188525199890e-02
8.267035484313964844e-01
