-1.356421411037445068e-01
-1.151938289403915405e-01
5.244438648223876953e-01
9.807440638542175293e-01
9.655569195747375488e-01
4.615900516510009766e-01
-3.032190203666687012e-01
-9.053990840911865234e-01
-1.009171605110168457e+00
-4.815789759159088135e-01
4.821960330009460449e-01
1.502148985862731934e+00
2.132231235504150391e+00
2.116886854171752930e+00
1.453783392906188965e+00
4.536791443824768066e-01
-4.591742157936096191e-01
-9.131265878677368164e-01
-8.417082428932189941e-01
-4.755041301250457764e-01
-2.506578266620635986e-01
-4.755169749259948730e-01
-1.151511311531066895e+00
-1.891837239265441895e+00
-2.195803403854370117e+00
-1.742521643638610840e+00
-6.722031831741333008e-01
4.962180256843566895e-01
1.138550162315368652e+00
9.459989666938781738e-01
9.602558612823486328e-02
-8.295259475708007812e-01
-1.229389429092407227e+00
-8.217483758926391602e-01
1.772603690624237061e-01
1.232964634895324707e+00
1.796379089355468750e+00
1.626795768737792969e+00
8.631415963172912598e-01
-9.722775220870971680e-02
-8.643183708190917969e-01
-1.238951683044433594e+00
-1.267832756042480469e+00
-1.135097146034240723e+00
-1.013304591178894043e+00
-9.525803327560424805e-01
-8.837978243827819824e-01
-6.930608153343200684e-01
-3.274466991424560547e-01
1.429741382598876953e-01
5.553668737411499023e-01
7.339707612991333008e-01
6.140754222869873047e-01
2.854035794734954834e-01
-2.605878561735153198e-02
-1.043696999549865723e-01
1.353854537010192871e-01
5.512869358062744141e-01
8.677995800971984863e-01
8.287547230720520020e-01
4.139361083507537842e-01
-1.328185498714447021e-01
-3.989218175411224365e-01
-1.001929193735122681e-01
7.270078659057617188e-01
1.648422002792358398e+00
2.092810153961181641e+00
1.656898975372314453e+00
4.308530390262603760e-01
-1.047299146652221680e+00
-2.027054071426391602e+00
-2.029141664505004883e+00
-1.086815237998962402e+00
2.183540761470794678e-01
1.161630153656005859e+00
1.253997325897216797e+00
5.744295120239257812e-01
-3.815327882766723633e-01
-1.001662969589233398e+00
-1.016352891921997070e+00
-5.810298919677734375e-01
-1.593026071786880493e-01
-8.057780563831329346e-02
-3.541547358036041260e-01
-6.320345401763916016e-01
-5.896855592727661133e-01
-1.732534021139144897e-01
2.561494112014770508e-01
2.724785208702087402e-01
-3.036149740219116211e-01
-1.106928944587707520e+00
-1.505907058715820312e+00
-9.861932992935180664e-01
3.381749689579010010e-01
1.783108830451965332e+00
2.431382894515991211e+00
1.822270154953002930e+00
2.126203179359436035e-01
-1.482979536056518555e+00
-2.354364871978759766e+00
-1.977523446083068848e+00
-7.160046100616455078e-01
6.653797626495361328e-01
1.434560418128967285e+00
1.393420100212097168e+00
7.913849949836730957e-01
1.247224211692810059e-01
-3.125961422920227051e-01
-4.525925517082214355e-01
-4.223024845123291016e-01
-2.439999580383300781e-01
1.271422058343887329e-01
7.756491899490356445e-01
1.548205375671386719e+00
2.140100002288818359e+00
2.190182209014892578e+00
1.649430513381958008e+00
7.750697135925292969e-01
6.126937270164489746e-02
-1.947322189807891846e-01
-2.238163352012634277e-02
1.767700612545013428e-01
2.902599237859249115e-02
-5.945510864257812500e-01
-1.390477776527404785e+00
-1.913755178451538086e+00
-1.801431179046630859e+00
-1.075582385063171387e+00
-2.713568508625030518e-02
9.017074704170227051e-01
1.419431924819946289e+00
1.389173269271850586e+00
8.856329321861267090e-01
4.556687176227569580e-02
-8.764216899871826172e-01
-1.611441612243652344e+00
-1.867129445075988770e+00
-1.551581382751464844e+00
-8.009290695190429688e-01
-2.805346250534057617e-02
3.816830813884735107e-01
2.619620561599731445e-01
-1.424353718757629395e-01
-4.007160365581512451e-01
-1.613726019859313965e-01
5.065835118293762207e-01
1.200025081634521484e+00
1.407265543937683105e+00
9.397812485694885254e-01
1.556307077407836914e-02
-8.431060314178466797e-01
-1.223654270172119141e+00
-1.026092767715454102e+00
-5.185446143150329590e-01
-4.192861914634704590e-02
1.858359426259994507e-01
2.006086260080337524e-01
1.320871710777282715e-01
8.683297038078308105e-02
5.683809518814086914e-02
4.777717590332031250e-02
1.380920410156250000e-01
4.887624680995941162e-01
1.149268984794616699e+00
1.948938846588134766e+00
2.504990577697753906e+00
2.483022689819335938e+00
1.828661203384399414e+00
8.498414754867553711e-01
-7.377028465270996094e-03
-4.640757143497467041e-01
-5.939969420433044434e-01
-6.886790394783020020e-01
-9.606490135192871094e-01
-1.309311389923095703e+00
-1.408648729324340820e+00
-1.016768455505371094e+00
-2.752810716629028320e-01
3.044566810131072998e-01
2.004526257514953613e-01
-6.943180561065673828e-01
-1.903280019760131836e+00
-2.644391536712646484e+00
-2.350190639495849609e+00
-1.080590009689331055e+00
5.115417242050170898e-01
1.592697858810424805e+00
1.689534187316894531e+00
9.272099733352661133e-01
-1.077117323875427246e-01
-8.063797950744628906e-01
-8.729556798934936523e-01
-4.369403123855590820e-01
1.602492928504943848e-01
5.939780473709106445e-01
7.410960793495178223e-01
6.241546869277954102e-01
3.604544401168823242e-01
5.197916924953460693e-02
-1.793335974216461182e-01
-2.370793223381042480e-01
-6.637537479400634766e-02
2.341035604476928711e-01
4.594745039939880371e-01
3.772643208503723145e-01
-3.919094055891036987e-02
-5.813051462173461914e-01
-8.617945909500122070e-01
-6.300182342529296875e-01
6.664782762527465820e-02
8.305780887603759766e-01
1.217880010604858398e+00
9.907128810882568359e-01
3.309231400489807129e-01
-3.552002310752868652e-01
-6.702609658241271973e-01
-5.453355312347412109e-01
