-3.310176432132720947e-01
-4.018487632274627686e-01
6.156445145606994629e-01
1.777309894561767578e+00
2.399130821228027344e+00
1.997946500778198242e+00
6.465510725975036621e-01
-1.043417572975158691e+00
-2.261410474777221680e+00
-2.483321189880371094e+00
-1.742309093475341797e+00
-5.589052438735961914e-01
4.313991069793701172e-01
8.457261323928833008e-01
7.174224853515625000e-01
3.548223376274108887e-01
7.620376348495483398e-02
-1.169502735137939453e-03
4.613869637250900269e-02
8.223217725753784180e-02
6.879502534866333008e-02
7.751671969890594482e-02
1.970779895782470703e-01
4.082433581352233887e-01
5.690916180610656738e-01
5.127074122428894043e-01
1.962085813283920288e-01
-2.364991903305053711e-01
-5.245552062988281250e-01
-4.664245545864105225e-01
-6.694501638412475586e-02
4.371568560600280762e-01
7.160177826881408691e-01
5.543083548545837402e-01
1.017922163009643555e-02
-5.915669202804565430e-01
-8.397430181503295898e-01
-4.916301369667053223e-01
3.435971140861511230e-01
1.217890858650207520e+00
1.563502907752990723e+00
1.010687232017517090e+00
-3.844600617885589600e-01
-2.128610610961914062e+00
-3.527887582778930664e+00
-4.019530296325683594e+00
-3.441794872283935547e+00
-2.070174455642700195e+00
-4.591543078422546387e-01
8.343887329101562500e-01
1.461024284362792969e+00
1.376097321510314941e+00
7.888465523719787598e-01
7.060521841049194336e-02
-3.839341700077056885e-01
-2.785181403160095215e-01
4.428896307945251465e-01
1.537959337234497070e+00
2.515850543975830078e+00
2.877812862396240234e+00
2.400182008743286133e+00
1.329266905784606934e+00
2.659526467323303223e-01
-1.866029202938079834e-01
1.411203145980834961e-01
8.403451442718505859e-01
1.147192716598510742e+00
4.831342101097106934e-01
-1.118956804275512695e+00
-2.954543828964233398e+00
-4.080349922180175781e+00
-3.888327121734619141e+00
-2.493270158767700195e+00
-5.991465449333190918e-01
9.535319805145263672e-01
1.703871726989746094e+00
1.712489128112792969e+00
1.368021726608276367e+00
9.849826097488403320e-01
6.234849095344543457e-01
1.560026407241821289e-01
-4.432074427604675293e-01
-9.713656306266784668e-01
-1.086971282958984375e+00
-6.218784451484680176e-01
2.426808029413223267e-01
1.037652254104614258e+00
1.353865623474121094e+00
1.113233447074890137e+00
6.264742612838745117e-01
2.990891337394714355e-01
3.278591632843017578e-01
5.412696599960327148e-01
6.013871431350708008e-01
2.955783903598785400e-01
-2.521793842315673828e-01
-7.122470140457153320e-01
-8.162129521369934082e-01
-6.090937852859497070e-01
-3.814468383789062500e-01
-4.311538934707641602e-01
-7.747843265533447266e-01
-1.146463632583618164e+00
-1.196447372436523438e+00
-8.099378347396850586e-01
-1.804456114768981934e-01
3.242281973361968994e-01
4.750240743160247803e-01
3.207497298717498779e-01
1.312393844127655029e-01
1.225925981998443604e-01
2.966910600662231445e-01
4.421603977680206299e-01
3.722108900547027588e-01
8.875745534896850586e-02
-1.833580136299133301e-01
-2.208639383316040039e-01
1.462850347161293030e-02
3.029693961143493652e-01
3.603815436363220215e-01
5.487424135208129883e-02
-4.556713104248046875e-01
-8.571466207504272461e-01
-8.937764167785644531e-01
-5.642138123512268066e-01
-7.092016935348510742e-02
3.384890556335449219e-01
5.794103145599365234e-01
7.366927862167358398e-01
9.598731398582458496e-01
1.274569034576416016e+00
1.552998065948486328e+00
1.584410905838012695e+00
1.261030673980712891e+00
6.450522541999816895e-01
-5.298136174678802490e-02
-6.288316249847412109e-01
-9.767711162567138672e-01
-1.128281593322753906e+00
-1.168897628784179688e+00
-1.178824663162231445e+00
-1.186882615089416504e+00
-1.202662944793701172e+00
-1.223382472991943359e+00
-1.237583875656127930e+00
-1.193391680717468262e+00
-1.012155175209045410e+00
-6.209105253219604492e-01
-2.427989244461059570e-02
6.886417269706726074e-01
1.371455669403076172e+00
1.906345963478088379e+00
2.236746072769165039e+00
2.371788263320922852e+00
2.328480243682861328e+00
2.117828607559204102e+00
1.749127984046936035e+00
1.278609037399291992e+00
8.014163970947265625e-01
4.071568250656127930e-01
1.062335669994354248e-01
-1.791597008705139160e-01
-5.518494248390197754e-01
-1.035339951515197754e+00
-1.530463814735412598e+00
-1.878533363342285156e+00
-1.991242647171020508e+00
-1.928798913955688477e+00
-1.849773287773132324e+00
-1.861694216728210449e+00
-1.896686077117919922e+00
-1.737108469009399414e+00
-1.193888187408447266e+00
-3.047860264778137207e-01
6.258755922317504883e-01
1.193663120269775391e+00
1.170614004135131836e+00
6.746406555175781250e-01
1.038775444030761719e-01
-1.334270983934402466e-01
1.096018105745315552e-01
6.375197768211364746e-01
1.077325344085693359e+00
1.145100593566894531e+00
8.274224996566772461e-01
3.423303961753845215e-01
-3.897202759981155396e-02
-1.795899420976638794e-01
-1.059693768620491028e-01
7.995259761810302734e-02
3.284846246242523193e-01
6.546275615692138672e-01
1.065642118453979492e+00
1.458869457244873047e+00
1.642103075981140137e+00
1.444821238517761230e+00
8.748760223388671875e-01
1.375518590211868286e-01
-4.661666750907897949e-01
-7.463972568511962891e-01
-7.253623008728027344e-01
-6.052583456039428711e-01
-5.819360017776489258e-01
-6.954712271690368652e-01
-7.892939448356628418e-01
-6.524744629859924316e-01
-1.945211440324783325e-01
4.417271912097930908e-01
9.567323923110961914e-01
1.059395074844360352e+00
6.651707291603088379e-01
-6.199754029512405396e-02
-7.847688794136047363e-01
-1.194805979728698730e+00
-1.155294060707092285e+00
-7.676426768302917480e-01
-2.775037288665771484e-01
