-2.210495173931121826e-01
-1.892802566289901733e-01
-6.390632390975952148e-01
-1.187561988830566406e+00
-1.514373302459716797e+00
-1.319388628005981445e+00
-5.635006427764892578e-01
4.971310496330261230e-01
1.406087160110473633e+00
1.782315969467163086e+00
1.506319999694824219e+00
8.014627695083618164e-01
7.787196338176727295e-02
-2.829918265342712402e-01
-1.562888026237487793e-01
2.843011319637298584e-01
6.618154048919677734e-01
6.410112380981445312e-01
1.179689764976501465e-01
-6.977494359016418457e-01
-1.416172504425048828e+00
-1.690722465515136719e+00
-1.440232992172241211e+00
-8.774780035018920898e-01
-3.632911741733551025e-01
-1.481317877769470215e-01
-2.178565263748168945e-01
-3.376950621604919434e-01
-2.756541967391967773e-01
-1.574476808309555054e-02
2.181925475597381592e-01
1.649819910526275635e-01
-2.068905681371688843e-01
-5.994293689727783203e-01
-5.655783414840698242e-01
1.311833858489990234e-01
1.278384923934936523e+00
2.291468381881713867e+00
2.599865913391113281e+00
2.043698787689208984e+00
1.001644730567932129e+00
1.069979965686798096e-01
-1.890120804309844971e-01
7.895797491073608398e-02
5.029618740081787109e-01
6.609230041503906250e-01
4.729124903678894043e-01
1.997186541557312012e-01
1.673310399055480957e-01
4.122017025947570801e-01
6.497794985771179199e-01
5.305274128913879395e-01
3.196799755096435547e-02
-4.683123230934143066e-01
-4.601504802703857422e-01
2.025763392448425293e-01
1.100689768791198730e+00
1.471679449081420898e+00
8.205292820930480957e-01
-6.639404892921447754e-01
-2.141579627990722656e+00
-2.732505559921264648e+00
-2.136930942535400391e+00
-8.856868743896484375e-01
9.499640762805938721e-02
1.624824702739715576e-01
-5.363969206809997559e-01
-1.250020384788513184e+00
-1.217836618423461914e+00
-3.179951310157775879e-01
8.730746507644653320e-01
1.520202636718750000e+00
1.229563832283020020e+00
3.136086165904998779e-01
-4.470815956592559814e-01
-4.756809473037719727e-01
1.866020709276199341e-01
9.027245044708251953e-01
1.006636977195739746e+00
3.007311820983886719e-01
-7.640751004219055176e-01
-1.488563537597656250e+00
-1.426417350769042969e+00
-7.262396812438964844e-01
5.771203339099884033e-02
3.662303686141967773e-01
4.676416516304016113e-02
-6.452041268348693848e-01
-1.266409754753112793e+00
-1.531647682189941406e+00
-1.389058947563171387e+00
-9.553134441375732422e-01
-3.117293119430541992e-01
4.968720674514770508e-01
1.403759837150573730e+00
2.192532539367675781e+00
2.592343568801879883e+00
2.441192865371704102e+00
1.888389110565185547e+00
1.307958841323852539e+00
1.062760472297668457e+00
1.183166503906250000e+00
1.336499214172363281e+00
1.041404128074645996e+00
8.489024639129638672e-02
-1.285159111022949219e+00
-2.451701164245605469e+00
-2.849830150604248047e+00
-2.313402414321899414e+00
-1.190716385841369629e+00
-6.979734450578689575e-02
5.877068042755126953e-01
7.147865891456604004e-01
5.648813843727111816e-01
4.671622514724731445e-01
5.490645170211791992e-01
6.921371221542358398e-01
6.618170738220214844e-01
3.376713991165161133e-01
-1.928878426551818848e-01
-6.802977919578552246e-01
-8.878868222236633301e-01
-7.205345630645751953e-01
-2.710987329483032227e-01
2.556794583797454834e-01
6.358352899551391602e-01
7.166711091995239258e-01
4.541235864162445068e-01
-7.618729770183563232e-02
-7.030419707298278809e-01
-1.221775054931640625e+00
-1.480607271194458008e+00
-1.457229852676391602e+00
-1.259636521339416504e+00
-1.047261118888854980e+00
-9.055401086807250977e-01
-7.809705138206481934e-01
-5.153915882110595703e-01
6.775885820388793945e-03
7.401471734046936035e-01
1.440354585647583008e+00
1.798148036003112793e+00
1.608494520187377930e+00
9.149823188781738281e-01
-1.631996035575866699e-02
-8.158057332038879395e-01
-1.204537034034729004e+00
-1.077884078025817871e+00
-5.359951257705688477e-01
2.129914611577987671e-01
9.142153263092041016e-01
1.357295155525207520e+00
1.392937183380126953e+00
1.002569198608398438e+00
2.924008369445800781e-01
-4.805532097816467285e-01
-1.019539833068847656e+00
-1.077049374580383301e+00
-6.174613237380981445e-01
1.792010366916656494e-01
9.442679882049560547e-01
1.322570085525512695e+00
1.107009410858154297e+00
3.836250603199005127e-01
-5.397405624389648438e-01
-1.235011219978332520e+00
-1.406179428100585938e+00
-9.987298250198364258e-01
-2.790558338165283203e-01
3.505966067314147949e-01
5.327175855636596680e-01
2.162731885910034180e-01
-3.477389812469482422e-01
-7.053598761558532715e-01
-5.364321470260620117e-01
1.687780320644378662e-01
1.036444783210754395e+00
1.587661862373352051e+00
1.503671884536743164e+00
8.923878669738769531e-01
1.621975898742675781e-01
-2.124955058097839355e-01
-7.308241724967956543e-02
3.715436160564422607e-01
6.581432223320007324e-01
4.756624102592468262e-01
-1.506727933883666992e-01
-8.139820694923400879e-01
-1.075703859329223633e+00
-7.317901849746704102e-01
-2.220988273620605469e-02
5.846434831619262695e-01
6.546164751052856445e-01
1.339267194271087646e-01
-6.841900944709777832e-01
-1.304509878158569336e+00
-1.406399011611938477e+00
-9.717387557029724121e-01
-3.195167183876037598e-01
1.707147210836410522e-01
2.301252484321594238e-01
-1.085414886474609375e-01
-6.261006593704223633e-01
-1.005661845207214355e+00
-1.067310571670532227e+00
-7.852151393890380859e-01
-3.286213278770446777e-01
1.083006560802459717e-01
3.566949963569641113e-01
4.132688045501708984e-01
3.628356754779815674e-01
3.653413057327270508e-01
4.866184890270233154e-01
7.079094052314758301e-01
8.844124674797058105e-01
9.084150195121765137e-01
7.404274344444274902e-01
