-2.611339390277862549e-01
-2.848629951477050781e-01
-6.991890072822570801e-01
-9.577102065086364746e-01
-9.123947024345397949e-01
-5.914847850799560547e-01
-7.629394531250000000e-03
6.987027525901794434e-01
1.379661917686462402e+00
1.724244236946105957e+00
1.501977920532226562e+00
6.137213110923767090e-01
-6.181412935256958008e-01
-1.650897264480590820e+00
-1.888847351074218750e+00
-1.189021229743957520e+00
1.046840548515319824e-01
1.222105383872985840e+00
1.565823078155517578e+00
9.739143848419189453e-01
-8.421894907951354980e-02
-9.719867706298828125e-01
-1.211266040802001953e+00
-8.603226542472839355e-01
-2.721433043479919434e-01
1.390245556831359863e-01
2.987935543060302734e-01
3.482599854469299316e-01
5.190538167953491211e-01
7.833431959152221680e-01
9.684687852859497070e-01
8.478448390960693359e-01
4.714943468570709229e-01
5.213703215122222900e-02
-1.435297429561614990e-01
-1.339382231235504150e-01
-1.367839425802230835e-01
-4.329048395156860352e-01
-9.946742057800292969e-01
-1.534025907516479492e+00
-1.655166149139404297e+00
-1.281937360763549805e+00
-6.933610439300537109e-01
-3.750467896461486816e-01
-5.238047838211059570e-01
-9.017900228500366211e-01
-9.345927238464355469e-01
-2.512570619583129883e-01
1.019203662872314453e+00
2.228290557861328125e+00
2.740879058837890625e+00
2.365945339202880859e+00
1.549577474594116211e+00
9.425566792488098145e-01
9.106066226959228516e-01
1.194882869720458984e+00
1.208169937133789062e+00
5.355081558227539062e-01
-6.040371656417846680e-01
-1.525227546691894531e+00
-1.582476854324340820e+00
-7.706211805343627930e-01
2.503753900527954102e-01
6.025616526603698730e-01
-7.656362652778625488e-02
-1.347421288490295410e+00
-2.224179744720458984e+00
-1.934410333633422852e+00
-4.874960184097290039e-01
1.277456760406494141e+00
2.279011487960815430e+00
1.903832793235778809e+00
4.087418317794799805e-01
-1.315803170204162598e+00
-2.333822250366210938e+00
-2.233708858489990234e+00
-1.255922317504882812e+00
-2.390715479850769043e-02
9.133946895599365234e-01
1.341911315917968750e+00
1.366402626037597656e+00
1.184596419334411621e+00
9.019762277603149414e-01
5.054017305374145508e-01
-1.909372210502624512e-02
-5.697027444839477539e-01
-9.345288276672363281e-01
-9.061036109924316406e-01
-4.312873780727386475e-01
3.274963200092315674e-01
1.041952013969421387e+00
1.374210715293884277e+00
1.127110123634338379e+00
3.590894937515258789e-01
-6.423398256301879883e-01
-1.465485215187072754e+00
-1.781787514686584473e+00
-1.491090297698974609e+00
-7.789789438247680664e-01
2.222532033920288086e-02
6.306060552597045898e-01
1.001478910446166992e+00
1.290390968322753906e+00
1.689429402351379395e+00
2.182622671127319336e+00
2.499882459640502930e+00
2.266002655029296875e+00
1.321531414985656738e+00
-1.025829315185546875e-01
-1.445701599121093750e+00
-2.168482303619384766e+00
-2.080175876617431641e+00
-1.475957870483398438e+00
-8.994765281677246094e-01
-7.728022336959838867e-01
-1.096068382263183594e+00
-1.489143967628479004e+00
-1.468769788742065430e+00
-8.113300800323486328e-01
3.126060366630554199e-01
1.439286112785339355e+00
2.104568481445312500e+00
2.070785284042358398e+00
1.418717145919799805e+00
4.518172740936279297e-01
-4.392652809619903564e-01
-9.250584840774536133e-01
-8.243675827980041504e-01
-1.913196742534637451e-01
6.778085231781005859e-01
1.326452374458312988e+00
1.362329840660095215e+00
6.964196562767028809e-01
-3.363862931728363037e-01
-1.148954749107360840e+00
-1.256419062614440918e+00
-6.189917325973510742e-01
3.038556277751922607e-01
8.493261337280273438e-01
6.091004610061645508e-01
-2.865374386310577393e-01
-1.269958853721618652e+00
-1.744319796562194824e+00
-1.500365257263183594e+00
-8.077541589736938477e-01
-1.555726975202560425e-01
1.587214469909667969e-01
2.247547656297683716e-01
3.708700835704803467e-01
7.903032898902893066e-01
1.316586494445800781e+00
1.500006079673767090e+00
1.016291975975036621e+00
-2.191615104675292969e-02
-1.031973004341125488e+00
-1.372584342956542969e+00
-7.909733057022094727e-01
3.292110264301300049e-01
1.238498210906982422e+00
1.307229399681091309e+00
4.940624237060546875e-01
-6.631806492805480957e-01
-1.385829687118530273e+00
-1.223507165908813477e+00
-2.934713363647460938e-01
7.880374193191528320e-01
1.377999901771545410e+00
1.158715128898620605e+00
3.376906216144561768e-01
-5.988867282867431641e-01
-1.160501360893249512e+00
-1.173059344291687012e+00
-7.513334751129150391e-01
-2.065601348876953125e-01
2.282437831163406372e-01
4.332009851932525635e-01
4.658859372138977051e-01
3.866394460201263428e-01
2.639006078243255615e-01
8.396917581558227539e-02
-1.303123831748962402e-01
-3.676792979240417480e-01
-5.445481538772583008e-01
-6.346970200538635254e-01
-6.037045121192932129e-01
-5.057926177978515625e-01
-3.437946438789367676e-01
-1.380932927131652832e-01
1.654115021228790283e-01
5.353027582168579102e-01
9.002504944801330566e-01
1.044860839843750000e+00
8.120136260986328125e-01
1.285628825426101685e-01
-7.923559546470642090e-01
-1.620555043220520020e+00
-1.973186969757080078e+00
-1.750337362289428711e+00
-1.097235918045043945e+00
-4.177789092063903809e-01
1.581668853759765625e-03
6.809189915657043457e-02
2.003359794616699219e-02
8.977457880973815918e-02
3.803823888301849365e-01
6.383733153343200684e-01
5.601377487182617188e-01
-3.715592622756958008e-02
-8.671495914459228516e-01
-1.418254733085632324e+00
-1.170093536376953125e+00
-1.138211488723754883e-01
1.295376896858215332e+00
2.271520853042602539e+00
2.318570375442504883e+00
1.415295839309692383e+00
1.300410032272338867e-01
