-1.041802763938903809e+00
-1.068258166313171387e+00
-3.042218089103698730e-01
5.200620293617248535e-01
1.041243195533752441e+00
8.939818739891052246e-01
2.072600424289703369e-01
-6.436035633087158203e-01
-1.052776575088500977e+00
-8.062530755996704102e-01
-4.398874565958976746e-02
6.183294653892517090e-01
7.161927223205566406e-01
7.271355390548706055e-02
-8.711637258529663086e-01
-1.546072244644165039e+00
-1.439628839492797852e+00
-6.103399395942687988e-01
5.756774544715881348e-01
1.531305789947509766e+00
1.999109745025634766e+00
1.969265818595886230e+00
1.758928060531616211e+00
1.563854336738586426e+00
1.501928091049194336e+00
1.434810280799865723e+00
1.301600575447082520e+00
1.029150128364562988e+00
7.156020998954772949e-01
3.575057089328765869e-01
-1.075625885277986526e-02
-4.567057788372039795e-01
-8.857747912406921387e-01
-1.207219123840332031e+00
-1.263083219528198242e+00
-1.136868119239807129e+00
-1.019761681556701660e+00
-1.221270561218261719e+00
-1.772855281829833984e+00
-2.451339006423950195e+00
-2.743592023849487305e+00
-2.314367532730102539e+00
-1.154059529304504395e+00
2.451245635747909546e-01
1.296191334724426270e+00
1.584247708320617676e+00
1.221954464912414551e+00
6.250753998756408691e-01
2.795694768428802490e-01
2.961701750755310059e-01
4.582912325859069824e-01
3.560445904731750488e-01
-1.734058111906051636e-01
-9.608820676803588867e-01
-1.534290194511413574e+00
-1.519616842269897461e+00
-8.409156203269958496e-01
1.582351326942443848e-01
9.895758032798767090e-01
1.241726160049438477e+00
8.455787301063537598e-01
1.927422126755118370e-03
-9.064168930053710938e-01
-1.556579828262329102e+00
-1.745218515396118164e+00
-1.460892677307128906e+00
-8.065018057823181152e-01
1.013450976461172104e-02
7.733314633369445801e-01
1.291528224945068359e+00
1.483493208885192871e+00
1.373536944389343262e+00
1.077335715293884277e+00
7.174362540245056152e-01
3.930075764656066895e-01
1.566807627677917480e-01
5.390564352273941040e-02
1.140287742018699646e-01
3.256099820137023926e-01
5.916563868522644043e-01
7.483060956001281738e-01
6.716755032539367676e-01
3.895879685878753662e-01
1.158007606863975525e-01
1.080910712480545044e-01
4.670267999172210693e-01
9.913166761398315430e-01
1.282730460166931152e+00
1.013761878013610840e+00
2.302025854587554932e-01
-6.346814632415771484e-01
-1.006145477294921875e+00
-6.072311997413635254e-01
3.221903741359710693e-01
1.132173895835876465e+00
1.228793740272521973e+00
4.796794056892395020e-01
-6.564115881919860840e-01
-1.488187432289123535e+00
-1.559564232826232910e+00
-1.000549674034118652e+00
-3.664278090000152588e-01
-2.208763509988784790e-01
-6.571576595306396484e-01
-1.254596352577209473e+00
-1.378013491630554199e+00
-7.082654237747192383e-01
5.236681699752807617e-01
1.645583271980285645e+00
2.041326522827148438e+00
1.524839520454406738e+00
4.650683104991912842e-01
-5.427869558334350586e-01
-1.059056282043457031e+00
-1.080475568771362305e+00
-9.135358929634094238e-01
-9.030283093452453613e-01
-1.118184566497802734e+00
-1.351185083389282227e+00
-1.284378170967102051e+00
-7.885643243789672852e-01
-4.072456154972314835e-03
7.275707721710205078e-01
1.128319144248962402e+00
1.129718065261840820e+00
9.101784229278564453e-01
7.174984216690063477e-01
7.096332907676696777e-01
8.361902832984924316e-01
9.181057810783386230e-01
7.752900123596191406e-01
3.815673887729644775e-01
-1.112930849194526672e-01
-4.402915835380554199e-01
-3.915153741836547852e-01
6.923175603151321411e-02
7.534044384956359863e-01
1.325102686882019043e+00
1.469255208969116211e+00
1.062506914138793945e+00
2.531762123107910156e-01
-6.104953885078430176e-01
-1.148930072784423828e+00
-1.163510084152221680e+00
-7.159751057624816895e-01
-9.276495873928070068e-02
3.952458798885345459e-01
5.547245144844055176e-01
4.204888939857482910e-01
1.580175310373306274e-01
-2.866263128817081451e-02
-5.493152886629104614e-02
6.892088055610656738e-02
2.437567263841629028e-01
4.093906581401824951e-01
5.227977037429809570e-01
6.001432538032531738e-01
6.176144480705261230e-01
5.654807686805725098e-01
3.930697441101074219e-01
1.174483969807624817e-01
-2.503472566604614258e-01
-6.302670240402221680e-01
-9.840111732482910156e-01
-1.225249767303466797e+00
-1.311952710151672363e+00
-1.155955910682678223e+00
-7.682642340660095215e-01
-1.991462260484695435e-01
3.382625877857208252e-01
6.443185806274414062e-01
5.268079638481140137e-01
3.037244081497192383e-02
-6.778308153152465820e-01
-1.259414911270141602e+00
-1.496518850326538086e+00
-1.260502934455871582e+00
-6.890534162521362305e-01
3.435163572430610657e-02
6.315727233886718750e-01
9.625608325004577637e-01
8.967176079750061035e-01
4.832233786582946777e-01
-2.218711525201797485e-01
-9.778869152069091797e-01
-1.577004313468933105e+00
-1.744348049163818359e+00
-1.443670272827148438e+00
-7.508863210678100586e-01
-5.968790967017412186e-03
5.373777151107788086e-01
6.917579770088195801e-01
6.179252862930297852e-01
5.374398827552795410e-01
7.424927353858947754e-01
1.186825752258300781e+00
1.666349649429321289e+00
1.748047471046447754e+00
1.242441177368164062e+00
1.673748493194580078e-01
-1.030051708221435547e+00
-1.910759210586547852e+00
-2.087988853454589844e+00
-1.640516042709350586e+00
-8.411642909049987793e-01
-1.817061603069305420e-01
1.357899904251098633e-01
8.421590924263000488e-02
-4.072456154972314835e-03
9.736590087413787842e-02
5.444034934043884277e-01
1.098568439483642578e+00
1.497544765472412109e+00
1.411898851394653320e+00
8.801790475845336914e-01
5.748070031404495239e-02
-6.583700776100158691e-01
