7.514764666557312012e-01
7.748780250549316406e-01
2.704426646232604980e-01
-5.425065755844116211e-01
-9.944376349449157715e-01
-8.206101655960083008e-01
-3.688433766365051270e-02
6.888153553009033203e-01
9.193735122680664062e-01
4.580890536308288574e-01
-1.443184018135070801e-01
-3.889444172382354736e-01
6.495013833045959473e-02
7.740055918693542480e-01
1.184113740921020508e+00
7.998477220535278320e-01
-7.650104165077209473e-02
-8.620265722274780273e-01
-8.863544464111328125e-01
-2.472051978111267090e-01
5.247397422790527344e-01
6.255277395248413086e-01
-7.239556312561035156e-02
-1.124426126480102539e+00
-1.583204746246337891e+00
-9.955862760543823242e-01
4.364980161190032959e-01
1.732504606246948242e+00
2.071239948272705078e+00
1.176034808158874512e+00
-2.923440039157867432e-01
-1.448723793029785156e+00
-1.653304457664489746e+00
-1.126233935356140137e+00
-5.236878991127014160e-01
-5.243425369262695312e-01
-1.110329151153564453e+00
-1.743858575820922852e+00
-1.685270071029663086e+00
-7.618736624717712402e-01
5.542075634002685547e-01
1.349261283874511719e+00
1.043512225151062012e+00
-2.388915121555328369e-01
-1.630707025527954102e+00
-2.176712989807128906e+00
-1.430364370346069336e+00
1.729724407196044922e-01
1.655813455581665039e+00
2.116526603698730469e+00
1.356497049331665039e+00
-2.750383317470550537e-02
-1.053439378738403320e+00
-1.022865533828735352e+00
2.229231595993041992e-02
1.373629450798034668e+00
2.139919519424438477e+00
1.876624464988708496e+00
8.093702197074890137e-01
-3.288527131080627441e-01
-8.966468572616577148e-01
-7.142316102981567383e-01
-2.082504779100418091e-01
4.613295197486877441e-02
-2.994057238101959229e-01
-1.010025143623352051e+00
-1.563748598098754883e+00
-1.456189870834350586e+00
-7.043952345848083496e-01
3.059857189655303955e-01
9.888597726821899414e-01
1.134076476097106934e+00
8.726301193237304688e-01
6.579174399375915527e-01
7.000145912170410156e-01
9.493007659912109375e-01
9.980785250663757324e-01
6.390540003776550293e-01
-8.741284161806106567e-02
-7.009051442146301270e-01
-8.427435755729675293e-01
-3.844028413295745850e-01
2.457984536886215210e-01
5.795300602912902832e-01
2.529296278953552246e-01
-4.910597801208496094e-01
-1.191592335700988770e+00
-1.259398221969604492e+00
-5.988122820854187012e-01
5.958033204078674316e-01
1.758130431175231934e+00
2.542867422103881836e+00
2.708199977874755859e+00
2.394053936004638672e+00
1.686050057411193848e+00
8.203333020210266113e-01
-1.292083859443664551e-01
-9.053031206130981445e-01
-1.402970314025878906e+00
-1.446914792060852051e+00
-1.190857648849487305e+00
-7.709668278694152832e-01
-4.833700060844421387e-01
-3.211554586887359619e-01
-2.802490592002868652e-01
-1.633590459823608398e-01
-5.417478084564208984e-02
-2.098113298416137695e-02
-2.975106835365295410e-01
-7.753354310989379883e-01
-1.271214365959167480e+00
-1.362158060073852539e+00
-9.573276042938232422e-01
-1.312212944030761719e-01
6.578124761581420898e-01
1.135935783386230469e+00
1.131113767623901367e+00
8.819445967674255371e-01
5.560170412063598633e-01
3.328540325164794922e-01
7.657705247402191162e-02
-2.385899871587753296e-01
-6.372417211532592773e-01
-8.528730869293212891e-01
-7.596289515495300293e-01
-3.080224394798278809e-01
1.871384978294372559e-01
4.847630262374877930e-01
4.209421277046203613e-01
2.374783903360366821e-01
1.796772927045822144e-01
4.486154317855834961e-01
8.323332071304321289e-01
1.054423213005065918e+00
8.653160333633422852e-01
4.413545429706573486e-01
1.025523841381072998e-01
1.821484714746475220e-01
5.964616537094116211e-01
1.037519812583923340e+00
1.126709342002868652e+00
8.734958171844482422e-01
5.672790408134460449e-01
5.982884168624877930e-01
9.640721678733825684e-01
1.275328993797302246e+00
9.551405906677246094e-01
-1.856088042259216309e-01
-1.763625741004943848e+00
-2.956406831741333008e+00
-3.101554632186889648e+00
-2.117630481719970703e+00
-5.773217678070068359e-01
7.323129773139953613e-01
1.327038645744323730e+00
1.268500328063964844e+00
9.643004536628723145e-01
7.275007963180541992e-01
5.331093072891235352e-01
9.719796478748321533e-02
-7.197570800781250000e-01
-1.701987624168395996e+00
-2.300910472869873047e+00
-2.099779367446899414e+00
-1.092242240905761719e+00
1.749646514654159546e-01
1.049071907997131348e+00
1.100991249084472656e+00
4.988496303558349609e-01
-2.752949893474578857e-01
-6.395114064216613770e-01
-4.215794801712036133e-01
2.365823090076446533e-01
8.568359017372131348e-01
1.086310863494873047e+00
6.827172040939331055e-01
-2.075750827789306641e-01
-1.324298739433288574e+00
-2.157950878143310547e+00
-2.363015174865722656e+00
-1.696157336235046387e+00
-4.446585774421691895e-01
8.839161396026611328e-01
1.544044852256774902e+00
1.258561015129089355e+00
1.792407631874084473e-01
-8.984085321426391602e-01
-1.322581291198730469e+00
-7.657780647277832031e-01
2.445530891418457031e-01
9.932188987731933594e-01
8.065782189369201660e-01
-1.331505179405212402e-01
-1.240231394767761230e+00
-1.653093576431274414e+00
-1.203277349472045898e+00
-1.864685416221618652e-01
5.669273734092712402e-01
6.783280968666076660e-01
1.406226158142089844e-01
-3.981784284114837646e-01
-5.615260004997253418e-01
-1.991033405065536499e-01
1.716352403163909912e-01
2.122808396816253662e-01
-2.727947235107421875e-01
-7.684521675109863281e-01
-8.385975360870361328e-01
-9.939408302307128906e-02
1.071308374404907227e+00
2.196993589401245117e+00
2.617544174194335938e+00
2.305867671966552734e+00
1.373048067092895508e+00
3.194162845611572266e-01
-7.286353707313537598e-01
-1.581386446952819824e+00
