-1.174841523170471191e+00
-1.167611837387084961e+00
-8.493854999542236328e-01
-9.394825994968414307e-02
6.869295239448547363e-01
1.021572947502136230e+00
8.495490550994873047e-01
4.398083686828613281e-01
2.656823396682739258e-01
4.809110462665557861e-01
8.813449144363403320e-01
9.472187161445617676e-01
4.057648181915283203e-01
-5.988168716430664062e-01
-1.423476696014404297e+00
-1.486948013305664062e+00
-5.909372568130493164e-01
7.764027714729309082e-01
1.861532449722290039e+00
2.020700931549072266e+00
1.240882396697998047e+00
-1.628074049949645996e-02
-1.046332597732543945e+00
-1.471316337585449219e+00
-1.289440631866455078e+00
-8.683007955551147461e-01
-4.957781434059143066e-01
-3.060730397701263428e-01
-1.639028340578079224e-01
1.365731656551361084e-02
2.464612424373626709e-01
3.749049007892608643e-01
3.417707085609436035e-01
1.720566302537918091e-01
6.397043168544769287e-02
9.065493941307067871e-02
1.938445568084716797e-01
9.569424390792846680e-02
-3.670617640018463135e-01
-1.151597142219543457e+00
-1.840988993644714355e+00
-1.966256499290466309e+00
-1.197424173355102539e+00
3.127697706222534180e-01
2.071537256240844727e+00
3.387804269790649414e+00
3.810035467147827148e+00
3.219995498657226562e+00
1.927882671356201172e+00
3.779597580432891846e-01
-9.718483686447143555e-01
-1.892009258270263672e+00
-2.299255132675170898e+00
-2.277975082397460938e+00
-1.909433841705322266e+00
-1.322044253349304199e+00
-6.192299723625183105e-01
2.239865064620971680e-02
4.512402713298797607e-01
5.262461900711059570e-01
2.725604176521301270e-01
-1.669862866401672363e-01
-5.186994075775146484e-01
-5.816066861152648926e-01
-2.956035733222961426e-01
1.580987274646759033e-01
5.080682039260864258e-01
5.169709920883178711e-01
1.813137531280517578e-01
-3.036306500434875488e-01
-6.341958045959472656e-01
-6.246893405914306641e-01
-2.791960239410400391e-01
2.137769460678100586e-01
6.564016938209533691e-01
9.290946722030639648e-01
1.035744786262512207e+00
9.987812042236328125e-01
8.155808448791503906e-01
4.594473838806152344e-01
-1.284807920455932617e-02
-4.174672663211822510e-01
-5.126141905784606934e-01
-1.833873093128204346e-01
4.207614958286285400e-01
9.347898960113525391e-01
1.010889053344726562e+00
5.782209634780883789e-01
-9.866753220558166504e-02
-6.003235578536987305e-01
-6.800873875617980957e-01
-4.167101085186004639e-01
-1.277034282684326172e-01
-4.971778392791748047e-02
-1.451646685600280762e-01
-1.418429017066955566e-01
1.382663249969482422e-01
5.518936514854431152e-01
6.442803740501403809e-01
6.124663352966308594e-02
-1.101802706718444824e+00
-2.194903850555419922e+00
-2.457168102264404297e+00
-1.550261378288269043e+00
7.445497065782546997e-02
1.467934131622314453e+00
1.780553817749023438e+00
9.068933129310607910e-01
-5.041812062263488770e-01
-1.478778600692749023e+00
-1.466377735137939453e+00
-6.204593777656555176e-01
3.494499921798706055e-01
8.204470872879028320e-01
6.329795122146606445e-01
1.614079177379608154e-01
-1.582073718309402466e-01
-1.515156626701354980e-01
-4.977303743362426758e-02
-1.183718293905258179e-01
-4.038832187652587891e-01
-5.939491391181945801e-01
-3.912927508354187012e-01
2.321072518825531006e-01
8.808305263519287109e-01
1.131165981292724609e+00
8.459345698356628418e-01
3.944073021411895752e-01
2.609160542488098145e-01
6.669951081275939941e-01
1.250736713409423828e+00
1.418222665786743164e+00
7.914278507232666016e-01
-3.322607576847076416e-01
-1.237886786460876465e+00
-1.280292868614196777e+00
-4.992247819900512695e-01
4.679975509643554688e-01
8.331345319747924805e-01
4.023532569408416748e-01
-3.279035091400146484e-01
-5.164818763732910156e-01
1.972397416830062866e-01
1.391662955284118652e+00
2.061621904373168945e+00
1.487375497817993164e+00
-2.240616828203201294e-01
-2.085794925689697266e+00
-3.011474370956420898e+00
-2.531458139419555664e+00
-1.165513277053833008e+00
1.068306565284729004e-01
5.517706871032714844e-01
2.642050683498382568e-01
-9.508359432220458984e-02
1.228118836879730225e-01
8.983752727508544922e-01
1.618176341056823730e+00
1.537635207176208496e+00
4.806590080261230469e-01
-1.051573514938354492e+00
-2.201573371887207031e+00
-2.450143098831176758e+00
-1.892180919647216797e+00
-1.114404082298278809e+00
-6.090736985206604004e-01
-4.497776925563812256e-01
-2.840632796287536621e-01
1.992121040821075439e-01
9.582744836807250977e-01
1.553408265113830566e+00
1.577547550201416016e+00
1.011012434959411621e+00
3.245320916175842285e-01
8.154746890068054199e-02
4.957490861415863037e-01
1.202761173248291016e+00
1.557695150375366211e+00
1.123715877532958984e+00
6.128092110157012939e-02
-9.970771074295043945e-01
-1.391790986061096191e+00
-9.376052618026733398e-01
-3.070425987243652344e-02
6.566976308822631836e-01
6.854594945907592773e-01
1.472561806440353394e-01
-4.344635009765625000e-01
-5.104729533195495605e-01
9.611278772354125977e-02
1.081002354621887207e+00
1.879694700241088867e+00
2.046547412872314453e+00
1.506512045860290527e+00
5.722243785858154297e-01
-3.005157113075256348e-01
-7.622020244598388672e-01
-7.588281631469726562e-01
-4.891717433929443359e-01
-2.853205204010009766e-01
-3.925774693489074707e-01
-8.787791728973388672e-01
-1.566697835922241211e+00
-2.157060146331787109e+00
-2.328358650207519531e+00
-1.939621210098266602e+00
-1.059833884239196777e+00
1.086890697479248047e-04
8.823003768920898438e-01
1.295099854469299316e+00
1.200100541114807129e+00
7.546266317367553711e-01
2.754794955253601074e-01
5.271315574645996094e-03
6.787714362144470215e-02
3.558314144611358643e-01
6.889041066169738770e-01
