-1.814831852912902832e+00
-1.787799239158630371e+00
-1.296339869499206543e+00
-2.999992072582244873e-01
8.157564997673034668e-01
1.373854398727416992e+00
1.104062557220458984e+00
1.334971338510513306e-01
-8.346164226531982422e-01
-1.214236140251159668e+00
-6.987932324409484863e-01
3.092720508575439453e-01
1.215336322784423828e+00
1.419369697570800781e+00
9.406723380088806152e-01
1.516970098018646240e-01
-2.795047163963317871e-01
-7.418254017829895020e-02
7.071545124053955078e-01
1.508043050765991211e+00
1.878798604011535645e+00
1.531649470329284668e+00
7.046712636947631836e-01
-2.562126517295837402e-01
-9.067872762680053711e-01
-1.162465572357177734e+00
-1.059270143508911133e+00
-8.741280436515808105e-01
-7.060229182243347168e-01
-6.367124915122985840e-01
-5.146256685256958008e-01
-2.957871556282043457e-01
1.100164800882339478e-01
5.811384916305541992e-01
1.060370206832885742e+00
1.372471332550048828e+00
1.499273180961608887e+00
1.351033806800842285e+00
9.897711277008056641e-01
4.036347568035125732e-01
-2.684716284275054932e-01
-9.557288885116577148e-01
-1.468342781066894531e+00
-1.758471965789794922e+00
-1.761992454528808594e+00
-1.606994986534118652e+00
-1.369202256202697754e+00
-1.189875364303588867e+00
-1.031734585762023926e+00
-8.733422160148620605e-01
-5.887767672538757324e-01
-2.109487354755401611e-01
2.213845849037170410e-01
5.418468713760375977e-01
7.257315516471862793e-01
7.870578765869140625e-01
9.166258573532104492e-01
1.192232847213745117e+00
1.621045708656311035e+00
1.952509641647338867e+00
1.948108911514282227e+00
1.425373554229736328e+00
5.330141186714172363e-01
-4.194456934928894043e-01
-1.025196433067321777e+00
-1.149137854576110840e+00
-9.044297337532043457e-01
-6.777329444885253906e-01
-7.540529370307922363e-01
-1.209772586822509766e+00
-1.753065466880798340e+00
-2.015061855316162109e+00
-1.716665744781494141e+00
-9.562003612518310547e-01
-6.990761309862136841e-02
4.996634125709533691e-01
5.693195462226867676e-01
2.452424466609954834e-01
-8.521562069654464722e-02
-8.725878596305847168e-02
3.663234412670135498e-01
1.049494385719299316e+00
1.586374759674072266e+00
1.624251842498779297e+00
1.107771635055541992e+00
2.644481956958770752e-01
-4.684501588344573975e-01
-7.300379276275634766e-01
-3.898983895778656006e-01
3.439114987850189209e-01
1.072754979133605957e+00
1.386144757270812988e+00
1.121287941932678223e+00
4.206086993217468262e-01
-3.089576959609985352e-01
-6.480913758277893066e-01
-3.685237765312194824e-01
4.219603538513183594e-01
1.364612936973571777e+00
2.036436557769775391e+00
2.197657823562622070e+00
1.876032471656799316e+00
1.307310104370117188e+00
7.310752272605895996e-01
2.344608306884765625e-01
-2.838110923767089844e-01
-9.782979488372802734e-01
-1.877132534980773926e+00
-2.776784420013427734e+00
-3.325703859329223633e+00
-3.225714683532714844e+00
-2.441265583038330078e+00
-1.247209668159484863e+00
-9.640587121248245239e-02
6.305515766143798828e-01
8.256264925003051758e-01
6.731750965118408203e-01
4.973059296607971191e-01
5.329827070236206055e-01
7.796710729598999023e-01
1.019506931304931641e+00
9.930716156959533691e-01
5.838731527328491211e-01
-8.332962542772293091e-02
-7.182189822196960449e-01
-1.033431887626647949e+00
-9.126967191696166992e-01
-4.567255377769470215e-01
8.609575033187866211e-02
4.773143529891967773e-01
5.933031439781188965e-01
4.602146446704864502e-01
1.921830773353576660e-01
-8.663012087345123291e-02
-2.985218465328216553e-01
-4.043577015399932861e-01
-3.849633634090423584e-01
-2.290857434272766113e-01
5.076474696397781372e-02
3.957135677337646484e-01
7.133154273033142090e-01
9.112821817398071289e-01
9.522083401679992676e-01
8.560539484024047852e-01
6.770728230476379395e-01
4.480499625205993652e-01
1.767493337392807007e-01
-1.362947076559066772e-01
-4.237205982208251953e-01
-5.703254342079162598e-01
-4.515076279640197754e-01
-5.934603139758110046e-02
4.703047275543212891e-01
8.869528770446777344e-01
1.003633141517639160e+00
7.974937558174133301e-01
4.608747363090515137e-01
2.279855757951736450e-01
2.327634394168853760e-01
3.600053489208221436e-01
3.698439598083496094e-01
4.491815716028213501e-02
-5.734687447547912598e-01
-1.230172872543334961e+00
-1.564654350280761719e+00
-1.407047867774963379e+00
-8.379169106483459473e-01
-1.859907209873199463e-01
2.518120110034942627e-01
3.200536668300628662e-01
1.289707422256469727e-01
-1.395637542009353638e-01
-2.945298254489898682e-01
-3.057829439640045166e-01
-1.745489984750747681e-01
3.683980181813240051e-02
3.277862370014190674e-01
6.005956530570983887e-01
7.268317341804504395e-01
4.858327805995941162e-01
-1.654962152242660522e-01
-1.078475832939147949e+00
-1.805338978767395020e+00
-1.948800444602966309e+00
-1.319851994514465332e+00
-2.305631041526794434e-01
7.767163515090942383e-01
1.133044004440307617e+00
7.290635108947753906e-01
-1.494966745376586914e-01
-8.955969810485839844e-01
-1.113303899765014648e+00
-7.217081189155578613e-01
-9.646873176097869873e-02
3.697811067104339600e-01
3.920987248420715332e-01
8.656725287437438965e-02
-3.232598602771759033e-01
-5.471905469894409180e-01
-5.641330480575561523e-01
-4.109901189804077148e-01
-2.621221244335174561e-01
-1.279963105916976929e-01
-6.270939111709594727e-02
-2.128032967448234558e-02
-9.888909757137298584e-02
-2.636309266090393066e-01
-4.868071973323822021e-01
-5.182090401649475098e-01
-2.278912812471389771e-01
4.472326934337615967e-01
1.206094980239868164e+00
1.727573037147521973e+00
1.683315038681030273e+00
1.164351582527160645e+00
4.334335029125213623e-01
-6.167209520936012268e-02
