-1.274861454963684082e+00
-1.285268545150756836e+00
-5.814594626426696777e-01
3.416465818881988525e-01
1.102937698364257812e+00
1.280046343803405762e+00
8.844614624977111816e-01
1.587561815977096558e-01
-3.660046160221099854e-01
-4.052087366580963135e-01
1.082123368978500366e-01
7.854626178741455078e-01
1.227973103523254395e+00
1.074700236320495605e+00
4.189357757568359375e-01
-4.585875272750854492e-01
-1.058175683021545410e+00
-1.159188747406005859e+00
-7.339116334915161133e-01
-1.463720053434371948e-01
2.765550613403320312e-01
2.361199855804443359e-01
-1.799435764551162720e-01
-7.681919336318969727e-01
-1.148333907127380371e+00
-1.172206997871398926e+00
-7.872158288955688477e-01
-2.207889705896377563e-01
3.728308379650115967e-01
8.045611381530761719e-01
1.106630563735961914e+00
1.263297915458679199e+00
1.348010063171386719e+00
1.280941605567932129e+00
1.079512238502502441e+00
7.142909169197082520e-01
3.509347140789031982e-01
8.765907585620880127e-02
6.337565183639526367e-02
1.706181317567825317e-01
2.807328701019287109e-01
1.482370942831039429e-01
-2.495859116315841675e-01
-8.422358632087707520e-01
-1.327867150306701660e+00
-1.510123491287231445e+00
-1.256732821464538574e+00
-7.420807480812072754e-01
-1.867324858903884888e-01
1.136956885457038879e-01
1.099655181169509888e-01
-1.322719603776931763e-01
-3.337013125419616699e-01
-3.218393623828887939e-01
-4.103190731257200241e-03
4.134524464607238770e-01
6.654629707336425781e-01
4.349755346775054932e-01
-3.100893199443817139e-01
-1.375352263450622559e+00
-2.258247137069702148e+00
-2.509138584136962891e+00
-1.851135969161987305e+00
-4.890257418155670166e-01
1.074886798858642578e+00
2.160553693771362305e+00
2.387199163436889648e+00
1.766237139701843262e+00
7.900880575180053711e-01
2.711836062371730804e-02
-1.258187592029571533e-01
2.351501435041427612e-01
7.111203074455261230e-01
8.074706792831420898e-01
3.723832368850708008e-01
-3.816713690757751465e-01
-9.466807246208190918e-01
-9.604451060295104980e-01
-3.875277340412139893e-01
3.746586143970489502e-01
8.383938074111938477e-01
6.803090572357177734e-01
1.764371991157531738e-02
-7.486831545829772949e-01
-1.139306902885437012e+00
-9.606688618659973145e-01
-3.301576673984527588e-01
3.814475536346435547e-01
8.585367202758789062e-01
9.541037678718566895e-01
7.650212645530700684e-01
4.500081241130828857e-01
1.587561815977096558e-01
-7.061218470335006714e-02
-2.114635407924652100e-01
-2.504065632820129395e-01
-1.503259986639022827e-01
2.984138764441013336e-02
1.412616670131683350e-01
-2.115008421242237091e-02
-5.098774433135986328e-01
-1.130056023597717285e+00
-1.448687434196472168e+00
-1.078989982604980469e+00
3.521283715963363647e-02
1.447829604148864746e+00
2.420919895172119141e+00
2.331134557723999023e+00
1.119163990020751953e+00
-6.284969449043273926e-01
-1.959161758422851562e+00
-2.134927511215209961e+00
-1.056832790374755859e+00
6.700510978698730469e-01
2.138433933258056641e+00
2.680017709732055664e+00
2.236351013183593750e+00
1.284000277519226074e+00
4.480684399604797363e-01
5.184941366314888000e-02
-3.931602835655212402e-02
-2.331731468439102173e-01
-8.163111805915832520e-01
-1.703458309173583984e+00
-2.467360496520996094e+00
-2.658196210861206055e+00
-2.121759891510009766e+00
-1.123043298721313477e+00
-1.583085656166076660e-01
3.510466217994689941e-01
2.953924536705017090e-01
-1.295862346887588501e-01
-6.056309938430786133e-01
-9.088568091392517090e-01
-9.786483049392700195e-01
-8.605137467384338379e-01
-5.880991816520690918e-01
-1.662911325693130493e-01
3.739126026630401611e-01
8.839392066001892090e-01
1.144641041755676270e+00
1.000059485435485840e+00
5.397934317588806152e-01
9.683530777692794800e-02
8.478684723377227783e-02
6.874336600303649902e-01
1.701071023941040039e+00
2.588964223861694336e+00
2.822883367538452148e+00
2.201809644699096680e+00
1.021060347557067871e+00
-1.337267160415649414e-01
-7.257425785064697266e-01
-6.198429465293884277e-01
-1.008265912532806396e-01
3.311648070812225342e-01
3.439966142177581787e-01
-5.296846479177474976e-02
-5.274092555046081543e-01
-7.374553084373474121e-01
-5.526251792907714844e-01
-1.802419871091842651e-01
4.763431474566459656e-02
-1.110472679138183594e-01
-5.836602449417114258e-01
-1.085928082466125488e+00
-1.279113769531250000e+00
-1.060339093208312988e+00
-5.664268732070922852e-01
-1.161949038505554199e-01
8.157889544963836670e-02
-1.454767654649913311e-03
-1.654331982135772705e-01
-2.332850545644760132e-01
-1.359648257493972778e-01
-3.073663078248500824e-02
-7.680427283048629761e-02
-3.467942476272583008e-01
-6.448724269866943359e-01
-7.081734538078308105e-01
-3.300084471702575684e-01
3.638411164283752441e-01
1.035048604011535645e+00
1.256247878074645996e+00
8.974424600601196289e-01
1.392100751399993896e-01
-5.436728000640869141e-01
-8.103802204132080078e-01
-5.994389057159423828e-01
-2.684606015682220459e-01
-2.129183113574981689e-01
-6.459168195724487305e-01
-1.290714621543884277e+00
-1.659703373908996582e+00
-1.289036035537719727e+00
-2.240715175867080688e-01
1.079698681831359863e+00
1.903171777725219727e+00
1.859901785850524902e+00
1.019158005714416504e+00
-2.282866276800632477e-02
-6.839646100997924805e-01
-6.424477696418762207e-01
-1.383148282766342163e-01
3.975245952606201172e-01
5.497529506683349609e-01
3.567537963390350342e-01
8.691304177045822144e-02
1.303695589303970337e-01
5.115187168121337891e-01
1.006251573562622070e+00
1.159412503242492676e+00
7.956833243370056152e-01
3.394457977265119553e-03
-7.589784264564514160e-01
-1.149303793907165527e+00
-1.000357985496520996e+00
