-1.942249298095703125e+00
-1.963982820510864258e+00
-2.217878818511962891e+00
-1.666397333145141602e+00
-2.855071425437927246e-01
1.301371693611145020e+00
2.416934013366699219e+00
2.475865364074707031e+00
1.591860532760620117e+00
2.403098344802856445e-01
-7.841007709503173828e-01
-1.076298475265502930e+00
-5.403905510902404785e-01
3.904947042465209961e-01
1.320372462272644043e+00
1.851815938949584961e+00
1.976030826568603516e+00
1.712343692779541016e+00
1.269671440124511719e+00
6.807268857955932617e-01
8.958369493484497070e-02
-4.980359077453613281e-01
-9.179685711860656738e-01
-1.157372474670410156e+00
-1.106421947479248047e+00
-8.461966514587402344e-01
-3.669373393058776855e-01
1.644997447729110718e-01
6.711457967758178711e-01
9.131199717521667480e-01
8.188197612762451172e-01
3.102285563945770264e-01
-3.789544403553009033e-01
-1.022993803024291992e+00
-1.297267556190490723e+00
-1.189751029014587402e+00
-7.868341803550720215e-01
-4.007018804550170898e-01
-1.395725607872009277e-01
-4.396228492259979248e-02
8.367072045803070068e-02
2.702269554138183594e-01
4.741447567939758301e-01
4.102509617805480957e-01
-2.309263683855533600e-02
-7.794380784034729004e-01
-1.447920918464660645e+00
-1.680888652801513672e+00
-1.260353088378906250e+00
-4.221478104591369629e-01
4.758992195129394531e-01
1.030632615089416504e+00
1.190098166465759277e+00
1.049624443054199219e+00
8.434244990348815918e-01
5.885626077651977539e-01
2.580382525920867920e-01
-2.318121492862701416e-01
-7.002543210983276367e-01
-8.977283239364624023e-01
-5.644718408584594727e-01
1.847486495971679688e-01
9.848022460937500000e-01
1.312611341476440430e+00
9.633109569549560547e-01
8.877774327993392944e-02
-7.994097471237182617e-01
-1.283371567726135254e+00
-1.197657585144042969e+00
-7.645086050033569336e-01
-2.618212103843688965e-01
1.224746927618980408e-01
4.613974690437316895e-01
8.394441604614257812e-01
1.244095444679260254e+00
1.431567549705505371e+00
1.190740346908569336e+00
5.045548081398010254e-01
-2.837533354759216309e-01
-7.277384996414184570e-01
-5.313824415206909180e-01
1.712947636842727661e-01
9.423811435699462891e-01
1.287438154220581055e+00
1.013858079910278320e+00
2.769992947578430176e-01
-5.347969532012939453e-01
-1.094982028007507324e+00
-1.257955074310302734e+00
-1.069095134735107422e+00
-6.217527985572814941e-01
-2.321024239063262939e-02
5.915263295173645020e-01
9.875007271766662598e-01
9.045569300651550293e-01
2.238883972167968750e-01
-8.617904186248779297e-01
-1.877184987068176270e+00
-2.316265344619750977e+00
-1.962294578552246094e+00
-1.035070538520812988e+00
-2.927887439727783203e-02
6.241749525070190430e-01
8.300492763519287109e-01
7.960663437843322754e-01
7.783404588699340820e-01
7.942431569099426270e-01
6.262580752372741699e-01
5.358678102493286133e-02
-8.235698938369750977e-01
-1.558805227279663086e+00
-1.622042775154113770e+00
-8.573380112648010254e-01
3.454528748989105225e-01
1.237727761268615723e+00
1.266135692596435547e+00
4.679045081138610840e-01
-4.923966526985168457e-01
-8.286172747611999512e-01
-1.942314505577087402e-01
9.907762408256530762e-01
1.829692244529724121e+00
1.536329507827758789e+00
3.463548421859741211e-02
-1.972033023834228516e+00
-3.378327608108520508e+00
-3.375691175460815430e+00
-1.879086732864379883e+00
4.252516031265258789e-01
2.539804935455322266e+00
3.660970687866210938e+00
3.571120262145996094e+00
2.592839241027832031e+00
1.343418121337890625e+00
3.416147828102111816e-01
-1.760841608047485352e-01
-3.058319389820098877e-01
-2.898041009902954102e-01
-3.596900105476379395e-01
-5.732367038726806641e-01
-8.355540633201599121e-01
-9.563837051391601562e-01
-8.107570409774780273e-01
-4.060634374618530273e-01
9.398034214973449707e-02
4.788000583648681641e-01
5.951055884361267090e-01
4.445418119430541992e-01
1.560224890708923340e-01
-9.483391046524047852e-02
-1.977712810039520264e-01
-1.418761909008026123e-01
7.873810827732086182e-03
1.781667470932006836e-01
3.229344487190246582e-01
4.049037098884582520e-01
3.651167154312133789e-01
1.193326115608215332e-01
-3.780055046081542969e-01
-1.075357556343078613e+00
-1.794150114059448242e+00
-2.315903663635253906e+00
-2.475012302398681641e+00
-2.264558553695678711e+00
-1.787727594375610352e+00
-1.202709913253784180e+00
-5.930604338645935059e-01
7.899820804595947266e-03
6.091957092285156250e-01
1.148906946182250977e+00
1.551355361938476562e+00
1.730637073516845703e+00
1.723407983779907227e+00
1.612688422203063965e+00
1.508161544799804688e+00
1.374527573585510254e+00
1.105063319206237793e+00
5.526907444000244141e-01
-2.206361293792724609e-01
-9.751704931259155273e-01
-1.306604504585266113e+00
-9.865020513534545898e-01
-5.643433332443237305e-02
1.046458363533020020e+00
1.815071582794189453e+00
1.857795000076293945e+00
1.231708288192749023e+00
2.906775474548339844e-01
-4.173845648765563965e-01
-5.876999497413635254e-01
-1.946952641010284424e-01
3.912590146064758301e-01
7.688217759132385254e-01
6.010442972183227539e-01
-6.769326329231262207e-02
-9.910658597946166992e-01
-1.706649541854858398e+00
-1.925324559211730957e+00
-1.510629296302795410e+00
-6.987191438674926758e-01
1.935117393732070923e-01
7.595183849334716797e-01
8.711431622505187988e-01
5.489906668663024902e-01
1.000915616750717163e-01
-2.481817007064819336e-01
-2.930825650691986084e-01
-1.312959939241409302e-01
1.166639551520347595e-01
2.157477438449859619e-01
1.514981836080551147e-01
-7.384400069713592529e-02
-2.655085921287536621e-01
-3.648737668991088867e-01
-2.668564915657043457e-01
-6.779477745294570923e-02
2.149186581373214722e-01
