7.108052968978881836e-01
6.605848670005798340e-01
-4.078528881072998047e-01
-1.375778317451477051e+00
-1.532153964042663574e+00
-6.787374615669250488e-01
7.588896155357360840e-01
1.948518395423889160e+00
2.280210018157958984e+00
1.681518077850341797e+00
6.455659866333007812e-01
-2.605463266372680664e-01
-7.444542050361633301e-01
-9.669718742370605469e-01
-1.196714997291564941e+00
-1.527860045433044434e+00
-1.690268278121948242e+00
-1.360812783241271973e+00
-4.644259214401245117e-01
5.896517038345336914e-01
1.203612685203552246e+00
9.670220017433166504e-01
4.465961456298828125e-02
-9.862772822380065918e-01
-1.483662486076354980e+00
-1.237708449363708496e+00
-5.001758337020874023e-01
2.232593595981597900e-01
6.367763280868530273e-01
7.678669095039367676e-01
8.706203103065490723e-01
1.043639779090881348e+00
1.129639387130737305e+00
8.180011510848999023e-01
5.149389803409576416e-02
-8.371778726577758789e-01
-1.232192039489746094e+00
-7.419422864913940430e-01
4.893377721309661865e-01
1.749597072601318359e+00
2.255187988281250000e+00
1.637146234512329102e+00
2.344147562980651855e-01
-1.200934886932373047e+00
-1.977679967880249023e+00
-1.938698410987854004e+00
-1.414880037307739258e+00
-9.165943861007690430e-01
-6.649038791656494141e-01
-5.120576024055480957e-01
-1.202533841133117676e-01
6.150255799293518066e-01
1.427606225013732910e+00
1.802137970924377441e+00
1.406149506568908691e+00
3.492928743362426758e-01
-8.060660958290100098e-01
-1.433266401290893555e+00
-1.212502002716064453e+00
-3.528946936130523682e-01
6.065828800201416016e-01
1.127694010734558105e+00
1.019689083099365234e+00
4.640384316444396973e-01
-1.450111418962478638e-01
-5.062571167945861816e-01
-5.362309813499450684e-01
-3.632127046585083008e-01
-1.421656608581542969e-01
5.462969839572906494e-02
2.738594412803649902e-01
5.599490404129028320e-01
8.813155889511108398e-01
1.100021719932556152e+00
1.083955526351928711e+00
8.057645559310913086e-01
3.965961039066314697e-01
5.186134576797485352e-02
-1.026427149772644043e-01
-1.124746948480606079e-01
-1.403068900108337402e-01
-3.264247179031372070e-01
-6.300767064094543457e-01
-8.349241614341735840e-01
-7.007648944854736328e-01
-1.836222410202026367e-01
4.661843180656433105e-01
8.372992277145385742e-01
6.497001051902770996e-01
-6.025284528732299805e-04
-6.510694622993469238e-01
-7.782349586486816406e-01
-1.895098090171813965e-01
7.861106395721435547e-01
1.480548143386840820e+00
1.344665646553039551e+00
3.460732102394104004e-01
-9.813162684440612793e-01
-1.910196304321289062e+00
-2.023280620574951172e+00
-1.487615585327148438e+00
-8.742386102676391602e-01
-6.942974328994750977e-01
-9.883526563644409180e-01
-1.332957983016967773e+00
-1.206926584243774414e+00
-4.602062702178955078e-01
5.498351454734802246e-01
1.226757645606994629e+00
1.217137098312377930e+00
6.761599779129028320e-01
1.349782943725585938e-01
4.459874331951141357e-02
4.278867840766906738e-01
8.843998312950134277e-01
9.796298742294311523e-01
6.241438984870910645e-01
1.584148406982421875e-01
2.597662992775440216e-02
3.609744012355804443e-01
8.282293677330017090e-01
9.125188589096069336e-01
3.764546513557434082e-01
-4.655030667781829834e-01
-9.753597378730773926e-01
-6.898021697998046875e-01
2.533009052276611328e-01
1.199231386184692383e+00
1.464592814445495605e+00
9.037560224533081055e-01
1.917523145675659180e-02
-4.254013895988464355e-01
-4.920139908790588379e-02
8.275037407875061035e-01
1.396341204643249512e+00
1.013971924781799316e+00
-2.867395281791687012e-01
-1.759544610977172852e+00
-2.480507850646972656e+00
-1.973783493041992188e+00
-5.383504629135131836e-01
1.014499187469482422e+00
1.899307012557983398e+00
1.833081603050231934e+00
1.068714737892150879e+00
1.089371591806411743e-01
-6.711704134941101074e-01
-1.151695370674133301e+00
-1.373415708541870117e+00
-1.347820639610290527e+00
-1.037756919860839844e+00
-4.641031920909881592e-01
1.566372215747833252e-01
4.861992001533508301e-01
2.769875526428222656e-01
-4.021667242050170898e-01
-1.190287113189697266e+00
-1.677627205848693848e+00
-1.709421753883361816e+00
-1.459282040596008301e+00
-1.233932852745056152e+00
-1.151995778083801270e+00
-1.013921022415161133e+00
-4.863015413284301758e-01
5.403686165809631348e-01
1.732764363288879395e+00
2.470317840576171875e+00
2.281490802764892578e+00
1.241189241409301758e+00
-1.430889964103698730e-02
-6.939074397087097168e-01
-3.971906900405883789e-01
6.125349998474121094e-01
1.609588742256164551e+00
1.927782416343688965e+00
1.407889127731323242e+00
4.632194936275482178e-01
-2.839527130126953125e-01
-4.579907655715942383e-01
-1.700936555862426758e-01
1.567009091377258301e-01
1.511242687702178955e-01
-2.046320885419845581e-01
-6.203149557113647461e-01
-7.553358078002929688e-01
-5.234690904617309570e-01
-1.201177239418029785e-01
1.496199965476989746e-01
1.637724339962005615e-01
4.781460762023925781e-02
6.155395507812500000e-02
3.068497776985168457e-01
6.353596448898315430e-01
7.239956259727478027e-01
3.793085515499114990e-01
-2.910244464874267578e-01
-8.954322338104248047e-01
-1.067481875419616699e+00
-7.225087881088256836e-01
-1.759039908647537231e-01
1.146996393799781799e-01
-1.456377208232879639e-01
-8.224333524703979492e-01
-1.478546977043151855e+00
-1.653418898582458496e+00
-1.235189557075500488e+00
-4.938889145851135254e-01
9.783673286437988281e-02
2.662977874279022217e-01
9.888324141502380371e-02
-1.213786005973815918e-02
2.497064471244812012e-01
8.797694444656372070e-01
1.473108530044555664e+00
1.564380645751953125e+00
9.430425167083740234e-01
-1.133244335651397705e-01
