-1.016180157661437988e+00
-1.006946444511413574e+00
1.743269413709640503e-01
1.416883707046508789e+00
2.226299762725830078e+00
2.181024074554443359e+00
1.427916765213012695e+00
3.927379846572875977e-01
-2.660727500915527344e-01
-3.012937605381011963e-01
1.763682067394256592e-01
5.780676007270812988e-01
4.828200936317443848e-01
-2.373611778020858765e-01
-1.106584906578063965e+00
-1.573440790176391602e+00
-1.217460632324218750e+00
-2.576226294040679932e-01
7.809103131294250488e-01
1.230781912803649902e+00
9.088477492332458496e-01
1.445651054382324219e-03
-9.434609413146972656e-01
-1.595094680786132812e+00
-1.839814066886901855e+00
-1.908225536346435547e+00
-1.909291386604309082e+00
-1.837638854980468750e+00
-1.432430982589721680e+00
-6.262411475181579590e-01
4.396997392177581787e-01
1.264235615730285645e+00
1.460283041000366211e+00
8.935382366180419922e-01
-4.408070445060729980e-02
-8.207943439483642578e-01
-9.760711193084716797e-01
-5.345853567123413086e-01
1.869104802608489990e-01
7.131932973861694336e-01
8.591455221176147461e-01
6.930472254753112793e-01
5.343346595764160156e-01
5.881443023681640625e-01
9.194152951240539551e-01
1.367638826370239258e+00
1.788228273391723633e+00
2.047735214233398438e+00
2.113269090652465820e+00
1.901082634925842285e+00
1.351087570190429688e+00
4.398734569549560547e-01
-6.460285186767578125e-01
-1.572459816932678223e+00
-1.969624996185302734e+00
-1.716111779212951660e+00
-1.030196905136108398e+00
-3.844134211540222168e-01
-1.761030852794647217e-01
-4.707788825035095215e-01
-9.422754645347595215e-01
-1.139832735061645508e+00
-8.481294512748718262e-01
-2.911898791790008545e-01
-5.802929401397705078e-03
-4.226472377777099609e-01
-1.505065202713012695e+00
-2.656172037124633789e+00
-3.084785223007202148e+00
-2.296303272247314453e+00
-5.108690857887268066e-01
1.458374381065368652e+00
2.623235702514648438e+00
2.480622768402099609e+00
1.247996807098388672e+00
-2.361645698547363281e-01
-1.136543273925781250e+00
-1.068885564804077148e+00
-3.593742847442626953e-01
3.510421812534332275e-01
5.113858580589294434e-01
1.478238850831985474e-01
-3.206087052822113037e-01
-3.524845838546752930e-01
1.478829830884933472e-01
8.577799797058105469e-01
1.184080123901367188e+00
8.765102624893188477e-01
1.334487795829772949e-01
-3.924185335636138916e-01
-2.316684722900390625e-01
6.678473949432373047e-01
1.739726781845092773e+00
2.360210180282592773e+00
2.169414520263671875e+00
1.469914197921752930e+00
8.127968311309814453e-01
6.989812850952148438e-01
1.012346029281616211e+00
1.294542789459228516e+00
9.578146934509277344e-01
-4.368799924850463867e-02
-1.325794458389282227e+00
-2.171629190444946289e+00
-2.236892223358154297e+00
-1.603621006011962891e+00
-8.625178933143615723e-01
-4.562871456146240234e-01
-5.602905154228210449e-01
-8.217185139656066895e-01
-9.034538269042968750e-01
-5.862290263175964355e-01
-1.211572289466857910e-01
1.940474808216094971e-01
7.777178287506103516e-02
-3.395162224769592285e-01
-8.537343144416809082e-01
-1.151032924652099609e+00
-1.199745655059814453e+00
-9.584338665008544922e-01
-5.131659507751464844e-01
2.143996357917785645e-01
1.102090120315551758e+00
1.956774711608886719e+00
2.300531148910522461e+00
1.879400014877319336e+00
7.056105136871337891e-01
-6.306602954864501953e-01
-1.503948211669921875e+00
-1.452005386352539062e+00
-7.025529146194458008e-01
2.149223685264587402e-01
6.821990609169006348e-01
6.385378241539001465e-01
3.649183511734008789e-01
3.432777523994445801e-01
6.009718179702758789e-01
8.426277637481689453e-01
5.683645606040954590e-01
-2.077200710773468018e-01
-1.019806146621704102e+00
-1.086611509323120117e+00
-1.577845811843872070e-01
1.325613498687744141e+00
2.277004718780517578e+00
1.919926881790161133e+00
2.652736306190490723e-01
-1.645206332206726074e+00
-2.599344253540039062e+00
-1.925372958183288574e+00
-1.342872679233551025e-01
1.603086352348327637e+00
2.154935359954833984e+00
1.351310372352600098e+00
-1.107297763228416443e-01
-1.118313908576965332e+00
-1.093854308128356934e+00
-2.096694409847259521e-01
7.398535013198852539e-01
1.116125226020812988e+00
7.730035781860351562e-01
1.494350433349609375e-01
-2.724921107292175293e-01
-2.604153752326965332e-01
-2.004054188728332520e-02
1.720026135444641113e-01
1.615274548530578613e-01
6.631231307983398438e-02
-9.815819561481475830e-03
-9.784558415412902832e-02
-4.171547293663024902e-01
-1.049397349357604980e+00
-1.776756525039672852e+00
-2.083873271942138672e+00
-1.570377111434936523e+00
-2.917281985282897949e-01
1.155220985412597656e+00
2.020236492156982422e+00
1.898498058319091797e+00
1.023513913154602051e+00
5.286153405904769897e-02
-4.316262900829315186e-01
-3.334751725196838379e-01
-4.302729666233062744e-02
-2.815189957618713379e-02
-4.295418560504913330e-01
-9.248334765434265137e-01
-1.067914485931396484e+00
-6.607881784439086914e-01
1.759082078933715820e-02
4.945802688598632812e-01
4.650056064128875732e-01
1.111502349376678467e-01
-1.192679554224014282e-01
1.507794260978698730e-01
7.888795137405395508e-01
1.293465852737426758e+00
1.097202658653259277e+00
1.246977448463439941e-01
-1.178227305412292480e+00
-2.021925687789916992e+00
-1.909950256347656250e+00
-8.546737432479858398e-01
5.340209007263183594e-01
1.574634194374084473e+00
1.793967723846435547e+00
1.275352835655212402e+00
3.650316894054412842e-01
-4.514133036136627197e-01
-9.508020281791687012e-01
-1.045843482017517090e+00
-8.721812963485717773e-01
-4.953211545944213867e-01
-6.909118592739105225e-02
3.457078337669372559e-01
5.719646215438842773e-01
5.808449387550354004e-01
