-6.419899463653564453e-01
-6.146283149719238281e-01
6.124145388603210449e-01
1.494368553161621094e+00
1.487035751342773438e+00
9.422473907470703125e-01
1.846808195114135742e-01
-1.867778897285461426e-01
-3.216595649719238281e-01
-3.317705690860748291e-01
-6.368424892425537109e-01
-9.753708839416503906e-01
-1.113995313644409180e+00
-5.415740013122558594e-01
5.116136670112609863e-01
1.668863892555236816e+00
2.127707958221435547e+00
1.728899955749511719e+00
5.864301919937133789e-01
-5.511136054992675781e-01
-1.310110926628112793e+00
-1.478333711624145508e+00
-1.482225656509399414e+00
-1.502849578857421875e+00
-1.647824883460998535e+00
-1.446925401687622070e+00
-6.613608598709106445e-01
7.854118347167968750e-01
2.253069877624511719e+00
3.105438947677612305e+00
2.788078308105468750e+00
1.530372619628906250e+00
-1.074310541152954102e-01
-1.296639680862426758e+00
-1.707440495491027832e+00
-1.342199563980102539e+00
-6.723365187644958496e-01
-1.547119021415710449e-02
4.019110500812530518e-01
6.883912682533264160e-01
8.688811063766479492e-01
9.577498435974121094e-01
7.668839693069458008e-01
2.259336709976196289e-01
-6.396442055702209473e-01
-1.535169959068298340e+00
-2.138534784317016602e+00
-2.146437168121337891e+00
-1.493056297302246094e+00
-3.120134472846984863e-01
1.045546293258666992e+00
2.139822006225585938e+00
2.558420896530151367e+00
2.086052894592285156e+00
8.587971329689025879e-01
-6.516517400741577148e-01
-1.765255451202392578e+00
-1.978653788566589355e+00
-1.190534830093383789e+00
1.207770109176635742e-01
1.228260159492492676e+00
1.457849860191345215e+00
6.945438385009765625e-01
-6.808220148086547852e-01
-1.880466938018798828e+00
-2.331718683242797852e+00
-1.805846571922302246e+00
-6.775891780853271484e-01
5.464576482772827148e-01
1.331119656562805176e+00
1.574924707412719727e+00
1.334083318710327148e+00
9.174357056617736816e-01
4.179590046405792236e-01
-3.267231583595275879e-02
-4.969577193260192871e-01
-8.040773272514343262e-01
-8.908706903457641602e-01
-5.527321100234985352e-01
5.168291926383972168e-02
7.428982853889465332e-01
1.061782956123352051e+00
8.706653118133544922e-01
1.105052828788757324e-01
-8.038647174835205078e-01
-1.576183557510375977e+00
-1.837412714958190918e+00
-1.689541459083557129e+00
-1.223227858543395996e+00
-7.879970669746398926e-01
-4.031922817230224609e-01
-1.917924135923385620e-01
-4.212334752082824707e-03
2.416324615478515625e-02
-4.029762744903564453e-02
-2.998079955577850342e-01
-4.665970802307128906e-01
-4.010825753211975098e-01
1.692693829536437988e-01
9.749741554260253906e-01
1.696578621864318848e+00
1.736306667327880859e+00
1.066962480545043945e+00
-8.471214771270751953e-02
-9.247692823410034180e-01
-1.040908217430114746e+00
-3.043076992034912109e-01
6.178112626075744629e-01
1.154369354248046875e+00
8.862235546112060547e-01
2.776584029197692871e-01
-7.318633794784545898e-02
4.379248023033142090e-01
1.483218550682067871e+00
2.349583864212036133e+00
2.065895080566406250e+00
5.597186684608459473e-01
-1.560095310211181641e+00
-2.997968435287475586e+00
-3.026102542877197266e+00
-1.628052830696105957e+00
1.420213282108306885e-01
1.266679883003234863e+00
1.122131466865539551e+00
1.664693057537078857e-01
-8.265559673309326172e-01
-1.086025714874267578e+00
-6.821497678756713867e-01
-6.421467661857604980e-02
1.175541579723358154e-01
-1.692515015602111816e-01
-6.274253129959106445e-01
-7.040520906448364258e-01
-3.396446108818054199e-01
2.086735367774963379e-01
4.034575819969177246e-01
1.233682930469512939e-01
-4.295561909675598145e-01
-7.367061972618103027e-01
-6.193137764930725098e-01
-2.344135940074920654e-01
-6.050539016723632812e-02
-2.844307124614715576e-01
-7.062475681304931641e-01
-7.657783031463623047e-01
-1.614566147327423096e-01
9.111354351043701172e-01
1.755207419395446777e+00
1.779417991638183594e+00
9.498906135559082031e-01
-7.533024251461029053e-02
-4.645749330520629883e-01
1.560730934143066406e-01
1.367014408111572266e+00
2.246243000030517578e+00
2.073120594024658203e+00
8.351445198059082031e-01
-7.171992063522338867e-01
-1.694963455200195312e+00
-1.621345520019531250e+00
-8.065656423568725586e-01
6.872421503067016602e-02
3.740438222885131836e-01
8.550816774368286133e-02
-4.510305821895599365e-01
-7.144300937652587891e-01
-6.010824441909790039e-01
-2.527117729187011719e-01
-6.016415357589721680e-02
-7.993184030055999756e-02
-2.291010320186614990e-01
-1.456757187843322754e-01
2.129874974489212036e-01
8.017686605453491211e-01
1.242943406105041504e+00
1.423825502395629883e+00
1.245949506759643555e+00
9.804797172546386719e-01
6.691741943359375000e-01
4.604456126689910889e-01
1.754661500453948975e-01
-9.052686393260955811e-02
-3.807550072669982910e-01
-4.299756288528442383e-01
-2.973689436912536621e-01
6.590589880943298340e-02
3.352235853672027588e-01
5.057684183120727539e-01
4.345135092735290527e-01
4.086406230926513672e-01
4.210878312587738037e-01
6.610519886016845703e-01
8.610329627990722656e-01
1.016065716743469238e+00
8.431123495101928711e-01
4.999587535858154297e-01
-1.008036136627197266e-01
-6.580693721771240234e-01
-1.206787347793579102e+00
-1.421907663345336914e+00
-1.381788015365600586e+00
-8.996510505676269531e-01
-3.031979501247406006e-01
3.589241206645965576e-01
6.929312348365783691e-01
8.553115129470825195e-01
7.797375321388244629e-01
8.142414093017578125e-01
7.520004510879516602e-01
5.831216573715209961e-01
-1.295509338378906250e-01
-1.157533884048461914e+00
-2.286849021911621094e+00
-2.669708013534545898e+00
-2.064490795135498047e+00
-3.602438569068908691e-01
1.571280002593994141e+00
