-1.020146846771240234e+00
-1.119356513023376465e+00
-1.108933329582214355e+00
-1.257590293884277344e+00
-1.240744829177856445e+00
-7.688539028167724609e-01
1.694130301475524902e-01
1.189542651176452637e+00
1.774793148040771484e+00
1.606197237968444824e+00
8.330601453781127930e-01
-5.603653192520141602e-02
-5.317726731300354004e-01
-4.040244519710540771e-01
1.438310742378234863e-01
7.102495431900024414e-01
1.031885147094726562e+00
1.080236434936523438e+00
1.030046701431274414e+00
9.796738028526306152e-01
8.822592496871948242e-01
5.621659755706787109e-01
-1.675406098365783691e-02
-6.789331436157226562e-01
-1.052612662315368652e+00
-8.848328590393066406e-01
-1.929050236940383911e-01
6.584070920944213867e-01
1.240972518920898438e+00
1.278572082519531250e+00
8.584612011909484863e-01
2.711626291275024414e-01
-1.477067768573760986e-01
-2.827623486518859863e-01
-1.927261948585510254e-01
-6.457412242889404297e-02
2.330079674720764160e-03
-2.352657914161682129e-02
-9.079539775848388672e-02
-2.211230099201202393e-01
-4.545465707778930664e-01
-8.567950129508972168e-01
-1.361397266387939453e+00
-1.818943262100219727e+00
-1.998015165328979492e+00
-1.778262853622436523e+00
-1.163445353507995605e+00
-3.518494963645935059e-01
4.190944731235504150e-01
9.058892726898193359e-01
1.010014176368713379e+00
7.312263250350952148e-01
2.193493247032165527e-01
-3.488624095916748047e-01
-7.571974396705627441e-01
-8.890814781188964844e-01
-7.029620409011840820e-01
-3.103092312812805176e-01
1.396003365516662598e-01
4.624591469764709473e-01
5.752730965614318848e-01
4.497401416301727295e-01
1.625597029924392700e-01
-2.061284035444259644e-01
-5.325130224227905273e-01
-7.240523099899291992e-01
-6.657768487930297852e-01
-3.189738988876342773e-01
2.898961305618286133e-01
9.814707636833190918e-01
1.511963605880737305e+00
1.615461468696594238e+00
1.186953067779541016e+00
3.150051236152648926e-01
-6.696442365646362305e-01
-1.362311005592346191e+00
-1.416334509849548340e+00
-7.630640864372253418e-01
3.715617656707763672e-01
1.492669820785522461e+00
2.100519180297851562e+00
1.893773436546325684e+00
9.737173318862915039e-01
-2.319823503494262695e-01
-1.160053730010986328e+00
-1.447470307350158691e+00
-1.088386774063110352e+00
-4.235301613807678223e-01
1.404334008693695068e-01
3.771957457065582275e-01
3.751212358474731445e-01
3.702125251293182373e-01
5.106211900711059570e-01
6.713296771049499512e-01
5.681234002113342285e-01
1.804286241531372070e-02
-8.076165318489074707e-01
-1.432719945907592773e+00
-1.377477288246154785e+00
-5.477396249771118164e-01
6.440607309341430664e-01
1.513102889060974121e+00
1.567017555236816406e+00
8.352400064468383789e-01
-1.727606952190399170e-01
-8.534929156303405762e-01
-9.267806410789489746e-01
-5.629665851593017578e-01
-1.469479203224182129e-01
1.033521890640258789e-01
3.120563030242919922e-01
7.681787610054016113e-01
1.538790941238403320e+00
2.256614685058593750e+00
2.284822940826416016e+00
1.209031701087951660e+00
-7.597632408142089844e-01
-2.777925014495849609e+00
-3.858149528503417969e+00
-3.474593877792358398e+00
-1.913143157958984375e+00
-5.929428339004516602e-02
1.150706291198730469e+00
1.293690800666809082e+00
5.947101712226867676e-01
-3.162197172641754150e-01
-8.830652236938476562e-01
-8.928266167640686035e-01
-5.109243988990783691e-01
-3.018414974212646484e-02
3.075796663761138916e-01
4.274668693542480469e-01
3.392980098724365234e-01
1.361250281333923340e-01
-5.798980593681335449e-02
-4.369419813156127930e-02
3.230660557746887207e-01
1.022557258605957031e+00
1.735455513000488281e+00
1.997870445251464844e+00
1.458939433097839355e+00
2.315452247858047485e-01
-1.108348011970520020e+00
-1.771704435348510742e+00
-1.297356843948364258e+00
1.672031879425048828e-01
1.872480034828186035e+00
2.960534572601318359e+00
2.918921470642089844e+00
1.886961698532104492e+00
4.431801736354827881e-01
-7.457125186920166016e-01
-1.344074726104736328e+00
-1.368749141693115234e+00
-1.080378651618957520e+00
-6.855967044830322266e-01
-2.919859588146209717e-01
9.755441546440124512e-02
4.069485664367675781e-01
5.231646299362182617e-01
3.186562955379486084e-01
-1.735461950302124023e-01
-8.017069101333618164e-01
-1.328661084175109863e+00
-1.625119447708129883e+00
-1.662604331970214844e+00
-1.529629945755004883e+00
-1.276056647300720215e+00
-9.350689649581909180e-01
-4.963372051715850830e-01
-2.455043792724609375e-02
4.017319083213806152e-01
6.914833784103393555e-01
8.685234785079956055e-01
9.991493225097656250e-01
1.158932447433471680e+00
1.286378383636474609e+00
1.253802061080932617e+00
9.263474941253662109e-01
3.564468622207641602e-01
-2.570240199565887451e-01
-6.286381483078002930e-01
-6.229010820388793945e-01
-2.841807901859283447e-01
1.739669740200042725e-01
5.688194036483764648e-01
7.975739240646362305e-01
8.642773628234863281e-01
7.340345382690429688e-01
3.497598767280578613e-01
-3.353230953216552734e-01
-1.181033611297607422e+00
-1.887506842613220215e+00
-2.117966175079345703e+00
-1.791265964508056641e+00
-1.157282948493957520e+00
-6.803997755050659180e-01
-6.504060626029968262e-01
-9.610592126846313477e-01
-1.131279706954956055e+00
-7.292370200157165527e-01
2.521978318691253662e-01
1.271845459938049316e+00
1.622846841812133789e+00
9.575822353363037109e-01
-3.590403795242309570e-01
-1.465200424194335938e+00
-1.567468047142028809e+00
-5.305960178375244141e-01
1.032036423683166504e+00
2.169701337814331055e+00
2.266428470611572266e+00
1.416290521621704102e+00
3.052450418472290039e-01
-3.318122923374176025e-01
-1.999984383583068848e-01
4.197817444801330566e-01
