-7.359879612922668457e-01
-8.065082430839538574e-01
-2.261461973190307617e+00
-3.552357435226440430e+00
-3.836364269256591797e+00
-3.004390239715576172e+00
-1.203341841697692871e+00
6.438940763473510742e-01
1.928745388984680176e+00
2.120201587677001953e+00
1.591551780700683594e+00
7.825627326965332031e-01
4.453596770763397217e-01
6.557036638259887695e-01
1.365085244178771973e+00
1.974838972091674805e+00
2.275216579437255859e+00
2.030426263809204102e+00
1.561809062957763672e+00
9.551994800567626953e-01
4.720135629177093506e-01
-6.221345812082290649e-02
-5.642915368080139160e-01
-1.122128009796142578e+00
-1.412347674369812012e+00
-1.385800361633300781e+00
-8.934112787246704102e-01
-2.885725498199462891e-01
2.153351902961730957e-01
2.525933086872100830e-01
-2.342673763632774353e-02
-4.531193971633911133e-01
-5.864999294281005859e-01
-3.889259696006774902e-01
1.230901032686233521e-01
5.357061624526977539e-01
7.128319144248962402e-01
5.434704422950744629e-01
3.631708323955535889e-01
3.649286627769470215e-01
7.664477825164794922e-01
1.321628928184509277e+00
1.780257463455200195e+00
1.748898983001708984e+00
1.237916469573974609e+00
3.713285923004150391e-01
-4.185354709625244141e-01
-9.136178493499755859e-01
-9.631898403167724609e-01
-7.773211002349853516e-01
-5.318201780319213867e-01
-4.676274359226226807e-01
-5.542532205581665039e-01
-7.366194725036621094e-01
-8.093317747116088867e-01
-7.289006710052490234e-01
-4.706233143806457520e-01
-1.922485232353210449e-01
-2.289474010467529297e-03
-4.475575685501098633e-02
-3.037509918212890625e-01
-7.208829522132873535e-01
-1.108954429626464844e+00
-1.309288740158081055e+00
-1.178229689598083496e+00
-7.199620008468627930e-01
-3.379291296005249023e-02
6.775902509689331055e-01
1.224439859390258789e+00
1.475087642669677734e+00
1.405003190040588379e+00
1.078947544097900391e+00
6.063554286956787109e-01
1.308157593011856079e-01
-2.194515466690063477e-01
-3.079798519611358643e-01
-9.064503014087677002e-02
3.994966447353363037e-01
9.553906917572021484e-01
1.344027400016784668e+00
1.338549733161926270e+00
9.537918567657470703e-01
3.559055626392364502e-01
-1.120031774044036865e-01
-2.630064189434051514e-01
-5.457168817520141602e-02
2.624015808105468750e-01
4.738015532493591309e-01
4.145981669425964355e-01
2.268737107515335083e-01
6.368024647235870361e-02
9.916433691978454590e-02
2.020258158445358276e-01
2.203754037618637085e-01
-4.630160331726074219e-02
-4.499387741088867188e-01
-7.639753222465515137e-01
-6.561691761016845703e-01
-1.837637573480606079e-01
4.089888334274291992e-01
6.281535625457763672e-01
3.208710849285125732e-01
-4.171162247657775879e-01
-1.067622542381286621e+00
-1.308990359306335449e+00
-1.030311584472656250e+00
-6.385752558708190918e-01
-4.858386516571044922e-01
-7.944014668464660645e-01
-1.208606362342834473e+00
-1.292003631591796875e+00
-6.283611655235290527e-01
5.822689533233642578e-01
1.877670049667358398e+00
2.586313009262084961e+00
2.522744178771972656e+00
1.809605717658996582e+00
9.768872857093811035e-01
3.035989999771118164e-01
-7.465475797653198242e-02
-3.833732008934020996e-01
-6.403208971023559570e-01
-7.930816411972045898e-01
-5.181133151054382324e-01
1.949456632137298584e-01
1.129603624343872070e+00
1.654435634613037109e+00
1.381018280982971191e+00
2.464003264904022217e-01
-1.152789115905761719e+00
-2.158900499343872070e+00
-2.264334440231323242e+00
-1.646151900291442871e+00
-7.766884565353393555e-01
-2.548311650753021240e-01
-1.885824501514434814e-01
-3.881366848945617676e-01
-4.158283472061157227e-01
-1.634631901979446411e-01
2.447993159294128418e-01
4.375588297843933105e-01
3.192285299301147461e-01
2.686887979507446289e-02
-3.528970479965209961e-02
2.937421500682830811e-01
8.853547573089599609e-01
1.251612424850463867e+00
1.041048526763916016e+00
2.105336636304855347e-01
-8.075062632560729980e-01
-1.504344463348388672e+00
-1.551285743713378906e+00
-1.086985230445861816e+00
-4.983753859996795654e-01
-1.846594214439392090e-01
-2.326080799102783203e-01
-4.590575098991394043e-01
-5.578123331069946289e-01
-3.564593195915222168e-01
1.182562708854675293e-01
7.104899287223815918e-01
1.266475915908813477e+00
1.718016147613525391e+00
2.028291225433349609e+00
2.180511951446533203e+00
2.130879878997802734e+00
1.918651938438415527e+00
1.610717058181762695e+00
1.315814375877380371e+00
9.789474606513977051e-01
4.655301868915557861e-01
-4.336434900760650635e-01
-1.650328636169433594e+00
-2.877506732940673828e+00
-3.544323921203613281e+00
-3.333974361419677734e+00
-2.295837402343750000e+00
-1.052542924880981445e+00
-2.378623485565185547e-01
-2.528788745403289795e-01
-7.803349494934082031e-01
-1.232727766036987305e+00
-9.848316907882690430e-01
-9.202416241168975830e-02
9.720091819763183594e-01
1.414776325225830078e+00
9.823937416076660156e-01
-1.159215420484542847e-01
-1.087270498275756836e+00
-1.438122391700744629e+00
-1.020263671875000000e+00
-4.067505896091461182e-01
-9.135609865188598633e-02
-4.199317395687103271e-01
-1.012124896049499512e+00
-1.448033332824707031e+00
-1.278884768486022949e+00
-7.438089847564697266e-01
-1.800911724567413330e-01
-9.158992767333984375e-02
-3.317616879940032959e-01
-6.181524991989135742e-01
-3.868798017501831055e-01
2.887713015079498291e-01
1.124866127967834473e+00
1.389737010002136230e+00
9.284066557884216309e-01
-1.117496043443679810e-01
-8.655598163604736328e-01
-8.152202367782592773e-01
3.111290335655212402e-01
1.830966234207153320e+00
3.027208089828491211e+00
3.091048717498779297e+00
2.122855663299560547e+00
5.042450428009033203e-01
-8.532320261001586914e-01
