-6.911959052085876465e-01
-7.723591327667236328e-01
5.911122560501098633e-01
1.800853252410888672e+00
2.281843185424804688e+00
1.822275996208190918e+00
9.188254475593566895e-01
2.134210318326950073e-01
1.639796644449234009e-01
5.194504857063293457e-01
7.348948121070861816e-01
2.818521857261657715e-01
-7.052495479583740234e-01
-1.671870112419128418e+00
-1.902718544006347656e+00
-1.253915548324584961e+00
-1.060485243797302246e-01
7.705817818641662598e-01
9.556589126586914062e-01
4.992801547050476074e-01
-3.432711958885192871e-02
-2.207358479499816895e-01
4.099285602569580078e-02
3.456065654754638672e-01
3.127943277359008789e-01
-2.104873657226562500e-01
-8.851360082626342773e-01
-1.306115746498107910e+00
-1.195456027984619141e+00
-7.374639511108398438e-01
-2.707734107971191406e-01
-1.424131393432617188e-01
-3.459379076957702637e-01
-7.131187915802001953e-01
-9.772405028343200684e-01
-1.080109834671020508e+00
-1.031008005142211914e+00
-9.190858602523803711e-01
-6.945766210556030273e-01
-3.494907617568969727e-01
8.660927414894104004e-02
3.843143582344055176e-01
3.591229021549224854e-01
-2.633240818977355957e-02
-4.726390838623046875e-01
-5.876414775848388672e-01
-1.003331542015075684e-01
8.286406993865966797e-01
1.751857042312622070e+00
2.158147335052490234e+00
1.883052706718444824e+00
1.134805440902709961e+00
3.580332398414611816e-01
-1.556594967842102051e-01
-3.840798437595367432e-01
-5.384680628776550293e-01
-7.465682029724121094e-01
-9.248433709144592285e-01
-8.101179599761962891e-01
-2.671794295310974121e-01
5.327333211898803711e-01
1.120885014533996582e+00
1.064499497413635254e+00
2.852227985858917236e-01
-8.181537389755249023e-01
-1.610321521759033203e+00
-1.623259782791137695e+00
-8.697315454483032227e-01
1.662422120571136475e-01
8.499056100845336914e-01
7.808272838592529297e-01
3.233844041824340820e-02
-9.508633017539978027e-01
-1.637125492095947266e+00
-1.747987985610961914e+00
-1.364939451217651367e+00
-8.497463464736938477e-01
-5.517103672027587891e-01
-6.083794832229614258e-01
-8.401943445205688477e-01
-9.231764078140258789e-01
-5.891069769859313965e-01
1.438490450382232666e-01
1.010239839553833008e+00
1.624017119407653809e+00
1.779264926910400391e+00
1.532001376152038574e+00
1.191400170326232910e+00
1.024890661239624023e+00
1.102244615554809570e+00
1.195125818252563477e+00
1.040055632591247559e+00
5.287693142890930176e-01
-8.624660968780517578e-02
-4.164611399173736572e-01
-1.665004640817642212e-01
5.384745001792907715e-01
1.274289369583129883e+00
1.531050086021423340e+00
1.155330657958984375e+00
3.885290026664733887e-01
-2.356477081775665283e-01
-3.548012077808380127e-01
5.780872702598571777e-02
6.337077617645263672e-01
9.802372455596923828e-01
8.608535528182983398e-01
3.772071599960327148e-01
-2.699107229709625244e-01
-8.738548755645751953e-01
-1.377583265304565430e+00
-1.694139003753662109e+00
-1.705599784851074219e+00
-1.223364830017089844e+00
-2.800520658493041992e-01
8.209836483001708984e-01
1.500123381614685059e+00
1.341554403305053711e+00
3.403970003128051758e-01
-9.421045184135437012e-01
-1.797134637832641602e+00
-1.767934083938598633e+00
-1.020605325698852539e+00
-1.139348894357681274e-01
3.735888600349426270e-01
3.206254243850708008e-01
3.117263317108154297e-03
-1.641055792570114136e-01
-8.630273491144180298e-02
1.269128359854221344e-02
-1.862846016883850098e-01
-6.456350088119506836e-01
-9.527666568756103516e-01
-5.863417983055114746e-01
5.207620859146118164e-01
1.835937619209289551e+00
2.475756645202636719e+00
1.907893896102905273e+00
3.566696643829345703e-01
-1.240032792091369629e+00
-1.915381908416748047e+00
-1.310070157051086426e+00
5.068162083625793457e-02
1.203324913978576660e+00
1.412376403808593750e+00
6.874707937240600586e-01
-3.388213515281677246e-01
-9.047656655311584473e-01
-6.657028794288635254e-01
1.787815988063812256e-01
1.135023474693298340e+00
1.811136126518249512e+00
2.078830242156982422e+00
1.973418593406677246e+00
1.509778738021850586e+00
6.687936782836914062e-01
-4.193686544895172119e-01
-1.337425231933593750e+00
-1.507110238075256348e+00
-6.204650402069091797e-01
1.006914019584655762e+00
2.451806068420410156e+00
2.740272998809814453e+00
1.509609222412109375e+00
-6.276551485061645508e-01
-2.461189270019531250e+00
-2.937753200531005859e+00
-1.909332394599914551e+00
-1.656776219606399536e-01
1.103851556777954102e+00
1.201618790626525879e+00
3.041849136352539062e-01
-6.975218057632446289e-01
-9.846443533897399902e-01
-3.666562438011169434e-01
5.377780795097351074e-01
8.729486465454101562e-01
1.216483116149902344e-01
-1.430561065673828125e+00
-2.979290246963500977e+00
-3.646621227264404297e+00
-3.121676206588745117e+00
-1.697629094123840332e+00
-1.339390724897384644e-01
9.168838858604431152e-01
1.113322615623474121e+00
6.199176311492919922e-01
-2.130182981491088867e-01
-9.441589117050170898e-01
-1.348441243171691895e+00
-1.292698621749877930e+00
-8.455514907836914062e-01
-6.828784942626953125e-02
8.324208259582519531e-01
1.673460602760314941e+00
2.151669025421142578e+00
2.097892999649047852e+00
1.413465857505798340e+00
3.325300216674804688e-01
-7.886269688606262207e-01
-1.441416621208190918e+00
-1.388899087905883789e+00
-6.635575294494628906e-01
2.471926212310791016e-01
8.321459293365478516e-01
7.083922028541564941e-01
5.899599194526672363e-02
-6.324430704116821289e-01
-7.301430702209472656e-01
-7.636173814535140991e-02
1.040788888931274414e+00
1.877579808235168457e+00
1.923943877220153809e+00
1.075420498847961426e+00
-1.110919788479804993e-01
-1.005417466163635254e+00
-1.156302332878112793e+00
