-5.775314569473266602e-02
-6.116968393325805664e-02
-2.080693840980529785e-02
2.081252448260784149e-02
1.562541425228118896e-01
4.144850969314575195e-01
7.602903842926025391e-01
1.003146290779113770e+00
9.687426686286926270e-01
5.590258836746215820e-01
-7.445651292800903320e-02
-6.694707274436950684e-01
-9.383891224861145020e-01
-8.385062217712402344e-01
-5.243566036224365234e-01
-2.976030707359313965e-01
-2.980413436889648438e-01
-4.702622890472412109e-01
-5.546628832817077637e-01
-4.073072969913482666e-01
-8.860085904598236084e-02
8.364922553300857544e-02
-1.217486485838890076e-01
-6.727300286293029785e-01
-1.147030591964721680e+00
-1.085615754127502441e+00
-3.072638213634490967e-01
7.939683794975280762e-01
1.520005822181701660e+00
1.281208038330078125e+00
1.417685300111770630e-01
-1.202225923538208008e+00
-1.761591911315917969e+00
-9.902302622795104980e-01
8.788960576057434082e-01
2.866779327392578125e+00
3.911428451538085938e+00
3.451643228530883789e+00
1.801099777221679688e+00
-1.699329018592834473e-01
-1.532110929489135742e+00
-1.887315988540649414e+00
-1.414352178573608398e+00
-6.674470305442810059e-01
-9.509483724832534790e-02
1.434882432222366333e-01
1.921019554138183594e-01
2.029265314340591431e-01
2.102344036102294922e-01
7.053138315677642822e-02
-3.193200826644897461e-01
-9.325976371765136719e-01
-1.548502445220947266e+00
-1.945096492767333984e+00
-1.999654293060302734e+00
-1.787800788879394531e+00
-1.444162487983703613e+00
-1.078024864196777344e+00
-6.632819175720214844e-01
-1.417899727821350098e-01
5.049338936805725098e-01
1.147080659866333008e+00
1.591144323348999023e+00
1.672364711761474609e+00
1.399891853332519531e+00
9.403009414672851562e-01
5.491311550140380859e-01
4.006823003292083740e-01
5.166196823120117188e-01
7.503197193145751953e-01
9.000115394592285156e-01
8.131955862045288086e-01
4.738230705261230469e-01
-1.697736978530883789e-02
-5.100418329238891602e-01
-8.995121121406555176e-01
-1.159650564193725586e+00
-1.315511941909790039e+00
-1.374262928962707520e+00
-1.272521018981933594e+00
-9.155416488647460938e-01
-2.692200839519500732e-01
5.287774801254272461e-01
1.193121075630187988e+00
1.410089731216430664e+00
1.069666743278503418e+00
3.582542538642883301e-01
-2.938587665557861328e-01
-5.022469162940979004e-01
-1.603673100471496582e-01
4.486778974533081055e-01
8.902653455734252930e-01
8.751649260520935059e-01
5.242867469787597656e-01
2.511487901210784912e-01
4.612739682197570801e-01
1.154496908187866211e+00
1.905285835266113281e+00
2.097581386566162109e+00
1.441548943519592285e+00
1.762212216854095459e-01
-1.008757114410400391e+00
-1.510599732398986816e+00
-1.197350263595581055e+00
-5.587828159332275391e-01
-2.782119214534759521e-01
-7.668462395668029785e-01
-1.776234865188598633e+00
-2.635441303253173828e+00
-2.677426338195800781e+00
-1.790959715843200684e+00
-4.269125759601593018e-01
6.652263402938842773e-01
1.034002304077148438e+00
7.209677100181579590e-01
2.196837365627288818e-01
-3.477907180786132812e-02
7.726758718490600586e-02
2.441461682319641113e-01
1.288297176361083984e-01
-3.756667673587799072e-01
-9.255678057670593262e-01
-1.061016678810119629e+00
-4.871462881565093994e-01
5.839625597000122070e-01
1.638634562492370605e+00
2.110697507858276367e+00
1.841060400009155273e+00
1.054579854011535645e+00
2.557898461818695068e-01
-2.288078665733337402e-01
-3.454896211624145508e-01
-3.712141215801239014e-01
-5.395994186401367188e-01
-9.178637266159057617e-01
-1.246239304542541504e+00
-1.238016963005065918e+00
-7.110661268234252930e-01
1.589944660663604736e-01
1.042999267578125000e+00
1.576787233352661133e+00
1.694732427597045898e+00
1.549798488616943359e+00
1.467813849449157715e+00
1.589690804481506348e+00
1.844774603843688965e+00
1.896888613700866699e+00
1.489875316619873047e+00
5.727952122688293457e-01
-5.160633325576782227e-01
-1.328506350517272949e+00
-1.485875725746154785e+00
-1.025606870651245117e+00
-2.902190089225769043e-01
1.968504637479782104e-01
1.554627567529678345e-01
-3.816300034523010254e-01
-1.041187763214111328e+00
-1.490639686584472656e+00
-1.592526197433471680e+00
-1.560312509536743164e+00
-1.665874958038330078e+00
-2.059365034103393555e+00
-2.527232408523559570e+00
-2.705615520477294922e+00
-2.263369560241699219e+00
-1.241946458816528320e+00
2.862969040870666504e-02
1.068726301193237305e+00
1.628892421722412109e+00
1.730352759361267090e+00
1.648734331130981445e+00
1.580445647239685059e+00
1.559586167335510254e+00
1.415316820144653320e+00
1.047242879867553711e+00
5.141813158988952637e-01
9.606885910034179688e-02
2.500224113464355469e-02
3.463030457496643066e-01
8.081272840499877930e-01
1.096945643424987793e+00
1.017324924468994141e+00
6.742623448371887207e-01
3.127078413963317871e-01
1.455376893281936646e-01
1.272665262222290039e-01
5.518889427185058594e-02
-2.719824314117431641e-01
-8.020137548446655273e-01
-1.268243789672851562e+00
-1.344063997268676758e+00
-9.443523883819580078e-01
-2.847786545753479004e-01
2.164942026138305664e-01
2.555265426635742188e-01
-1.786189079284667969e-01
-7.810509800910949707e-01
-1.169842481613159180e+00
-1.117791533470153809e+00
-6.834909319877624512e-01
-1.164774000644683838e-01
3.158627152442932129e-01
4.857911169528961182e-01
4.133613705635070801e-01
1.919690370559692383e-01
-1.008474230766296387e-01
-4.126740396022796631e-01
-6.739221215248107910e-01
-7.727043628692626953e-01
-5.956824421882629395e-01
-1.279665082693099976e-01
4.975155889987945557e-01
1.027103662490844727e+00
1.232913970947265625e+00
1.030899047851562500e+00
5.470671653747558594e-01
