1.972477436065673828e-01
1.984203457832336426e-01
5.735121369361877441e-01
5.643670558929443359e-01
3.274867534637451172e-01
1.862043142318725586e-01
4.125965535640716553e-01
9.829718470573425293e-01
1.599910497665405273e+00
1.857351064682006836e+00
1.531309366226196289e+00
6.976645588874816895e-01
-3.017267286777496338e-01
-1.099205732345581055e+00
-1.496652483940124512e+00
-1.565010547637939453e+00
-1.526622533798217773e+00
-1.577719926834106445e+00
-1.716005206108093262e+00
-1.749084949493408203e+00
-1.435866594314575195e+00
-6.966400146484375000e-01
2.756509780883789062e-01
1.087960958480834961e+00
1.373831033706665039e+00
1.037121057510375977e+00
3.291106224060058594e-01
-2.970190048217773438e-01
-4.926197528839111328e-01
-2.387983202934265137e-01
1.480625271797180176e-01
2.828858494758605957e-01
1.901721954345703125e-02
-3.993119895458221436e-01
-5.260651707649230957e-01
-5.958533287048339844e-02
8.550777435302734375e-01
1.686969876289367676e+00
1.851048231124877930e+00
1.158390164375305176e+00
-4.547047615051269531e-02
-1.076350688934326172e+00
-1.408107161521911621e+00
-9.924085736274719238e-01
-2.916662693023681641e-01
1.192024052143096924e-01
-6.225731968879699707e-02
-6.460998058319091797e-01
-1.178398132324218750e+00
-1.275294184684753418e+00
-9.341379404067993164e-01
-4.491974711418151855e-01
-1.859512627124786377e-01
-2.575710415840148926e-01
-5.199847221374511719e-01
-6.910963058471679688e-01
-6.337399482727050781e-01
-3.833830058574676514e-01
-1.057236194610595703e-01
1.345510482788085938e-01
3.672990202903747559e-01
6.784588098526000977e-01
9.943110942840576172e-01
1.111305117607116699e+00
7.727698683738708496e-01
-3.926855325698852539e-02
-1.072539925575256348e+00
-1.847916603088378906e+00
-1.998122692108154297e+00
-1.417350292205810547e+00
-3.594419360160827637e-01
8.065977096557617188e-01
1.733508586883544922e+00
2.283018589019775391e+00
2.407870292663574219e+00
2.140775442123413086e+00
1.488553047180175781e+00
5.759341716766357422e-01
-3.806402683258056641e-01
-1.040878653526306152e+00
-1.189241290092468262e+00
-8.106140494346618652e-01
-1.875735968351364136e-01
3.586832582950592041e-01
6.164624691009521484e-01
6.783030629158020020e-01
7.465676069259643555e-01
9.848487377166748047e-01
1.263285756111145020e+00
1.304970979690551758e+00
8.493351936340332031e-01
-1.884448528289794922e-02
-9.258215427398681641e-01
-1.354536890983581543e+00
-1.076587319374084473e+00
-2.660935819149017334e-01
5.048007369041442871e-01
6.918463706970214844e-01
5.644500255584716797e-02
-1.098028540611267090e+00
-2.165342569351196289e+00
-2.513200283050537109e+00
-1.912479400634765625e+00
-5.931917428970336914e-01
8.162403702735900879e-01
1.693748235702514648e+00
1.672860741615295410e+00
8.791853189468383789e-01
-2.359861731529235840e-01
-1.086222171783447266e+00
-1.333095312118530273e+00
-9.724637269973754883e-01
-3.500046730041503906e-01
1.477403044700622559e-01
2.767219543457031250e-01
1.261912584304809570e-01
-4.469713941216468811e-02
5.126709491014480591e-02
4.730935096740722656e-01
1.088795900344848633e+00
1.628732204437255859e+00
1.909435749053955078e+00
1.849499583244323730e+00
1.498094320297241211e+00
9.104200005531311035e-01
1.941969990730285645e-01
-5.023841857910156250e-01
-9.099301695823669434e-01
-7.929430007934570312e-01
-9.196817874908447266e-02
8.828938007354736328e-01
1.580632448196411133e+00
1.481877565383911133e+00
5.110445618629455566e-01
-8.782682418823242188e-01
-1.913876175880432129e+00
-2.036674022674560547e+00
-1.249364256858825684e+00
-1.333973109722137451e-01
6.048914790153503418e-01
6.142615079879760742e-01
1.422735005617141724e-01
-2.418463528156280518e-01
-1.177078783512115479e-01
4.124040007591247559e-01
8.366593122482299805e-01
6.568549871444702148e-01
-1.577135324478149414e-01
-1.121972084045410156e+00
-1.585970878601074219e+00
-1.242523789405822754e+00
-3.500610589981079102e-01
4.635621309280395508e-01
6.824578046798706055e-01
2.519768774509429932e-01
-4.327673017978668213e-01
-8.710589408874511719e-01
-8.175381422042846680e-01
-3.850859999656677246e-01
1.384540051221847534e-01
5.663912296295166016e-01
9.041830897331237793e-01
1.231867432594299316e+00
1.504912376403808594e+00
1.535211205482482910e+00
1.149950981140136719e+00
4.244379997253417969e-01
-3.056213259696960449e-01
-6.434981822967529297e-01
-4.615972936153411865e-01
4.256576299667358398e-03
3.070688843727111816e-01
1.671494245529174805e-01
-3.376573324203491211e-01
-8.262145519256591797e-01
-9.679135084152221680e-01
-7.118306756019592285e-01
-3.157923817634582520e-01
-4.015997052192687988e-02
7.748919725418090820e-02
2.677440047264099121e-01
7.189938426017761230e-01
1.324999809265136719e+00
1.614099502563476562e+00
1.118149995803833008e+00
-2.480854988098144531e-01
-1.959562182426452637e+00
-3.194906711578369141e+00
-3.320717811584472656e+00
-2.362627267837524414e+00
-9.339081048965454102e-01
1.384859234094619751e-01
3.934676647186279297e-01
-8.371392637491226196e-02
-7.811549901962280273e-01
-1.222358107566833496e+00
-1.206886768341064453e+00
-8.784582614898681641e-01
-4.443509280681610107e-01
-3.066699206829071045e-02
3.983999490737915039e-01
8.395380973815917969e-01
1.198925971984863281e+00
1.279275894165039062e+00
1.024369120597839355e+00
5.752385854721069336e-01
2.620252668857574463e-01
3.045604228973388672e-01
6.779039502143859863e-01
1.063507080078125000e+00
1.146062970161437988e+00
8.093162775039672852e-01
2.690481245517730713e-01
-1.660093069076538086e-01
-3.002051711082458496e-01
-2.461884021759033203e-01
-2.491588294506072998e-01
