-9.085301160812377930e-01
-8.152453303337097168e-01
-1.304122060537338257e-01
3.972057700157165527e-01
7.615084052085876465e-01
8.786226511001586914e-01
9.004786014556884766e-01
7.652082443237304688e-01
5.638971328735351562e-01
2.292661815881729126e-01
-4.783369228243827820e-02
-2.154475599527359009e-01
-1.125250458717346191e-01
9.123986214399337769e-02
2.766370177268981934e-01
1.930730342864990234e-01
-4.365023970603942871e-02
-2.687135338783264160e-01
-1.146887242794036865e-01
4.237529039382934570e-01
1.196037054061889648e+00
1.709851622581481934e+00
1.725059390068054199e+00
1.170152783393859863e+00
4.208847284317016602e-01
-2.355917543172836304e-01
-5.735960006713867188e-01
-7.660092711448669434e-01
-9.296113848686218262e-01
-1.152184724807739258e+00
-1.173381567001342773e+00
-8.388987779617309570e-01
-1.373035311698913574e-01
4.690334200859069824e-01
5.201057791709899902e-01
-2.557987272739410400e-01
-1.474594712257385254e+00
-2.481321096420288086e+00
-2.634257555007934570e+00
-1.953782677650451660e+00
-9.564970135688781738e-01
-4.048705697059631348e-01
-5.578110814094543457e-01
-1.102387189865112305e+00
-1.289427280426025391e+00
-7.005714774131774902e-01
4.724603295326232910e-01
1.409951567649841309e+00
1.401005268096923828e+00
3.303793072700500488e-01
-1.070002794265747070e+00
-1.809250354766845703e+00
-1.274264454841613770e+00
2.311008274555206299e-01
1.752712011337280273e+00
2.268248319625854492e+00
1.428618669509887695e+00
-3.144963383674621582e-01
-2.002352952957153320e+00
-2.839566707611083984e+00
-2.574870586395263672e+00
-1.551203012466430664e+00
-3.474534749984741211e-01
5.554679632186889648e-01
9.569332599639892578e-01
8.738821148872375488e-01
4.332770109176635742e-01
-1.742472648620605469e-01
-6.829982995986938477e-01
-7.749836444854736328e-01
-2.467648386955261230e-01
8.325654864311218262e-01
2.040261745452880859e+00
2.827704429626464844e+00
2.814724683761596680e+00
2.094921350479125977e+00
1.148028254508972168e+00
5.833501219749450684e-01
6.817640066146850586e-01
1.272861123085021973e+00
1.796020507812500000e+00
1.745891809463500977e+00
9.339919090270996094e-01
-3.152755498886108398e-01
-1.438334107398986816e+00
-1.866763591766357422e+00
-1.418393135070800781e+00
-2.861249446868896484e-01
9.724586009979248047e-01
1.809566974639892578e+00
1.838021159172058105e+00
1.111675500869750977e+00
-2.465496957302093506e-02
-1.003814578056335449e+00
-1.447752714157104492e+00
-1.238463759422302246e+00
-6.646619439125061035e-01
-8.335249125957489014e-02
2.058324217796325684e-01
2.578524649143218994e-01
2.553682327270507812e-01
4.210209250450134277e-01
6.683460474014282227e-01
7.709481716156005859e-01
4.372106790542602539e-01
-2.886683940887451172e-01
-1.135786652565002441e+00
-1.662291765213012695e+00
-1.715647220611572266e+00
-1.410441637039184570e+00
-1.128679990768432617e+00
-1.041003704071044922e+00
-1.062641024589538574e+00
-8.082679510116577148e-01
-9.296736121177673340e-02
9.419897198677062988e-01
1.727933764457702637e+00
1.798358678817749023e+00
1.054935812950134277e+00
1.053099147975444794e-02
-6.804124116897583008e-01
-5.821264386177062988e-01
9.569999575614929199e-02
8.007815480232238770e-01
9.822720289230346680e-01
6.252523660659790039e-01
1.227009072899818420e-01
1.831281185150146484e-02
4.404162764549255371e-01
1.095050334930419922e+00
1.424057722091674805e+00
1.163247704505920410e+00
4.575837850570678711e-01
-1.869996935129165649e-01
-3.997434973716735840e-01
-1.286115646362304688e-01
3.152600824832916260e-01
6.499440073966979980e-01
8.075432777404785156e-01
9.997577667236328125e-01
1.384775161743164062e+00
1.888391017913818359e+00
2.152772426605224609e+00
1.867948293685913086e+00
1.016410946846008301e+00
-3.537478297948837280e-02
-8.269094228744506836e-01
-1.106382966041564941e+00
-9.884634017944335938e-01
-7.665394544601440430e-01
-6.290020346641540527e-01
-5.116535425186157227e-01
-2.401228249073028564e-01
1.868802011013031006e-01
4.879860877990722656e-01
2.656033039093017578e-01
-6.110243201255798340e-01
-1.828086614608764648e+00
-2.748400211334228516e+00
-2.885977983474731445e+00
-2.214562416076660156e+00
-1.212419152259826660e+00
-4.145233929157257080e-01
-5.920159816741943359e-02
1.051711663603782654e-01
4.398139715194702148e-01
1.086502671241760254e+00
1.693515539169311523e+00
1.785868287086486816e+00
1.116551876068115234e+00
6.647129356861114502e-02
-6.922957897186279297e-01
-5.865365266799926758e-01
2.673972845077514648e-01
1.244498014450073242e+00
1.541264057159423828e+00
9.158751368522644043e-01
-2.889647483825683594e-01
-1.282012939453125000e+00
-1.587862730026245117e+00
-1.210125327110290527e+00
-7.203681468963623047e-01
-5.795039534568786621e-01
-9.481745958328247070e-01
-1.435280799865722656e+00
-1.675574541091918945e+00
-1.478433012962341309e+00
-1.163384079933166504e+00
-1.036116003990173340e+00
-1.276095271110534668e+00
-1.539778590202331543e+00
-1.471913933753967285e+00
-8.213919401168823242e-01
6.324017047882080078e-02
7.064399123191833496e-01
6.352894306182861328e-01
7.243663072586059570e-03
-7.481489777565002441e-01
-1.010041832923889160e+00
-7.023442983627319336e-01
-7.989376783370971680e-02
2.223322391510009766e-01
-2.915334701538085938e-02
-7.492260336875915527e-01
-1.315610051155090332e+00
-1.313929677009582520e+00
-5.408477783203125000e-01
5.818496942520141602e-01
1.628818750381469727e+00
2.161273241043090820e+00
2.275264501571655273e+00
2.122860670089721680e+00
2.019037246704101562e+00
1.859412312507629395e+00
1.525640964508056641e+00
7.130925655364990234e-01
-4.624114036560058594e-01
