1.699047088623046875e-01
1.556930541992187500e-01
3.351391553878784180e-01
8.378968834877014160e-01
1.480370879173278809e+00
1.813940286636352539e+00
1.490004777908325195e+00
4.934644103050231934e-01
-7.217829227447509766e-01
-1.563043594360351562e+00
-1.633616209030151367e+00
-1.062497854232788086e+00
-3.326627910137176514e-01
2.778357267379760742e-02
-1.083436608314514160e-01
-4.583614468574523926e-01
-5.278952121734619141e-01
-8.715075254440307617e-02
6.820224523544311523e-01
1.244463324546813965e+00
1.167197704315185547e+00
3.867001235485076904e-01
-6.720083951950073242e-01
-1.436696887016296387e+00
-1.501189708709716797e+00
-9.252470731735229492e-01
-9.981213510036468506e-02
4.656622707843780518e-01
5.097794532775878906e-01
7.150939106941223145e-02
-5.313661098480224609e-01
-9.810616970062255859e-01
-1.078609466552734375e+00
-8.770250082015991211e-01
-5.482417345046997070e-01
-3.168154358863830566e-01
-2.656461894512176514e-01
-3.550726771354675293e-01
-4.025335311889648438e-01
-2.763005495071411133e-01
5.027733743190765381e-02
3.926187455654144287e-01
5.183234214782714844e-01
2.614552378654479980e-01
-2.603464126586914062e-01
-7.309242486953735352e-01
-7.550394535064697266e-01
-1.865818053483963013e-01
8.105161190032958984e-01
1.786548852920532227e+00
2.348312616348266602e+00
2.326342344284057617e+00
1.893331646919250488e+00
1.309138894081115723e+00
7.627701163291931152e-01
2.045527398586273193e-01
-4.523886442184448242e-01
-1.196194410324096680e+00
-1.752421021461486816e+00
-1.814978122711181641e+00
-1.246132731437683105e+00
-3.236611485481262207e-01
4.591898024082183838e-01
6.570327877998352051e-01
2.609222233295440674e-01
-3.667416572570800781e-01
-7.105094790458679199e-01
-5.673452615737915039e-01
-1.184615269303321838e-01
1.794194728136062622e-01
7.019376754760742188e-02
-3.381399512290954590e-01
-5.801680088043212891e-01
-2.958634495735168457e-01
5.187620520591735840e-01
1.395011663436889648e+00
1.801391005516052246e+00
1.461690306663513184e+00
6.292160749435424805e-01
-1.946008950471878052e-01
-5.570730566978454590e-01
-4.385242164134979248e-01
-1.267164200544357300e-01
-2.175651304423809052e-02
-2.348148673772811890e-01
-6.151529550552368164e-01
-8.360002636909484863e-01
-7.594995498657226562e-01
-4.506962299346923828e-01
-1.699935942888259888e-01
-5.249404907226562500e-02
-9.030878543853759766e-02
-9.556801617145538330e-02
3.980800509452819824e-03
1.513057053089141846e-01
1.053461134433746338e-01
-2.528926730155944824e-01
-8.631430268287658691e-01
-1.374939084053039551e+00
-1.442618608474731445e+00
-8.538874387741088867e-01
2.220132350921630859e-01
1.401857137680053711e+00
2.175116062164306641e+00
2.253239154815673828e+00
1.595196604728698730e+00
5.264792442321777344e-01
-5.174796581268310547e-01
-1.082020282745361328e+00
-1.010684132575988770e+00
-4.111564457416534424e-01
3.036545515060424805e-01
7.583986520767211914e-01
7.372978925704956055e-01
4.129482507705688477e-01
1.031692028045654297e-01
1.190564632415771484e-01
4.060924947261810303e-01
6.673180460929870605e-01
4.943669140338897705e-01
-1.753334403038024902e-01
-1.046246886253356934e+00
-1.526080608367919922e+00
-1.253998637199401855e+00
-2.838452756404876709e-01
8.071703910827636719e-01
1.414768815040588379e+00
1.207636594772338867e+00
4.463950991630554199e-01
-3.487149477005004883e-01
-6.783015727996826172e-01
-5.023455023765563965e-01
-8.413133025169372559e-02
1.708770096302032471e-01
1.509434580802917480e-01
-4.103118181228637695e-02
-1.514370739459991455e-01
-1.641956865787506104e-01
-2.136864960193634033e-01
-5.210992097854614258e-01
-9.944847822189331055e-01
-1.305567979812622070e+00
-9.900019168853759766e-01
4.653245210647583008e-02
1.477213621139526367e+00
2.588418245315551758e+00
2.849779844284057617e+00
2.150292634963989258e+00
9.708732366561889648e-01
-8.401846885681152344e-02
-5.851988792419433594e-01
-6.373485922813415527e-01
-6.001832485198974609e-01
-8.616856932640075684e-01
-1.405326128005981445e+00
-1.940742492675781250e+00
-2.029795885086059570e+00
-1.536118507385253906e+00
-6.215541362762451172e-01
2.433233559131622314e-01
6.854662895202636719e-01
5.162802338600158691e-01
-7.806684076786041260e-02
-7.860705852508544922e-01
-1.214772582054138184e+00
-1.172788619995117188e+00
-6.080766916275024414e-01
2.653862535953521729e-01
1.177108287811279297e+00
1.786564111709594727e+00
1.948669195175170898e+00
1.653119683265686035e+00
1.120963573455810547e+00
5.408018827438354492e-01
6.512798368930816650e-02
-3.506331145763397217e-01
-7.200481891632080078e-01
-1.017137169837951660e+00
-1.019893407821655273e+00
-5.785697102546691895e-01
2.982207536697387695e-01
1.224802732467651367e+00
1.723537921905517578e+00
1.442101240158081055e+00
5.467559099197387695e-01
-4.374679028987884521e-01
-8.708260655403137207e-01
-5.673034787178039551e-01
1.424543559551239014e-01
5.362827181816101074e-01
1.383800506591796875e-01
-9.898661375045776367e-01
-2.149388313293457031e+00
-2.575121879577636719e+00
-1.879402399063110352e+00
-4.279819130897521973e-01
1.007605552673339844e+00
1.681592941284179688e+00
1.449033498764038086e+00
7.030038237571716309e-01
1.190799772739410400e-01
5.260300636291503906e-02
3.957783281803131104e-01
6.219836473464965820e-01
3.126779198646545410e-01
-5.869879722595214844e-01
-1.611289501190185547e+00
-2.158316135406494141e+00
-1.794161558151245117e+00
-6.156354546546936035e-01
8.863815069198608398e-01
2.011757373809814453e+00
2.303162813186645508e+00
1.669789552688598633e+00
4.793712794780731201e-01
-7.446041703224182129e-01
-1.504580140113830566e+00
