-6.039056777954101562e-01
-6.326435804367065430e-01
-6.102485060691833496e-01
-8.746610581874847412e-02
6.015239953994750977e-01
8.462075591087341309e-01
4.405923485755920410e-01
-4.216834008693695068e-01
-1.060734033584594727e+00
-1.011256217956542969e+00
-1.857501119375228882e-01
8.471704721450805664e-01
1.468313813209533691e+00
1.268867850303649902e+00
5.380814075469970703e-01
-1.477944850921630859e-01
-1.611760258674621582e-01
5.335061550140380859e-01
1.547094821929931641e+00
2.152243852615356445e+00
1.963189125061035156e+00
9.890307188034057617e-01
-2.133885920047760010e-01
-1.092658281326293945e+00
-1.254182338714599609e+00
-8.420917987823486328e-01
-2.296081185340881348e-01
5.684238672256469727e-02
-1.820058822631835938e-01
-8.917730450630187988e-01
-1.651727676391601562e+00
-2.094072341918945312e+00
-1.955080032348632812e+00
-1.375827312469482422e+00
-6.449424028396606445e-01
-1.549324393272399902e-01
-1.691728830337524414e-03
-8.071935176849365234e-02
-5.777978897094726562e-02
2.165949642658233643e-01
6.817353367805480957e-01
9.626823663711547852e-01
7.707760334014892578e-01
4.000374674797058105e-02
-8.587028980255126953e-01
-1.448844909667968750e+00
-1.361609697341918945e+00
-6.818614006042480469e-01
2.305267006158828735e-01
9.153885841369628906e-01
1.203780889511108398e+00
1.176721572875976562e+00
1.087936162948608398e+00
1.038151741027832031e+00
9.943172335624694824e-01
8.441732525825500488e-01
6.608208417892456055e-01
6.461141109466552734e-01
9.884756803512573242e-01
1.546453475952148438e+00
1.876596927642822266e+00
1.477629661560058594e+00
2.667449116706848145e-01
-1.261227965354919434e+00
-2.243006229400634766e+00
-2.053382158279418945e+00
-7.580214738845825195e-01
8.534189462661743164e-01
1.790066957473754883e+00
1.510900855064392090e+00
2.714558541774749756e-01
-1.100049018859863281e+00
-1.796962499618530273e+00
-1.545734524726867676e+00
-6.948380470275878906e-01
1.439348459243774414e-01
5.305714607238769531e-01
4.215384423732757568e-01
1.088599860668182373e-02
-5.067988634109497070e-01
-1.089563131332397461e+00
-1.693040132522583008e+00
-2.132775545120239258e+00
-2.049081325531005859e+00
-1.222563624382019043e+00
1.716640144586563110e-01
1.461670756340026855e+00
1.896779417991638184e+00
1.113839864730834961e+00
-4.747780561447143555e-01
-1.936221837997436523e+00
-2.323861122131347656e+00
-1.353391885757446289e+00
4.951281547546386719e-01
2.221766233444213867e+00
2.999061346054077148e+00
2.531372308731079102e+00
1.197964906692504883e+00
-3.583459854125976562e-01
-1.529499888420104980e+00
-2.069591522216796875e+00
-1.970528364181518555e+00
-1.431275486946105957e+00
-6.293553709983825684e-01
1.970131099224090576e-01
8.750851154327392578e-01
1.224552989006042480e+00
1.247061848640441895e+00
1.024410486221313477e+00
7.696881890296936035e-01
5.865606665611267090e-01
5.313393473625183105e-01
5.272814631462097168e-01
5.759114027023315430e-01
6.578424572944641113e-01
7.913644909858703613e-01
8.187518119812011719e-01
5.670049190521240234e-01
-1.074186712503433228e-01
-1.002914071083068848e+00
-1.703571796417236328e+00
-1.714541435241699219e+00
-9.592523574829101562e-01
1.825694888830184937e-01
9.637914299964904785e-01
8.938893675804138184e-01
1.409810781478881836e-02
-9.987685084342956543e-01
-1.423393487930297852e+00
-9.376758933067321777e-01
3.689050674438476562e-02
7.660396099090576172e-01
6.809070110321044922e-01
-9.202545881271362305e-02
-9.528839588165283203e-01
-1.241124868392944336e+00
-8.611614108085632324e-01
-2.470902502536773682e-01
-5.899785459041595459e-02
-5.271270275115966797e-01
-1.330322861671447754e+00
-1.772295951843261719e+00
-1.421523690223693848e+00
-3.664831817150115967e-01
8.055828809738159180e-01
1.558097243309020996e+00
1.718869566917419434e+00
1.587128639221191406e+00
1.512037992477416992e+00
1.603521585464477539e+00
1.595552682876586914e+00
1.207860946655273438e+00
4.361544549465179443e-01
-3.070231974124908447e-01
-5.495828390121459961e-01
-1.311858892440795898e-01
5.653405189514160156e-01
9.067037105560302734e-01
4.576045870780944824e-01
-6.392989158630371094e-01
-1.777521848678588867e+00
-2.292995929718017578e+00
-1.936170101165771484e+00
-9.757592678070068359e-01
4.140488803386688232e-02
6.971670389175415039e-01
9.136139750480651855e-01
8.720810413360595703e-01
7.632070183753967285e-01
6.109083890914916992e-01
3.306308984756469727e-01
-1.129629611968994141e-01
-5.837294459342956543e-01
-8.803553581237792969e-01
-8.843100666999816895e-01
-6.958587169647216797e-01
-5.040474534034729004e-01
-4.415550231933593750e-01
-4.234254956245422363e-01
-2.911779880523681641e-01
4.469925165176391602e-02
4.183505177497863770e-01
5.803267359733581543e-01
3.734838664531707764e-01
-7.970660924911499023e-03
-1.896585226058959961e-01
1.660053730010986328e-01
9.699522256851196289e-01
1.788249969482421875e+00
2.038828134536743164e+00
1.509478330612182617e+00
4.407004117965698242e-01
-5.235567688941955566e-01
-8.783882856369018555e-01
-4.845141172409057617e-01
2.598268389701843262e-01
8.476752638816833496e-01
9.060240983963012695e-01
5.463329553604125977e-01
1.071922332048416138e-01
6.339721381664276123e-03
3.100022077560424805e-01
8.431237339973449707e-01
1.188758850097656250e+00
1.108429193496704102e+00
5.292444229125976562e-01
-2.794192731380462646e-01
-1.030994892120361328e+00
-1.410957932472229004e+00
-1.389975428581237793e+00
-1.043428540229797363e+00
-6.658048033714294434e-01
-4.260502755641937256e-01
-4.467794001102447510e-01
-5.583643317222595215e-01
-5.951379537582397461e-01
-3.410244882106781006e-01
