-6.649208664894104004e-01
-6.924561262130737305e-01
-8.407745957374572754e-01
-9.485023021697998047e-01
-7.950012087821960449e-01
-3.796778619289398193e-01
1.713436245918273926e-01
5.422387123107910156e-01
6.236180067062377930e-01
4.921530187129974365e-01
5.017270445823669434e-01
8.414471745491027832e-01
1.456598877906799316e+00
1.904917001724243164e+00
1.826148867607116699e+00
1.143622756004333496e+00
3.268623948097229004e-01
-6.171693652868270874e-02
3.100089132785797119e-01
1.108491539955139160e+00
1.668177247047424316e+00
1.375259160995483398e+00
2.953709363937377930e-01
-9.635754823684692383e-01
-1.582090020179748535e+00
-1.289646625518798828e+00
-4.665167629718780518e-01
4.292492195963859558e-02
-2.721875309944152832e-01
-1.278885722160339355e+00
-2.180546522140502930e+00
-2.255437612533569336e+00
-1.329683542251586914e+00
-2.741656266152858734e-02
8.152174353599548340e-01
6.894889473915100098e-01
-1.158379465341567993e-01
-8.747980594635009766e-01
-9.197801947593688965e-01
-2.518921494483947754e-01
5.743631720542907715e-01
8.162065148353576660e-01
2.010152339935302734e-01
-9.666613340377807617e-01
-1.964378952980041504e+00
-2.232214689254760742e+00
-1.624579668045043945e+00
-4.859813153743743896e-01
7.088744044303894043e-01
1.555227279663085938e+00
1.901475071907043457e+00
1.717471599578857422e+00
1.099867105484008789e+00
2.171565890312194824e-01
-5.804952979087829590e-01
-8.956077098846435547e-01
-4.425025284290313721e-01
6.564941406250000000e-01
1.890002131462097168e+00
2.570827007293701172e+00
2.295632839202880859e+00
1.176459312438964844e+00
-1.996305584907531738e-01
-1.192205071449279785e+00
-1.479386687278747559e+00
-1.224923014640808105e+00
-8.470649719238281250e-01
-6.898846030235290527e-01
-7.852689027786254883e-01
-9.300663471221923828e-01
-9.093357920646667480e-01
-6.983113288879394531e-01
-4.400892555713653564e-01
-2.793482840061187744e-01
-2.202819883823394775e-01
-1.366476267576217651e-01
7.876822352409362793e-02
4.007249176502227783e-01
6.850579977035522461e-01
8.260574936866760254e-01
8.505859971046447754e-01
9.042322635650634766e-01
1.071026206016540527e+00
1.279479146003723145e+00
1.315124630928039551e+00
1.033125758171081543e+00
4.784249663352966309e-01
-9.878665953874588013e-02
-4.780688881874084473e-01
-6.185540556907653809e-01
-7.082809805870056152e-01
-9.157844185829162598e-01
-1.210957527160644531e+00
-1.282129883766174316e+00
-8.287081718444824219e-01
1.711853742599487305e-01
1.267966628074645996e+00
1.819977164268493652e+00
1.370472073554992676e+00
4.870099574327468872e-02
-1.527533769607543945e+00
-2.573873281478881836e+00
-2.694735527038574219e+00
-2.028311252593994141e+00
-1.148053765296936035e+00
-5.680727362632751465e-01
-4.796909391880035400e-01
-6.340624094009399414e-01
-6.708552241325378418e-01
-3.441115021705627441e-01
2.541076242923736572e-01
8.802971839904785156e-01
1.267214894294738770e+00
1.363073945045471191e+00
1.237147688865661621e+00
1.052867174148559570e+00
8.744419813156127930e-01
7.348667383193969727e-01
5.916517972946166992e-01
4.574174582958221436e-01
3.115122914314270020e-01
1.739151626825332642e-01
2.421202883124351501e-02
-6.998542696237564087e-02
-3.089803084731101990e-02
2.691412270069122314e-01
8.034675121307373047e-01
1.406275868415832520e+00
1.730606198310852051e+00
1.504389882087707520e+00
6.442694664001464844e-01
-5.802578926086425781e-01
-1.734839439392089844e+00
-2.364510297775268555e+00
-2.291636943817138672e+00
-1.605273365974426270e+00
-6.539621949195861816e-01
2.114991992712020874e-01
7.102986574172973633e-01
7.761695981025695801e-01
4.663585126399993896e-01
-2.611101232469081879e-02
-5.094812512397766113e-01
-7.959111332893371582e-01
-8.231694698333740234e-01
-6.134505271911621094e-01
-3.015426397323608398e-01
8.545421995222568512e-03
2.594880759716033936e-01
5.044963955879211426e-01
7.809962034225463867e-01
1.077039718627929688e+00
1.255900144577026367e+00
1.189435720443725586e+00
8.318731188774108887e-01
3.279305696487426758e-01
-9.961746633052825928e-02
-2.638399004936218262e-01
-1.779109388589859009e-01
-9.494913741946220398e-03
2.599232643842697144e-02
-1.478041559457778931e-01
-4.437289535999298096e-01
-6.735849976539611816e-01
-7.139779329299926758e-01
-5.708816647529602051e-01
-3.518261015415191650e-01
-1.601475477218627930e-01
-3.517074137926101685e-02
2.369772084057331085e-02
-6.686001550406217575e-03
-1.887114048004150391e-01
-5.451267361640930176e-01
-9.782925844192504883e-01
-1.261161923408508301e+00
-1.186785101890563965e+00
-7.208617329597473145e-01
-7.441638410091400146e-02
4.509292840957641602e-01
6.665033698081970215e-01
6.644461154937744141e-01
6.925747990608215332e-01
9.450999498367309570e-01
1.321573257446289062e+00
1.524606227874755859e+00
1.280586957931518555e+00
6.686397194862365723e-01
7.908471673727035522e-02
-1.412368379533290863e-02
4.934585690498352051e-01
1.245257854461669922e+00
1.584582328796386719e+00
1.101212143898010254e+00
-9.550300240516662598e-02
-1.349306344985961914e+00
-1.973873853683471680e+00
-1.656625032424926758e+00
-7.239475846290588379e-01
2.109453231096267700e-01
6.250026822090148926e-01
5.048524737358093262e-01
1.792560517787933350e-01
6.939199566841125488e-02
2.444148957729339600e-01
4.921530187129974365e-01
4.569822847843170166e-01
6.970848888158798218e-02
-4.741522371768951416e-01
-7.844776511192321777e-01
-7.024653553962707520e-01
-3.254381716251373291e-01
-1.637872681021690369e-02
8.584984578192234039e-03
-2.553340494632720947e-01
-5.047338008880615234e-01
-4.972960948944091797e-01
-1.320188641548156738e-01
