1.418714404106140137e+00
1.365663409233093262e+00
1.190781593322753906e+00
8.573949933052062988e-01
3.796099126338958740e-01
-2.140583544969558716e-01
-6.074841022491455078e-01
-7.305202484130859375e-01
-5.752576589584350586e-01
-4.708446562290191650e-01
-5.538148880004882812e-01
-8.800373077392578125e-01
-1.129184842109680176e+00
-1.112656354904174805e+00
-7.331832051277160645e-01
-3.131927847862243652e-01
-1.227785348892211914e-01
-3.558399677276611328e-01
-7.497816085815429688e-01
-9.890207648277282715e-01
-7.845772504806518555e-01
-3.025554418563842773e-01
1.392727494239807129e-01
1.649037003517150879e-01
-1.848425269126892090e-01
-6.507791280746459961e-01
-8.194418549537658691e-01
-6.060996651649475098e-01
-1.610811054706573486e-01
1.525071561336517334e-01
1.943809092044830322e-01
2.394927293062210083e-02
-9.090179204940795898e-02
-4.474601894617080688e-02
1.179635003209114075e-01
2.111378014087677002e-01
2.471767067909240723e-01
4.210368096828460693e-01
1.017096042633056641e+00
2.007404804229736328e+00
2.964827299118041992e+00
3.208595037460327148e+00
2.326856613159179688e+00
5.045784711837768555e-01
-1.473135590553283691e+00
-2.713353633880615234e+00
-2.754725456237792969e+00
-1.833183526992797852e+00
-6.408554911613464355e-01
1.998399496078491211e-01
5.210973620414733887e-01
6.246231794357299805e-01
8.883746266365051270e-01
1.425401091575622559e+00
1.951901435852050781e+00
2.087637901306152344e+00
1.644703865051269531e+00
8.377442955970764160e-01
4.114529490470886230e-02
-4.401262104511260986e-01
-6.409031152725219727e-01
-7.563149929046630859e-01
-1.000877618789672852e+00
-1.310213446617126465e+00
-1.499508619308471680e+00
-1.331287384033203125e+00
-8.159939646720886230e-01
-7.738634943962097168e-02
6.286884546279907227e-01
1.181587934494018555e+00
1.444453001022338867e+00
1.358488082885742188e+00
7.764092087745666504e-01
-2.452804744243621826e-01
-1.476809263229370117e+00
-2.350610494613647461e+00
-2.414282321929931641e+00
-1.500597238540649414e+00
-9.344029426574707031e-02
1.086485505104064941e+00
1.379882216453552246e+00
8.230866193771362305e-01
-4.546279832720756531e-02
-4.020930826663970947e-01
6.836118549108505249e-02
1.121251702308654785e+00
1.959861278533935547e+00
2.018206834793090820e+00
1.181017398834228516e+00
1.656328141689300537e-02
-8.676124811172485352e-01
-1.077448248863220215e+00
-8.437615633010864258e-01
-5.472978353500366211e-01
-5.441020131111145020e-01
-6.947285532951354980e-01
-7.241486907005310059e-01
-3.243027627468109131e-01
3.595731556415557861e-01
1.022022128105163574e+00
1.249189853668212891e+00
1.025325894355773926e+00
5.138704776763916016e-01
7.747388631105422974e-02
-2.007585763931274414e-01
-3.484081923961639404e-01
-5.716841220855712891e-01
-8.372166156768798828e-01
-1.044499635696411133e+00
-9.603976607322692871e-01
-6.293321847915649414e-01
-2.065565139055252075e-01
-1.195998489856719971e-02
-9.397789835929870605e-02
-3.414913415908813477e-01
-4.148772358894348145e-01
-1.827063709497451782e-01
3.213569223880767822e-01
7.838423848152160645e-01
1.016446590423583984e+00
9.516090154647827148e-01
8.029561638832092285e-01
7.221454381942749023e-01
7.951908111572265625e-01
8.709259629249572754e-01
8.393480777740478516e-01
6.295166611671447754e-01
3.647781312465667725e-01
1.190499961376190186e-01
-6.630367040634155273e-02
-2.869507074356079102e-01
-5.412283539772033691e-01
-7.336436510086059570e-01
-6.382299661636352539e-01
-1.816004812717437744e-01
4.792637825012207031e-01
9.365020990371704102e-01
8.682580590248107910e-01
2.641967833042144775e-01
-4.781392812728881836e-01
-8.639411330223083496e-01
-6.619445085525512695e-01
-1.372763663530349731e-01
1.470468342304229736e-01
-2.424715757369995117e-01
-1.240005850791931152e+00
-2.288403511047363281e+00
-2.735875844955444336e+00
-2.292547225952148438e+00
-1.248177409172058105e+00
-2.024812400341033936e-01
3.545763790607452393e-01
4.179652035236358643e-01
3.396457135677337646e-01
5.283915400505065918e-01
1.009269833564758301e+00
1.465203046798706055e+00
1.436490535736083984e+00
8.146507143974304199e-01
-1.250430941581726074e-01
-8.050274252891540527e-01
-8.800083398818969727e-01
-3.588443398475646973e-01
3.087452650070190430e-01
7.229073047637939453e-01
6.874362230300903320e-01
4.428237676620483398e-01
2.585366368293762207e-01
3.209102153778076172e-01
4.195473790168762207e-01
3.187371492385864258e-01
-1.631901860237121582e-01
-7.597534656524658203e-01
-1.103609204292297363e+00
-8.108548521995544434e-01
-9.255290031433105469e-03
9.074030518531799316e-01
1.305692553520202637e+00
9.711201190948486328e-01
3.707075119018554688e-02
-8.538694381713867188e-01
-1.216063499450683594e+00
-7.823888063430786133e-01
7.965959608554840088e-02
8.915316462516784668e-01
1.110790729522705078e+00
7.345331311225891113e-01
-2.406167984008789062e-02
-6.344394087791442871e-01
-8.957118391990661621e-01
-7.357629537582397461e-01
-4.943859577178955078e-01
-3.398345112800598145e-01
-4.515404999256134033e-01
-6.294739246368408203e-01
-8.036755919456481934e-01
-8.053098917007446289e-01
-7.918672561645507812e-01
-7.601481676101684570e-01
-8.101909160614013672e-01
-7.176278829574584961e-01
-4.508474469184875488e-01
7.569921016693115234e-02
5.383381843566894531e-01
7.582453489303588867e-01
5.238757729530334473e-01
1.559246480464935303e-01
-1.781965792179107666e-02
4.551528096199035645e-01
1.422110795974731445e+00
2.503625631332397461e+00
2.937760114669799805e+00
2.428045034408569336e+00
9.875163435935974121e-01
-7.013140916824340820e-01
-2.081533193588256836e+00
-2.682718753814697266e+00
