-1.595914512872695923e-01
-1.948910951614379883e-01
-2.980566620826721191e-01
-4.861164093017578125e-01
-6.277792453765869141e-01
-5.754687190055847168e-01
-3.766691386699676514e-01
-1.998315900564193726e-01
-2.670745849609375000e-01
-5.875629186630249023e-01
-9.504952430725097656e-01
-9.678233861923217773e-01
-3.952772021293640137e-01
7.200908064842224121e-01
1.939678430557250977e+00
2.705080986022949219e+00
2.581094264984130859e+00
1.573300242424011230e+00
9.588862210512161255e-02
-1.163249015808105469e+00
-1.635449409484863281e+00
-1.097843647003173828e+00
1.579131484031677246e-01
1.509686231613159180e+00
2.253280162811279297e+00
1.996707201004028320e+00
8.133633136749267578e-01
-7.398248910903930664e-01
-1.947320580482482910e+00
-2.264490127563476562e+00
-1.646442532539367676e+00
-5.197525620460510254e-01
4.332295656204223633e-01
7.142301797866821289e-01
2.606829404830932617e-01
-5.055717229843139648e-01
-9.921140670776367188e-01
-7.922247052192687988e-01
2.865391969680786133e-02
9.998198747634887695e-01
1.519828677177429199e+00
1.253096222877502441e+00
3.130877017974853516e-01
-7.954354286193847656e-01
-1.501666307449340820e+00
-1.487805128097534180e+00
-8.663256168365478516e-01
-6.394628435373306274e-02
4.524157643318176270e-01
4.727229475975036621e-01
1.427042186260223389e-01
-1.638498604297637939e-01
-1.287319958209991455e-01
2.758677303791046143e-01
7.540646791458129883e-01
8.931180238723754883e-01
4.759824573993682861e-01
-3.197808265686035156e-01
-9.865050911903381348e-01
-1.007909536361694336e+00
-2.227312028408050537e-01
9.987272620201110840e-01
1.945420742034912109e+00
1.988245129585266113e+00
1.010848760604858398e+00
-4.892209768295288086e-01
-1.667287707328796387e+00
-1.862535715103149414e+00
-9.915193319320678711e-01
3.852244019508361816e-01
1.436524152755737305e+00
1.546189069747924805e+00
6.813163757324218750e-01
-6.595771312713623047e-01
-1.765456199645996094e+00
-2.162071466445922852e+00
-1.801883697509765625e+00
-1.021155834197998047e+00
-2.360444664955139160e-01
2.830306887626647949e-01
5.268307328224182129e-01
6.134690046310424805e-01
6.625937223434448242e-01
6.753490567207336426e-01
6.114075183868408203e-01
4.553311467170715332e-01
3.203659653663635254e-01
3.677084445953369141e-01
7.231487631797790527e-01
1.323882818222045898e+00
1.943897128105163574e+00
2.248784065246582031e+00
2.005117893218994141e+00
1.167990803718566895e+00
-4.810703545808792114e-02
-1.306543469429016113e+00
-2.263555526733398438e+00
-2.748130559921264648e+00
-2.753775596618652344e+00
-2.419305324554443359e+00
-1.866805672645568848e+00
-1.177103400230407715e+00
-3.687172532081604004e-01
4.664563536643981934e-01
1.144701004028320312e+00
1.396853923797607422e+00
1.078505516052246094e+00
2.905251681804656982e-01
-5.568673610687255859e-01
-9.824501276016235352e-01
-6.967905759811401367e-01
1.369842886924743652e-01
1.003241658210754395e+00
1.319086432456970215e+00
8.656252622604370117e-01
-7.113274931907653809e-02
-8.365815877914428711e-01
-8.742072582244873047e-01
-7.296725362539291382e-02
1.117408752441406250e+00
2.009611606597900391e+00
2.086057424545288086e+00
1.333300828933715820e+00
1.679496467113494873e-01
-8.439969420433044434e-01
-1.366903305053710938e+00
-1.408540129661560059e+00
-1.234521865844726562e+00
-1.089863300323486328e+00
-1.048592686653137207e+00
-9.866240024566650391e-01
-7.396314144134521484e-01
-2.214198261499404907e-01
4.978168606758117676e-01
1.248350858688354492e+00
1.805385828018188477e+00
1.966865777969360352e+00
1.593975305557250977e+00
7.058039903640747070e-01
-4.652072191238403320e-01
-1.491192936897277832e+00
-1.932157278060913086e+00
-1.586243391036987305e+00
-6.631554961204528809e-01
3.011420965194702148e-01
7.704982757568359375e-01
5.782241225242614746e-01
5.854025483131408691e-02
-1.878885030746459961e-01
2.548681199550628662e-01
1.269327163696289062e+00
2.250972270965576172e+00
2.514336824417114258e+00
1.787225008010864258e+00
3.979362547397613525e-01
-9.591417312622070312e-01
-1.729898452758789062e+00
-1.845492124557495117e+00
-1.703834056854248047e+00
-1.756068348884582520e+00
-2.116350650787353516e+00
-2.430688858032226562e+00
-2.190685510635375977e+00
-1.146726727485656738e+00
4.130182266235351562e-01
1.838462114334106445e+00
2.503504753112792969e+00
2.223808526992797852e+00
1.299893617630004883e+00
3.090996146202087402e-01
-3.024717569351196289e-01
-3.990418016910552979e-01
-1.726512014865875244e-01
1.051572263240814209e-01
2.223264276981353760e-01
1.412275582551956177e-01
-9.787663817405700684e-02
-3.871216177940368652e-01
-6.283649802207946777e-01
-6.852770447731018066e-01
-4.858523607254028320e-01
-4.513979703187942505e-02
4.415907263755798340e-01
7.401490211486816406e-01
6.903767585754394531e-01
4.120702743530273438e-01
1.993263959884643555e-01
3.677330017089843750e-01
9.231189489364624023e-01
1.555171370506286621e+00
1.759398460388183594e+00
1.262455701828002930e+00
1.867880821228027344e-01
-9.293441176414489746e-01
-1.550141811370849609e+00
-1.430655837059020996e+00
-8.336625099182128906e-01
-2.472947984933853149e-01
-9.624531865119934082e-02
-3.908180594444274902e-01
-8.377029895782470703e-01
-1.024586319923400879e+00
-8.042874336242675781e-01
-3.037653565406799316e-01
1.295495033264160156e-01
2.699382901191711426e-01
7.976481318473815918e-02
-2.304756641387939453e-01
-4.564321041107177734e-01
-4.535440802574157715e-01
-2.671352326869964600e-01
3.085467219352722168e-02
3.275317847728729248e-01
5.898055434226989746e-01
7.466392517089843750e-01
7.718664407730102539e-01
6.206221580505371094e-01
