-2.207946628332138062e-01
-2.232281118631362915e-01
-3.384653031826019287e-01
8.106078952550888062e-02
7.339273095130920410e-01
1.156319379806518555e+00
1.120304465293884277e+00
7.181910276412963867e-01
3.100751042366027832e-01
1.623378843069076538e-01
2.995842397212982178e-01
4.545136392116546631e-01
3.690726459026336670e-01
-3.601500019431114197e-02
-5.396301746368408203e-01
-8.617643117904663086e-01
-8.368890881538391113e-01
-5.998714566230773926e-01
-4.123879671096801758e-01
-4.972341060638427734e-01
-8.135821223258972168e-01
-1.159239530563354492e+00
-1.303137302398681641e+00
-1.220778703689575195e+00
-1.032646298408508301e+00
-9.015105962753295898e-01
-7.939522862434387207e-01
-5.348173379898071289e-01
7.641020417213439941e-02
9.770014882087707520e-01
1.846823215484619141e+00
2.234660387039184570e+00
1.932264208793640137e+00
1.094888448715209961e+00
2.015974819660186768e-01
-3.330035507678985596e-01
-3.989228904247283936e-01
-2.823878824710845947e-01
-3.477123975753784180e-01
-7.552875280380249023e-01
-1.261660575866699219e+00
-1.461257219314575195e+00
-1.080341815948486328e+00
-2.628662288188934326e-01
5.740769505500793457e-01
1.029077291488647461e+00
1.067039012908935547e+00
9.743517637252807617e-01
1.109002470970153809e+00
1.507492780685424805e+00
1.852068662643432617e+00
1.700978755950927734e+00
9.329290986061096191e-01
-1.061523184180259705e-01
-7.926003932952880859e-01
-7.315479516983032227e-01
-6.516227126121520996e-02
5.948423147201538086e-01
6.772550344467163086e-01
1.038270294666290283e-01
-5.963023900985717773e-01
-7.326294779777526855e-01
-1.351914368569850922e-02
1.139988303184509277e+00
1.890246748924255371e+00
1.603424549102783203e+00
3.768596649169921875e-01
-1.010907530784606934e+00
-1.650525212287902832e+00
-1.181843519210815430e+00
-4.088189080357551575e-02
8.795555233955383301e-01
9.054040908813476562e-01
5.277873948216438293e-02
-1.030699491500854492e+00
-1.599206566810607910e+00
-1.353482604026794434e+00
-6.089563369750976562e-01
2.000833302736282349e-02
1.103702932596206665e-01
-3.016932308673858643e-01
-8.404581546783447266e-01
-1.161078214645385742e+00
-1.202663064002990723e+00
-1.158049941062927246e+00
-1.200337767601013184e+00
-1.288158178329467773e+00
-1.204501628875732422e+00
-8.202335238456726074e-01
-2.685442864894866943e-01
1.005283519625663757e-01
3.763729706406593323e-02
-3.679910898208618164e-01
-6.923964619636535645e-01
-5.171343088150024414e-01
2.302039861679077148e-01
1.161673069000244141e+00
1.726340651512145996e+00
1.604235768318176270e+00
9.762444496154785156e-01
3.388979136943817139e-01
1.295133978128433228e-01
3.547423481941223145e-01
6.404289007186889648e-01
5.373589396476745605e-01
-5.640186741948127747e-02
-8.192060589790344238e-01
-1.211856126785278320e+00
-9.222760200500488281e-01
-5.672632902860641479e-02
9.140563607215881348e-01
1.537937879562377930e+00
1.630030274391174316e+00
1.361485958099365234e+00
1.010907530784606934e+00
7.694015502929687500e-01
6.021967530250549316e-01
4.077373743057250977e-01
1.308112442493438721e-01
-1.343802958726882935e-01
-2.990434765815734863e-01
-3.626916110515594482e-01
-4.948006868362426758e-01
-8.412693142890930176e-01
-1.407991766929626465e+00
-1.950325846672058105e+00
-2.171931505203247070e+00
-1.899223446846008301e+00
-1.281506657600402832e+00
-6.517308950424194336e-01
-3.480368554592132568e-01
-4.351541996002197266e-01
-7.261943221092224121e-01
-8.840438723564147949e-01
-7.077001333236694336e-01
-1.990558803081512451e-01
4.367765188217163086e-01
1.007608890533447266e+00
1.409451842308044434e+00
1.701032757759094238e+00
1.945999622344970703e+00
2.168632984161376953e+00
2.262672185897827148e+00
2.106498956680297852e+00
1.599585175514221191e+00
7.855163216590881348e-01
-1.983528882265090942e-01
-1.124035716056823730e+00
-1.801831483840942383e+00
-2.104065418243408203e+00
-2.060696125030517578e+00
-1.799127697944641113e+00
-1.520903706550598145e+00
-1.339368700981140137e+00
-1.253116488456726074e+00
-1.113112211227416992e+00
-7.948715686798095703e-01
-2.894719243049621582e-01
2.047879993915557861e-01
4.428330957889556885e-01
2.954203486442565918e-01
-7.473383098840713501e-02
-3.193762600421905518e-01
-1.150208786129951477e-01
5.428747534751892090e-01
1.325903534889221191e+00
1.747376441955566406e+00
1.538100123405456543e+00
8.166644573211669922e-01
3.504162281751632690e-02
-3.794553279876708984e-01
-2.985027134418487549e-01
2.752497792243957520e-02
2.345841825008392334e-01
1.445466876029968262e-01
-7.878956943750381470e-02
-1.089643016457557678e-01
2.410193085670471191e-01
8.062276840209960938e-01
1.199256181716918945e+00
1.118303656578063965e+00
6.424297094345092773e-01
1.948378980159759521e-01
2.238229513168334961e-01
8.239107131958007812e-01
1.623486995697021484e+00
2.036091327667236328e+00
1.696382164955139160e+00
7.467975020408630371e-01
-2.488063275814056396e-01
-7.018058300018310547e-01
-4.028164148330688477e-01
3.543097376823425293e-01
1.003715276718139648e+00
1.114139676094055176e+00
6.424838304519653320e-01
-8.257493376731872559e-02
-6.404289007186889648e-01
-7.896802425384521484e-01
-5.899754762649536133e-01
-2.848213315010070801e-01
-1.297297030687332153e-01
-2.322589010000228882e-01
-5.506076812744140625e-01
-9.262776970863342285e-01
-1.181140542030334473e+00
-1.143232941627502441e+00
-7.440395951271057129e-01
-5.634779110550880432e-02
6.465395689010620117e-01
1.006365060806274414e+00
7.495013475418090820e-01
-6.770387291908264160e-02
-1.047030687332153320e+00
-1.599531054496765137e+00
-1.340342044830322266e+00
-3.147797584533691406e-01
