-6.920543909072875977e-01
-7.701212763786315918e-01
-8.040350079536437988e-01
-5.083214044570922852e-01
2.013771608471870422e-02
3.043784499168395996e-01
1.801457703113555908e-01
-3.525057435035705566e-01
-7.551766633987426758e-01
-6.371676325798034668e-01
2.378038465976715088e-01
1.405882954597473145e+00
2.285913467407226562e+00
2.250895500183105469e+00
1.371762752532958984e+00
6.713347136974334717e-02
-8.800593018531799316e-01
-1.135084629058837891e+00
-6.893904209136962891e-01
-6.572200357913970947e-02
3.917651772499084473e-01
4.810508191585540771e-01
4.954395592212677002e-01
6.440672874450683594e-01
1.091213226318359375e+00
1.549470067024230957e+00
1.755528569221496582e+00
1.425387382507324219e+00
7.035142779350280762e-01
-1.848034262657165527e-01
-8.551348447799682617e-01
-1.217714786529541016e+00
-1.239690542221069336e+00
-1.128516912460327148e+00
-9.613674879074096680e-01
-8.867400884628295898e-01
-8.791316747665405273e-01
-9.842263460159301758e-01
-1.068875312805175781e+00
-1.052203297615051270e+00
-7.511225938796997070e-01
-2.239454835653305054e-01
3.581246435642242432e-01
5.886800289154052734e-01
2.482481598854064941e-01
-6.448718309402465820e-01
-1.616090536117553711e+00
-2.139514446258544922e+00
-1.845083713531494141e+00
-9.227265119552612305e-01
1.112936288118362427e-01
6.467835903167724609e-01
5.171394944190979004e-01
-5.678333342075347900e-03
-3.351496458053588867e-01
-1.096113324165344238e-01
6.181956529617309570e-01
1.353769302368164062e+00
1.605806112289428711e+00
1.179798841476440430e+00
3.650141358375549316e-01
-3.609248697757720947e-01
-6.244740486145019531e-01
-4.351825714111328125e-01
-8.015567064285278320e-02
9.728169441223144531e-02
-2.635335922241210938e-02
-3.317767381668090820e-01
-5.748291611671447754e-01
-5.857954621315002441e-01
-3.478996157646179199e-01
4.390658438205718994e-02
4.671601653099060059e-01
8.287237286567687988e-01
1.026838779449462891e+00
9.716394543647766113e-01
6.244869232177734375e-01
1.257295012474060059e-01
-2.303984761238098145e-01
-9.867617487907409668e-02
6.153178811073303223e-01
1.653844594955444336e+00
2.427525281906127930e+00
2.416008472442626953e+00
1.466068148612976074e+00
2.717435359954833984e-03
-1.270938754081726074e+00
-1.735743522644042969e+00
-1.311800837516784668e+00
-3.988660573959350586e-01
3.434985280036926270e-01
5.243255496025085449e-01
1.559825539588928223e-01
-3.389053940773010254e-01
-5.713931322097778320e-01
-3.737276494503021240e-01
2.530293166637420654e-02
3.207382559776306152e-01
2.802512943744659424e-01
-5.983531475067138672e-03
-3.332404196262359619e-01
-4.714519083499908447e-01
-4.231455922126770020e-01
-2.780607938766479492e-01
-1.910817325115203857e-01
-1.228943616151809692e-01
6.222069263458251953e-03
3.241928219795227051e-01
7.317044734954833984e-01
1.031216740608215332e+00
9.256953001022338867e-01
3.367017507553100586e-01
-6.305513381958007812e-01
-1.613993167877197266e+00
-2.296833753585815430e+00
-2.442574977874755859e+00
-2.092421770095825195e+00
-1.381248354911804199e+00
-5.597059130668640137e-01
2.232099771499633789e-01
8.138846158981323242e-01
1.165626525878906250e+00
1.196451187133789062e+00
9.187940955162048340e-01
3.520036339759826660e-01
-3.482476174831390381e-01
-1.012621879577636719e+00
-1.390410184860229492e+00
-1.321974039077758789e+00
-6.989201307296752930e-01
3.764944970607757568e-01
1.667851448059082031e+00
2.757857322692871094e+00
3.267468452453613281e+00
2.944701433181762695e+00
1.891548633575439453e+00
4.933212995529174805e-01
-6.775394082069396973e-01
-1.192326545715332031e+00
-9.368392825126647949e-01
-2.007572501897811890e-01
5.521496534347534180e-01
9.294081330299377441e-01
8.620730042457580566e-01
5.613546967506408691e-01
3.548595607280731201e-01
4.051879644393920898e-01
6.240093708038330078e-01
7.498034834861755371e-01
5.683940649032592773e-01
8.250981569290161133e-02
-5.144933462142944336e-01
-9.811825752258300781e-01
-1.222196340560913086e+00
-1.296274185180664062e+00
-1.333489656448364258e+00
-1.343846559524536133e+00
-1.222003579139709473e+00
-8.139225244522094727e-01
-1.447818279266357422e-01
5.848327875137329102e-01
1.055212140083312988e+00
1.133812427520751953e+00
9.118932485580444336e-01
6.993277072906494141e-01
6.598314046859741211e-01
7.156867980957031250e-01
4.929862320423126221e-01
-2.429288625717163086e-01
-1.391305208206176758e+00
-2.342655181884765625e+00
-2.471732854843139648e+00
-1.501180171966552734e+00
5.033866316080093384e-02
1.252970457077026367e+00
1.215075016021728516e+00
-1.250813007354736328e-01
-2.052085399627685547e+00
-3.346673250198364258e+00
-3.256985187530517578e+00
-1.817679166793823242e+00
2.298089861869812012e-02
1.254332900047302246e+00
1.277475476264953613e+00
4.216749668121337891e-01
-6.003807783126831055e-01
-1.058502912521362305e+00
-8.879612684249877930e-01
-3.759587109088897705e-01
-3.966167569160461426e-03
2.233836948871612549e-01
5.260988473892211914e-01
1.277408957481384277e+00
2.319624423980712891e+00
3.185637712478637695e+00
3.165764331817626953e+00
2.123537778854370117e+00
4.207140803337097168e-01
-1.019682407379150391e+00
-1.609740972518920898e+00
-1.218411684036254883e+00
-4.990048408508300781e-01
-7.376360893249511719e-02
-3.370475471019744873e-01
-8.901007175445556641e-01
-1.173705577850341797e+00
-6.371738910675048828e-01
5.201995968818664551e-01
1.787890434265136719e+00
2.392665147781372070e+00
2.130594730377197266e+00
1.135638475418090820e+00
4.371267557144165039e-02
-7.816935181617736816e-01
-1.115011215209960938e+00
-1.231204986572265625e+00
-1.277141332626342773e+00
