3.827748894691467285e-01
3.297996819019317627e-01
-7.328466325998306274e-02
-5.642612576484680176e-01
-8.072221875190734863e-01
-6.338309049606323242e-01
-7.353094220161437988e-02
4.499992728233337402e-01
5.694360136985778809e-01
1.065421104431152344e-01
-6.268208026885986328e-01
-1.213060855865478516e+00
-1.304324388504028320e+00
-1.011543273925781250e+00
-6.239333152770996094e-01
-4.650521278381347656e-01
-4.862583875656127930e-01
-4.818577170372009277e-01
-2.047478407621383667e-01
2.368758618831634521e-01
5.772548317909240723e-01
5.271027088165283203e-01
1.903773248195648193e-01
-1.068387776613235474e-01
1.613886654376983643e-02
5.226849913597106934e-01
1.069355010986328125e+00
1.197490930557250977e+00
8.738623857498168945e-01
4.741954207420349121e-01
5.821893215179443359e-01
1.355441808700561523e+00
2.380538940429687500e+00
2.819929599761962891e+00
2.125739336013793945e+00
4.205161631107330322e-01
-1.441102623939514160e+00
-2.521171092987060547e+00
-2.354031085968017578e+00
-1.289752483367919922e+00
-1.036365628242492676e-01
5.176199674606323242e-01
4.691120386123657227e-01
1.074845120310783386e-01
-7.598633319139480591e-02
9.719284623861312866e-02
4.792322814464569092e-01
7.595127820968627930e-01
7.777274847030639648e-01
5.373837947845458984e-01
1.223491281270980835e-01
-4.793912768363952637e-01
-1.283722400665283203e+00
-2.176539659500122070e+00
-2.793685197830200195e+00
-2.724730491638183594e+00
-1.823906898498535156e+00
-4.369491338729858398e-01
7.803387641906738281e-01
1.299921751022338867e+00
1.124189376831054688e+00
7.547820210456848145e-01
7.533788681030273438e-01
1.230762720108032227e+00
1.719688892364501953e+00
1.574733972549438477e+00
5.666401386260986328e-01
-8.211883902549743652e-01
-1.710830211639404297e+00
-1.499578237533569336e+00
-3.845157623291015625e-01
7.700725793838500977e-01
1.068289160728454590e+00
3.043018579483032227e-01
-9.056174755096435547e-01
-1.597149729728698730e+00
-1.253668546676635742e+00
-1.773028373718261719e-01
7.459733486175537109e-01
8.095601201057434082e-01
2.809041738510131836e-02
-8.353990912437438965e-01
-9.079458117485046387e-01
1.466336548328399658e-01
1.818133592605590820e+00
3.148780584335327148e+00
3.350048542022705078e+00
2.346748352050781250e+00
7.234730720520019531e-01
-6.467873454093933105e-01
-1.176275491714477539e+00
-7.798462510108947754e-01
1.273055076599121094e-01
9.643894433975219727e-01
1.216974020004272461e+00
6.977497339248657227e-01
-4.390624165534973145e-01
-1.680402994155883789e+00
-2.412405729293823242e+00
-2.168847084045410156e+00
-9.970919489860534668e-01
5.370269417762756348e-01
1.568808674812316895e+00
1.524731636047363281e+00
4.787392616271972656e-01
-8.071334362030029297e-01
-1.450203299522399902e+00
-1.036719083786010742e+00
1.311159133911132812e-02
8.066120147705078125e-01
6.230868101119995117e-01
-4.582313299179077148e-01
-1.637245893478393555e+00
-1.953489780426025391e+00
-1.081686377525329590e+00
4.338009953498840332e-01
1.526220321655273438e+00
1.439423322677612305e+00
2.413608133792877197e-01
-1.202329397201538086e+00
-1.909832596778869629e+00
-1.438938379287719727e+00
-1.748121976852416992e-01
1.057990431785583496e+00
1.578364491462707520e+00
1.300061464309692383e+00
6.268383860588073730e-01
7.048627734184265137e-02
-1.722557246685028076e-01
-2.537249028682708740e-01
-4.486619830131530762e-01
-8.279846906661987305e-01
-1.192456603050231934e+00
-1.236052989959716797e+00
-8.229308724403381348e-01
-9.235383570194244385e-02
6.500969529151916504e-01
1.161808490753173828e+00
1.399086833000183105e+00
1.475071907043457031e+00
1.508682847023010254e+00
1.504297375679016113e+00
1.376817941665649414e+00
1.047797918319702148e+00
5.492743849754333496e-01
-2.375781536102294922e-03
-4.684967696666717529e-01
-7.881333827972412109e-01
-9.542030096054077148e-01
-1.001634597778320312e+00
-9.266844391822814941e-01
-7.350866198539733887e-01
-4.305677115917205811e-01
-8.241870999336242676e-02
2.462054044008255005e-01
4.761502444744110107e-01
5.821191072463989258e-01
5.156399011611938477e-01
2.645717859268188477e-01
-1.789880692958831787e-01
-6.951826214790344238e-01
-1.108998537063598633e+00
-1.197140574455261230e+00
-9.132611751556396484e-01
-3.818325698375701904e-01
7.211905717849731445e-02
2.105978727340698242e-01
-3.640353679656982422e-02
-4.330170750617980957e-01
-6.976957917213439941e-01
-6.126592755317687988e-01
-2.594028115272521973e-01
1.661589443683624268e-01
4.141214489936828613e-01
4.498957991600036621e-01
3.211714625358581543e-01
1.731034517288208008e-01
1.034837961196899414e-02
-1.459360122680664062e-01
-3.040853738784790039e-01
-3.014355897903442383e-01
-3.039214015007019043e-02
5.493140220642089844e-01
1.165036916732788086e+00
1.490448832511901855e+00
1.229928731918334961e+00
4.845411479473114014e-01
-4.368971288204193115e-01
-1.090253710746765137e+00
-1.342491149902343750e+00
-1.276980161666870117e+00
-1.207919120788574219e+00
-1.237262725830078125e+00
-1.326723098754882812e+00
-1.236030817031860352e+00
-9.529722929000854492e-01
-6.054177284240722656e-01
-5.065871477127075195e-01
-6.717272400856018066e-01
-8.747444152832031250e-01
-6.188625097274780273e-01
2.765008211135864258e-01
1.604371428489685059e+00
2.663747787475585938e+00
2.910679578781127930e+00
2.201178312301635742e+00
1.100051045417785645e+00
3.053958714008331299e-01
3.136738538742065430e-01
8.929058313369750977e-01
1.463356375694274902e+00
1.379609346389770508e+00
5.869417190551757812e-01
-5.590291023254394531e-01
-1.421832323074340820e+00
-1.743302583694458008e+00
-1.589946269989013672e+00
