-1.001759290695190430e+00
-1.046201705932617188e+00
-8.964642882347106934e-02
1.032409787178039551e+00
1.931776762008666992e+00
2.284452199935913086e+00
2.089714527130126953e+00
1.542744159698486328e+00
9.668045639991760254e-01
5.051627159118652344e-01
1.502783894538879395e-01
-2.640461027622222900e-01
-7.840605974197387695e-01
-1.318663835525512695e+00
-1.587822318077087402e+00
-1.413187980651855469e+00
-8.128608465194702148e-01
-1.384059935808181763e-01
1.961856335401535034e-01
-9.867131710052490234e-02
-8.832153081893920898e-01
-1.712971210479736328e+00
-2.004080057144165039e+00
-1.482599496841430664e+00
-2.869132459163665771e-01
1.013440012931823730e+00
1.840618848800659180e+00
1.872804045677185059e+00
1.297669887542724609e+00
5.722954273223876953e-01
1.755105853080749512e-01
2.162244915962219238e-01
4.726643562316894531e-01
5.348002910614013672e-01
2.068825364112854004e-01
-4.039607048034667969e-01
-9.059669375419616699e-01
-9.981189966201782227e-01
-6.364693045616149902e-01
-1.221394538879394531e-01
2.000820636749267578e-01
1.489637494087219238e-01
-1.171022653579711914e-01
-3.232586979866027832e-01
-2.732085585594177246e-01
-6.830827891826629639e-02
5.176473408937454224e-02
-9.864196181297302246e-02
-4.121754169464111328e-01
-6.186589002609252930e-01
-5.005314350128173828e-01
-1.913023293018341064e-01
-8.053860068321228027e-02
-5.488161444664001465e-01
-1.547457933425903320e+00
-2.554749250411987305e+00
-2.848316669464111328e+00
-2.052260160446166992e+00
-4.287429749965667725e-01
1.218941211700439453e+00
2.104605674743652344e+00
1.959109067916870117e+00
1.204710364341735840e+00
5.775211453437805176e-01
5.743815302848815918e-01
1.085847973823547363e+00
1.546345829963684082e+00
1.415266513824462891e+00
6.436970829963684082e-01
-2.890147268772125244e-01
-7.603724598884582520e-01
-5.059955716133117676e-01
1.675546616315841675e-01
6.414614915847778320e-01
4.801129102706909180e-01
-2.184168398380279541e-01
-9.142563939094543457e-01
-1.059453129768371582e+00
-5.531986355781555176e-01
1.897522211074829102e-01
5.564974546432495117e-01
2.439698874950408936e-01
-5.083848834037780762e-01
-1.076828241348266602e+00
-9.564334154129028320e-01
-1.377122998237609863e-01
8.358759880065917969e-01
1.277317643165588379e+00
8.254550695419311523e-01
-2.459065914154052734e-01
-1.240594863891601562e+00
-1.463748216629028320e+00
-7.333742976188659668e-01
5.377324223518371582e-01
1.565098643302917480e+00
1.753394126892089844e+00
1.028089523315429688e+00
-6.194195151329040527e-02
-7.578229904174804688e-01
-5.271879434585571289e-01
5.220420360565185547e-01
1.756176471710205078e+00
2.340419769287109375e+00
1.832294225692749023e+00
3.995651006698608398e-01
-1.216823816299438477e+00
-2.236228942871093750e+00
-2.256110191345214844e+00
-1.538165330886840820e+00
-7.091528177261352539e-01
-3.641324043273925781e-01
-5.824871659278869629e-01
-9.822881221771240234e-01
-9.846624135971069336e-01
-3.600959777832031250e-01
6.356047391891479492e-01
1.359043717384338379e+00
1.333143711090087891e+00
5.248912572860717773e-01
-5.401813983917236328e-01
-1.222874760627746582e+00
-1.125406265258789062e+00
-4.033952355384826660e-01
4.828648567199707031e-01
1.034756898880004883e+00
1.114706754684448242e+00
8.618431091308593750e-01
5.784388184547424316e-01
3.857063055038452148e-01
2.642967998981475830e-01
8.382870256900787354e-02
-1.328480541706085205e-01
-2.818558812141418457e-01
-2.086894661188125610e-01
4.367277026176452637e-02
3.171506524085998535e-01
3.894392549991607666e-01
2.484614402055740356e-01
2.755744010210037231e-02
-3.992263972759246826e-02
8.615553379058837891e-02
3.007981181144714355e-01
3.943072855472564697e-01
3.534405231475830078e-01
3.281766772270202637e-01
5.660269856452941895e-01
1.059496879577636719e+00
1.536159515380859375e+00
1.551955342292785645e+00
9.251232743263244629e-01
-1.330280154943466187e-01
-1.053364634513854980e+00
-1.398571610450744629e+00
-1.139809966087341309e+00
-7.512047290802001953e-01
-7.417405843734741211e-01
-1.271714448928833008e+00
-1.898798584938049316e+00
-1.972309350967407227e+00
-1.100760698318481445e+00
4.056922197341918945e-01
1.759533643722534180e+00
2.182674407958984375e+00
1.522389292716979980e+00
2.876596450805664062e-01
-6.936126351356506348e-01
-9.451559185981750488e-01
-5.922002196311950684e-01
-2.269201725721359253e-01
-3.140906095504760742e-01
-8.360896706581115723e-01
-1.267175674438476562e+00
-1.064643859863281250e+00
-8.621701598167419434e-02
1.234841585159301758e+00
2.248178005218505859e+00
2.513203144073486328e+00
2.091858148574829102e+00
1.376234889030456543e+00
7.478485703468322754e-01
2.690166532993316650e-01
-2.330917716026306152e-01
-9.080481529235839844e-01
-1.614080429077148438e+00
-1.983808279037475586e+00
-1.714705467224121094e+00
-8.820585012435913086e-01
5.917002260684967041e-02
5.660223960876464844e-01
4.136938750743865967e-01
-1.483366936445236206e-01
-6.016694307327270508e-01
-5.662622451782226562e-01
-1.017312854528427124e-01
3.471246361732482910e-01
2.946571111679077148e-01
-3.957857787609100342e-01
-1.396754980087280273e+00
-2.105170249938964844e+00
-2.039319992065429688e+00
-1.099322915077209473e+00
3.940393030643463135e-01
1.929139852523803711e+00
3.039111852645874023e+00
3.479680061340332031e+00
3.195751428604125977e+00
2.295443773269653320e+00
9.604555368423461914e-01
-5.115701556205749512e-01
-1.770782709121704102e+00
-2.460511922836303711e+00
-2.411259412765502930e+00
-1.695893049240112305e+00
-6.690572500228881836e-01
2.500046789646148682e-01
7.254588603973388672e-01
7.090123891830444336e-01
