-1.106407880783081055e+00
-1.147221088409423828e+00
-2.245030403137207031e+00
-2.353763580322265625e+00
-1.229895234107971191e+00
4.622893929481506348e-01
1.788352966308593750e+00
2.027374267578125000e+00
1.301517605781555176e+00
2.170483022928237915e-01
-4.737197756767272949e-01
-5.671024322509765625e-01
-2.550552487373352051e-01
1.057401299476623535e-03
7.177921384572982788e-02
3.857690840959548950e-02
1.709810197353363037e-01
4.326206147670745850e-01
6.448640227317810059e-01
5.238914489746093750e-01
1.574109643697738647e-01
-1.872736066579818726e-01
-1.458938717842102051e-01
2.153730392456054688e-01
5.706735253334045410e-01
4.692646265029907227e-01
-5.468541011214256287e-02
-5.741362571716308594e-01
-4.233226180076599121e-01
5.563279986381530762e-01
1.938961744308471680e+00
2.793912172317504883e+00
2.520258426666259766e+00
1.164562225341796875e+00
-4.292752742767333984e-01
-1.382945299148559570e+00
-1.246430873870849609e+00
-4.126617014408111572e-01
4.201976358890533447e-01
6.766158342361450195e-01
4.371500611305236816e-01
1.092699840664863586e-01
1.126859560608863831e-01
3.453926742076873779e-01
4.372125566005706787e-01
9.377263486385345459e-03
-7.849964499473571777e-01
-1.461103200912475586e+00
-1.469534277915954590e+00
-8.169295191764831543e-01
1.910628378391265869e-02
3.106127083301544189e-01
-2.322612851858139038e-01
-1.350425958633422852e+00
-2.307703018188476562e+00
-2.539431333541870117e+00
-1.895864486694335938e+00
-7.810266017913818359e-01
3.144187629222869873e-01
1.036105513572692871e+00
1.399166584014892578e+00
1.503268837928771973e+00
1.450756192207336426e+00
1.181936025619506836e+00
7.353100776672363281e-01
2.621810436248779297e-01
8.093126118183135986e-02
3.378241658210754395e-01
9.206594824790954590e-01
1.400284886360168457e+00
1.422667264938354492e+00
9.061238169670104980e-01
1.831208616495132446e-01
-3.464572429656982422e-01
-4.657968282699584961e-01
-3.568066954612731934e-01
-3.233286738395690918e-01
-5.293089151382446289e-01
-7.413224577903747559e-01
-5.721633434295654297e-01
2.099416702985763550e-01
1.339029550552368164e+00
2.208709239959716797e+00
2.222427606582641602e+00
1.263396859169006348e+00
-2.611348628997802734e-01
-1.653385400772094727e+00
-2.414231061935424805e+00
-2.460891246795654297e+00
-2.086519956588745117e+00
-1.628253221511840820e+00
-1.257473230361938477e+00
-9.327629208564758301e-01
-5.988586544990539551e-01
-2.954097986221313477e-01
-1.504831314086914062e-01
-1.890544891357421875e-01
-2.480405569076538086e-01
-5.675601959228515625e-02
5.118111371994018555e-01
1.279834508895874023e+00
1.827600598335266113e+00
1.793825626373291016e+00
1.149987459182739258e+00
2.472200691699981689e-01
-4.370110630989074707e-01
-6.330495476722717285e-01
-4.423306584358215332e-01
-1.973568499088287354e-01
-1.580589413642883301e-01
-3.039720952510833740e-01
-3.870157301425933838e-01
-2.016131877899169922e-01
1.972481012344360352e-01
4.893335103988647461e-01
3.527503013610839844e-01
-2.714343965053558350e-01
-1.082742571830749512e+00
-1.633711576461791992e+00
-1.630673050880432129e+00
-1.147402882575988770e+00
-5.385845899581909180e-01
-1.910391151905059814e-01
-2.439866513013839722e-01
-5.377968549728393555e-01
-7.399241328239440918e-01
-5.961904525756835938e-01
-5.671444535255432129e-02
7.172801494598388672e-01
1.502701997756958008e+00
2.114346504211425781e+00
2.473996400833129883e+00
2.549490690231323242e+00
2.338770151138305664e+00
1.841587066650390625e+00
1.112755179405212402e+00
2.659560441970825195e-01
-5.249512195587158203e-01
-1.108264923095703125e+00
-1.390007019042968750e+00
-1.388051271438598633e+00
-1.183962821960449219e+00
-9.062080383300781250e-01
-6.591089963912963867e-01
-5.074455142021179199e-01
-4.388186633586883545e-01
-3.960970342159271240e-01
-2.953105270862579346e-01
-1.019846796989440918e-01
1.342580318450927734e-01
2.680606842041015625e-01
1.411588191986083984e-01
-3.102845549583435059e-01
-9.617609977722167969e-01
-1.511905193328857422e+00
-1.617108583450317383e+00
-1.097039222717285156e+00
-8.747878670692443848e-02
9.575538635253906250e-01
1.470314383506774902e+00
1.077336072921752930e+00
-1.407827734947204590e-01
-1.613233804702758789e+00
-2.538143157958984375e+00
-2.307045459747314453e+00
-8.891839981079101562e-01
1.104828119277954102e+00
2.715572595596313477e+00
3.189476728439331055e+00
2.403989791870117188e+00
9.574757218360900879e-01
-2.357357144355773926e-01
-5.006178617477416992e-01
1.495469659566879272e-01
1.084059715270996094e+00
1.478488445281982422e+00
9.146015644073486328e-01
-3.861321806907653809e-01
-1.695731401443481445e+00
-2.320715665817260742e+00
-1.976811528205871582e+00
-9.400360584259033203e-01
2.734359800815582275e-01
1.202527999877929688e+00
1.698901414871215820e+00
1.777902722358703613e+00
1.512525558471679688e+00
8.905298709869384766e-01
1.000306010246276855e-02
-8.547434806823730469e-01
-1.212720036506652832e+00
-7.375165820121765137e-01
4.905793964862823486e-01
1.819957733154296875e+00
2.462940216064453125e+00
1.946365118026733398e+00
5.657344460487365723e-01
-8.702190518379211426e-01
-1.503584861755371094e+00
-1.121587753295898438e+00
-1.875857263803482056e-01
4.512743353843688965e-01
3.167319893836975098e-01
-4.536035060882568359e-01
-1.161392807960510254e+00
-1.235908031463623047e+00
-5.853062272071838379e-01
2.507039904594421387e-01
6.686785817146301270e-01
3.679727911949157715e-01
-3.291514515876770020e-01
-9.018378853797912598e-01
-9.374282956123352051e-01
-5.353462696075439453e-01
-1.488065719604492188e-02
2.844273447990417480e-01
4.092299640178680420e-01
