2.928089201450347900e-01
2.894856631755828857e-01
2.476757615804672241e-01
8.997509628534317017e-02
-2.758777141571044922e-01
-8.008792996406555176e-01
-1.360946297645568848e+00
-1.656814098358154297e+00
-1.474329948425292969e+00
-7.492856383323669434e-01
2.121685445308685303e-01
9.581900835037231445e-01
1.058715581893920898e+00
4.902548789978027344e-01
-3.999723792076110840e-01
-1.011979818344116211e+00
-9.675049781799316406e-01
-2.699930071830749512e-01
6.309890151023864746e-01
1.236234426498413086e+00
1.252138614654541016e+00
8.195267319679260254e-01
2.856513261795043945e-01
1.251891255378723145e-03
3.944572806358337402e-02
2.900065183639526367e-01
5.574154853820800781e-01
7.828377485275268555e-01
9.708226919174194336e-01
1.135731577873229980e+00
1.147913694381713867e+00
8.540978431701660156e-01
1.852782666683197021e-01
-6.657129526138305664e-01
-1.369007706642150879e+00
-1.625997185707092285e+00
-1.421779870986938477e+00
-9.870434403419494629e-01
-6.445899009704589844e-01
-5.272369384765625000e-01
-5.442180633544921875e-01
-5.005494952201843262e-01
-3.578085601329803467e-01
-2.909849286079406738e-01
-5.476244091987609863e-01
-1.136712312698364258e+00
-1.701066970825195312e+00
-1.669638276100158691e+00
-6.727553606033325195e-01
1.123055219650268555e+00
3.006324291229248047e+00
4.103758811950683594e+00
3.903822422027587891e+00
2.570949554443359375e+00
8.415265083312988281e-01
-4.239726960659027100e-01
-7.158113718032836914e-01
-1.204358190298080444e-01
8.244853019714355469e-01
1.464694261550903320e+00
1.404317736625671387e+00
6.488147377967834473e-01
-4.247426390647888184e-01
-1.309415102005004883e+00
-1.589672803878784180e+00
-1.179186105728149414e+00
-3.475432991981506348e-01
3.553541898727416992e-01
4.230697751045227051e-01
-3.303620219230651855e-01
-1.550846815109252930e+00
-2.529886007308959961e+00
-2.566817522048950195e+00
-1.483542084693908691e+00
2.463836073875427246e-01
1.694425344467163086e+00
2.106079816818237305e+00
1.341572165489196777e+00
2.184462547302246094e-02
-9.532825946807861328e-01
-9.660413265228271484e-01
-1.455040276050567627e-01
8.212873339653015137e-01
1.153500199317932129e+00
6.076260805130004883e-01
-4.216490685939788818e-01
-1.148721694946289062e+00
-1.038675308227539062e+00
-1.240913122892379761e-01
9.641444683074951172e-01
1.515195131301879883e+00
1.148540973663330078e+00
1.216630637645721436e-01
-9.366917610168457031e-01
-1.358104109764099121e+00
-9.051911830902099609e-01
1.938433051109313965e-01
1.319067835807800293e+00
1.871853113174438477e+00
1.484310865402221680e+00
2.627142667770385742e-01
-1.339849710464477539e+00
-2.632742643356323242e+00
-3.073726654052734375e+00
-2.448985576629638672e+00
-1.087267160415649414e+00
3.587516546249389648e-01
1.158795952796936035e+00
9.901340603828430176e-01
5.006790161132812500e-02
-9.737882614135742188e-01
-1.393533229827880859e+00
-8.615877628326416016e-01
3.527696132659912109e-01
1.627356529235839844e+00
2.314117908477783203e+00
2.192641735076904297e+00
1.476911067962646484e+00
6.853956580162048340e-01
2.118548154830932617e-01
1.793363690376281738e-01
3.815842866897583008e-01
5.680663585662841797e-01
5.802186727523803711e-01
4.869077205657958984e-01
4.058993756771087646e-01
4.171741306781768799e-01
4.246789515018463135e-01
2.985028922557830811e-01
-4.570466279983520508e-02
-4.833034873008728027e-01
-7.843419313430786133e-01
-7.103000879287719727e-01
-2.452482879161834717e-01
4.032977223396301270e-01
8.429429531097412109e-01
7.641173005104064941e-01
8.822959661483764648e-02
-9.127949476242065430e-01
-1.787238359451293945e+00
-2.108437538146972656e+00
-1.755466938018798828e+00
-9.526100158691406250e-01
-1.653468161821365356e-01
2.091010808944702148e-01
5.348598957061767578e-02
-4.030535221099853516e-01
-7.890315055847167969e-01
-8.466401696205139160e-01
-6.195964813232421875e-01
-3.737248182296752930e-01
-3.665557503700256348e-01
-6.127547025680541992e-01
-8.615277409553527832e-01
-7.876923084259033203e-01
-2.688862681388854980e-01
4.928688406944274902e-01
1.097382783889770508e+00
1.221642255783081055e+00
8.485107421875000000e-01
2.472898960113525391e-01
-2.243015170097351074e-01
-3.776304721832275391e-01
-2.488247901201248169e-01
5.125999450683593750e-04
2.944321036338806152e-01
6.752614378929138184e-01
1.223487615585327148e+00
1.838660717010498047e+00
2.231869697570800781e+00
2.047307252883911133e+00
1.177307605743408203e+00
-1.302202939987182617e-01
-1.331231236457824707e+00
-1.947793722152709961e+00
-1.804403781890869141e+00
-1.138194680213928223e+00
-3.413335084915161133e-01
2.586477100849151611e-01
6.091812252998352051e-01
7.828215360641479492e-01
8.687669038772583008e-01
8.021374344825744629e-01
5.279790163040161133e-01
8.889621496200561523e-02
-2.309156358242034912e-01
-1.476128548383712769e-01
4.466148316860198975e-01
1.241445899009704590e+00
1.733374714851379395e+00
1.486157417297363281e+00
5.468543767929077148e-01
-6.312918663024902344e-01
-1.390388965606689453e+00
-1.402533054351806641e+00
-8.006193637847900391e-01
-1.621004343032836914e-01
-9.740650653839111328e-03
-5.574815273284912109e-01
-1.499124765396118164e+00
-2.342666864395141602e+00
-2.634839773178100586e+00
-2.315626382827758789e+00
-1.576496243476867676e+00
-7.899282574653625488e-01
-1.752360165119171143e-01
1.679461300373077393e-01
3.437323868274688721e-01
4.362853765487670898e-01
5.696865916252136230e-01
7.550090551376342773e-01
1.017893910408020020e+00
1.257895469665527344e+00
1.392365813255310059e+00
1.269237756729125977e+00
8.924630880355834961e-01
3.384992480278015137e-01
