1.073264837265014648e+00
1.143417358398437500e+00
1.233868122100830078e+00
1.070207357406616211e+00
6.726483702659606934e-01
2.281229346990585327e-01
-2.344077676534652710e-01
-6.439419388771057129e-01
-1.041925549507141113e+00
-1.301897406578063965e+00
-1.360754132270812988e+00
-1.102650761604309082e+00
-6.480185985565185547e-01
-1.357187032699584961e-01
1.900741308927536011e-01
3.032013475894927979e-01
2.270188331604003906e-01
1.453158408403396606e-01
8.153314143419265747e-02
4.620211198925971985e-02
-9.435762465000152588e-02
-3.167052865028381348e-01
-5.827921032905578613e-01
-7.199546098709106445e-01
-7.177464365959167480e-01
-5.934932827949523926e-01
-5.049958825111389160e-01
-4.485172033309936523e-01
-3.770058453083038330e-01
-1.147409081459045410e-01
3.172998130321502686e-01
7.802551388740539551e-01
9.500309228897094727e-01
6.963439583778381348e-01
9.800963103771209717e-02
-4.436761736869812012e-01
-6.028356552124023438e-01
-2.495253831148147583e-01
3.263024091720581055e-01
7.484912276268005371e-01
7.359215021133422852e-01
4.312763214111328125e-01
1.789482533931732178e-01
3.519513905048370361e-01
9.350832104682922363e-01
1.619451999664306641e+00
1.912122011184692383e+00
1.583781242370605469e+00
7.183409333229064941e-01
-2.757688462734222412e-01
-1.040991306304931641e+00
-1.382156610488891602e+00
-1.388611316680908203e+00
-1.186816811561584473e+00
-8.846345543861389160e-01
-4.542924463748931885e-01
7.015246897935867310e-02
5.811784267425537109e-01
8.459063172340393066e-01
7.429707050323486328e-01
3.281708955764770508e-01
-1.007274016737937927e-01
-2.660867869853973389e-01
-6.021561846137046814e-02
3.050698339939117432e-01
5.105163455009460449e-01
3.225654661655426025e-01
-1.784386783838272095e-01
-7.079794406890869141e-01
-9.504556059837341309e-01
-8.378379344940185547e-01
-5.379488468170166016e-01
-3.437980711460113525e-01
-3.962000906467437744e-01
-6.216901540756225586e-01
-7.763483524322509766e-01
-6.898043155670166016e-01
-3.663895428180694580e-01
9.087547659873962402e-03
2.755140662193298340e-01
4.146299958229064941e-01
5.870385766029357910e-01
9.447652697563171387e-01
1.473371744155883789e+00
1.908215165138244629e+00
1.903968691825866699e+00
1.258413076400756836e+00
1.122779250144958496e-01
-1.106982231140136719e+00
-1.901420712471008301e+00
-2.017520427703857422e+00
-1.577411413192749023e+00
-1.007443904876708984e+00
-7.449241280555725098e-01
-9.629403352737426758e-01
-1.452903509140014648e+00
-1.777762174606323242e+00
-1.555669307708740234e+00
-7.388091683387756348e-01
3.505924940109252930e-01
1.197348117828369141e+00
1.424621701240539551e+00
1.013049244880676270e+00
3.163655698299407959e-01
-1.794578284025192261e-01
-1.516006737947463989e-01
3.708908557891845703e-01
1.074708700180053711e+00
1.588537335395812988e+00
1.737759947776794434e+00
1.612402796745300293e+00
1.457999348640441895e+00
1.443306446075439453e+00
1.537833929061889648e+00
1.533757209777832031e+00
1.245503664016723633e+00
6.582951545715332031e-01
-2.327091619372367859e-02
-5.302202105522155762e-01
-6.973631381988525391e-01
-5.945124626159667969e-01
-4.473281800746917725e-01
-4.982863664627075195e-01
-8.250134587287902832e-01
-1.315401315689086914e+00
-1.722047805786132812e+00
-1.830164194107055664e+00
-1.545307755470275879e+00
-9.633650183677673340e-01
-2.961521446704864502e-01
1.824304014444351196e-01
2.858755588531494141e-01
-3.473651409149169922e-02
-6.046192049980163574e-01
-1.124902486801147461e+00
-1.267245769500732422e+00
-9.104533791542053223e-01
-1.945754438638687134e-01
4.790921211242675781e-01
7.174066901206970215e-01
3.268119990825653076e-01
-4.992206096649169922e-01
-1.344447493553161621e+00
-1.759671926498413086e+00
-1.578430652618408203e+00
-9.167382121086120605e-01
-1.114286258816719055e-01
5.721758008003234863e-01
1.000989198684692383e+00
1.228942155838012695e+00
1.287459254264831543e+00
1.193271517753601074e+00
9.038287997245788574e-01
5.322585105895996094e-01
2.994644343852996826e-01
5.145930051803588867e-01
1.245248794555664062e+00
2.263309001922607422e+00
3.015197277069091797e+00
3.037364244461059570e+00
2.178038835525512695e+00
8.295147418975830078e-01
-3.962000906467437744e-01
-9.485871195793151855e-01
-7.898522615432739258e-01
-2.780619859695434570e-01
-6.539637222886085510e-03
-2.770428061485290527e-01
-1.022901177406311035e+00
-1.766041755676269531e+00
-2.084445714950561523e+00
-1.765871882438659668e+00
-1.046341896057128906e+00
-3.017575442790985107e-01
7.524829357862472534e-02
2.106272801756858826e-02
-3.456665277481079102e-01
-7.040726542472839355e-01
-8.676484823226928711e-01
-7.229271531105041504e-01
-3.920385241508483887e-01
8.662896230816841125e-03
2.721168398857116699e-01
3.356447517871856689e-01
1.275653839111328125e-01
-2.330488860607147217e-01
-6.388460993766784668e-01
-8.453967571258544922e-01
-7.419515848159790039e-01
-2.323694527149200439e-01
5.230011343955993652e-01
1.335699677467346191e+00
1.875177264213562012e+00
1.999175548553466797e+00
1.639920234680175781e+00
1.039462566375732422e+00
4.620211124420166016e-01
2.520732879638671875e-01
4.568403661251068115e-01
9.585239887237548828e-01
1.329159975051879883e+00
1.258328080177307129e+00
5.725154876708984375e-01
-4.290681481361389160e-01
-1.310220599174499512e+00
-1.565521240234375000e+00
-1.144181728363037109e+00
-3.116943836212158203e-01
3.141573667526245117e-01
3.631621897220611572e-01
-2.338132560253143311e-01
-1.007189035415649414e+00
-1.470314264297485352e+00
-1.258413076400756836e+00
-5.586718320846557617e-01
2.429857403039932251e-01
6.543883681297302246e-01
