-1.835537791252136230e+00
-1.844119787216186523e+00
-1.621050477027893066e+00
-8.273714780807495117e-01
1.459581106901168823e-01
8.000361323356628418e-01
9.583904743194580078e-01
7.001667022705078125e-01
3.533254265785217285e-01
1.038108021020889282e-01
1.652835868299007416e-02
-5.962923169136047363e-02
-1.664914190769195557e-01
-2.750064432621002197e-01
-1.739927530288696289e-01
1.951617747545242310e-01
7.570623755455017090e-01
1.172305583953857422e+00
1.194046735763549805e+00
7.332869768142700195e-01
8.162466436624526978e-02
-3.962356150150299072e-01
-3.807243704795837402e-01
5.695926398038864136e-02
6.389482021331787109e-01
9.479649066925048828e-01
8.342370986938476562e-01
3.490661978721618652e-01
-2.083208858966827393e-01
-6.590365171432495117e-01
-9.152260422706604004e-01
-1.093096613883972168e+00
-1.210320830345153809e+00
-1.236194014549255371e+00
-9.925279021263122559e-01
-4.675618112087249756e-01
2.204628735780715942e-01
7.465732097625732422e-01
9.421164393424987793e-01
8.456162214279174805e-01
8.161830306053161621e-01
1.132573962211608887e+00
1.821870088577270508e+00
2.437869310379028320e+00
2.444099187850952148e+00
1.521943926811218262e+00
-1.576551049947738647e-02
-1.458309769630432129e+00
-2.044621467590332031e+00
-1.581763863563537598e+00
-4.818016290664672852e-01
4.553562700748443604e-01
7.150421738624572754e-01
3.345085382461547852e-01
-9.268594533205032349e-02
-1.023486815392971039e-02
7.030909061431884766e-01
1.540697216987609863e+00
1.836618423461914062e+00
1.218966364860534668e+00
-2.434754371643066406e-02
-1.230409145355224609e+00
-1.805532455444335938e+00
-1.700513720512390137e+00
-1.320107221603393555e+00
-1.170907020568847656e+00
-1.355897545814514160e+00
-1.542922258377075195e+00
-1.249988913536071777e+00
-3.652767241001129150e-01
7.083036899566650391e-01
1.288894057273864746e+00
9.807037711143493652e-01
-7.819185033440589905e-03
-9.637939929962158203e-01
-1.219030022621154785e+00
-6.308111548423767090e-01
3.090803027153015137e-01
8.878906965255737305e-01
7.197464108467102051e-01
3.242101147770881653e-02
-5.416851639747619629e-01
-4.880315661430358887e-01
1.957339048385620117e-01
9.990756511688232422e-01
1.325256466865539551e+00
9.149717688560485840e-01
4.068518802523612976e-02
-7.676786780357360840e-01
-1.081781029701232910e+00
-8.749858736991882324e-01
-4.137175083160400391e-01
-3.509097546339035034e-02
1.355961114168167114e-01
1.502173542976379395e-01
1.563836932182312012e-01
1.848633289337158203e-01
2.276463508605957031e-01
2.655344307422637939e-01
4.150525033473968506e-01
7.550281286239624023e-01
1.258761644363403320e+00
1.620796203613281250e+00
1.495562076568603516e+00
6.758826971054077148e-01
-6.001701354980468750e-01
-1.819517970085144043e+00
-2.402206182479858398e+00
-2.154535055160522461e+00
-1.271984338760375977e+00
-2.714464962482452393e-01
4.606961905956268311e-01
7.537567019462585449e-01
7.364655137062072754e-01
4.987750053405761719e-01
8.391319960355758667e-02
-5.915244817733764648e-01
-1.402049779891967773e+00
-2.053012847900390625e+00
-2.075898170471191406e+00
-1.307774543762207031e+00
2.161400765180587769e-02
1.208477258682250977e+00
1.637706041336059570e+00
1.068431258201599121e+00
-4.265587776899337769e-02
-9.740288853645324707e-01
-1.082543849945068359e+00
-3.545332849025726318e-01
7.827448844909667969e-01
1.659192919731140137e+00
1.967573881149291992e+00
1.752641677856445312e+00
1.399379849433898926e+00
1.115219235420227051e+00
9.032747745513916016e-01
4.828823506832122803e-01
-2.426490187644958496e-01
-1.158002257347106934e+00
-1.815258741378784180e+00
-1.905592560768127441e+00
-1.356660366058349609e+00
-5.523014664649963379e-01
8.086181432008743286e-02
2.213528603315353394e-01
-5.403501912951469421e-03
-3.217944204807281494e-01
-4.048812091350555420e-01
-2.885469794273376465e-01
-1.739927530288696289e-01
-3.798979520797729492e-01
-9.100768566131591797e-01
-1.546100735664367676e+00
-1.830197811126708984e+00
-1.520164012908935547e+00
-6.140285134315490723e-01
4.969314336776733398e-01
1.410377502441406250e+00
1.804578900337219238e+00
1.736812591552734375e+00
1.416480302810668945e+00
1.163469314575195312e+00
1.060802698135375977e+00
1.042557954788208008e+00
8.489854931831359863e-01
3.596189320087432861e-01
-4.116196930408477783e-01
-1.169635653495788574e+00
-1.626644730567932129e+00
-1.556144952774047852e+00
-1.054572820663452148e+00
-3.655309975147247314e-01
1.582908183336257935e-01
3.778001368045806885e-01
3.261172175407409668e-01
2.502139210700988770e-01
3.151830732822418213e-01
5.714362263679504395e-01
8.419291377067565918e-01
9.630947113037109375e-01
8.506383299827575684e-01
6.531244516372680664e-01
5.651426911354064941e-01
7.352576851844787598e-01
1.062391996383666992e+00
1.317945837974548340e+00
1.243631839752197266e+00
8.018161058425903320e-01
1.539044380187988281e-01
-3.925485014915466309e-01
-6.306204199790954590e-01
-5.215968489646911621e-01
-2.301891744136810303e-01
5.257289484143257141e-02
1.865797340869903564e-01
1.687164008617401123e-01
4.462656751275062561e-02
-1.287940591573715210e-01
-3.305671513080596924e-01
-5.260468125343322754e-01
-6.607528924942016602e-01
-6.687628030776977539e-01
-5.441008210182189941e-01
-3.698537945747375488e-01
-2.757057249546051025e-01
-3.484940826892852783e-01
-5.444822311401367188e-01
-7.294727563858032227e-01
-7.665343880653381348e-01
-6.474030613899230957e-01
-4.708674848079681396e-01
-3.638781607151031494e-01
-3.181073367595672607e-01
-1.956067681312561035e-01
1.954796165227890015e-01
8.798807859420776367e-01
1.679408311843872070e+00
