-4.877442121505737305e-02
-5.430048704147338867e-02
1.662668585777282715e-02
1.863815188407897949e-01
2.438605129718780518e-01
2.146301418542861938e-01
7.314154505729675293e-02
-7.189875841140747070e-02
-2.828979492187500000e-01
-4.786204099655151367e-01
-6.299988627433776855e-01
-5.205243229866027832e-01
-1.287990510463714600e-01
4.923191070556640625e-01
9.824458360671997070e-01
1.102756261825561523e+00
7.192764282226562500e-01
1.220613121986389160e-01
-3.666682541370391846e-01
-4.393750429153442383e-01
-2.086771130561828613e-01
8.102780580520629883e-02
8.402124047279357910e-02
-2.003072798252105713e-01
-6.232784986495971680e-01
-8.606910705566406250e-01
-8.320276737213134766e-01
-5.627954602241516113e-01
-2.662860155105590820e-01
5.530677735805511475e-03
2.131172716617584229e-01
4.127613902091979980e-01
4.715683162212371826e-01
2.856430411338806152e-01
-2.108001559972763062e-01
-7.333143949508666992e-01
-8.949597477912902832e-01
-3.579919934272766113e-01
7.094284892082214355e-01
1.766340017318725586e+00
2.111404657363891602e+00
1.513752937316894531e+00
3.191073834896087646e-01
-6.472454667091369629e-01
-7.676739692687988281e-01
2.059984207153320312e-02
1.092800140380859375e+00
1.698485136032104492e+00
1.422637701034545898e+00
5.457454919815063477e-01
-3.059172630310058594e-01
-5.803170204162597656e-01
-2.785024940967559814e-01
1.784896105527877808e-01
2.532103657722473145e-01
-2.169343233108520508e-01
-9.896800518035888672e-01
-1.577416419982910156e+00
-1.668206810951232910e+00
-1.247221469879150391e+00
-5.774840116500854492e-01
7.854503393173217773e-02
5.570580959320068359e-01
8.377703428268432617e-01
9.076382517814636230e-01
7.742422223091125488e-01
4.879987239837646484e-01
2.345096170902252197e-01
2.316852211952209473e-01
5.687465667724609375e-01
1.032493233680725098e+00
1.203669309616088867e+00
7.261049151420593262e-01
-3.651791214942932129e-01
-1.605036258697509766e+00
-2.356171607971191406e+00
-2.247623682022094727e+00
-1.424136042594909668e+00
-4.419212043285369873e-01
1.344627141952514648e-01
9.799498319625854492e-02
-3.183583021163940430e-01
-6.808840632438659668e-01
-6.936363577842712402e-01
-3.549346923828125000e-01
1.347050368785858154e-01
5.961687564849853516e-01
9.788756966590881348e-01
1.299022197723388672e+00
1.481508970260620117e+00
1.343494415283203125e+00
7.382861375808715820e-01
-2.209818512201309204e-01
-1.136129498481750488e+00
-1.527162909507751465e+00
-1.179893612861633301e+00
-3.189752101898193359e-01
5.064143538475036621e-01
8.112639188766479492e-01
4.831423163414001465e-01
-1.610380411148071289e-01
-6.604037284851074219e-01
-7.430446147918701172e-01
-5.137290954589843750e-01
-3.117164969444274902e-01
-4.439989328384399414e-01
-9.485874176025390625e-01
-1.605578660964965820e+00
-2.097498416900634766e+00
-2.205886125564575195e+00
-1.880676269531250000e+00
-1.206787228584289551e+00
-3.253491818904876709e-01
5.969088077545166016e-01
1.380048036575317383e+00
1.863098740577697754e+00
1.978538751602172852e+00
1.806265950202941895e+00
1.531657099723815918e+00
1.323910474777221680e+00
1.206338405609130859e+00
1.070002555847167969e+00
7.871674299240112305e-01
3.678402304649353027e-01
-4.190638661384582520e-02
-2.727524042129516602e-01
-3.172900080680847168e-01
-3.249248266220092773e-01
-4.662765562534332275e-01
-7.094554305076599121e-01
-8.168869018554687500e-01
-5.248177051544189453e-01
1.372916102409362793e-01
7.992076873779296875e-01
9.485287666320800781e-01
3.984153866767883301e-01
-5.293528437614440918e-01
-1.138177990913391113e+00
-9.273388385772705078e-01
2.795800566673278809e-02
1.025789976119995117e+00
1.306280493736267090e+00
5.903728008270263672e-01
-6.223253607749938965e-01
-1.497607111930847168e+00
-1.455227732658386230e+00
-6.936072707176208496e-01
6.114155054092407227e-02
8.676046133041381836e-02
-6.533032655715942383e-01
-1.559154391288757324e+00
-1.808235168457031250e+00
-1.128525733947753906e+00
5.450250208377838135e-02
8.453992009162902832e-01
6.789336800575256348e-01
-3.586002886295318604e-01
-1.499037265777587891e+00
-1.989915966987609863e+00
-1.491576433181762695e+00
-3.613436222076416016e-01
8.172847628593444824e-01
1.519989967346191406e+00
1.673186063766479492e+00
1.378059864044189453e+00
8.554984927177429199e-01
1.718211174011230469e-01
-4.836972057819366455e-01
-8.779661655426025391e-01
-6.363201141357421875e-01
2.834898829460144043e-01
1.573020935058593750e+00
2.494618177413940430e+00
2.531777143478393555e+00
1.628047466278076172e+00
4.509189128875732422e-01
-2.677938938140869141e-01
-1.176127791404724121e-01
4.869398474693298340e-01
8.431345820426940918e-01
3.908877968788146973e-01
-5.844466090202331543e-01
-1.324138760566711426e+00
-1.009204626083374023e+00
3.485805094242095947e-01
2.051820755004882812e+00
3.005130290985107422e+00
2.734707355499267578e+00
1.496345996856689453e+00
2.445368766784667969e-01
-3.432857096195220947e-01
-1.342315375804901123e-01
2.466681152582168579e-01
2.417988181114196777e-01
-3.427785933017730713e-01
-9.641923904418945312e-01
-1.055195450782775879e+00
-3.243536949157714844e-01
7.206889390945434570e-01
1.366672277450561523e+00
9.955270886421203613e-01
-2.160812616348266602e-01
-1.661998033523559570e+00
-2.478537797927856445e+00
-2.340999126434326172e+00
-1.337543845176696777e+00
-8.413721621036529541e-02
9.312790632247924805e-01
1.292628049850463867e+00
1.014499425888061523e+00
1.650037467479705811e-01
-8.826971054077148438e-01
-1.799165964126586914e+00
-2.073933362960815430e+00
-1.520722150802612305e+00
-1.612047106027603149e-01
1.427316188812255859e+00
