-1.548207700252532959e-01
-2.552915215492248535e-01
-5.220040082931518555e-01
-8.533304929733276367e-01
-1.010390043258666992e+00
-7.607136964797973633e-01
-2.236431464552879333e-02
9.499730467796325684e-01
1.692812561988830566e+00
1.756455421447753906e+00
1.054467916488647461e+00
-7.764457166194915771e-02
-1.015333175659179688e+00
-1.259917378425598145e+00
-6.925609111785888672e-01
3.409545421600341797e-01
1.318897128105163574e+00
1.826792716979980469e+00
1.801424384117126465e+00
1.425915479660034180e+00
9.622027873992919922e-01
5.282352566719055176e-01
1.304928213357925415e-01
-2.564874291419982910e-01
-5.528195500373840332e-01
-6.493436098098754883e-01
-5.145924091339111328e-01
-3.272940814495086670e-01
-3.595126569271087646e-01
-7.844589948654174805e-01
-1.450716257095336914e+00
-1.955995559692382812e+00
-1.888476014137268066e+00
-1.176459789276123047e+00
-1.586962640285491943e-01
6.123647689819335938e-01
7.788188457489013672e-01
4.104878604412078857e-01
-7.167407870292663574e-02
-2.812749147415161133e-01
-1.836115866899490356e-01
-1.266513913869857788e-01
-4.957912564277648926e-01
-1.313469409942626953e+00
-2.098171234130859375e+00
-2.177649974822998047e+00
-1.205755829811096191e+00
4.934879243373870850e-01
2.073237419128417969e+00
2.708240270614624023e+00
2.157935619354248047e+00
9.166097640991210938e-01
-1.552122235298156738e-01
-4.345921874046325684e-01
7.457709312438964844e-02
8.418028950691223145e-01
1.270391345024108887e+00
1.144542813301086426e+00
6.990672945976257324e-01
3.204442560672760010e-01
1.531696319580078125e-01
-4.279285669326782227e-03
-4.589972794055938721e-01
-1.224757194519042969e+00
-1.891307115554809570e+00
-1.868415355682373047e+00
-8.868172168731689453e-01
7.124536037445068359e-01
2.097985744476318359e+00
2.505966663360595703e+00
1.739646673202514648e+00
3.273029923439025879e-01
-8.732050657272338867e-01
-1.228436827659606934e+00
-7.380613088607788086e-01
8.644624054431915283e-02
6.188269257545471191e-01
5.838534832000732422e-01
1.350710391998291016e-01
-3.390893340110778809e-01
-5.890753269195556641e-01
-6.203365325927734375e-01
-6.212083101272583008e-01
-6.856017708778381348e-01
-7.462667226791381836e-01
-6.318525671958923340e-01
-3.268027901649475098e-01
-1.369959115982055664e-02
1.091824471950531006e-02
-3.526188731193542480e-01
-9.123661518096923828e-01
-1.244384407997131348e+00
-1.051484704017639160e+00
-3.586789965629577637e-01
4.422044157981872559e-01
9.304035902023315430e-01
9.199831485748291016e-01
6.333652734756469727e-01
4.545892477035522461e-01
6.607670783996582031e-01
1.151534080505371094e+00
1.586706876754760742e+00
1.609662055969238281e+00
1.177374839782714844e+00
5.274587869644165039e-01
3.417057916522026062e-02
-1.366615891456604004e-01
-8.204293251037597656e-02
-1.144016385078430176e-01
-4.476754069328308105e-01
-1.078372836112976074e+00
-1.733142614364624023e+00
-2.119778633117675781e+00
-2.064787387847900391e+00
-1.659250140190124512e+00
-1.114250183105468750e+00
-6.615408658981323242e-01
-3.640564084053039551e-01
-1.630072593688964844e-01
1.045503020286560059e-01
5.266861915588378906e-01
1.095001220703125000e+00
1.635231733322143555e+00
1.936147332191467285e+00
1.813231825828552246e+00
1.284172534942626953e+00
5.534020066261291504e-01
-1.414754986763000488e-02
-1.462818980216979980e-01
2.000186294317245483e-01
7.296822071075439453e-01
1.029529333114624023e+00
8.072982430458068848e-01
1.781593561172485352e-01
-4.296144545078277588e-01
-5.243417620658874512e-01
1.524483785033226013e-02
8.297098278999328613e-01
1.238506555557250977e+00
7.552787661552429199e-01
-5.745403170585632324e-01
-2.108052730560302734e+00
-3.046988010406494141e+00
-2.918638467788696289e+00
-1.907609701156616211e+00
-6.502340435981750488e-01
1.944418549537658691e-01
4.134595990180969238e-01
2.664040327072143555e-01
2.235528230667114258e-01
5.220890641212463379e-01
1.022491335868835449e+00
1.345134019851684570e+00
1.251865386962890625e+00
8.242577314376831055e-01
3.952612280845642090e-01
2.138090133666992188e-01
2.409860789775848389e-01
1.812610030174255371e-01
-1.939772963523864746e-01
-8.052047491073608398e-01
-1.259038209915161133e+00
-1.178841829299926758e+00
-5.365309715270996094e-01
2.499272376298904419e-01
6.232528686523437500e-01
3.123681843280792236e-01
-4.191290140151977539e-01
-9.568545818328857422e-01
-7.968857884407043457e-01
5.311489105224609375e-02
1.068697929382324219e+00
1.592597246170043945e+00
1.322146892547607422e+00
5.154604911804199219e-01
-2.370132952928543091e-01
-4.769673943519592285e-01
-2.202399373054504395e-01
9.134799242019653320e-02
-3.058001399040222168e-02
-7.151928544044494629e-01
-1.623564720153808594e+00
-2.186974048614501953e+00
-2.020468711853027344e+00
-1.151234149932861328e+00
3.222990036010742188e-02
1.094360947608947754e+00
1.799087285995483398e+00
2.183067560195922852e+00
2.378208398818969727e+00
2.443319559097290039e+00
2.288201570510864258e+00
1.812241911888122559e+00
1.027948021888732910e+00
1.327980309724807739e-01
-6.327906847000122070e-01
-1.112662076950073242e+00
-1.338500022888183594e+00
-1.417467355728149414e+00
-1.428163766860961914e+00
-1.320192098617553711e+00
-1.020095467567443848e+00
-5.318955183029174805e-01
-4.117739200592041016e-02
2.128223180770874023e-01
7.876801490783691406e-02
-3.306891918182373047e-01
-7.284504175186157227e-01
-8.044169545173645020e-01
-4.807916879653930664e-01
7.751774787902832031e-02
5.461882352828979492e-01
7.120181322097778320e-01
5.615134239196777344e-01
2.976451516151428223e-01
1.250726282596588135e-01
1.459592878818511963e-01
