-4.623001217842102051e-01
-4.817214012145996094e-01
1.397011876106262207e-01
8.271601200103759766e-01
1.348599910736083984e+00
1.501147031784057617e+00
1.386224150657653809e+00
1.111021280288696289e+00
8.329180479049682617e-01
4.805952906608581543e-01
1.486742496490478516e-02
-6.214808821678161621e-01
-1.224256634712219238e+00
-1.581449270248413086e+00
-1.464445114135742188e+00
-9.635044336318969727e-01
-3.057235479354858398e-01
1.325822919607162476e-01
2.103762775659561157e-01
-4.469388723373413086e-02
-3.408389389514923096e-01
-4.738618731498718262e-01
-3.228462338447570801e-01
-2.997417747974395752e-02
2.632213234901428223e-01
4.095047712326049805e-01
4.638427495956420898e-01
4.907824993133544922e-01
5.920599699020385742e-01
7.017669081687927246e-01
7.356476187705993652e-01
5.581761002540588379e-01
1.888164877891540527e-01
-2.892679572105407715e-01
-6.764219999313354492e-01
-8.501337170600891113e-01
-7.310735583305358887e-01
-3.934051394462585449e-01
6.201820075511932373e-02
4.772865474224090576e-01
7.643849849700927734e-01
8.514710664749145508e-01
7.507956027984619141e-01
4.705108106136322021e-01
5.616308748722076416e-02
-4.719638824462890625e-01
-1.051462531089782715e+00
-1.598055124282836914e+00
-1.965845823287963867e+00
-2.026354074478149414e+00
-1.719475507736206055e+00
-1.145311832427978516e+00
-5.348585247993469238e-01
-1.584674268960952759e-01
-1.684619486331939697e-01
-5.055397748947143555e-01
-9.302833080291748047e-01
-1.163242816925048828e+00
-1.063466310501098633e+00
-6.795872449874877930e-01
-1.957640051841735840e-01
2.496356070041656494e-01
6.379835605621337891e-01
1.072864651679992676e+00
1.594428420066833496e+00
2.100985288619995117e+00
2.315345287322998047e+00
2.017528057098388672e+00
1.193008184432983398e+00
1.706607937812805176e-01
-5.964361429214477539e-01
-7.421879172325134277e-01
-2.928853631019592285e-01
4.192962348461151123e-01
9.066517353057861328e-01
9.294692873954772949e-01
5.615903139114379883e-01
1.915005743503570557e-01
1.395264863967895508e-01
5.078213214874267578e-01
1.023241043090820312e+00
1.335276603698730469e+00
1.167567372322082520e+00
5.973576903343200684e-01
-1.289430260658264160e-01
-6.782908439636230469e-01
-9.576305150985717773e-01
-1.012726664543151855e+00
-1.039851903915405273e+00
-1.077446699142456055e+00
-1.086275339126586914e+00
-8.963712453842163086e-01
-5.162741541862487793e-01
-7.132130861282348633e-02
1.205626726150512695e-01
-1.061117500066757202e-01
-7.546795606613159180e-01
-1.498950481414794922e+00
-2.001490116119384766e+00
-1.973933219909667969e+00
-1.466476798057556152e+00
-6.611600518226623535e-01
1.260422617197036743e-01
7.660498619079589844e-01
1.184022188186645508e+00
1.448530197143554688e+00
1.506415605545043945e+00
1.341095924377441406e+00
8.973255753517150879e-01
3.525300621986389160e-01
-6.376709043979644775e-02
-5.970472842454910278e-02
3.396331071853637695e-01
8.754028081893920898e-01
1.033725261688232422e+00
5.351029038429260254e-01
-5.572487115859985352e-01
-1.653313398361206055e+00
-2.106271982192993164e+00
-1.494579672813415527e+00
-7.809150218963623047e-02
1.448232769966125488e+00
2.224421024322509766e+00
1.893017292022705078e+00
6.847008466720581055e-01
-6.035063862800598145e-01
-1.250117301940917969e+00
-9.174519777297973633e-01
6.051291525363922119e-02
1.081233620643615723e+00
1.575940489768981934e+00
1.471442341804504395e+00
1.035416841506958008e+00
7.147086858749389648e-01
6.631382703781127930e-01
7.504922747611999512e-01
5.991676449775695801e-01
1.337093114852905273e-02
-9.386016130447387695e-01
-1.858748435974121094e+00
-2.386380195617675781e+00
-2.345445632934570312e+00
-1.924497961997985840e+00
-1.421107292175292969e+00
-1.094289064407348633e+00
-9.154750108718872070e-01
-7.041361331939697266e-01
-2.322122603654861450e-01
5.079504847526550293e-01
1.339406251907348633e+00
1.946572542190551758e+00
2.130529880523681641e+00
1.864773273468017578e+00
1.341933727264404297e+00
8.008322715759277344e-01
4.451377689838409424e-01
3.285505473613739014e-01
4.033198356628417969e-01
5.312950611114501953e-01
5.674867630004882812e-01
3.741528391838073730e-01
-1.089391112327575684e-01
-8.250668048858642578e-01
-1.560020685195922852e+00
-1.991469621658325195e+00
-1.826087355613708496e+00
-9.712306261062622070e-01
3.490419983863830566e-01
1.660266876220703125e+00
2.434019088745117188e+00
2.381190538406372070e+00
1.581266999244689941e+00
4.559652805328369141e-01
-5.231193304061889648e-01
-1.076694250106811523e+00
-1.294959902763366699e+00
-1.467587590217590332e+00
-1.860996842384338379e+00
-2.411883354187011719e+00
-2.783673524856567383e+00
-2.536533117294311523e+00
-1.549594521522521973e+00
-1.202616021037101746e-01
1.076723217964172363e+00
1.477977514266967773e+00
9.287596344947814941e-01
-9.000200778245925903e-02
-8.354292511940002441e-01
-6.814521551132202148e-01
3.675994873046875000e-01
1.774805068969726562e+00
2.711827754974365234e+00
2.704802274703979492e+00
1.808001041412353516e+00
6.499412059783935547e-01
-1.336087286472320557e-01
-1.905334591865539551e-01
2.371158003807067871e-01
6.792360544204711914e-01
6.756932735443115234e-01
2.267154008150100708e-01
-3.941578865051269531e-01
-7.459312677383422852e-01
-6.963073015213012695e-01
-3.442799746990203857e-01
-4.595503211021423340e-02
2.665713243186473846e-02
-1.511573344469070435e-01
-3.294525146484375000e-01
-3.738839328289031982e-01
-2.262080609798431396e-01
-8.825446665287017822e-02
-6.703457981348037720e-02
-2.321400493383407593e-01
-3.939470648765563965e-01
-4.430622756481170654e-01
-2.849130034446716309e-01
