-3.025560975074768066e-01
-2.959088981151580811e-01
-3.401823639869689941e-01
-1.792225241661071777e-01
1.513592600822448730e-01
6.018099188804626465e-01
1.069103956222534180e+00
1.449658513069152832e+00
1.594809532165527344e+00
1.411632418632507324e+00
8.932538032531738281e-01
2.054976820945739746e-01
-4.068569839000701904e-01
-7.101016640663146973e-01
-6.534531712532043457e-01
-3.583880066871643066e-01
-6.087426841259002686e-02
6.884053349494934082e-02
-1.850518584251403809e-02
-2.448928952217102051e-01
-5.245210528373718262e-01
-8.047550916671752930e-01
-1.081868648529052734e+00
-1.326309442520141602e+00
-1.487368702888488770e+00
-1.524834275245666504e+00
-1.482550144195556641e+00
-1.453055381774902344e+00
-1.475895881652832031e+00
-1.427069783210754395e+00
-1.063701152801513672e+00
-2.267219126224517822e-01
9.313460588455200195e-01
1.921007871627807617e+00
2.193420886993408203e+00
1.550054311752319336e+00
3.790446519851684570e-01
-5.419194698333740234e-01
-5.641342401504516602e-01
3.290655910968780518e-01
1.485454440116882324e+00
2.034857273101806641e+00
1.569997072219848633e+00
4.607659578323364258e-01
-3.967363238334655762e-01
-2.992773652076721191e-01
7.092866301536560059e-01
1.816147327423095703e+00
2.072302103042602539e+00
1.103668689727783203e+00
-5.570890903472900391e-01
-1.880733966827392578e+00
-2.073644161224365234e+00
-1.165404319763183594e+00
8.993038535118103027e-02
7.875616550445556641e-01
5.587614774703979492e-01
-2.612482607364654541e-01
-9.570691585540771484e-01
-1.059946537017822266e+00
-6.344529390335083008e-01
-1.645907163619995117e-01
-4.801878333091735840e-02
-2.949893474578857422e-01
-5.332826972007751465e-01
-4.200431108474731445e-01
5.787387490272521973e-02
5.185343027114868164e-01
5.462223291397094727e-01
1.922160387039184570e-02
-7.238345742225646973e-01
-1.153916835784912109e+00
-8.894750475883483887e-01
6.851613521575927734e-03
1.121026515960693359e+00
1.908650517463684082e+00
2.032755613327026367e+00
1.447358131408691406e+00
4.086192548274993896e-01
-7.087289094924926758e-01
-1.504889845848083496e+00
-1.720058321952819824e+00
-1.288530468940734863e+00
-4.268797934055328369e-01
4.813797771930694580e-01
1.036266446113586426e+00
1.088789105415344238e+00
7.756017446517944336e-01
4.185770452022552490e-01
2.097489833831787109e-01
7.916885614395141602e-02
-2.408964633941650391e-01
-8.652620911598205566e-01
-1.552929997444152832e+00
-1.757942438125610352e+00
-1.089605331420898438e+00
3.022329807281494141e-01
1.652098417282104492e+00
2.077316522598266602e+00
1.219756484031677246e+00
-3.803675174713134766e-01
-1.614226102828979492e+00
-1.557725548744201660e+00
-1.893418431282043457e-01
1.574957132339477539e+00
2.491394281387329102e+00
1.885333776473999023e+00
9.290874004364013672e-02
-1.796328067779541016e+00
-2.728105306625366211e+00
-2.348253011703491211e+00
-1.126793026924133301e+00
1.082290261983871460e-01
7.552824020385742188e-01
7.310605049133300781e-01
3.017995953559875488e-01
-2.538432180881500244e-01
-8.127962946891784668e-01
-1.291825532913208008e+00
-1.460321664810180664e+00
-9.885475039482116699e-01
2.466834187507629395e-01
1.848124980926513672e+00
2.983160495758056641e+00
2.888271093368530273e+00
1.496185779571533203e+00
-3.930710554122924805e-01
-1.569093585014343262e+00
-1.277634859085083008e+00
2.333727777004241943e-01
1.853305101394653320e+00
2.448969602584838867e+00
1.677554368972778320e+00
2.403394877910614014e-01
-7.212128639221191406e-01
-4.965114891529083252e-01
6.315654516220092773e-01
1.675366759300231934e+00
1.704753637313842773e+00
6.027496457099914551e-01
-9.259743094444274902e-01
-1.900590658187866211e+00
-1.865844845771789551e+00
-1.140950322151184082e+00
-5.302967429161071777e-01
-5.937964320182800293e-01
-1.264826059341430664e+00
-1.911078691482543945e+00
-1.936009168624877930e+00
-1.205305814743041992e+00
-1.757096052169799805e-01
5.522381663322448730e-01
6.370214223861694336e-01
2.642816305160522461e-01
-1.377300024032592773e-01
-2.099922001361846924e-01
1.132515072822570801e-02
2.521872222423553467e-01
1.994004249572753906e-01
-1.741803139448165894e-01
-6.822642087936401367e-01
-1.020732641220092773e+00
-1.057489037513732910e+00
-8.012391924858093262e-01
-4.101942181587219238e-01
3.145968914031982422e-02
4.590407609939575195e-01
8.803490400314331055e-01
1.211421847343444824e+00
1.383065938949584961e+00
1.304878830909729004e+00
1.039976358413696289e+00
6.960338950157165527e-01
4.602796137332916260e-01
4.029782712459564209e-01
5.429887771606445312e-01
7.565312385559082031e-01
9.379163980484008789e-01
9.384208917617797852e-01
7.304831147193908691e-01
3.312345147132873535e-01
-6.614151597023010254e-02
-2.676780819892883301e-01
-9.366360306739807129e-02
3.646911084651947021e-01
8.381152153015136719e-01
9.170880317687988281e-01
4.368306994438171387e-01
-4.519500732421875000e-01
-1.228666901588439941e+00
-1.441233158111572266e+00
-9.413831233978271484e-01
-1.280981302261352539e-01
4.157606959342956543e-01
2.488220334053039551e-01
-4.965750277042388916e-01
-1.302289843559265137e+00
-1.560916423797607422e+00
-1.143273353576660156e+00
-3.975749015808105469e-01
3.618353605270385742e-02
-1.603440791368484497e-01
-8.105897903442382812e-01
-1.276059389114379883e+00
-1.055109262466430664e+00
-9.888303279876708984e-02
1.025867104530334473e+00
1.629740953445434570e+00
1.301535964012145996e+00
2.913002371788024902e-01
-7.721403837203979492e-01
-1.223845720291137695e+00
-8.806965351104736328e-01
-9.587228298187255859e-03
8.223584890365600586e-01
1.225079298019409180e+00
1.097569108009338379e+00
