1.946544885635375977e+00
1.927598953247070312e+00
1.736894011497497559e+00
1.507771015167236328e+00
1.297836065292358398e+00
1.175053119659423828e+00
1.043962597846984863e+00
8.544226884841918945e-01
5.312360525131225586e-01
1.757035851478576660e-01
-1.354422867298126221e-01
-2.933493554592132568e-01
-3.992455005645751953e-01
-5.823612213134765625e-01
-1.047017574310302734e+00
-1.767754077911376953e+00
-2.601393222808837891e+00
-3.192679405212402344e+00
-3.304968595504760742e+00
-2.793108463287353516e+00
-1.819377303123474121e+00
-6.142333149909973145e-01
4.664147198200225830e-01
1.214383006095886230e+00
1.441271305084228516e+00
1.168603897094726562e+00
4.587792754173278809e-01
-4.106939435005187988e-01
-1.172364354133605957e+00
-1.498028635978698730e+00
-1.312820553779602051e+00
-6.968140602111816406e-01
-2.107453346252441406e-02
3.951880633831024170e-01
3.028289079666137695e-01
-1.834680736064910889e-01
-8.019459247589111328e-01
-1.128939151763916016e+00
-9.509733915328979492e-01
-2.124992012977600098e-01
8.057979345321655273e-01
1.763894796371459961e+00
2.244544744491577148e+00
2.080928564071655273e+00
1.286553144454956055e+00
2.294089794158935547e-01
-6.556121110916137695e-01
-9.158132672309875488e-01
-4.687276184558868408e-01
4.721163809299468994e-01
1.352612257003784180e+00
1.731187105178833008e+00
1.408549070358276367e+00
6.791297197341918945e-01
-3.112554550170898438e-04
-1.944133788347244263e-01
9.908455610275268555e-02
6.010352969169616699e-01
8.613119125366210938e-01
7.181095480918884277e-01
2.887189686298370361e-01
-3.800742328166961670e-02
-3.945276141166687012e-02
2.623583674430847168e-01
5.101435184478759766e-01
3.996171057224273682e-01
-1.777855455875396729e-01
-9.382779002189636230e-01
-1.492777347564697266e+00
-1.503689408302307129e+00
-9.771568179130554199e-01
-1.346971988677978516e-01
6.391829252243041992e-01
1.073562145233154297e+00
9.959219694137573242e-01
4.416934251785278320e-01
-4.488306641578674316e-01
-1.349028110504150391e+00
-1.897055029869079590e+00
-1.772184610366821289e+00
-9.820384979248046875e-01
1.177867054939270020e-01
8.989474177360534668e-01
8.964126706123352051e-01
8.952993154525756836e-02
-9.784607291221618652e-01
-1.592129588127136230e+00
-1.319199681282043457e+00
-3.780276179313659668e-01
5.546194314956665039e-01
8.106966018676757812e-01
2.723945975303649902e-01
-5.781295299530029297e-01
-1.023768544197082520e+00
-7.152471542358398438e-01
7.464662939310073853e-02
6.720903515815734863e-01
5.913410782814025879e-01
-6.008350849151611328e-02
-6.534390449523925781e-01
-5.823256373405456543e-01
2.050805985927581787e-01
1.119630575180053711e+00
1.392985939979553223e+00
7.205509543418884277e-01
-4.588065147399902344e-01
-1.270336270332336426e+00
-1.100373029708862305e+00
-7.722125947475433350e-02
1.003876805305480957e+00
1.320751547813415527e+00
6.463722586631774902e-01
-4.640595316886901855e-01
-1.153927206993103027e+00
-9.174022674560546875e-01
-4.501610994338989258e-03
8.520436286926269531e-01
1.018426299095153809e+00
5.009266734123229980e-01
-1.367035210132598877e-01
-2.405593842267990112e-01
3.243007361888885498e-01
1.100378870964050293e+00
1.381604909896850586e+00
8.685216903686523438e-01
-1.051176488399505615e-01
-7.648651599884033203e-01
-5.707045793533325195e-01
3.857961595058441162e-01
1.352528810501098633e+00
1.524628877639770508e+00
5.847532153129577637e-01
-9.751745462417602539e-01
-2.237312078475952148e+00
-2.398426294326782227e+00
-1.353131413459777832e+00
3.362480700016021729e-01
1.744684696197509766e+00
2.215279102325439453e+00
1.619843363761901855e+00
4.265756011009216309e-01
-7.058486938476562500e-01
-1.222566008567810059e+00
-1.001722097396850586e+00
-2.669482529163360596e-01
5.033024549484252930e-01
9.172771573066711426e-01
7.725505232810974121e-01
2.078259587287902832e-01
-4.897352159023284912e-01
-9.868421554565429688e-01
-1.182052612304687500e+00
-1.164521932601928711e+00
-1.186273217201232910e+00
-1.356237173080444336e+00
-1.594097137451171875e+00
-1.598920106887817383e+00
-1.180163979530334473e+00
-4.010795354843139648e-01
3.090921640396118164e-01
5.017671585083007812e-01
-1.363742351531982422e-02
-8.822350502014160156e-01
-1.459865093231201172e+00
-1.175322651863098145e+00
-3.791022300720214844e-02
1.379984736442565918e+00
2.232130527496337891e+00
2.043972730636596680e+00
9.838767051696777344e-01
-1.824614852666854858e-01
-6.898431181907653809e-01
-2.414944171905517578e-01
7.440462112426757812e-01
1.518483400344848633e+00
1.502587318420410156e+00
7.527877688407897949e-01
-1.503206193447113037e-01
-4.854415655136108398e-01
4.236558079719543457e-02
1.154076933860778809e+00
2.167122364044189453e+00
2.514285802841186523e+00
2.061780929565429688e+00
1.174950718879699707e+00
3.716244101524353027e-01
-1.270574331283569336e-02
-3.661876916885375977e-02
1.395836472511291504e-02
-1.099442988634109497e-01
-3.729299902915954590e-01
-5.150415897369384766e-01
-2.748521864414215088e-01
3.293145596981048584e-01
9.572625160217285156e-01
1.137298345565795898e+00
6.087615489959716797e-01
-4.616453051567077637e-01
-1.532395362854003906e+00
-2.004665136337280273e+00
-1.603500485420227051e+00
-5.594515204429626465e-01
5.106365680694580078e-01
9.931657314300537109e-01
6.409485936164855957e-01
-2.614424228668212891e-01
-1.105621099472045898e+00
-1.322584390640258789e+00
-7.644516229629516602e-01
2.440702617168426514e-01
1.085874795913696289e+00
1.269275665283203125e+00
6.756659746170043945e-01
-3.557068705558776855e-01
-1.301444411277770996e+00
-1.719596862792968750e+00
-1.525559544563293457e+00
