-8.522649407386779785e-01
-8.457273244857788086e-01
8.425205945968627930e-02
3.777601122856140137e-01
-7.516528666019439697e-02
-6.985594630241394043e-01
-7.622421979904174805e-01
6.060895323753356934e-02
1.333696365356445312e+00
2.235813856124877930e+00
2.136142969131469727e+00
1.127301454544067383e+00
-1.297160089015960693e-01
-8.724641799926757812e-01
-8.458241820335388184e-01
-3.575841486454010010e-01
2.997100353240966797e-03
-7.731163501739501953e-02
-4.651860594749450684e-01
-7.028923034667968750e-01
-4.710824787616729736e-01
1.932780891656875610e-01
8.947832584381103516e-01
1.229360461235046387e+00
1.023646235466003418e+00
4.533067345619201660e-01
-1.537288427352905273e-01
-4.911820888519287109e-01
-4.584136605262756348e-01
-1.240283250808715820e-01
3.036601543426513672e-01
6.056477427482604980e-01
6.118785142898559570e-01
3.305437266826629639e-01
-3.911364078521728516e-02
-1.596837341785430908e-01
2.007035017013549805e-01
9.636033177375793457e-01
1.672503829002380371e+00
1.760776162147521973e+00
9.393581151962280273e-01
-5.064510107040405273e-01
-1.842727661132812500e+00
-2.341086387634277344e+00
-1.799553275108337402e+00
-6.874077320098876953e-01
1.781446337699890137e-01
2.215489745140075684e-01
-5.071287155151367188e-01
-1.415934324264526367e+00
-1.851856589317321777e+00
-1.572646379470825195e+00
-8.584073781967163086e-01
-2.119646370410919189e-01
5.635184049606323242e-02
6.474554538726806641e-03
-9.688511490821838379e-02
-1.068253889679908752e-01
-1.249829232692718506e-01
-3.562911152839660645e-01
-8.131889104843139648e-01
-1.221778392791748047e+00
-1.213674664497375488e+00
-6.879389882087707520e-01
4.408583045005798340e-02
4.523768424987792969e-01
2.401887774467468262e-01
-3.880886435508728027e-01
-8.315917253494262695e-01
-5.779383182525634766e-01
3.879223167896270752e-01
1.518810749053955078e+00
2.120731830596923828e+00
1.849683403968811035e+00
9.752596616744995117e-01
1.398075222969055176e-01
-9.042870998382568359e-02
3.753260076045989990e-01
1.183016777038574219e+00
1.816301941871643066e+00
1.975997447967529297e+00
1.678370118141174316e+00
1.159747004508972168e+00
6.297027468681335449e-01
1.870593428611755371e-01
-1.779497265815734863e-01
-4.645071923732757568e-01
-6.680105924606323242e-01
-7.902332544326782227e-01
-8.974415659904479980e-01
-1.041482567787170410e+00
-1.213553190231323242e+00
-1.295372009277343750e+00
-1.197902321815490723e+00
-9.465234875679016113e-01
-7.249488830566406250e-01
-6.759725809097290039e-01
-7.481124997138977051e-01
-6.444863080978393555e-01
-9.604004025459289551e-02
8.561509847640991211e-01
1.725151062011718750e+00
1.887589454650878906e+00
1.042585372924804688e+00
-4.370827674865722656e-01
-1.702073574066162109e+00
-1.974925756454467773e+00
-1.146028876304626465e+00
1.523509025573730469e-01
9.883595705032348633e-01
8.471810817718505859e-01
-2.983687072992324829e-02
-8.538221120834350586e-01
-9.561432600021362305e-01
-2.823639810085296631e-01
5.871229171752929688e-01
9.515315890312194824e-01
5.209383368492126465e-01
-3.941386640071868896e-01
-1.211171150207519531e+00
-1.528664350509643555e+00
-1.372117519378662109e+00
-1.009423017501831055e+00
-6.221674680709838867e-01
-1.329681128263473511e-01
6.128725409507751465e-01
1.556372761726379395e+00
2.315962076187133789e+00
2.447275161743164062e+00
1.829253315925598145e+00
8.326439857482910156e-01
6.232281401753425598e-02
-1.154144704341888428e-01
1.423403620719909668e-01
3.222236335277557373e-01
4.033814370632171631e-02
-6.028459072113037109e-01
-1.103367328643798828e+00
-1.028190374374389648e+00
-4.194689095020294189e-01
2.161457687616348267e-01
3.785750269889831543e-01
3.523253649473190308e-02
-3.149742484092712402e-01
-1.224714815616607666e-01
6.747347116470336914e-01
1.487031936645507812e+00
1.554854869842529297e+00
6.110717654228210449e-01
-7.736645936965942383e-01
-1.597049832344055176e+00
-1.191370964050292969e+00
1.755687296390533447e-01
1.488596439361572266e+00
1.726853489875793457e+00
6.811248064041137695e-01
-9.291872978210449219e-01
-1.996567964553833008e+00
-1.908756256103515625e+00
-9.215203523635864258e-01
9.405177831649780273e-02
4.280365109443664551e-01
2.312022447586059570e-02
-5.355357527732849121e-01
-6.166403889656066895e-01
-1.926898956298828125e-02
8.770844936370849609e-01
1.526960611343383789e+00
1.603320717811584473e+00
1.213141322135925293e+00
6.335382461547851562e-01
9.510441124439239502e-02
-3.722664117813110352e-01
-7.178238630294799805e-01
-7.976723313331604004e-01
-3.854143619537353516e-01
4.725770652294158936e-01
1.363253831863403320e+00
1.624179840087890625e+00
9.059525728225708008e-01
-5.341780781745910645e-01
-1.863492727279663086e+00
-2.335431098937988281e+00
-1.805625557899475098e+00
-9.181076288223266602e-01
-5.002157688140869141e-01
-9.220933914184570312e-01
-1.688503742218017578e+00
-1.912676811218261719e+00
-1.004259228706359863e+00
7.230385541915893555e-01
2.343016386032104492e+00
2.971692800521850586e+00
2.530799388885498047e+00
1.671677470207214355e+00
1.242952585220336914e+00
1.470629096031188965e+00
1.879828929901123047e+00
1.702326059341430664e+00
7.015329599380493164e-01
-6.433197855949401855e-01
-1.461777448654174805e+00
-1.340449094772338867e+00
-6.201000213623046875e-01
-1.654579192399978638e-01
-4.843697249889373779e-01
-1.305837154388427734e+00
-1.702763557434082031e+00
-1.004984974861145020e+00
6.034617424011230469e-01
2.032479524612426758e+00
2.199337244033813477e+00
8.418834805488586426e-01
-1.121209144592285156e+00
-2.335080623626708984e+00
-1.934905290603637695e+00
-2.544891238212585449e-01
