9.209085106849670410e-01
8.739632964134216309e-01
8.621271699666976929e-02
-8.097975254058837891e-01
-1.524018526077270508e+00
-1.859542727470397949e+00
-1.817267417907714844e+00
-1.566137671470642090e+00
-1.273685932159423828e+00
-9.974157810211181641e-01
-7.021498680114746094e-01
-3.980082869529724121e-01
-2.138853669166564941e-01
-3.118701577186584473e-01
-6.823281049728393555e-01
-1.035659193992614746e+00
-9.382043480873107910e-01
-1.391617655754089355e-01
1.166338205337524414e+00
2.390623092651367188e+00
2.928524971008300781e+00
2.584821224212646484e+00
1.704847931861877441e+00
9.042943120002746582e-01
5.928618907928466797e-01
7.061495780944824219e-01
8.329427242279052734e-01
6.476855874061584473e-01
2.248619198799133301e-01
-1.569557189941406250e-02
2.669155597686767578e-01
9.723786115646362305e-01
1.545087695121765137e+00
1.413853764533996582e+00
4.693422913551330566e-01
-7.689051628112792969e-01
-1.531864881515502930e+00
-1.364992856979370117e+00
-4.983225464820861816e-01
3.593116104602813721e-01
5.429724454879760742e-01
-4.792502522468566895e-02
-9.488998651504516602e-01
-1.496697187423706055e+00
-1.373487710952758789e+00
-7.587581276893615723e-01
-1.500612795352935791e-01
9.717340767383575439e-02
-2.721044421195983887e-02
-2.269787490367889404e-01
-2.383950650691986084e-01
7.432430982589721680e-03
3.607433438301086426e-01
6.850464344024658203e-01
9.220270514488220215e-01
1.092754602432250977e+00
1.099196195602416992e+00
7.700738310813903809e-01
-2.647999674081802368e-02
-1.093498468399047852e+00
-1.950438618659973145e+00
-2.040403127670288086e+00
-1.200955629348754883e+00
2.206269949674606323e-01
1.509288668632507324e+00
2.131360054016113281e+00
2.023379802703857422e+00
1.622883796691894531e+00
1.376418352127075195e+00
1.411689043045043945e+00
1.391686201095581055e+00
9.481688737869262695e-01
2.452611923217773438e-02
-9.253790378570556641e-01
-1.351442217826843262e+00
-1.015765070915222168e+00
-3.024712204933166504e-01
1.445909887552261353e-01
-1.133695915341377258e-01
-8.485653400421142578e-01
-1.407703876495361328e+00
-1.175978899002075195e+00
-1.833817958831787109e-01
9.650144577026367188e-01
1.472580909729003906e+00
1.055351495742797852e+00
6.858719885349273682e-02
-7.131782174110412598e-01
-7.995495200157165527e-01
-2.664023041725158691e-01
2.725023925304412842e-01
2.799532115459442139e-01
-3.583893775939941406e-01
-1.192615866661071777e+00
-1.690973997116088867e+00
-1.582640767097473145e+00
-1.115796804428100586e+00
-7.092990279197692871e-01
-6.705660820007324219e-01
-8.840731382369995117e-01
-1.055535435676574707e+00
-9.204064607620239258e-01
-5.599004030227661133e-01
-2.122644782066345215e-01
-1.205233931541442871e-01
-2.145312130451202393e-01
-2.580746412277221680e-01
3.143064677715301514e-02
6.470320224761962891e-01
1.382642507553100586e+00
1.891503691673278809e+00
2.018294811248779297e+00
1.771107912063598633e+00
1.353602886199951172e+00
9.036484956741333008e-01
5.242632627487182617e-01
1.976532638072967529e-01
-3.036485612392425537e-02
-1.364239752292633057e-01
-5.177673697471618652e-02
1.715055704116821289e-01
4.623487293720245361e-01
6.693473458290100098e-01
7.268483638763427734e-01
5.671192407608032227e-01
2.221093177795410156e-01
-2.755832672119140625e-01
-7.581773400306701660e-01
-1.034492969512939453e+00
-8.818221688270568848e-01
-3.133180737495422363e-01
4.280745983123779297e-01
8.619790077209472656e-01
6.550228595733642578e-01
-1.942235231399536133e-01
-1.212942123413085938e+00
-1.834937095642089844e+00
-1.727381110191345215e+00
-1.122280597686767578e+00
-5.579133629798889160e-01
-5.109931826591491699e-01
-9.229446649551391602e-01
-1.313595294952392578e+00
-1.134089231491088867e+00
-3.510488867759704590e-01
5.186291933059692383e-01
7.122135162353515625e-01
-7.485443353652954102e-02
-1.440977573394775391e+00
-2.445504903793334961e+00
-2.351359128952026367e+00
-1.109154462814331055e+00
5.519524216651916504e-01
1.736390948295593262e+00
1.972406029701232910e+00
1.546088457107543945e+00
1.117398738861083984e+00
1.181000709533691406e+00
1.614741802215576172e+00
1.872584581375122070e+00
1.425710320472717285e+00
2.691001892089843750e-01
-1.106100082397460938e+00
-2.021016359329223633e+00
-2.106271266937255859e+00
-1.424772143363952637e+00
-3.649398684501647949e-01
6.933866739273071289e-01
1.481609702110290527e+00
1.851442217826843262e+00
1.662260770797729492e+00
8.934926986694335938e-01
-2.272500991821289062e-01
-1.134107351303100586e+00
-1.214788675308227539e+00
-2.267330884933471680e-01
1.368586778640747070e+00
2.617022275924682617e+00
2.655298233032226562e+00
1.367417812347412109e+00
-5.110659599304199219e-01
-1.876398086547851562e+00
-2.065044403076171875e+00
-1.283275008201599121e+00
-3.935567736625671387e-01
-1.665302515029907227e-01
-6.829482316970825195e-01
-1.310361981391906738e+00
-1.310869693756103516e+00
-4.927618503570556641e-01
6.025875806808471680e-01
1.178699731826782227e+00
8.684024810791015625e-01
5.597966909408569336e-02
-4.727684259414672852e-01
-2.230389118194580078e-01
5.606797337532043457e-01
1.100389122962951660e+00
7.690970897674560547e-01
-3.268336355686187744e-01
-1.382307767868041992e+00
-1.532868027687072754e+00
-5.672150850296020508e-01
8.744069933891296387e-01
1.790210247039794922e+00
1.584479689598083496e+00
5.111973881721496582e-01
-5.759927034378051758e-01
-9.053657054901123047e-01
-3.716452121734619141e-01
4.644800126552581787e-01
8.754879236221313477e-01
5.649726390838623047e-01
-1.609901040792465210e-01
-7.003778219223022461e-01
-6.806105971336364746e-01
-2.166124135255813599e-01
