5.091437101364135742e-01
5.122781395912170410e-01
-1.991883814334869385e-01
-1.040177941322326660e+00
-1.753818392753601074e+00
-1.911753535270690918e+00
-1.465298533439636230e+00
-6.041373610496520996e-01
7.901813089847564697e-02
1.931722909212112427e-01
-4.102067351341247559e-01
-1.296089529991149902e+00
-1.949366807937622070e+00
-1.895676851272583008e+00
-1.218234181404113770e+00
-2.646071016788482666e-01
4.087911844253540039e-01
6.164223551750183105e-01
4.404388964176177979e-01
3.162242174148559570e-01
4.937243163585662842e-01
1.021826267242431641e+00
1.526167273521423340e+00
1.652505278587341309e+00
1.161308765411376953e+00
2.950414717197418213e-01
-5.019143223762512207e-01
-6.806783080101013184e-01
-8.933144062757492065e-02
1.059844017028808594e+00
2.139960765838623047e+00
2.609519481658935547e+00
2.196987152099609375e+00
1.201095819473266602e+00
1.818478703498840332e-01
-2.687020897865295410e-01
-1.481274049729108810e-02
6.619222164154052734e-01
1.168892025947570801e+00
1.123644948005676270e+00
5.263325572013854980e-01
-1.676418036222457886e-01
-4.782543480396270752e-01
-1.851845383644104004e-01
4.421577751636505127e-01
9.259732365608215332e-01
8.869950175285339355e-01
3.788118362426757812e-01
-2.269433140754699707e-01
-5.028748512268066406e-01
-3.352836072444915771e-01
5.414486303925514221e-02
3.000970184803009033e-01
2.402393966913223267e-01
2.017161622643470764e-02
-5.222375690937042236e-02
1.688551306724548340e-01
4.943815469741821289e-01
5.198614597320556641e-01
-4.590432718396186829e-02
-1.096041679382324219e+00
-2.161750078201293945e+00
-2.697435379028320312e+00
-2.468722581863403320e+00
-1.658015847206115723e+00
-7.309809327125549316e-01
-6.359872967004776001e-02
2.324033081531524658e-01
3.342219293117523193e-01
4.337655901908874512e-01
6.135912537574768066e-01
7.661675214767456055e-01
8.122234940528869629e-01
7.529725432395935059e-01
7.376542687416076660e-01
8.269857168197631836e-01
9.603003859519958496e-01
8.958927392959594727e-01
5.045937299728393555e-01
-1.541434973478317261e-01
-7.237009406089782715e-01
-8.744572401046752930e-01
-4.553021788597106934e-01
2.720387578010559082e-01
8.932638764381408691e-01
1.004637479782104492e+00
5.742591023445129395e-01
-1.760845631361007690e-01
-8.275418281555175781e-01
-1.144170403480529785e+00
-1.058074593544006348e+00
-7.650047540664672852e-01
-4.331589043140411377e-01
-2.261849939823150635e-01
-1.236080229282379150e-01
-1.154685989022254944e-01
-1.095030605792999268e-01
-1.153169348835945129e-01
-9.570142626762390137e-02
-1.194624751806259155e-01
-1.934250742197036743e-01
-3.874568045139312744e-01
-6.276962161064147949e-01
-8.307268023490905762e-01
-7.913441061973571777e-01
-4.482244253158569336e-01
1.758317798376083374e-01
8.182901740074157715e-01
1.258830189704895020e+00
1.328899979591369629e+00
1.142906546592712402e+00
8.619195222854614258e-01
6.734488606452941895e-01
5.193053483963012695e-01
2.863965034484863281e-01
-1.789156645536422729e-01
-7.854291200637817383e-01
-1.362772107124328613e+00
-1.678490757942199707e+00
-1.733747839927673340e+00
-1.619441986083984375e+00
-1.487189054489135742e+00
-1.253167986869812012e+00
-7.496358752250671387e-01
1.819995492696762085e-01
1.331377148628234863e+00
2.238291025161743164e+00
2.373172998428344727e+00
1.651595234870910645e+00
4.909943342208862305e-01
-3.313402831554412842e-01
-3.009564578533172607e-01
5.288603305816650391e-01
1.482639074325561523e+00
1.825505971908569336e+00
1.223896384239196777e+00
2.856381796300411224e-02
-1.093968868255615234e+00
-1.621565341949462891e+00
-1.582031011581420898e+00
-1.378140926361083984e+00
-1.411153674125671387e+00
-1.668683052062988281e+00
-1.800430417060852051e+00
-1.453165292739868164e+00
-6.789088249206542969e-01
7.694536447525024414e-02
3.175891935825347900e-01
-5.156653746962547302e-02
-6.277973055839538574e-01
-8.349229097366333008e-01
-4.245139360427856445e-01
2.847787141799926758e-01
6.655622124671936035e-01
3.018664717674255371e-01
-6.119734644889831543e-01
-1.408575296401977539e+00
-1.429707527160644531e+00
-5.749163031578063965e-01
6.554005742073059082e-01
1.499372839927673340e+00
1.541536092758178711e+00
9.151543378829956055e-01
1.817973256111145020e-01
-2.035867124795913696e-01
-1.348313242197036743e-01
9.908863902091979980e-02
2.323021888732910156e-01
1.968122869729995728e-01
2.240111082792282104e-01
4.723899364471435547e-01
9.133343696594238281e-01
1.222632527351379395e+00
1.172430992126464844e+00
7.431142330169677734e-01
2.775492966175079346e-01
7.886646687984466553e-02
2.918059229850769043e-01
6.821444034576416016e-01
1.013130784034729004e+00
1.128599405288696289e+00
1.195989727973937988e+00
1.320912241935729980e+00
1.492042303085327148e+00
1.353621602058410645e+00
6.811332702636718750e-01
-4.847254455089569092e-01
-1.543760538101196289e+00
-1.884858012199401855e+00
-1.181278109550476074e+00
8.923032879829406738e-02
1.102765560150146484e+00
1.061967372894287109e+00
-1.046497374773025513e-02
-1.472932457923889160e+00
-2.314579248428344727e+00
-2.096837043762207031e+00
-1.031077980995178223e+00
1.112219411879777908e-03
3.455969095230102539e-01
-1.851339787244796753e-01
-1.008580803871154785e+00
-1.495631814002990723e+00
-1.217526435852050781e+00
-4.475671947002410889e-01
3.588424324989318848e-01
7.046921253204345703e-01
6.299712061882019043e-01
3.434230387210845947e-01
2.253255397081375122e-01
2.717354297637939453e-01
4.036345481872558594e-01
3.652629554271697998e-01
2.364982962608337402e-01
1.249224618077278137e-01
3.041920065879821777e-01
7.092926502227783203e-01
