1.002257466316223145e+00
1.004806280136108398e+00
6.147860288619995117e-01
-9.160980582237243652e-02
-7.103299498558044434e-01
-8.961643576622009277e-01
-6.440405845642089844e-01
-2.382349967956542969e-01
-3.247973322868347168e-02
-1.269286572933197021e-01
-3.298797011375427246e-01
-3.064761757850646973e-01
9.032517671585083008e-02
7.248544692993164062e-01
1.255649089813232422e+00
1.452980399131774902e+00
1.334800362586975098e+00
1.151367425918579102e+00
1.088440418243408203e+00
1.113212347030639648e+00
9.444723725318908691e-01
3.454703390598297119e-01
-6.791236400604248047e-01
-1.783032655715942383e+00
-2.538261175155639648e+00
-2.663702964782714844e+00
-2.229990005493164062e+00
-1.507891416549682617e+00
-8.008840084075927734e-01
-2.311019152402877808e-01
1.779173761606216431e-01
4.257147014141082764e-01
4.059587717056274414e-01
5.282652378082275391e-02
-5.527369976043701172e-01
-1.068090081214904785e+00
-1.118466377258300781e+00
-5.241509675979614258e-01
4.535182714462280273e-01
1.299180269241333008e+00
1.529275417327880859e+00
1.094060897827148438e+00
3.462985754013061523e-01
-1.845886409282684326e-01
-2.540144324302673340e-01
-6.030201911926269531e-03
1.407907605171203613e-01
-5.517049506306648254e-02
-4.886910617351531982e-01
-7.437765598297119141e-01
-5.334782004356384277e-01
6.419533491134643555e-02
5.715653896331787109e-01
5.615493655204772949e-01
-1.022261381149291992e-02
-6.406533718109130859e-01
-6.969851255416870117e-01
1.377271413803100586e-01
1.497051239013671875e+00
2.593104362487792969e+00
2.688823699951171875e+00
1.676531076431274414e+00
9.747794270515441895e-02
-1.167661190032958984e+00
-1.541887998580932617e+00
-1.021450042724609375e+00
-1.545103192329406738e-01
4.611972272396087646e-01
5.130785703659057617e-01
1.663680970668792725e-01
-2.273696511983871460e-01
-3.814868330955505371e-01
-3.248945176601409912e-01
-2.418186664581298828e-01
-3.176392316818237305e-01
-5.038557648658752441e-01
-6.324155330657958984e-01
-5.344719886779785156e-01
-2.696802616119384766e-01
-4.209131002426147461e-02
-9.305736422538757324e-02
-4.282478690147399902e-01
-8.381066322326660156e-01
-9.724790453910827637e-01
-6.545753479003906250e-01
2.826941013336181641e-02
6.996704339981079102e-01
9.994862079620361328e-01
7.727653980255126953e-01
2.477986067533493042e-01
-1.645509004592895508e-01
-1.018943488597869873e-01
4.265028834342956543e-01
1.060806512832641602e+00
1.259241104125976562e+00
7.249445915222167969e-01
-3.999614119529724121e-01
-1.517276048660278320e+00
-1.979772329330444336e+00
-1.463888764381408691e+00
-2.527217268943786621e-01
9.732335805892944336e-01
1.523753285408020020e+00
1.193104028701782227e+00
3.365302085876464844e-01
-3.538948893547058105e-01
-3.861386477947235107e-01
2.326652705669403076e-01
9.799924492835998535e-01
1.251473188400268555e+00
7.574596405029296875e-01
-2.455124855041503906e-01
-1.196405529975891113e+00
-1.590223431587219238e+00
-1.333245635032653809e+00
-6.977818012237548828e-01
-9.743499755859375000e-02
2.558320462703704834e-01
4.070787429809570312e-01
5.554074048995971680e-01
7.859115600585937500e-01
1.003475785255432129e+00
9.994167685508728027e-01
6.770046353340148926e-01
1.236607134342193604e-01
-4.287793934345245361e-01
-8.083693385124206543e-01
-9.828350543975830078e-01
-1.042366385459899902e+00
-1.034570932388305664e+00
-9.147663116455078125e-01
-5.919083356857299805e-01
-1.096065342426300049e-01
3.126626014709472656e-01
3.850438594818115234e-01
1.846611499786376953e-02
-5.424835085868835449e-01
-8.093082904815673828e-01
-4.113055467605590820e-01
6.030878424644470215e-01
1.708872079849243164e+00
2.243160009384155273e+00
1.847636938095092773e+00
7.510028481483459473e-01
-3.808268010616302490e-01
-8.802227973937988281e-01
-5.268070697784423828e-01
3.528525829315185547e-01
1.153889179229736328e+00
1.441771745681762695e+00
1.222423672676086426e+00
8.723727464675903320e-01
7.887644767761230469e-01
1.062093734741210938e+00
1.399008512496948242e+00
1.339818000793457031e+00
5.903819799423217773e-01
-7.631987929344177246e-01
-2.300601720809936523e+00
-3.497496843338012695e+00
-3.992947101593017578e+00
-3.722064495086669922e+00
-2.887794971466064453e+00
-1.824603557586669922e+00
-8.435826301574707031e-01
-1.347645521163940430e-01
2.708103060722351074e-01
4.693727791309356689e-01
6.123443245887756348e-01
8.052201867103576660e-01
1.045641899108886719e+00
1.221982717514038086e+00
1.204338550567626953e+00
9.495796561241149902e-01
5.521845221519470215e-01
1.797050237655639648e-01
-5.518797039985656738e-02
-1.886073648929595947e-01
-3.540970087051391602e-01
-6.343472003936767578e-01
-9.090487360954284668e-01
-8.787232637405395508e-01
-2.613388299942016602e-01
9.293515086174011230e-01
2.276920318603515625e+00
3.117422580718994141e+00
2.930605411529541016e+00
1.692813158035278320e+00
-3.417275100946426392e-02
-1.393344163894653320e+00
-1.717636585235595703e+00
-9.322462081909179688e-01
4.082953631877899170e-01
1.451294660568237305e+00
1.558714866638183594e+00
6.693048477172851562e-01
-6.856564879417419434e-01
-1.726298689842224121e+00
-1.885597467422485352e+00
-1.131790280342102051e+00
4.923612624406814575e-02
9.571856856346130371e-01
1.090560436248779297e+00
4.080825448036193848e-01
-6.861889362335205078e-01
-1.606185674667358398e+00
-1.921077013015747070e+00
-1.557382583618164062e+00
-7.768620252609252930e-01
3.188729286193847656e-02
5.812938809394836426e-01
8.019495606422424316e-01
7.858924865722656250e-01
6.531296372413635254e-01
4.491807222366333008e-01
1.574591398239135742e-01
-2.185075730085372925e-01
