2.902877330780029297e-01
2.824841737747192383e-01
-1.423295736312866211e-01
-4.211455583572387695e-01
-3.052039742469787598e-01
1.549229919910430908e-01
6.587591767311096191e-01
7.560466527938842773e-01
2.666113972663879395e-01
-6.092191934585571289e-01
-1.287307143211364746e+00
-1.264452815055847168e+00
-4.240958392620086670e-01
7.494720220565795898e-01
1.527533888816833496e+00
1.352174878120422363e+00
3.016733229160308838e-01
-1.008823633193969727e+00
-1.759121537208557129e+00
-1.531722545623779297e+00
-4.969992339611053467e-01
6.710924506187438965e-01
1.339273929595947266e+00
1.249545335769653320e+00
6.726885437965393066e-01
5.193206667900085449e-02
-3.118948340415954590e-01
-5.065726637840270996e-01
-7.780281305313110352e-01
-1.259478569030761719e+00
-1.702902913093566895e+00
-1.672402262687683105e+00
-8.689589500427246094e-01
4.813989996910095215e-01
1.708573102951049805e+00
2.058214187622070312e+00
1.272399425506591797e+00
-2.160649150609970093e-01
-1.477406859397888184e+00
-1.726541638374328613e+00
-8.173199892044067383e-01
6.254901289939880371e-01
1.655970454216003418e+00
1.617678999900817871e+00
5.877280235290527344e-01
-7.278634309768676758e-01
-1.479875802993774414e+00
-1.245113611221313477e+00
-2.323040664196014404e-01
9.337514638900756836e-01
1.683868646621704102e+00
1.850280284881591797e+00
1.663532733917236328e+00
1.468684673309326172e+00
1.404155492782592773e+00
1.329126477241516113e+00
1.003467082977294922e+00
3.682245910167694092e-01
-3.665225505828857422e-01
-8.523426055908203125e-01
-9.020777940750122070e-01
-6.212291121482849121e-01
-3.455758094787597656e-01
-3.326225578784942627e-01
-5.756066441535949707e-01
-7.769505381584167480e-01
-6.383982896804809570e-01
-9.227603673934936523e-02
5.653927922248840332e-01
9.176639318466186523e-01
6.805862784385681152e-01
-3.382042050361633301e-02
-8.521792888641357422e-01
-1.350395798683166504e+00
-1.399335265159606934e+00
-1.158005475997924805e+00
-9.781407713890075684e-01
-1.049655199050903320e+00
-1.323377013206481934e+00
-1.486678123474121094e+00
-1.277344226837158203e+00
-6.117063164710998535e-01
2.625942230224609375e-01
9.906941652297973633e-01
1.230141043663024902e+00
9.268169999122619629e-01
2.424417436122894287e-01
-4.396840929985046387e-01
-7.994499802589416504e-01
-6.237561702728271484e-01
1.486778259277343750e-03
8.408687114715576172e-01
1.514969110488891602e+00
1.796172499656677246e+00
1.615003228187561035e+00
1.201982378959655762e+00
8.318851590156555176e-01
7.596457600593566895e-01
9.409975409507751465e-01
1.185285449028015137e+00
1.180229067802429199e+00
8.320677876472473145e-01
2.069755941629409790e-01
-4.155320823192596436e-01
-8.763213753700256348e-01
-1.112781047821044922e+00
-1.273637771606445312e+00
-1.406867504119873047e+00
-1.488197684288024902e+00
-1.305249810218811035e+00
-7.986357808113098145e-01
-7.046216726303100586e-02
4.803999066352844238e-01
5.576589703559875488e-01
8.890336751937866211e-02
-5.316593647003173828e-01
-8.207817077636718750e-01
-4.314086139202117920e-01
4.348520934581756592e-01
1.273154973983764648e+00
1.499628186225891113e+00
1.012064695358276367e+00
1.311015188694000244e-01
-5.153483152389526367e-01
-5.931200981140136719e-01
-1.644023954868316650e-01
2.681600451469421387e-01
3.164894282817840576e-01
-1.092842221260070801e-01
-6.208431720733642578e-01
-8.302379846572875977e-01
-5.624185800552368164e-01
-1.403665840625762939e-01
1.773711293935775757e-02
-3.607635498046875000e-01
-1.020174503326416016e+00
-1.480103015899658203e+00
-1.288462996482849121e+00
-5.073872804641723633e-01
4.445174336433410645e-01
9.911887049674987793e-01
9.559904336929321289e-01
5.503200888633728027e-01
2.788861393928527832e-01
3.828322887420654297e-01
7.411088347434997559e-01
8.654248118400573730e-01
4.440529346466064453e-01
-4.491450190544128418e-01
-1.235528111457824707e+00
-1.339586734771728516e+00
-5.269038677215576172e-01
7.814750075340270996e-01
1.872743129730224609e+00
2.124711036682128906e+00
1.517785906791687012e+00
5.160513520240783691e-01
-2.041873931884765625e-01
-3.452355861663818359e-01
-8.232313394546508789e-02
3.651028871536254883e-02
-3.453439474105834961e-01
-1.142322301864624023e+00
-1.764886140823364258e+00
-1.628986835479736328e+00
-5.616532564163208008e-01
9.081299901008605957e-01
1.901661038398742676e+00
1.698332071304321289e+00
3.208880722522735596e-01
-1.463884115219116211e+00
-2.537820577621459961e+00
-2.202990055084228516e+00
-6.106507182121276855e-01
1.242783188819885254e+00
2.187647819519042969e+00
1.592501997947692871e+00
-1.636285781860351562e-01
-1.960932731628417969e+00
-2.624043464660644531e+00
-1.725160121917724609e+00
1.694561839103698730e-01
1.850980281829833984e+00
2.294964075088500977e+00
1.303312301635742188e+00
-3.734031915664672852e-01
-1.581797003746032715e+00
-1.516945004463195801e+00
-2.291337996721267700e-01
1.486852049827575684e+00
2.659632205963134766e+00
2.763607501983642578e+00
1.967927217483520508e+00
8.788334131240844727e-01
5.164575576782226562e-02
-3.711264729499816895e-01
-6.162676811218261719e-01
-9.650771021842956543e-01
-1.422672390937805176e+00
-1.702126264572143555e+00
-1.466522693634033203e+00
-6.875819563865661621e-01
2.810397744178771973e-01
8.849822282791137695e-01
7.786441445350646973e-01
3.417434170842170715e-02
-8.747531175613403320e-01
-1.433959126472473145e+00
-1.368626236915588379e+00
-8.113915920257568359e-01
-9.935361146926879883e-02
4.309588670730590820e-01
6.823757886886596680e-01
7.193136811256408691e-01
6.885434985160827637e-01
6.249777078628540039e-01
5.065152645111083984e-01
