-3.828078508377075195e-03
4.263728857040405273e-02
5.424289107322692871e-01
3.254531621932983398e-01
-6.762844324111938477e-01
-1.887436270713806152e+00
-2.570601463317871094e+00
-2.287785053253173828e+00
-1.318366289138793945e+00
-3.179943263530731201e-01
1.534445881843566895e-01
1.734987050294876099e-01
2.629861533641815186e-01
9.483411312103271484e-01
2.132830619812011719e+00
3.155272960662841797e+00
3.221364021301269531e+00
2.158581972122192383e+00
5.617522597312927246e-01
-5.252595543861389160e-01
-4.492471814155578613e-01
6.353794336318969727e-01
1.834301471710205078e+00
2.264551162719726562e+00
1.637710571289062500e+00
4.729742407798767090e-01
-4.265587031841278076e-01
-5.426044464111328125e-01
-3.586179390549659729e-02
5.366149544715881348e-01
6.653609275817871094e-01
3.076661825180053711e-01
-2.238406836986541748e-01
-5.664027929306030273e-01
-6.569979190826416016e-01
-6.797404885292053223e-01
-8.423711061477661133e-01
-1.094315886497497559e+00
-1.201110959053039551e+00
-9.677083492279052734e-01
-5.000489950180053711e-01
-1.324327588081359863e-01
-1.596900373697280884e-01
-5.442014932632446289e-01
-9.484637975692749023e-01
-1.013331055641174316e+00
-7.044847011566162109e-01
-3.558376431465148926e-01
-3.905969560146331787e-01
-9.332852959632873535e-01
-1.670691251754760742e+00
-2.082334518432617188e+00
-1.862309694290161133e+00
-1.175395250320434570e+00
-5.092740058898925781e-01
-2.801724970340728760e-01
-4.826616942882537842e-01
-7.326769828796386719e-01
-5.953660011291503906e-01
1.266361027956008911e-02
7.702949643135070801e-01
1.200221538543701172e+00
1.096160531044006348e+00
6.569177508354187012e-01
3.349207639694213867e-01
4.202653169631958008e-01
8.407531976699829102e-01
1.211586236953735352e+00
1.216582179069519043e+00
8.442745208740234375e-01
4.325882196426391602e-01
3.263306021690368652e-01
6.230414509773254395e-01
1.046011567115783691e+00
1.226098656654357910e+00
9.670993089675903320e-01
4.565656185150146484e-01
5.408433824777603149e-02
3.637079894542694092e-02
3.125673830509185791e-01
5.556856393814086914e-01
4.273113608360290527e-01
-5.863547325134277344e-02
-5.708744525909423828e-01
-6.298567652702331543e-01
-5.816948413848876953e-02
9.006874561309814453e-01
1.615039944648742676e+00
1.532625675201416016e+00
4.901250004768371582e-01
-1.045213818550109863e+00
-2.285117149353027344e+00
-2.483494281768798828e+00
-1.469166040420532227e+00
3.039757311344146729e-01
1.902645587921142578e+00
2.504406929016113281e+00
1.767781972885131836e+00
8.481431007385253906e-02
-1.748116970062255859e+00
-2.910618782043457031e+00
-3.085800409317016602e+00
-2.476278066635131836e+00
-1.672356009483337402e+00
-1.145634412765502930e+00
-1.057509422302246094e+00
-1.152549982070922852e+00
-1.112328529357910156e+00
-7.299911379814147949e-01
-1.253135204315185547e-01
4.773459136486053467e-01
8.508530259132385254e-01
9.917600750923156738e-01
9.616382122039794922e-01
8.515736460685729980e-01
6.011867523193359375e-01
1.766842603683471680e-01
-3.975365757942199707e-01
-8.736628293991088867e-01
-9.961953759193420410e-01
-6.135272383689880371e-01
9.378018230199813843e-02
7.808635830879211426e-01
1.085498332977294922e+00
9.541620016098022461e-01
5.740077495574951172e-01
2.899778783321380615e-01
2.684123516082763672e-01
4.780697822570800781e-01
6.927990913391113281e-01
7.782962322235107422e-01
7.232154607772827148e-01
6.753268837928771973e-01
6.978486180305480957e-01
7.460818290710449219e-01
6.375473737716674805e-01
2.819886207580566406e-01
-2.709097564220428467e-01
-7.763246297836303711e-01
-1.018688917160034180e+00
-8.822656869888305664e-01
-4.523432254791259766e-01
1.316657513380050659e-01
7.087358236312866211e-01
1.195512771606445312e+00
1.489321470260620117e+00
1.510786294937133789e+00
1.207574248313903809e+00
6.784596443176269531e-01
1.286519169807434082e-01
-2.220744490623474121e-01
-3.486751914024353027e-01
-4.270577430725097656e-01
-7.048106789588928223e-01
-1.205720186233520508e+00
-1.640571951866149902e+00
-1.562849879264831543e+00
-7.939522266387939453e-01
3.351627290248870850e-01
1.077942490577697754e+00
8.076184391975402832e-01
-4.662518501281738281e-01
-1.974846601486206055e+00
-2.671887874603271484e+00
-1.970212817192077637e+00
-2.215371131896972656e-01
1.493608951568603516e+00
2.109257221221923828e+00
1.329124450683593750e+00
-1.788505017757415771e-01
-1.301783680915832520e+00
-1.284381508827209473e+00
-2.460918426513671875e-01
1.001629471778869629e+00
1.585205197334289551e+00
1.207458972930908203e+00
2.396131157875061035e-01
-6.462817192077636719e-01
-1.036939144134521484e+00
-9.812178611755371094e-01
-8.218554854393005371e-01
-7.797933220863342285e-01
-8.001670837402343750e-01
-6.429117321968078613e-01
-2.285554707050323486e-01
2.670568227767944336e-01
5.253466367721557617e-01
4.398382604122161865e-01
2.051104307174682617e-01
1.985659599304199219e-01
5.821590423583984375e-01
1.174245715141296387e+00
1.539034605026245117e+00
1.428132534027099609e+00
9.622026681900024414e-01
5.996159315109252930e-01
6.713575720787048340e-01
1.137727260589599609e+00
1.544124484062194824e+00
1.486215591430664062e+00
9.151331782341003418e-01
2.759326100349426270e-01
6.416648626327514648e-02
4.588377475738525391e-01
1.065662503242492676e+00
1.306332945823669434e+00
8.180513978004455566e-01
-1.634959876537322998e-01
-1.081411719322204590e+00
-1.430667638778686523e+00
-1.242208480834960938e+00
-9.222688674926757812e-01
-9.441432952880859375e-01
-1.331362843513488770e+00
-1.712961912155151367e+00
-1.571428656578063965e+00
-7.927133440971374512e-01
