4.128699898719787598e-01
4.235852062702178955e-01
-6.491601467132568359e-03
-2.138560712337493896e-01
-7.558985054492950439e-02
2.346737682819366455e-01
3.895649611949920654e-01
2.234560698270797729e-01
-1.647760123014450073e-01
-4.898408055305480957e-01
-5.479921698570251465e-01
-3.275309205055236816e-01
1.944260299205780029e-02
3.811396062374114990e-01
7.449563145637512207e-01
1.152393102645874023e+00
1.511023640632629395e+00
1.583199024200439453e+00
1.111710190773010254e+00
1.005351468920707703e-01
-1.103773713111877441e+00
-1.942693591117858887e+00
-2.026243686676025391e+00
-1.376327037811279297e+00
-4.460258483886718750e-01
2.126826047897338867e-01
2.792511284351348877e-01
-1.361825019121170044e-01
-6.515938043594360352e-01
-8.773745298385620117e-01
-6.824250221252441406e-01
-1.973432600498199463e-01
2.975089848041534424e-01
5.739997625350952148e-01
5.183612108230590820e-01
1.579104512929916382e-01
-4.022742807865142822e-01
-9.687380790710449219e-01
-1.317563772201538086e+00
-1.241897821426391602e+00
-6.965783834457397461e-01
1.633551269769668579e-01
1.008262038230895996e+00
1.538478612899780273e+00
1.621638298034667969e+00
1.365007996559143066e+00
9.656778573989868164e-01
5.788043737411499023e-01
2.186544388532638550e-01
-1.296369284391403198e-01
-4.189981818199157715e-01
-4.849674105644226074e-01
-2.116348147392272949e-01
3.343839049339294434e-01
8.416302204132080078e-01
9.756275415420532227e-01
6.099631786346435547e-01
-1.460924744606018066e-02
-4.875345230102539062e-01
-5.210400819778442383e-01
-2.175304889678955078e-01
4.748868942260742188e-02
-7.137759029865264893e-02
-5.337489247322082520e-01
-9.413259029388427734e-01
-8.296896815299987793e-01
-1.177509427070617676e-01
7.905936241149902344e-01
1.238176465034484863e+00
8.445219993591308594e-01
-2.124815732240676880e-01
-1.254278540611267090e+00
-1.601280093193054199e+00
-9.980299472808837891e-01
2.032578289508819580e-01
1.349501967430114746e+00
1.885694503784179688e+00
1.693675279617309570e+00
1.026003479957580566e+00
2.973630726337432861e-01
-2.248017787933349609e-01
-4.628500938415527344e-01
-5.132246017456054688e-01
-4.824525415897369385e-01
-4.803603887557983398e-01
-5.588011145591735840e-01
-7.466487288475036621e-01
-9.574866294860839844e-01
-1.041602849960327148e+00
-8.286777734756469727e-01
-3.380134105682373047e-01
2.040475010871887207e-01
4.319654107093811035e-01
1.626925766468048096e-01
-4.572315812110900879e-01
-9.645456075668334961e-01
-9.685599803924560547e-01
-4.425109028816223145e-01
1.605047583580017090e-01
2.988246679306030273e-01
-2.432509660720825195e-01
-1.065670967102050781e+00
-1.466413855552673340e+00
-9.440087676048278809e-01
3.056797385215759277e-01
1.519955873489379883e+00
1.859446525573730469e+00
1.094709634780883789e+00
-2.569876909255981445e-01
-1.243519306182861328e+00
-1.215589523315429688e+00
-2.071175575256347656e-01
1.086502790451049805e+00
1.891535997390747070e+00
1.811109066009521484e+00
1.045932650566101074e+00
7.123899459838867188e-02
-6.703913807868957520e-01
-1.033326387405395508e+00
-1.020969152450561523e+00
-6.949757337570190430e-01
-6.821748614311218262e-02
7.036088705062866211e-01
1.316348552703857422e+00
1.382466673851013184e+00
8.176763057708740234e-01
-3.598795831203460693e-02
-5.031265616416931152e-01
-1.434637904167175293e-01
8.871400356292724609e-01
1.777599811553955078e+00
1.681668519973754883e+00
3.302467465400695801e-01
-1.609287381172180176e+00
-3.000852108001708984e+00
-2.965630531311035156e+00
-1.565696477890014648e+00
3.241835534572601318e-01
1.598431229591369629e+00
1.746885418891906738e+00
1.038051724433898926e+00
2.306109964847564697e-01
-1.471080780029296875e-01
-8.980080485343933105e-02
-3.280030190944671631e-02
-2.885928750038146973e-01
-7.898781299591064453e-01
-1.115230202674865723e+00
-9.846358299255371094e-01
-4.934100210666656494e-01
-1.025172844529151917e-01
-1.471195816993713379e-01
-5.739180445671081543e-01
-9.136070609092712402e-01
-7.725217938423156738e-01
-1.479287445545196533e-01
4.781656563282012939e-01
6.130315065383911133e-01
1.220083832740783691e-01
-5.909475088119506836e-01
-1.000391960144042969e+00
-8.536170125007629395e-01
-4.245694875717163086e-01
-1.522313356399536133e-01
-2.434908747673034668e-01
-3.735733628273010254e-01
-3.183117508888244629e-02
1.017105340957641602e+00
2.327419996261596680e+00
3.068269014358520508e+00
2.574366807937622070e+00
9.708899259567260742e-01
-8.976525068283081055e-01
-1.953916907310485840e+00
-1.676036715507507324e+00
-3.557675778865814209e-01
1.096031308174133301e+00
1.843162775039672852e+00
1.555757999420166016e+00
5.539743900299072266e-01
-5.782569050788879395e-01
-1.304056167602539062e+00
-1.398236632347106934e+00
-8.506430983543395996e-01
1.466820240020751953e-01
1.291977882385253906e+00
2.121273040771484375e+00
2.218280792236328125e+00
1.430533051490783691e+00
1.511710584163665771e-01
-8.600010275840759277e-01
-8.906787633895874023e-01
1.133272945880889893e-01
1.456632137298583984e+00
2.072690010070800781e+00
1.359730005264282227e+00
-3.618074059486389160e-01
-1.966034531593322754e+00
-2.379296064376831055e+00
-1.332931518554687500e+00
3.747537136077880859e-01
1.526820063591003418e+00
1.349178314208984375e+00
1.047762930393218994e-01
-1.223399519920349121e+00
-1.691484689712524414e+00
-1.156656861305236816e+00
-2.640249133110046387e-01
1.115248501300811768e-01
-3.482547104358673096e-01
-1.218102455139160156e+00
-1.686044454574584961e+00
-1.290112495422363281e+00
-2.397760450839996338e-01
7.596199512481689453e-01
1.146978616714477539e+00
8.928476572036743164e-01
