1.005083203315734863e+00
9.558609724044799805e-01
-2.040330171585083008e-01
-5.468845367431640625e-01
1.874847412109375000e-01
1.401537656784057617e+00
2.023040294647216797e+00
1.291675567626953125e+00
-6.276707649230957031e-01
-2.703748464584350586e+00
-3.759001731872558594e+00
-3.301613092422485352e+00
-1.841226935386657715e+00
-4.503586292266845703e-01
6.016552448272705078e-02
-2.918789982795715332e-01
-7.916793227195739746e-01
-6.985366940498352051e-01
1.001180782914161682e-01
1.023485422134399414e+00
1.322360277175903320e+00
7.834255695343017578e-01
-4.927414655685424805e-02
-2.844275236129760742e-01
5.437107086181640625e-01
2.047441244125366211e+00
3.191673278808593750e+00
3.079672813415527344e+00
1.609465360641479492e+00
-4.186187982559204102e-01
-1.916059136390686035e+00
-2.251833200454711914e+00
-1.660172343254089355e+00
-9.137545228004455566e-01
-6.820049881935119629e-01
-9.869287014007568359e-01
-1.306784033775329590e+00
-1.053889513015747070e+00
-1.570041179656982422e-01
8.972423076629638672e-01
1.427714943885803223e+00
1.156097412109375000e+00
3.883786499500274658e-01
-1.978593021631240845e-01
-1.389532983303070068e-01
5.198757648468017578e-01
1.260911941528320312e+00
1.588497519493103027e+00
1.368398189544677734e+00
9.302949309349060059e-01
6.893771886825561523e-01
8.263447880744934082e-01
1.109632134437561035e+00
1.185322999954223633e+00
8.658227920532226562e-01
3.531833291053771973e-01
1.945018768310546875e-03
5.230949819087982178e-02
3.555767238140106201e-01
5.627014040946960449e-01
3.760533034801483154e-01
-1.168912798166275024e-01
-5.707520842552185059e-01
-6.148149371147155762e-01
-2.479724586009979248e-01
1.911489665508270264e-01
2.133551239967346191e-01
-3.747839927673339844e-01
-1.376453638076782227e+00
-2.266948938369750977e+00
-2.612803936004638672e+00
-2.254479169845581055e+00
-1.401987552642822266e+00
-3.578743934631347656e-01
6.082470417022705078e-01
1.388661503791809082e+00
1.862264633178710938e+00
1.904026985168457031e+00
1.377761483192443848e+00
3.956477344036102295e-01
-6.685273051261901855e-01
-1.250975012779235840e+00
-1.034415960311889648e+00
-1.567026078701019287e-01
7.337452769279479980e-01
9.565093517303466797e-01
2.132959216833114624e-01
-1.092613935470581055e+00
-2.180436134338378906e+00
-2.360745668411254883e+00
-1.589519500732421875e+00
-4.210726618766784668e-01
3.372521698474884033e-01
2.719011306762695312e-01
-4.349375665187835693e-01
-1.115982294082641602e+00
-1.211930751800537109e+00
-6.064034700393676758e-01
2.614200413227081299e-01
8.435052633285522461e-01
8.373687267303466797e-01
4.512443840503692627e-01
1.256488412618637085e-01
2.298991531133651733e-01
7.254058122634887695e-01
1.298721909523010254e+00
1.580468654632568359e+00
1.488615632057189941e+00
1.188518285751342773e+00
9.661661386489868164e-01
9.134157896041870117e-01
9.287158250808715820e-01
7.913798093795776367e-01
4.507199227809906006e-01
4.378761351108551025e-02
-1.612306833267211914e-01
-5.721920728683471680e-02
2.299555093050003052e-01
3.597759008407592773e-01
7.816138863563537598e-02
-6.261966228485107422e-01
-1.442721962928771973e+00
-1.982298254966735840e+00
-1.978948712348937988e+00
-1.499638557434082031e+00
-8.378834724426269531e-01
-3.693987131118774414e-01
-2.840668261051177979e-01
-5.368849635124206543e-01
-8.512480258941650391e-01
-9.216743707656860352e-01
-5.511395931243896484e-01
1.990215182304382324e-01
1.047880411148071289e+00
1.583379268646240234e+00
1.506611824035644531e+00
7.832599878311157227e-01
-2.625490427017211914e-01
-1.127204656600952148e+00
-1.381526231765747070e+00
-9.656503796577453613e-01
-2.187145650386810303e-01
3.088385462760925293e-01
2.488634586334228516e-01
-3.525352180004119873e-01
-1.047153711318969727e+00
-1.323745489120483398e+00
-9.659633040428161621e-01
-2.125840783119201660e-01
4.472362101078033447e-01
6.351470947265625000e-01
3.658583462238311768e-01
-1.627117022871971130e-02
-1.418392062187194824e-01
5.973923578858375549e-02
3.128532767295837402e-01
2.542978525161743164e-01
-2.200359851121902466e-01
-8.136934041976928711e-01
-1.030209779739379883e+00
-5.545794963836669922e-01
4.789598584175109863e-01
1.564907550811767578e+00
2.167534828186035156e+00
2.080154180526733398e+00
1.501306295394897461e+00
8.292610645294189453e-01
3.370912969112396240e-01
4.383230209350585938e-02
-1.867646276950836182e-01
-3.939545750617980957e-01
-4.388410449028015137e-01
-1.233798041939735413e-01
5.335589647293090820e-01
1.207123517990112305e+00
1.415857195854187012e+00
8.953830599784851074e-01
-1.871882081031799316e-01
-1.289899110794067383e+00
-1.896107554435729980e+00
-1.845640778541564941e+00
-1.435087442398071289e+00
-1.105068325996398926e+00
-1.080782175064086914e+00
-1.163885474205017090e+00
-9.578050374984741211e-01
-2.203211784362792969e-01
8.452112078666687012e-01
1.735640287399291992e+00
1.993039369583129883e+00
1.588682174682617188e+00
9.071035385131835938e-01
4.689195156097412109e-01
5.022812485694885254e-01
8.304452896118164062e-01
1.037580609321594238e+00
8.701190948486328125e-01
4.127494990825653076e-01
1.902323961257934570e-02
-4.066711664199829102e-02
2.205118536949157715e-01
5.022211074829101562e-01
5.327807664871215820e-01
2.727095186710357666e-01
-3.231647610664367676e-02
-1.313580870628356934e-01
1.762688905000686646e-02
1.612907946109771729e-01
1.384930312633514404e-02
-5.063324570655822754e-01
-1.136314272880554199e+00
-1.498645663261413574e+00
-1.362040758132934570e+00
-8.577984571456909180e-01
-3.186708688735961914e-01
-3.487282991409301758e-02
1.576513051986694336e-03
