-1.885370135307312012e+00
-1.946521282196044922e+00
-2.162790536880493164e+00
-1.953950524330139160e+00
-1.348027110099792480e+00
-5.947153568267822266e-01
1.331466585397720337e-01
7.106928229331970215e-01
1.182277917861938477e+00
1.507276415824890137e+00
1.635044693946838379e+00
1.408277273178100586e+00
8.536652326583862305e-01
1.186844408512115479e-01
-4.334036111831665039e-01
-5.798645019531250000e-01
-2.492180764675140381e-01
3.015672564506530762e-01
8.284695744514465332e-01
1.144667387008666992e+00
1.362500548362731934e+00
1.594021439552307129e+00
1.912949919700622559e+00
2.083000183105468750e+00
1.869142293930053711e+00
1.120094537734985352e+00
1.178569197654724121e-01
-7.031385898590087891e-01
-8.953386545181274414e-01
-4.891774356365203857e-01
1.509307771921157837e-01
4.237831234931945801e-01
8.228348195552825928e-02
-7.332060933113098145e-01
-1.440348148345947266e+00
-1.595356941223144531e+00
-1.057415604591369629e+00
-2.343553453683853149e-01
3.806685209274291992e-01
4.060333967208862305e-01
-3.014078736305236816e-02
-5.784096121788024902e-01
-7.891955375671386719e-01
-5.752289891242980957e-01
-7.014815509319305420e-02
3.594045937061309814e-01
5.391215085983276367e-01
4.152394533157348633e-01
1.828595101833343506e-01
-5.048671364784240723e-02
-1.817060559988021851e-01
-2.875682711601257324e-01
-3.610408604145050049e-01
-4.395179152488708496e-01
-4.424983263015747070e-01
-4.128164649009704590e-01
-3.676331043243408203e-01
-4.382959604263305664e-01
-6.151389479637145996e-01
-8.741779327392578125e-01
-1.028110146522521973e+00
-9.810466170310974121e-01
-6.396239399909973145e-01
-1.130043715238571167e-01
4.773323535919189453e-01
8.928766250610351562e-01
1.003726243972778320e+00
6.959341168403625488e-01
8.309027552604675293e-02
-6.375968456268310547e-01
-1.100131630897521973e+00
-1.071580171585083008e+00
-4.693991541862487793e-01
4.239537715911865234e-01
1.205746531486511230e+00
1.452703237533569336e+00
1.086826086044311523e+00
3.064900636672973633e-01
-4.298068881034851074e-01
-7.928612828254699707e-01
-6.470609307289123535e-01
-1.708073914051055908e-01
4.276752769947052002e-01
9.695906043052673340e-01
1.463625192642211914e+00
1.896450877189636230e+00
2.216221570968627930e+00
2.220297098159790039e+00
1.791233301162719727e+00
9.702792167663574219e-01
8.808252215385437012e-02
-4.828193187713623047e-01
-4.996660947799682617e-01
-9.646483510732650757e-02
3.581463992595672607e-01
4.360344707965850830e-01
-1.237401366233825684e-02
-8.311170935630798340e-01
-1.615333795547485352e+00
-2.018772125244140625e+00
-1.886064410209655762e+00
-1.348608016967773438e+00
-6.739107966423034668e-01
-1.679128110408782959e-01
-2.062359452247619629e-02
-2.872912287712097168e-01
-8.338332176208496094e-01
-1.397419214248657227e+00
-1.648184657096862793e+00
-1.377034902572631836e+00
-6.310484409332275391e-01
2.293683290481567383e-01
7.145365476608276367e-01
4.949274957180023193e-01
-3.442044258117675781e-01
-1.312719345092773438e+00
-1.803346991539001465e+00
-1.483801484107971191e+00
-5.157951116561889648e-01
5.719149708747863770e-01
1.247673034667968750e+00
1.337546467781066895e+00
1.069809317588806152e+00
8.422376513481140137e-01
8.550082445144653320e-01
9.801737070083618164e-01
8.979496359825134277e-01
4.528983235359191895e-01
-1.698914766311645508e-01
-5.161471366882324219e-01
-2.471849024295806885e-01
5.948159098625183105e-01
1.528996586799621582e+00
1.987068772315979004e+00
1.664323210716247559e+00
7.590687870979309082e-01
-2.238335013389587402e-01
-7.809096574783325195e-01
-7.653841972351074219e-01
-3.632343709468841553e-01
5.790622532367706299e-02
2.800280153751373291e-01
2.928040027618408203e-01
2.742748260498046875e-01
3.484565615653991699e-01
5.416198372840881348e-01
7.313354015350341797e-01
8.140395879745483398e-01
7.081066370010375977e-01
4.229259490966796875e-01
-4.758644104003906250e-02
-6.549720764160156250e-01
-1.331631898880004883e+00
-1.893761277198791504e+00
-2.175275802612304688e+00
-2.069195508956909180e+00
-1.687373995780944824e+00
-1.233201026916503906e+00
-9.147492051124572754e-01
-7.149780988693237305e-01
-4.744893312454223633e-01
6.777912378311157227e-03
6.747695207595825195e-01
1.251996874809265137e+00
1.351945281028747559e+00
8.634817600250244141e-01
4.458317160606384277e-02
-5.414753556251525879e-01
-4.769946932792663574e-01
2.443145811557769775e-01
1.113124608993530273e+00
1.504995346069335938e+00
1.067413091659545898e+00
3.983186185359954834e-02
-9.672411084175109863e-01
-1.336502790451049805e+00
-9.087860584259033203e-01
1.025319099426269531e-02
8.668077588081359863e-01
1.314698815345764160e+00
1.352223515510559082e+00
1.255875587463378906e+00
1.213046431541442871e+00
1.164052486419677734e+00
8.209030032157897949e-01
1.050019264221191406e-02
-1.119758129119873047e+00
-2.075069427490234375e+00
-2.358814954757690430e+00
-1.797574043273925781e+00
-7.237374186515808105e-01
2.636410892009735107e-01
6.714150905609130859e-01
4.607559442520141602e-01
9.696722030639648438e-03
-1.708925962448120117e-01
1.545063257217407227e-01
7.974444627761840820e-01
1.283923864364624023e+00
1.228780388832092285e+00
6.101192235946655273e-01
-2.089170813560485840e-01
-7.474547624588012695e-01
-7.425556182861328125e-01
-3.174188137054443359e-01
1.249745786190032959e-01
2.053585946559906006e-01
-1.775107532739639282e-01
-7.835066318511962891e-01
-1.227620959281921387e+00
-1.227853059768676758e+00
-7.902281880378723145e-01
-1.426955461502075195e-01
4.261416196823120117e-01
7.847236394882202148e-01
9.701103568077087402e-01
1.128019094467163086e+00
