1.359899878501892090e+00
1.313918352127075195e+00
1.229860186576843262e+00
1.179336071014404297e+00
9.843338131904602051e-01
5.836117267608642578e-01
8.781120181083679199e-02
-2.403321266174316406e-01
-2.164542078971862793e-01
1.532272398471832275e-01
6.207284331321716309e-01
9.043073058128356934e-01
8.392468690872192383e-01
5.175627470016479492e-01
1.299265325069427490e-01
-1.558103114366531372e-01
-3.899399936199188232e-01
-7.171617746353149414e-01
-1.257956624031066895e+00
-1.875877857208251953e+00
-2.267758846282958984e+00
-2.099826335906982422e+00
-1.348390579223632812e+00
-3.370636105537414551e-01
3.452303707599639893e-01
2.695790529251098633e-01
-6.060787439346313477e-01
-1.794762134552001953e+00
-2.630735158920288086e+00
-2.597632408142089844e+00
-1.733333826065063477e+00
-5.237395167350769043e-01
3.224042654037475586e-01
4.072530865669250488e-01
-1.928910315036773682e-01
-9.094882011413574219e-01
-1.141791224479675293e+00
-5.608730912208557129e-01
6.123759746551513672e-01
1.848914027214050293e+00
2.567881822586059570e+00
2.561423063278198242e+00
1.979137897491455078e+00
1.256893634796142578e+00
7.288663387298583984e-01
5.398723483085632324e-01
5.552732348442077637e-01
6.345627903938293457e-01
6.799937486648559570e-01
7.727159857749938965e-01
9.567500352859497070e-01
1.219907283782958984e+00
1.365156173706054688e+00
1.222633242607116699e+00
6.901154518127441406e-01
-8.819764852523803711e-02
-8.934080004692077637e-01
-1.465918660163879395e+00
-1.733227014541625977e+00
-1.704626202583312988e+00
-1.512899637222290039e+00
-1.228114724159240723e+00
-9.443739056587219238e-01
-6.924332380294799805e-01
-5.609088540077209473e-01
-5.423944592475891113e-01
-5.912129282951354980e-01
-5.195395350456237793e-01
-2.071708738803863525e-01
3.751557171344757080e-01
1.006149172782897949e+00
1.423548698425292969e+00
1.415774464607238770e+00
1.085926175117492676e+00
7.085031270980834961e-01
6.206784844398498535e-01
8.837773799896240234e-01
1.308589577674865723e+00
1.504627943038940430e+00
1.262029409408569336e+00
6.266373395919799805e-01
-4.603123664855957031e-02
-4.294350743293762207e-01
-3.651192188262939453e-01
-3.431946039199829102e-02
2.723562121391296387e-01
2.713752686977386475e-01
-8.321642875671386719e-02
-7.144661545753479004e-01
-1.428087234497070312e+00
-2.072429180145263672e+00
-2.458901882171630859e+00
-2.438556432723999023e+00
-1.886843204498291016e+00
-9.166331291198730469e-01
1.353384256362915039e-01
7.402217388153076172e-01
5.432695746421813965e-01
-4.296798706054687500e-01
-1.661452054977416992e+00
-2.489306688308715820e+00
-2.460138320922851562e+00
-1.673717856407165527e+00
-6.151896715164184570e-01
1.633755862712860107e-01
4.888226389884948730e-01
5.775298476219177246e-01
8.179181814193725586e-01
1.328445076942443848e+00
1.860457658767700195e+00
1.963894605636596680e+00
1.438978910446166992e+00
5.259214639663696289e-01
-1.902922987937927246e-01
-2.652661204338073730e-01
2.898962497711181641e-01
9.735062718391418457e-01
1.225681185722351074e+00
8.497667908668518066e-01
2.009187936782836914e-01
-1.282737851142883301e-01
2.324971556663513184e-01
1.098744750022888184e+00
1.879657268524169922e+00
1.996208190917968750e+00
1.325027108192443848e+00
2.502707839012145996e-01
-6.155838966369628906e-01
-8.661183714866638184e-01
-5.085681080818176270e-01
1.192079186439514160e-01
6.476950645446777344e-01
8.811782598495483398e-01
8.212231397628784180e-01
5.343553423881530762e-01
5.979406833648681641e-02
-5.587333440780639648e-01
-1.177867412567138672e+00
-1.548452496528625488e+00
-1.456241607666015625e+00
-9.180289506912231445e-01
-2.339898645877838135e-01
1.863741576671600342e-01
1.128432005643844604e-01
-3.361294865608215332e-01
-7.949954271316528320e-01
-9.420056343078613281e-01
-7.622312307357788086e-01
-5.247101783752441406e-01
-5.438505411148071289e-01
-8.811624050140380859e-01
-1.306469440460205078e+00
-1.482353329658508301e+00
-1.283810377120971680e+00
-8.769550919532775879e-01
-5.858224630355834961e-01
-5.718008875846862793e-01
-7.146053314208984375e-01
-7.201566100120544434e-01
-4.388543069362640381e-01
-1.515027880668640137e-02
2.063329368829727173e-01
3.657823801040649414e-02
-3.498746752738952637e-01
-4.719605445861816406e-01
4.360911250114440918e-02
1.140361785888671875e+00
2.271533966064453125e+00
2.812017440795898438e+00
2.510835647583007812e+00
1.724677562713623047e+00
1.119665861129760742e+00
1.166238546371459961e+00
1.727183699607849121e+00
2.187830686569213867e+00
1.920175790786743164e+00
8.355450630187988281e-01
-5.461311340332031250e-01
-1.439097881317138672e+00
-1.413044095039367676e+00
-6.770521402359008789e-01
5.802595615386962891e-02
1.679880619049072266e-01
-4.526673853397369385e-01
-1.295515894889831543e+00
-1.672408819198608398e+00
-1.207334995269775391e+00
-1.343298554420471191e-01
9.128989577293395996e-01
1.325933814048767090e+00
9.530916213989257812e-01
1.257180571556091309e-01
-5.816811323165893555e-01
-7.647622823715209961e-01
-3.786151409149169922e-01
2.837368845939636230e-01
8.528450727462768555e-01
1.083023428916931152e+00
9.710196256637573242e-01
6.602818369865417480e-01
3.457677364349365234e-01
1.501416862010955811e-01
1.164087057113647461e-01
2.031753212213516235e-01
3.356249034404754639e-01
4.167728126049041748e-01
3.834756910800933838e-01
2.131257504224777222e-01
-4.972523450851440430e-02
-3.353670835494995117e-01
-5.811351537704467773e-01
-7.709164619445800781e-01
-9.117330312728881836e-01
-1.013559579849243164e+00
-1.054371595382690430e+00
-1.009170770645141602e+00
-8.793765306472778320e-01
