-3.933866024017333984e-01
-4.268749058246612549e-01
-1.225828528404235840e-01
2.531717419624328613e-01
5.559373497962951660e-01
6.043162941932678223e-01
4.335725903511047363e-01
1.810550242662429810e-01
7.158713787794113159e-02
1.290001422166824341e-01
2.623304128646850586e-01
2.718940675258636475e-01
1.675662398338317871e-01
1.052623763680458069e-01
3.578422367572784424e-01
9.352121353149414062e-01
1.576474666595458984e+00
1.768152475357055664e+00
1.214021921157836914e+00
-1.093432772904634476e-02
-1.345669984817504883e+00
-2.193189382553100586e+00
-2.192753314971923828e+00
-1.522706389427185059e+00
-6.144406795501708984e-01
7.728794217109680176e-02
4.487124085426330566e-01
5.967463850975036621e-01
6.994231939315795898e-01
6.851867437362670898e-01
3.829195499420166016e-01
-3.521414399147033691e-01
-1.295328497886657715e+00
-1.993661284446716309e+00
-1.945843100547790527e+00
-1.072997093200683594e+00
2.648537158966064453e-01
1.365949869155883789e+00
1.707530856132507324e+00
1.152621507644653320e+00
8.597932755947113037e-02
-9.505700469017028809e-01
-1.476040840148925781e+00
-1.368784666061401367e+00
-7.390172481536865234e-01
9.815973788499832153e-02
8.629396557807922363e-01
1.270469188690185547e+00
1.182309269905090332e+00
5.628842711448669434e-01
-3.562223315238952637e-01
-1.221373796463012695e+00
-1.616286754608154297e+00
-1.393332481384277344e+00
-6.883019208908081055e-01
6.819158047437667847e-02
5.098325014114379883e-01
4.711106717586517334e-01
1.310873329639434814e-01
-2.618942856788635254e-01
-5.143184065818786621e-01
-6.770560741424560547e-01
-8.313515782356262207e-01
-9.973291158676147461e-01
-9.654918313026428223e-01
-5.346917510032653809e-01
3.466898500919342041e-01
1.369625806808471680e+00
2.097459554672241211e+00
2.174840927124023438e+00
1.663419723510742188e+00
9.230317473411560059e-01
4.332922101020812988e-01
3.874677121639251709e-01
6.711995005607604980e-01
9.232186675071716309e-01
8.974871635437011719e-01
5.446292161941528320e-01
6.133815273642539978e-02
-3.798666596412658691e-01
-6.775856614112854004e-01
-8.802289962768554688e-01
-9.893230199813842773e-01
-9.774852991104125977e-01
-7.539390325546264648e-01
-3.726082444190979004e-01
7.507615722715854645e-03
1.457910388708114624e-01
-1.358224172145128250e-02
-3.313007950782775879e-01
-4.914528727531433105e-01
-3.150394856929779053e-01
1.576599180698394775e-01
6.230074763298034668e-01
8.191400170326232910e-01
6.501408219337463379e-01
2.941988408565521240e-01
-4.498339071869850159e-02
-2.473774850368499756e-01
-3.861281871795654297e-01
-5.047547221183776855e-01
-5.402367711067199707e-01
-2.688100039958953857e-01
3.897106647491455078e-01
1.231217741966247559e+00
1.719181656837463379e+00
1.404360175132751465e+00
2.595890462398529053e-01
-1.110784411430358887e+00
-1.877059578895568848e+00
-1.501211524009704590e+00
-2.264122366905212402e-01
1.105519771575927734e+00
1.573920130729675293e+00
9.007580876350402832e-01
-4.208625853061676025e-01
-1.450558543205261230e+00
-1.572923302650451660e+00
-8.785779476165771484e-01
-1.026456132531166077e-01
5.529467761516571045e-02
-5.551274418830871582e-01
-1.359626054763793945e+00
-1.587440133094787598e+00
-8.395445346832275391e-01
5.124181509017944336e-01
1.659463405609130859e+00
1.897401809692382812e+00
1.210750937461853027e+00
2.049485594034194946e-01
-2.979370653629302979e-01
7.404813915491104126e-02
1.049290537834167480e+00
1.866872906684875488e+00
1.891077995300292969e+00
9.782952666282653809e-01
-3.811438679695129395e-01
-1.472987890243530273e+00
-1.741424083709716797e+00
-1.157886147499084473e+00
-1.046081855893135071e-01
8.346848487854003906e-01
1.289129257202148438e+00
1.197480201721191406e+00
8.454945683479309082e-01
5.756877064704895020e-01
6.345025300979614258e-01
9.605697989463806152e-01
1.306387424468994141e+00
1.333271503448486328e+00
9.066458344459533691e-01
1.257291883230209351e-01
-6.576172709465026855e-01
-1.133556485176086426e+00
-1.164272308349609375e+00
-9.346202611923217773e-01
-7.297651767730712891e-01
-7.763684391975402832e-01
-9.927497506141662598e-01
-1.133307218551635742e+00
-9.392930269241333008e-01
-4.644129872322082520e-01
-7.476463448256254196e-03
2.196211181581020355e-02
-4.868112206459045410e-01
-1.281278967857360840e+00
-1.802045822143554688e+00
-1.638466954231262207e+00
-7.484562993049621582e-01
4.138222634792327881e-01
1.271746397018432617e+00
1.417755603790283203e+00
9.259911775588989258e-01
1.696222722530364990e-01
-3.874054253101348877e-01
-5.699245929718017578e-01
-4.623569548130035400e-01
-3.409890532493591309e-01
-3.405529260635375977e-01
-4.265322387218475342e-01
-3.618919849395751953e-01
9.968617931008338928e-03
7.121019959449768066e-01
1.513142824172973633e+00
2.135807514190673828e+00
2.302781820297241211e+00
1.944005131721496582e+00
1.116329431533813477e+00
6.766199320554733276e-02
-9.472990632057189941e-01
-1.649027466773986816e+00
-1.919550895690917969e+00
-1.733729600906372070e+00
-1.248538255691528320e+00
-6.189576983451843262e-01
-2.342625334858894348e-02
4.810169637203216553e-01
8.136261701583862305e-01
9.342464208602905273e-01
7.292978763580322266e-01
2.012103199958801270e-01
-5.526664257049560547e-01
-1.221311450004577637e+00
-1.523298263549804688e+00
-1.286792874336242676e+00
-6.798597574234008789e-01
-1.915843784809112549e-02
3.496181368827819824e-01
3.865020275115966797e-01
2.733893394470214844e-01
3.364097177982330322e-01
6.594552397727966309e-01
1.079289793968200684e+00
1.201529979705810547e+00
8.128473758697509766e-01
-2.096525020897388458e-02
-8.735312819480895996e-01
