4.975017905235290527e-01
4.738054573535919189e-01
6.099288463592529297e-01
3.234717845916748047e-01
-3.366388678550720215e-01
-1.027776122093200684e+00
-1.226999163627624512e+00
-6.942688822746276855e-01
3.765533864498138428e-01
1.357457280158996582e+00
1.660353422164916992e+00
1.076559782028198242e+00
-3.562109544873237610e-03
-9.186008572578430176e-01
-1.119162559509277344e+00
-5.850828886032104492e-01
2.633506059646606445e-01
8.317561149597167969e-01
8.133154511451721191e-01
2.944515347480773926e-01
-3.275289535522460938e-01
-7.132014036178588867e-01
-7.526543140411376953e-01
-6.106900572776794434e-01
-4.900913834571838379e-01
-4.897852540016174316e-01
-5.279062986373901367e-01
-4.958325624465942383e-01
-3.571875095367431641e-01
-2.083863317966461182e-01
-1.498252749443054199e-01
-1.902452111244201660e-01
-2.030953168869018555e-01
-5.903187394142150879e-02
2.469876110553741455e-01
5.391660332679748535e-01
5.881658792495727539e-01
3.008231520652770996e-01
-1.579593569040298462e-01
-4.352787733078002930e-01
-2.256028056144714355e-01
4.975274801254272461e-01
1.402960300445556641e+00
1.983332037925720215e+00
1.847004652023315430e+00
9.919034242630004883e-01
-1.879101693630218506e-01
-1.100866436958312988e+00
-1.324986219406127930e+00
-8.302435278892517090e-01
-1.094424724578857422e-02
5.856379270553588867e-01
5.602138042449951172e-01
-8.860087394714355469e-02
-1.027948737144470215e+00
-1.776852250099182129e+00
-2.035246372222900391e+00
-1.768708705902099609e+00
-1.202217698097229004e+00
-5.709447264671325684e-01
-2.045559138059616089e-02
4.752863943576812744e-01
9.382396936416625977e-01
1.333483695983886719e+00
1.494184255599975586e+00
1.307306051254272461e+00
7.794679999351501465e-01
1.420635581016540527e-01
-3.503823280334472656e-01
-5.176545381546020508e-01
-4.321014583110809326e-01
-2.615393698215484619e-01
-1.747568547725677490e-01
-1.314018815755844116e-01
1.619433052837848663e-03
3.663153648376464844e-01
8.764101266860961914e-01
1.307559728622436523e+00
1.378384232521057129e+00
1.041556358337402344e+00
4.515341818332672119e-01
-7.027722150087356567e-02
-3.489473462104797363e-01
-3.775564432144165039e-01
-3.525883257389068604e-01
-3.950634300708770752e-01
-5.227947235107421875e-01
-5.852389335632324219e-01
-5.238346457481384277e-01
-3.918058872222900391e-01
-4.080856442451477051e-01
-6.699850559234619141e-01
-1.100902080535888672e+00
-1.378077983856201172e+00
-1.248377203941345215e+00
-6.552049517631530762e-01
1.118509918451309204e-01
6.987712979316711426e-01
8.522232770919799805e-01
6.522072553634643555e-01
3.169361352920532227e-01
7.634432613849639893e-02
-6.769110262393951416e-02
-1.777100563049316406e-01
-2.932909727096557617e-01
-2.321673333644866943e-01
1.992248445749282837e-01
1.045273780822753906e+00
1.953411698341369629e+00
2.409454345703125000e+00
2.017415046691894531e+00
9.150148630142211914e-01
-3.258017003536224365e-01
-9.921554327011108398e-01
-7.964079380035400391e-01
-2.479404211044311523e-03
7.199685573577880859e-01
8.696856498718261719e-01
3.947132527828216553e-01
-2.707105875015258789e-01
-6.713418960571289062e-01
-6.556112170219421387e-01
-5.186650753021240234e-01
-6.291322708129882812e-01
-1.099514245986938477e+00
-1.582054615020751953e+00
-1.586811542510986328e+00
-8.580214381217956543e-01
3.195202648639678955e-01
1.329764962196350098e+00
1.615491151809692383e+00
1.100979328155517578e+00
1.688542068004608154e-01
-6.247265338897705078e-01
-9.758125543594360352e-01
-9.407320618629455566e-01
-7.980147600173950195e-01
-7.172235250473022461e-01
-6.516921520233154297e-01
-4.325017929077148438e-01
-2.932089567184448242e-02
3.666167855262756348e-01
4.724501669406890869e-01
1.972799897193908691e-01
-2.348760515451431274e-01
-4.153538942337036133e-01
-8.197286725044250488e-02
6.592475175857543945e-01
1.385192155838012695e+00
1.658319711685180664e+00
1.329336762428283691e+00
5.944198966026306152e-01
-1.866559386253356934e-01
-7.656736969947814941e-01
-1.088653326034545898e+00
-1.202557921409606934e+00
-1.058584451675415039e+00
-5.226783156394958496e-01
4.799107909202575684e-01
1.714103698730468750e+00
2.670774936676025391e+00
2.807320117950439453e+00
1.979146242141723633e+00
5.758370757102966309e-01
-6.361314058303833008e-01
-1.047642827033996582e+00
-5.669432878494262695e-01
2.795317173004150391e-01
7.653309106826782227e-01
3.989644944667816162e-01
-7.248669862747192383e-01
-2.084877014160156250e+00
-3.029696941375732422e+00
-3.203418254852294922e+00
-2.590580701828002930e+00
-1.482537269592285156e+00
-1.970980167388916016e-01
9.552766084671020508e-01
1.768823623657226562e+00
2.041692733764648438e+00
1.718164682388305664e+00
8.795497417449951172e-01
-1.364695429801940918e-01
-9.562581181526184082e-01
-1.275081157684326172e+00
-1.109113097190856934e+00
-6.558223962783813477e-01
-2.223619222640991211e-01
6.893002986907958984e-02
2.115638256072998047e-01
3.131109476089477539e-01
3.445041775703430176e-01
2.422200441360473633e-01
-7.686701416969299316e-02
-4.582908749580383301e-01
-6.431299448013305664e-01
-3.446948528289794922e-01
3.767752647399902344e-01
1.171528816223144531e+00
1.474732637405395508e+00
9.973865151405334473e-01
-1.420459002256393433e-01
-1.334349155426025391e+00
-1.942196130752563477e+00
-1.569248676300048828e+00
-3.930834531784057617e-01
1.083386659622192383e+00
2.215381383895874023e+00
2.656629562377929688e+00
2.337931156158447266e+00
1.519983291625976562e+00
4.880307316780090332e-01
-4.445897340774536133e-01
-1.122137665748596191e+00
-1.418045759201049805e+00
-1.378205895423889160e+00
-1.089275598526000977e+00
