1.127156019210815430e-01
5.146086215972900391e-02
-1.324231028556823730e+00
-2.507907152175903320e+00
-2.843235492706298828e+00
-2.155370950698852539e+00
-7.027935385704040527e-01
7.933386564254760742e-01
1.754116535186767578e+00
1.891154408454895020e+00
1.479267001152038574e+00
9.059869050979614258e-01
5.196476578712463379e-01
2.403988838195800781e-01
-1.152672171592712402e-01
-7.233639955520629883e-01
-1.325590848922729492e+00
-1.505001306533813477e+00
-8.467921614646911621e-01
5.015398263931274414e-01
1.951312541961669922e+00
2.619977474212646484e+00
2.050874233245849609e+00
3.973796367645263672e-01
-1.471768736839294434e+00
-2.634277820587158203e+00
-2.515342235565185547e+00
-1.348404407501220703e+00
1.692256629467010498e-01
1.200338125228881836e+00
1.403619050979614258e+00
9.210975170135498047e-01
3.186533153057098389e-01
3.479123115539550781e-02
2.454226613044738770e-01
6.974675059318542480e-01
1.071562290191650391e+00
1.101615190505981445e+00
8.520911931991577148e-01
5.224017500877380371e-01
4.049585461616516113e-01
5.766705870628356934e-01
9.604116678237915039e-01
1.261285305023193359e+00
1.238951086997985840e+00
7.554170489311218262e-01
-2.420234680175781250e-02
-7.852206826210021973e-01
-1.130678415298461914e+00
-8.999998569488525391e-01
-2.027825564146041870e-01
5.447709560394287109e-01
9.401695132255554199e-01
7.790870666503906250e-01
2.479365468025207520e-01
-2.831042110919952393e-01
-4.796580970287322998e-01
-3.464778661727905273e-01
-1.543451547622680664e-01
-2.464537024497985840e-01
-6.850438714027404785e-01
-1.204877138137817383e+00
-1.365795135498046875e+00
-9.433536529541015625e-01
-1.060119867324829102e-01
6.511979699134826660e-01
8.896868228912353516e-01
5.343931913375854492e-01
-6.083734333515167236e-02
-4.034538567066192627e-01
-2.333809137344360352e-01
2.883988022804260254e-01
7.300329208374023438e-01
7.379724979400634766e-01
2.893155217170715332e-01
-3.192217648029327393e-01
-7.421013116836547852e-01
-8.231196403503417969e-01
-6.670476198196411133e-01
-4.465505480766296387e-01
-2.379702329635620117e-01
4.317826032638549805e-02
4.464626312255859375e-01
8.637609481811523438e-01
9.998571872711181641e-01
6.507119536399841309e-01
-1.091121435165405273e-01
-8.490053415298461914e-01
-1.118886232376098633e+00
-7.532722353935241699e-01
-9.217649698257446289e-02
3.065201640129089355e-01
3.579390048980712891e-02
-7.610414624214172363e-01
-1.536177158355712891e+00
-1.667461156845092773e+00
-9.846602678298950195e-01
1.933204233646392822e-01
1.240783214569091797e+00
1.759203076362609863e+00
1.727626800537109375e+00
1.485503315925598145e+00
1.283120274543762207e+00
1.132638335227966309e+00
7.640969753265380859e-01
3.585040941834449768e-02
-9.139381647109985352e-01
-1.597592353820800781e+00
-1.619105219841003418e+00
-9.084306955337524414e-01
8.539719134569168091e-02
7.841100692749023438e-01
7.730960249900817871e-01
1.625971943140029907e-01
-6.333060264587402344e-01
-1.100954055786132812e+00
-1.041800856590270996e+00
-5.134404301643371582e-01
1.963740587234497070e-01
8.790380358695983887e-01
1.344540834426879883e+00
1.500230073928833008e+00
1.192428231239318848e+00
4.114570617675781250e-01
-6.989774107933044434e-01
-1.695571184158325195e+00
-2.147461652755737305e+00
-1.819815754890441895e+00
-9.829573631286621094e-01
-1.689664125442504883e-01
8.549177646636962891e-02
-2.798306047916412354e-01
-9.085225462913513184e-01
-1.208622574806213379e+00
-8.991683721542358398e-01
-1.111633777618408203e-01
6.498327851295471191e-01
1.006386160850524902e+00
8.913177251815795898e-01
6.326047182083129883e-01
5.388808250427246094e-01
7.088083624839782715e-01
8.899137377738952637e-01
8.289718031883239746e-01
4.586448073387145996e-01
5.951514840126037598e-02
-6.305024027824401855e-02
2.036485671997070312e-01
5.785009264945983887e-01
6.792051792144775391e-01
2.831608653068542480e-01
-4.035378098487854004e-01
-9.716776609420776367e-01
-1.094124913215637207e+00
-8.605359792709350586e-01
-6.424381732940673828e-01
-8.120834231376647949e-01
-1.345594406127929688e+00
-1.854584217071533203e+00
-1.841525435447692871e+00
-1.148405432701110840e+00
-6.229367852210998535e-02
8.507629632949829102e-01
1.192155361175537109e+00
9.584418535232543945e-01
5.062967538833618164e-01
2.040870785713195801e-01
1.771272867918014526e-01
2.706006467342376709e-01
3.000461459159851074e-01
2.747818231582641602e-01
4.155418574810028076e-01
9.082909822463989258e-01
1.643257141113281250e+00
2.187899589538574219e+00
2.058606147766113281e+00
1.103129267692565918e+00
-3.402677178382873535e-01
-1.612208008766174316e+00
-2.166860818862915039e+00
-1.872328281402587891e+00
-1.053773045539855957e+00
-1.702679097652435303e-01
4.750068783760070801e-01
8.948042392730712891e-01
1.212719678878784180e+00
1.471326351165771484e+00
1.482978940010070801e+00
1.048697710037231445e+00
1.568647474050521851e-01
-8.279862403869628906e-01
-1.406521558761596680e+00
-1.210865736007690430e+00
-3.580944240093231201e-01
6.716964840888977051e-01
1.260888457298278809e+00
1.131492614746093750e+00
4.138973355293273926e-01
-3.995433747768402100e-01
-8.998371362686157227e-01
-9.259501099586486816e-01
-7.062360644340515137e-01
-5.320578813552856445e-01
-6.168509721755981445e-01
-8.491125106811523438e-01
-1.008495688438415527e+00
-8.356420397758483887e-01
-3.352822363376617432e-01
3.493452966213226318e-01
9.090000391006469727e-01
1.170925140380859375e+00
1.039626598358154297e+00
6.522098779678344727e-01
1.517129540443420410e-01
-2.283624261617660522e-01
-3.896716833114624023e-01
-2.407478690147399902e-01
