-4.496378079056739807e-02
2.261380432173609734e-03
1.771414652466773987e-03
-1.039104312658309937e-01
-3.928771615028381348e-01
-6.605868935585021973e-01
-8.067097663879394531e-01
-6.650719642639160156e-01
-3.545467555522918701e-01
4.831816256046295166e-02
3.416568934917449951e-01
5.397161245346069336e-01
6.039770245552062988e-01
6.288145184516906738e-01
5.398668646812438965e-01
3.591448962688446045e-01
4.315467551350593567e-02
-2.395555675029754639e-01
-3.634415268898010254e-01
-1.510225236415863037e-01
3.206260502338409424e-01
9.056451320648193359e-01
1.304703354835510254e+00
1.390635848045349121e+00
1.117461085319519043e+00
6.574209928512573242e-01
1.343259960412979126e-01
-3.150856792926788330e-01
-6.935653686523437500e-01
-9.536994695663452148e-01
-1.071856617927551270e+00
-9.443147778511047363e-01
-5.792526006698608398e-01
-6.460010260343551636e-02
3.547728955745697021e-01
4.783573448657989502e-01
2.138511985540390015e-01
-2.904366254806518555e-01
-7.782163619995117188e-01
-9.990024566650390625e-01
-8.987102508544921875e-01
-6.147939562797546387e-01
-3.955908119678497314e-01
-4.119481146335601807e-01
-6.471316814422607422e-01
-9.085472822189331055e-01
-9.409980773925781250e-01
-6.041277647018432617e-01
6.237640976905822754e-02
8.225771188735961914e-01
1.404053449630737305e+00
1.573732256889343262e+00
1.293924212455749512e+00
6.590793132781982422e-01
-7.835683226585388184e-02
-6.848213672637939453e-01
-9.386236071586608887e-01
-7.953274846076965332e-01
-2.971453964710235596e-01
3.331390321254730225e-01
8.990117907524108887e-01
1.191785097122192383e+00
1.210328459739685059e+00
1.016678929328918457e+00
8.211448788642883301e-01
6.978242993354797363e-01
6.755874156951904297e-01
5.755590200424194336e-01
3.155379295349121094e-01
-1.513617336750030518e-01
-5.888257622718811035e-01
-7.872995734214782715e-01
-5.414121747016906738e-01
-1.854331977665424347e-02
4.980690181255340576e-01
5.933485031127929688e-01
2.206730395555496216e-01
-4.260063767433166504e-01
-8.079535365104675293e-01
-6.259877681732177734e-01
1.556206643581390381e-01
1.026252150535583496e+00
1.477699041366577148e+00
1.129898667335510254e+00
2.319422513246536255e-01
-7.408658862113952637e-01
-1.192049026489257812e+00
-1.051994204521179199e+00
-5.601439476013183594e-01
-2.805242240428924561e-01
-4.078022539615631104e-01
-8.625658750534057617e-01
-1.147952079772949219e+00
-1.046152234077453613e+00
-6.082359552383422852e-01
-4.029026031494140625e-01
-8.123255372047424316e-01
-1.911507129669189453e+00
-3.049546718597412109e+00
-3.485880136489868164e+00
-2.634809732437133789e+00
-7.491199374198913574e-01
1.470161080360412598e+00
3.042121887207031250e+00
3.552138566970825195e+00
3.062398910522460938e+00
2.207898855209350586e+00
1.444004416465759277e+00
1.025724411010742188e+00
7.096588611602783203e-01
3.321967720985412598e-01
-2.110244780778884888e-01
-6.303597688674926758e-01
-7.390944957733154297e-01
-4.111566543579101562e-01
6.109495833516120911e-02
4.230288863182067871e-01
4.301522374153137207e-01
2.430983930826187134e-01
4.021488130092620850e-02
5.638375133275985718e-02
1.787621229887008667e-01
2.830117642879486084e-01
1.909358799457550049e-01
6.976358592510223389e-02
1.084708794951438904e-01
5.252809524536132812e-01
1.125828266143798828e+00
1.569887995719909668e+00
1.415511012077331543e+00
6.461140513420104980e-01
-4.476402401924133301e-01
-1.273081779479980469e+00
-1.511845827102661133e+00
-1.176143884658813477e+00
-7.420342564582824707e-01
-6.360509395599365234e-01
-1.064695596694946289e+00
-1.728146910667419434e+00
-2.177634000778198242e+00
-2.007842063903808594e+00
-1.248771905899047852e+00
-1.997552663087844849e-01
6.838037371635437012e-01
1.187563896179199219e+00
1.321889877319335938e+00
1.315482616424560547e+00
1.304477334022521973e+00
1.292642712593078613e+00
1.108114123344421387e+00
6.399329304695129395e-01
-8.412335067987442017e-02
-8.275144696235656738e-01
-1.319892406463623047e+00
-1.379781246185302734e+00
-1.036842942237854004e+00
-4.763597846031188965e-01
6.256485730409622192e-02
4.084429740905761719e-01
5.054185390472412109e-01
3.798365294933319092e-01
1.078678444027900696e-01
-2.386886924505233765e-01
-5.573171973228454590e-01
-7.591453790664672852e-01
-7.412428259849548340e-01
-5.028179287910461426e-01
-1.123906075954437256e-01
2.363519370555877686e-01
4.020734429359436035e-01
3.090553283691406250e-01
1.054933965206146240e-01
-1.424669660627841949e-02
1.684728413820266724e-01
6.224072575569152832e-01
1.178970694541931152e+00
1.500463604927062988e+00
1.436692595481872559e+00
9.927083253860473633e-01
4.780181348323822021e-01
1.401678919792175293e-01
1.455952078104019165e-01
3.050225377082824707e-01
4.024126529693603516e-01
2.139642685651779175e-01
-1.172525733709335327e-01
-3.689818978309631348e-01
-2.478472888469696045e-01
1.352682411670684814e-01
4.904934167861938477e-01
3.404131233692169189e-01
-3.747484087944030762e-01
-1.387507677078247070e+00
-1.998570322990417480e+00
-1.776992678642272949e+00
-6.577224731445312500e-01
7.202119827270507812e-01
1.655217409133911133e+00
1.599436640739440918e+00
7.763695716857910156e-01
-2.469050437211990356e-01
-7.116187214851379395e-01
-4.647136628627777100e-01
2.209745496511459351e-01
6.068037152290344238e-01
3.148595392704010010e-01
-6.688409447669982910e-01
-1.707002997398376465e+00
-2.242987871170043945e+00
-1.880978465080261230e+00
-9.058336019515991211e-01
2.454728335142135620e-01
9.906730651855468750e-01
1.232489943504333496e+00
1.024443030357360840e+00
7.391321659088134766e-01
4.878928065299987793e-01
