-1.073822617530822754e+00
-1.200610756874084473e+00
-2.090895414352416992e+00
-2.776210784912109375e+00
-2.807220458984375000e+00
-2.000089406967163086e+00
-5.081111788749694824e-01
1.048957109451293945e+00
2.011827945709228516e+00
1.953289508819580078e+00
1.084182500839233398e+00
2.756828069686889648e-02
-4.422382414340972900e-01
-1.474094390869140625e-02
1.091135501861572266e+00
2.160307168960571289e+00
2.582277297973632812e+00
2.105763673782348633e+00
1.085493803024291992e+00
7.555866986513137817e-02
-4.192067384719848633e-01
-3.534969687461853027e-01
4.222139716148376465e-02
3.665268421173095703e-01
4.622932374477386475e-01
3.433259725570678711e-01
2.264425009489059448e-01
1.887131631374359131e-01
2.304485738277435303e-01
1.947924792766571045e-01
6.855052709579467773e-02
-8.841603994369506836e-02
-5.941303074359893799e-02
2.150523662567138672e-01
6.677916049957275391e-01
9.880532622337341309e-01
9.419533014297485352e-01
4.137448370456695557e-01
-3.916153013706207275e-01
-1.202916145324707031e+00
-1.739605069160461426e+00
-1.980782508850097656e+00
-2.001909255981445312e+00
-1.952874183654785156e+00
-1.784851908683776855e+00
-1.383652687072753906e+00
-5.967023372650146484e-01
4.516599178314208984e-01
1.440620422363281250e+00
1.902602791786193848e+00
1.634798407554626465e+00
7.903574705123901367e-01
-7.156473398208618164e-02
-4.179744124412536621e-01
-5.455732345581054688e-03
8.538126945495605469e-01
1.581401348114013672e+00
1.647569179534912109e+00
1.023247718811035156e+00
1.116249561309814453e-01
-4.781017303466796875e-01
-4.604932963848114014e-01
-4.493802785873413086e-03
3.453869819641113281e-01
1.785006821155548096e-01
-5.002202391624450684e-01
-1.192666888236999512e+00
-1.343385934829711914e+00
-7.351421117782592773e-01
2.529194951057434082e-01
9.370774030685424805e-01
7.734532952308654785e-01
-1.918606162071228027e-01
-1.373749613761901855e+00
-2.003319263458251953e+00
-1.674278259277343750e+00
-5.576882362365722656e-01
7.266647815704345703e-01
1.568993926048278809e+00
1.711084246635437012e+00
1.339624166488647461e+00
8.367844820022583008e-01
4.875337183475494385e-01
3.222298920154571533e-01
2.052707374095916748e-01
2.731686830520629883e-02
-1.830803006887435913e-01
-3.130295276641845703e-01
-3.131623864173889160e-01
-2.656348943710327148e-01
-3.299362957477569580e-01
-5.676554441452026367e-01
-8.708786368370056152e-01
-9.917349815368652344e-01
-7.452136278152465820e-01
-1.220651268959045410e-01
6.638618111610412598e-01
1.341159939765930176e+00
1.695046544075012207e+00
1.684826374053955078e+00
1.355683326721191406e+00
8.155028820037841797e-01
1.348754763603210449e-01
-5.715691447257995605e-01
-1.188421249389648438e+00
-1.561759114265441895e+00
-1.646773338317871094e+00
-1.481781721115112305e+00
-1.224001765251159668e+00
-9.555798172950744629e-01
-6.848747730255126953e-01
-2.953985333442687988e-01
2.207678854465484619e-01
7.350356578826904297e-01
9.226138591766357422e-01
5.697704553604125977e-01
-2.876886725425720215e-01
-1.198961496353149414e+00
-1.607473373413085938e+00
-1.112270355224609375e+00
1.427714228630065918e-01
1.596270322799682617e+00
2.484488248825073242e+00
2.383129596710205078e+00
1.347733497619628906e+00
-4.278451204299926758e-02
-1.137945055961608887e+00
-1.462116003036499023e+00
-1.029680132865905762e+00
-1.542904973030090332e-01
6.581030488014221191e-01
1.083712816238403320e+00
9.847589731216430664e-01
5.404539108276367188e-01
4.126071929931640625e-03
-3.111963868141174316e-01
-3.047718405723571777e-01
-2.734576165676116943e-02
2.196225523948669434e-01
1.661054044961929321e-01
-3.653306961059570312e-01
-1.198743462562561035e+00
-1.983814239501953125e+00
-2.267731904983520508e+00
-1.880439162254333496e+00
-9.174470901489257812e-01
2.135516405105590820e-01
1.163752794265747070e+00
1.708215951919555664e+00
1.909169077873229980e+00
1.847527861595153809e+00
1.602649211883544922e+00
1.091105341911315918e+00
3.267189562320709229e-01
-5.694398880004882812e-01
-1.239211320877075195e+00
-1.404677867889404297e+00
-9.763147830963134766e-01
-2.634628415107727051e-01
3.198321461677551270e-01
4.361548423767089844e-01
1.535998582839965820e-01
-2.333732843399047852e-01
-3.702749609947204590e-01
-2.298463582992553711e-01
-3.072101995348930359e-02
-1.171954870223999023e-01
-5.469002127647399902e-01
-1.086690068244934082e+00
-1.292068243026733398e+00
-9.425335526466369629e-01
-1.469873785972595215e-01
6.498371362686157227e-01
1.080590963363647461e+00
1.043477773666381836e+00
8.095075488090515137e-01
6.820631623268127441e-01
7.826558351516723633e-01
8.763324618339538574e-01
6.542560458183288574e-01
-2.402727678418159485e-02
-8.847318887710571289e-01
-1.447131037712097168e+00
-1.298529982566833496e+00
-4.517391026020050049e-01
6.972318291664123535e-01
1.572642445564270020e+00
1.815691709518432617e+00
1.414589762687683105e+00
6.745595932006835938e-01
-6.562626361846923828e-02
-5.973827242851257324e-01
-9.198768734931945801e-01
-1.102016448974609375e+00
-1.189157247543334961e+00
-1.142943143844604492e+00
-9.236112833023071289e-01
-5.490314364433288574e-01
-1.271554827690124512e-01
2.088939398527145386e-01
3.646047711372375488e-01
3.188168406486511230e-01
1.132786273956298828e-01
-1.776922941207885742e-01
-4.461430907249450684e-01
-5.748808979988098145e-01
-4.611755907535552979e-01
-1.087043583393096924e-01
3.522469997406005859e-01
6.794860959053039551e-01
6.911596655845642090e-01
3.757025897502899170e-01
-3.406673669815063477e-02
-2.339443564414978027e-01
-2.061009407043457031e-02
5.100284814834594727e-01
1.061453819274902344e+00
