-1.109861612319946289e+00
-1.100069761276245117e+00
-7.951530218124389648e-01
-3.162398338317871094e-01
1.278982162475585938e-01
3.998129069805145264e-01
3.317536413669586182e-01
-4.432515706866979599e-04
-4.804846942424774170e-01
-8.536219000816345215e-01
-1.008759975433349609e+00
-8.586991429328918457e-01
-4.913242161273956299e-01
4.783087223768234253e-02
6.328020691871643066e-01
1.204193592071533203e+00
1.604449748992919922e+00
1.743026375770568848e+00
1.531796813011169434e+00
1.086288690567016602e+00
6.011700034141540527e-01
3.526267707347869873e-01
4.337418079376220703e-01
7.625941634178161621e-01
1.050707697868347168e+00
1.069485425949096680e+00
7.467579841613769531e-01
2.773948907852172852e-01
-8.228360861539840698e-02
-1.567498743534088135e-01
-1.704503782093524933e-02
1.258431524038314819e-01
7.329768687486648560e-02
-1.845135390758514404e-01
-4.971267879009246826e-01
-6.946154832839965820e-01
-7.562274336814880371e-01
-8.328294157981872559e-01
-1.095637321472167969e+00
-1.561696171760559082e+00
-2.008977174758911133e+00
-2.145619630813598633e+00
-1.803872704505920410e+00
-1.129042267799377441e+00
-4.403905868530273438e-01
-4.085973650217056274e-02
8.038971573114395142e-02
1.791139245033264160e-01
6.069725751876831055e-01
1.417034983634948730e+00
2.326587200164794922e+00
2.773948907852172852e+00
2.383323431015014648e+00
1.146732091903686523e+00
-4.175429642200469971e-01
-1.663966417312622070e+00
-2.063497304916381836e+00
-1.604973554611206055e+00
-6.209551692008972168e-01
3.070524334907531738e-01
8.145754933357238770e-01
7.520770430564880371e-01
3.312700986862182617e-01
-2.204975038766860962e-01
-6.360660195350646973e-01
-8.817482590675354004e-01
-9.363085031509399414e-01
-9.330042600631713867e-01
-8.906938433647155762e-01
-8.971411585807800293e-01
-8.867852091789245605e-01
-8.653882145881652832e-01
-7.020298838615417480e-01
-3.972339928150177002e-01
1.111352518200874329e-01
6.855489611625671387e-01
1.252951264381408691e+00
1.611420869827270508e+00
1.739077329635620117e+00
1.567095756530761719e+00
1.224180221557617188e+00
7.378123998641967773e-01
2.672404050827026367e-01
-1.731098890304565430e-01
-4.405114650726318359e-01
-5.387521386146545410e-01
-3.663272559642791748e-01
-1.241104397922754288e-02
5.122376084327697754e-01
1.011298537254333496e+00
1.418969154357910156e+00
1.552549004554748535e+00
1.421830177307128906e+00
9.676987528800964355e-01
3.581069707870483398e-01
-3.111222982406616211e-01
-7.765767574310302734e-01
-9.790217876434326172e-01
-8.520906567573547363e-01
-6.246623396873474121e-01
-4.550178647041320801e-01
-5.780000090599060059e-01
-9.063688516616821289e-01
-1.300338864326477051e+00
-1.406437158584594727e+00
-1.109418392181396484e+00
-3.766832351684570312e-01
4.760521650314331055e-01
1.185939669609069824e+00
1.438794612884521484e+00
1.236994266510009766e+00
6.248235106468200684e-01
-1.281802952289581299e-01
-8.722384572029113770e-01
-1.371944189071655273e+00
-1.571286439895629883e+00
-1.355705022811889648e+00
-8.283565640449523926e-01
-8.393573015928268433e-02
5.791686177253723145e-01
9.789412021636962891e-01
9.276449084281921387e-01
5.179998874664306641e-01
-1.157289519906044006e-01
-6.709216833114624023e-01
-9.874435663223266602e-01
-9.072956442832946777e-01
-4.889870584011077881e-01
2.013168036937713623e-01
9.227691888809204102e-01
1.482595920562744141e+00
1.630359888076782227e+00
1.333663344383239746e+00
6.815194487571716309e-01
2.486238256096839905e-02
-3.293358981609344482e-01
-1.665014028549194336e-01
3.656422495841979980e-01
9.415872097015380859e-01
1.139760971069335938e+00
8.078461289405822754e-01
5.738092958927154541e-02
-7.241118550300598145e-01
-1.205120444297790527e+00
-1.222366929054260254e+00
-9.115266799926757812e-01
-5.040172934532165527e-01
-2.181200683116912842e-01
-8.893238008022308350e-02
-5.770329385995864868e-02
-2.562799863517284393e-02
3.066494874656200409e-02
1.041238233447074890e-01
1.928950250148773193e-01
3.512164056301116943e-01
6.258308887481689453e-01
9.772084951400756836e-01
1.247994899749755859e+00
1.230748414993286133e+00
8.282356858253479004e-01
1.297921091318130493e-01
-5.864217877388000488e-01
-1.044220089912414551e+00
-1.087497591972351074e+00
-7.988601922988891602e-01
-3.645945489406585693e-01
-1.208867906825616956e-04
2.251717895269393921e-01
3.012095987796783447e-01
2.952055335044860840e-01
1.939024031162261963e-01
1.559439580887556076e-02
-2.455613613128662109e-01
-4.734329581260681152e-01
-5.965763330459594727e-01
-5.468918085098266602e-01
-4.361192286014556885e-01
-3.645542562007904053e-01
-4.539701938629150391e-01
-6.051592826843261719e-01
-6.934066414833068848e-01
-5.349240303039550781e-01
-1.906384676694869995e-01
1.968439817428588867e-01
3.514178991317749023e-01
2.369783967733383179e-01
-5.879127606749534607e-02
-2.048225104808807373e-01
-4.509077221155166626e-02
4.482079148292541504e-01
9.465838670730590820e-01
1.157329797744750977e+00
8.170738220214843750e-01
5.101422592997550964e-02
-9.110028743743896484e-01
-1.661387443542480469e+00
-2.027231216430664062e+00
-1.882610321044921875e+00
-1.361306190490722656e+00
-5.172745585441589355e-01
4.489332437515258789e-01
1.431984663009643555e+00
2.134618997573852539e+00
2.371919631958007812e+00
1.915451169013977051e+00
8.833197951316833496e-01
-4.985774159431457520e-01
-1.709621310234069824e+00
-2.403632402420043945e+00
-2.304384231567382812e+00
-1.568868756294250488e+00
-4.413576722145080566e-01
6.142258048057556152e-01
1.365738630294799805e+00
1.623187184333801270e+00
1.524301767349243164e+00
1.173810720443725586e+00
