1.003692150115966797e-01
9.179693460464477539e-02
5.565930604934692383e-01
6.331287026405334473e-01
2.596928775310516357e-01
-2.549552023410797119e-01
-3.700406849384307861e-01
1.671022772789001465e-01
1.104475975036621094e+00
1.730622649192810059e+00
1.451567530632019043e+00
2.175650596618652344e-01
-1.301608562469482422e+00
-2.207545757293701172e+00
-1.941599249839782715e+00
-7.417197227478027344e-01
5.907658934593200684e-01
1.211482048034667969e+00
8.604437112808227539e-01
-6.433560699224472046e-02
-8.125944137573242188e-01
-8.918037414550781250e-01
-3.328481912612915039e-01
3.690491616725921631e-01
7.105860710144042969e-01
4.876102507114410400e-01
-9.291440248489379883e-02
-6.694054603576660156e-01
-9.486295580863952637e-01
-8.707308769226074219e-01
-5.112388730049133301e-01
-1.410146057605743408e-02
4.849479794502258301e-01
8.010730743408203125e-01
7.529177665710449219e-01
2.507745027542114258e-01
-5.326318740844726562e-01
-1.192864418029785156e+00
-1.291440606117248535e+00
-6.990944147109985352e-01
2.682344913482666016e-01
1.003540992736816406e+00
1.047947645187377930e+00
4.298883080482482910e-01
-3.256023526191711426e-01
-6.000455021858215332e-01
-1.557790637016296387e-01
6.580829620361328125e-01
1.179456114768981934e+00
9.510273933410644531e-01
9.868970513343811035e-02
-7.602800726890563965e-01
-9.983693361282348633e-01
-4.823621213436126709e-01
3.103986084461212158e-01
6.645040512084960938e-01
1.991170048713684082e-01
-7.940712571144104004e-01
-1.535782575607299805e+00
-1.320871591567993164e+00
-6.851641833782196045e-02
1.573850631713867188e+00
2.622859954833984375e+00
2.414205312728881836e+00
1.028577923774719238e+00
-7.476527690887451172e-01
-1.936387300491333008e+00
-1.957479715347290039e+00
-9.660686254501342773e-01
3.137840628623962402e-01
1.065883278846740723e+00
9.116907119750976562e-01
9.083348512649536133e-02
-7.314162254333496094e-01
-9.560327529907226562e-01
-4.334813356399536133e-01
4.354602396488189697e-01
1.017142295837402344e+00
8.740711212158203125e-01
8.484548330307006836e-02
-8.500593304634094238e-01
-1.357757806777954102e+00
-1.222802758216857910e+00
-6.918902993202209473e-01
-2.639800906181335449e-01
-2.547889351844787598e-01
-5.719645023345947266e-01
-8.027657866477966309e-01
-6.251198053359985352e-01
-1.084884703159332275e-01
2.905814647674560547e-01
1.456860601902008057e-01
-5.267910361289978027e-01
-1.147985696792602539e+00
-9.880144596099853516e-01
2.564886212348937988e-01
2.097245693206787109e+00
3.516105651855468750e+00
3.625653743743896484e+00
2.334261178970336914e+00
4.248017668724060059e-01
-9.564958810806274414e-01
-1.107226848602294922e+00
-2.039258629083633423e-01
8.749653697013854980e-01
1.247035980224609375e+00
6.412442922592163086e-01
-4.597446024417877197e-01
-1.265723466873168945e+00
-1.280781507492065430e+00
-6.372715234756469727e-01
9.604030847549438477e-02
3.789279758930206299e-01
8.512991666793823242e-02
-5.054351687431335449e-01
-9.985527992248535156e-01
-1.203750610351562500e+00
-1.192527294158935547e+00
-1.123421549797058105e+00
-1.026730537414550781e+00
-7.756444215774536133e-01
-2.520643174648284912e-01
4.710232019424438477e-01
1.113907217979431152e+00
1.375050544738769531e+00
1.135553121566772461e+00
5.302110910415649414e-01
-1.889768242835998535e-01
-8.201280832290649414e-01
-1.291064143180847168e+00
-1.566156864166259766e+00
-1.561733007431030273e+00
-1.152288079261779785e+00
-3.458216190338134766e-01
6.075120568275451660e-01
1.263789176940917969e+00
1.286478042602539062e+00
6.998876333236694336e-01
-4.472765326499938965e-02
-3.807518482208251953e-01
3.708206117153167725e-03
9.192776083946228027e-01
1.855601191520690918e+00
2.329491615295410156e+00
2.234784364700317383e+00
1.800532817840576172e+00
1.356932640075683594e+00
1.002405881881713867e+00
6.103128790855407715e-01
-1.224664971232414246e-03
-7.698240280151367188e-01
-1.421684861183166504e+00
-1.657227754592895508e+00
-1.485345244407653809e+00
-1.200501561164855957e+00
-1.170405387878417969e+00
-1.426272153854370117e+00
-1.632895469665527344e+00
-1.308065533638000488e+00
-3.357951939105987549e-01
8.848472237586975098e-01
1.606207013130187988e+00
1.344555377960205078e+00
2.196376323699951172e-01
-1.030333280563354492e+00
-1.633107662200927734e+00
-1.262950181961059570e+00
-2.974926233291625977e-01
5.924019813537597656e-01
8.997678160667419434e-01
6.778640747070312500e-01
3.079831302165985107e-01
1.650712192058563232e-01
2.187660932540893555e-01
2.084331959486007690e-01
-8.930703997611999512e-02
-4.859741926193237305e-01
-5.753990411758422852e-01
-4.639279842376708984e-02
8.647568225860595703e-01
1.538867950439453125e+00
1.353991270065307617e+00
3.179147839546203613e-01
-9.210513830184936523e-01
-1.413903236389160156e+00
-7.091910839080810547e-01
8.478829860687255859e-01
2.224459171295166016e+00
2.502781391143798828e+00
1.432202935218811035e+00
-3.212596178054809570e-01
-1.756816267967224121e+00
-2.140477418899536133e+00
-1.551453351974487305e+00
-6.343386173248291016e-01
-1.534681618213653564e-01
-3.339503109455108643e-01
-8.355296850204467773e-01
-9.603638052940368652e-01
-2.936513423919677734e-01
1.069047689437866211e+00
2.455891132354736328e+00
3.122873306274414062e+00
2.594469070434570312e+00
1.041970372200012207e+00
-9.011361598968505859e-01
-2.353262186050415039e+00
-2.722413539886474609e+00
-1.886411905288696289e+00
-3.480142354965209961e-01
1.128252983093261719e+00
1.806195497512817383e+00
1.457082986831665039e+00
3.548811376094818115e-01
-8.108733892440795898e-01
-1.454145431518554688e+00
-1.322436690330505371e+00
