-8.738943338394165039e-01
-8.895705938339233398e-01
-1.619721055030822754e+00
-1.967621207237243652e+00
-1.730492830276489258e+00
-1.113711237907409668e+00
-3.829540312290191650e-01
1.181085556745529175e-01
3.440761566162109375e-01
3.274663984775543213e-01
2.955331206321716309e-01
3.172681033611297607e-01
4.660523533821105957e-01
6.188111901283264160e-01
7.420521974563598633e-01
7.258056402206420898e-01
6.303738951683044434e-01
4.583402574062347412e-01
3.451971411705017090e-01
3.054242730140686035e-01
4.124741554260253906e-01
5.728621482849121094e-01
7.583459615707397461e-01
8.436191082000732422e-01
8.540902137756347656e-01
7.603240609169006348e-01
6.434824466705322266e-01
4.503761231899261475e-01
1.966768205165863037e-01
-1.775912493467330933e-01
-5.507440567016601562e-01
-8.060808181762695312e-01
-7.192524671554565430e-01
-2.590367496013641357e-01
5.210592746734619141e-01
1.326599001884460449e+00
1.908102869987487793e+00
2.007467031478881836e+00
1.601464509963989258e+00
7.312287092208862305e-01
-3.656235039234161377e-01
-1.464977860450744629e+00
-2.245988845825195312e+00
-2.529878139495849609e+00
-2.224719285964965820e+00
-1.530433893203735352e+00
-7.311028242111206055e-01
-1.636508405208587646e-01
1.156075000762939453e-01
2.479375004768371582e-01
5.545758008956909180e-01
1.144663333892822266e+00
1.864894032478332520e+00
2.254764080047607422e+00
1.960443735122680664e+00
9.230134487152099609e-01
-4.450520575046539307e-01
-1.597689151763916016e+00
-2.119662284851074219e+00
-2.036482810974121094e+00
-1.633185029029846191e+00
-1.244396209716796875e+00
-9.259896278381347656e-01
-5.476416945457458496e-01
4.615762829780578613e-02
7.422256469726562500e-01
1.244587779045104980e+00
1.268352031707763672e+00
8.681114315986633301e-01
4.037393927574157715e-01
3.131698071956634521e-01
7.133995294570922852e-01
1.324077367782592773e+00
1.663783073425292969e+00
1.480850219726562500e+00
9.446253180503845215e-01
5.161389708518981934e-01
5.214508771896362305e-01
8.697130680084228516e-01
1.114084124565124512e+00
8.567216992378234863e-01
1.120843663811683655e-01
-6.779430508613586426e-01
-1.014395713806152344e+00
-7.841750383377075195e-01
-3.722586631774902344e-01
-3.456379473209381104e-01
-9.435361623764038086e-01
-1.853382825851440430e+00
-2.429922580718994141e+00
-2.246264457702636719e+00
-1.439209461212158203e+00
-6.308300495147705078e-01
-3.943277001380920410e-01
-8.148669004440307617e-01
-1.401914000511169434e+00
-1.542775392532348633e+00
-9.717909693717956543e-01
5.562007427215576172e-04
8.322326540946960449e-01
1.187087059020996094e+00
1.236610174179077148e+00
1.389540076255798340e+00
1.882482171058654785e+00
2.430191993713378906e+00
2.472084522247314453e+00
1.621665954589843750e+00
1.381436884403228760e-01
-1.224609017372131348e+00
-1.688439369201660156e+00
-1.092973828315734863e+00
3.440124168992042542e-02
8.135790824890136719e-01
7.244607806205749512e-01
-1.129525303840637207e-01
-1.031228184700012207e+00
-1.432368397712707520e+00
-1.148793816566467285e+00
-5.436675548553466797e-01
-5.708536505699157715e-02
1.133128926157951355e-01
1.903680711984634399e-01
4.669655561447143555e-01
1.035621643066406250e+00
1.586588740348815918e+00
1.715580821037292480e+00
1.200761556625366211e+00
2.715695500373840332e-01
-6.149938106536865234e-01
-1.029889941215515137e+00
-9.181959629058837891e-01
-5.075349211692810059e-01
-1.676239967346191406e-01
-8.442339301109313965e-02
-2.608295381069183350e-01
-5.178890824317932129e-01
-7.065855860710144043e-01
-6.918954849243164062e-01
-4.287443757057189941e-01
1.058980524539947510e-01
7.856652140617370605e-01
1.373904466629028320e+00
1.534998059272766113e+00
1.101033687591552734e+00
1.769613325595855713e-01
-8.208349347114562988e-01
-1.484393477439880371e+00
-1.658185839653015137e+00
-1.596752643585205078e+00
-1.685880303382873535e+00
-2.120610475540161133e+00
-2.643034219741821289e+00
-2.749153614044189453e+00
-2.065243244171142578e+00
-7.255897521972656250e-01
7.214673757553100586e-01
1.689510583877563477e+00
2.023877620697021484e+00
2.046050548553466797e+00
2.229279756546020508e+00
2.695570945739746094e+00
3.068352699279785156e+00
2.770027875900268555e+00
1.584480643272399902e+00
-5.931273102760314941e-02
-1.325087785720825195e+00
-1.594200253486633301e+00
-9.517480134963989258e-01
-1.191840767860412598e-01
1.257909834384918213e-01
-4.123174250125885010e-01
-1.215024471282958984e+00
-1.495314478874206543e+00
-9.042333364486694336e-01
1.711519211530685425e-01
8.972281813621520996e-01
7.278499007225036621e-01
-1.442811787128448486e-01
-8.897863030433654785e-01
-7.556763887405395508e-01
3.389772772789001465e-01
1.665162801742553711e+00
2.287635564804077148e+00
1.742644906044006348e+00
4.363951385021209717e-01
-7.502836585044860840e-01
-1.090279340744018555e+00
-5.936889052391052246e-01
1.436343789100646973e-01
4.051193594932556152e-01
-4.682272672653198242e-03
-7.377231717109680176e-01
-1.177213788032531738e+00
-1.047421693801879883e+00
-5.253862738609313965e-01
-1.236937344074249268e-01
-1.419141292572021484e-01
-5.196611285209655762e-01
-8.341239094734191895e-01
-7.853130102157592773e-01
-3.492012619972229004e-01
1.218199729919433594e-01
3.202746212482452393e-01
1.241359040141105652e-01
-2.232997268438339233e-01
-4.634882509708404541e-01
-4.142442345619201660e-01
-1.990421712398529053e-01
4.210445284843444824e-02
1.754980981349945068e-01
2.965556383132934570e-01
4.585021138191223145e-01
7.023537158966064453e-01
8.552202582359313965e-01
8.302896022796630859e-01
5.919274091720581055e-01
3.611508607864379883e-01
