1.291018724441528320e-01
1.275703608989715576e-01
4.991632103919982910e-01
1.046941995620727539e+00
1.304027557373046875e+00
9.832563400268554688e-01
1.043587625026702881e-01
-9.023739695549011230e-01
-1.529017686843872070e+00
-1.409754991531372070e+00
-6.273699998855590820e-01
4.091290533542633057e-01
1.111389517784118652e+00
1.118252038955688477e+00
4.138598442077636719e-01
-5.895485281944274902e-01
-1.357548832893371582e+00
-1.452919960021972656e+00
-8.518654108047485352e-01
1.095594167709350586e-01
8.468385338783264160e-01
9.204968810081481934e-01
2.214969247579574585e-01
-8.915613889694213867e-01
-1.855080366134643555e+00
-2.160397768020629883e+00
-1.709639310836791992e+00
-8.067892789840698242e-01
-1.745596528053283691e-02
2.505396008491516113e-01
-4.290417209267616272e-02
-4.925367832183837891e-01
-5.717713236808776855e-01
4.973298311233520508e-02
1.206079006195068359e+00
2.342947959899902344e+00
2.795327186584472656e+00
2.238173007965087891e+00
8.621109127998352051e-01
-6.741911172866821289e-01
-1.642130613327026367e+00
-1.596274018287658691e+00
-6.303328275680541992e-01
7.391629219055175781e-01
1.833039641380310059e+00
2.185750246047973633e+00
1.713027477264404297e+00
7.249156832695007324e-01
-2.946558892726898193e-01
-9.058284163475036621e-01
-9.253701567649841309e-01
-4.506428241729736328e-01
1.972797662019729614e-01
6.710353493690490723e-01
7.524753808975219727e-01
4.753141701221466064e-01
7.432770729064941406e-02
-1.534985005855560303e-01
-6.375992298126220703e-02
2.416678667068481445e-01
4.674381613731384277e-01
3.513047695159912109e-01
-1.227201521396636963e-01
-6.589758396148681641e-01
-8.416275382041931152e-01
-4.432237744331359863e-01
3.457720279693603516e-01
9.878134727478027344e-01
9.422763586044311523e-01
7.447540760040283203e-02
-1.182353496551513672e+00
-2.058480501174926758e+00
-1.954066753387451172e+00
-8.707954883575439453e-01
5.438547730445861816e-01
1.400868177413940430e+00
1.164090633392333984e+00
1.920644193887710571e-02
-1.235095262527465820e+00
-1.717414617538452148e+00
-1.045176267623901367e+00
4.136928021907806396e-01
1.788263440132141113e+00
2.257354974746704102e+00
1.549846410751342773e+00
6.723771244287490845e-02
-1.398067951202392578e+00
-2.146376609802246094e+00
-1.929232001304626465e+00
-1.016222357749938965e+00
3.062725067138671875e-02
6.794403791427612305e-01
6.811723113059997559e-01
1.359188556671142578e-01
-5.953748226165771484e-01
-1.083239912986755371e+00
-1.029123783111572266e+00
-4.177978634834289551e-01
4.588306546211242676e-01
1.125696182250976562e+00
1.175948858261108398e+00
5.124334096908569336e-01
-5.599534511566162109e-01
-1.490537524223327637e+00
-1.803669214248657227e+00
-1.387137413024902344e+00
-5.453445315361022949e-01
2.265926599502563477e-01
5.843338966369628906e-01
5.488727092742919922e-01
4.314985871315002441e-01
5.516894459724426270e-01
9.624032974243164062e-01
1.422783255577087402e+00
1.605913519859313965e+00
1.386545062065124512e+00
9.353200793266296387e-01
5.708351135253906250e-01
4.650843739509582520e-01
5.002734661102294922e-01
3.647419810295104980e-01
-1.364557296037673950e-01
-8.775383830070495605e-01
-1.439699888229370117e+00
-1.434824824333190918e+00
-8.001091480255126953e-01
1.030989959836006165e-01
7.574099898338317871e-01
8.410912752151489258e-01
4.743167757987976074e-01
8.215489983558654785e-02
7.398292422294616699e-02
4.957445263862609863e-01
1.018963813781738281e+00
1.159801721572875977e+00
6.714762449264526367e-01
-3.078858554363250732e-01
-1.311247110366821289e+00
-1.877876758575439453e+00
-1.781351447105407715e+00
-1.157109141349792480e+00
-3.353881239891052246e-01
3.103682398796081543e-01
5.678600072860717773e-01
3.774979412555694580e-01
-1.376411616802215576e-01
-7.812082767486572266e-01
-1.286851763725280762e+00
-1.471177339553833008e+00
-1.274030447006225586e+00
-8.731393218040466309e-01
-5.439391732215881348e-01
-5.349838733673095703e-01
-8.081653118133544922e-01
-1.079661250114440918e+00
-9.367716312408447266e-01
-2.189438939094543457e-01
8.673882484436035156e-01
1.753344774246215820e+00
1.930300116539001465e+00
1.231202006340026855e+00
4.439747333526611328e-02
-9.888133406639099121e-01
-1.295451402664184570e+00
-7.909963726997375488e-01
1.902924180030822754e-01
1.069239497184753418e+00
1.473544239997863770e+00
1.333136200904846191e+00
9.161273241043090820e-01
5.041521191596984863e-01
2.997449636459350586e-01
2.837956547737121582e-01
4.072094559669494629e-01
5.824859738349914551e-01
8.067077994346618652e-01
9.984251260757446289e-01
1.079976081848144531e+00
9.225431680679321289e-01
5.682727098464965820e-01
1.669172048568725586e-01
1.498055458068847656e-02
2.614708542823791504e-01
8.802810907363891602e-01
1.551415443420410156e+00
1.935981631278991699e+00
1.759189844131469727e+00
1.053543329238891602e+00
1.721024513244628906e-03
-1.064777612686157227e+00
-1.921617865562438965e+00
-2.384371757507324219e+00
-2.436242580413818359e+00
-2.090956687927246094e+00
-1.520227909088134766e+00
-9.033926725387573242e-01
-4.767063558101654053e-01
-2.849710881710052490e-01
-2.488927841186523438e-01
-1.031445264816284180e-01
2.788457870483398438e-01
8.420358300209045410e-01
1.215749382972717285e+00
1.070240497589111328e+00
2.858675122261047363e-01
-7.598295211791992188e-01
-1.489953279495239258e+00
-1.386468768119812012e+00
-4.847035408020019531e-01
7.186357975006103516e-01
1.461674451828002930e+00
1.339916706085205078e+00
4.678758382797241211e-01
-4.986566603183746338e-01
-9.378563165664672852e-01
-5.733466744422912598e-01
2.574016749858856201e-01
