6.617662906646728516e-01
6.410515308380126953e-01
3.071659803390502930e-01
1.074387431144714355e-01
1.485690325498580933e-01
3.846595287322998047e-01
5.087859630584716797e-01
2.988697886466979980e-01
-3.291745185852050781e-01
-1.121209383010864258e+00
-1.759581327438354492e+00
-1.932744026184082031e+00
-1.620369672775268555e+00
-9.402312040328979492e-01
-1.705906242132186890e-01
5.158001184463500977e-01
9.657519459724426270e-01
1.164923667907714844e+00
1.077663183212280273e+00
7.806569337844848633e-01
3.387022316455841064e-01
-9.150551259517669678e-02
-4.546513855457305908e-01
-7.173815369606018066e-01
-9.650073051452636719e-01
-1.177612662315368652e+00
-1.269561767578125000e+00
-1.005197286605834961e+00
-2.794459462165832520e-01
8.182872533798217773e-01
1.858505606651306152e+00
2.369277000427246094e+00
2.030423879623413086e+00
9.907227754592895508e-01
-2.842817306518554688e-01
-1.197941064834594727e+00
-1.457092165946960449e+00
-1.119292497634887695e+00
-5.637480020523071289e-01
-1.060816347599029541e-01
1.324560642242431641e-01
3.217021226882934570e-01
6.394312977790832520e-01
1.141722321510314941e+00
1.611921072006225586e+00
1.778264522552490234e+00
1.453409194946289062e+00
7.524331212043762207e-01
-2.806608378887176514e-02
-5.239953398704528809e-01
-5.794669389724731445e-01
-2.618561685085296631e-01
1.389636695384979248e-01
3.544340729713439941e-01
2.390317022800445557e-01
-9.636819362640380859e-02
-4.139844477176666260e-01
-4.524461925029754639e-01
-1.562630236148834229e-01
3.103069663047790527e-01
5.996962785720825195e-01
4.454453885555267334e-01
-1.781531721353530884e-01
-9.556047320365905762e-01
-1.444511175155639648e+00
-1.323115348815917969e+00
-6.555400490760803223e-01
1.746785640716552734e-01
6.924221515655517578e-01
6.905989646911621094e-01
3.233971595764160156e-01
-2.313625812530517578e-02
-8.530819416046142578e-02
9.344920516014099121e-02
2.105666995048522949e-01
3.230106830596923828e-02
-3.756191730499267578e-01
-6.550658345222473145e-01
-4.957471191883087158e-01
5.678616464138031006e-02
5.413720607757568359e-01
4.444708228111267090e-01
-3.597560524940490723e-01
-1.400494456291198730e+00
-1.912590622901916504e+00
-1.395915985107421875e+00
-5.451214313507080078e-02
1.301330089569091797e+00
1.799133539199829102e+00
1.130270957946777344e+00
-2.554042339324951172e-01
-1.491280674934387207e+00
-1.921521425247192383e+00
-1.498161077499389648e+00
-6.954656243324279785e-01
-4.484803974628448486e-02
2.658995389938354492e-01
4.317183494567871094e-01
7.071515321731567383e-01
1.086618304252624512e+00
1.284717440605163574e+00
1.047151088714599609e+00
4.672887623310089111e-01
-1.198942959308624268e-02
3.176741302013397217e-02
5.918695926666259766e-01
1.162039995193481445e+00
1.135145425796508789e+00
3.417315483093261719e-01
-7.253625392913818359e-01
-1.256377339363098145e+00
-7.826091051101684570e-01
3.811227679252624512e-01
1.317743420600891113e+00
1.196649789810180664e+00
-4.731240868568420410e-02
-1.614129543304443359e+00
-2.401470661163330078e+00
-1.829546689987182617e+00
-2.641343772411346436e-01
1.251260876655578613e+00
1.764156103134155273e+00
1.056276917457580566e+00
-2.718866169452667236e-01
-1.320692777633666992e+00
-1.527643918991088867e+00
-9.849692583084106445e-01
-2.125480324029922485e-01
2.920290231704711914e-01
3.876312375068664551e-01
2.229225039482116699e-01
-1.614297926425933838e-02
-3.151256442070007324e-01
-7.348822355270385742e-01
-1.212219953536987305e+00
-1.434438705444335938e+00
-1.050315141677856445e+00
2.514278888702392578e-02
1.396928310394287109e+00
2.397846698760986328e+00
2.494293689727783203e+00
1.686603784561157227e+00
4.705754816532135010e-01
-4.916674494743347168e-01
-8.506467342376708984e-01
-6.985849738121032715e-01
-4.100869297981262207e-01
-2.321426868438720703e-01
-1.347856670618057251e-01
1.071192100644111633e-01
5.463899970054626465e-01
9.323167204856872559e-01
7.969426512718200684e-01
-1.011381521821022034e-01
-1.529628157615661621e+00
-2.767276525497436523e+00
-3.074781656265258789e+00
-2.127033710479736328e+00
-3.144302368164062500e-01
1.516077518463134766e+00
2.474827051162719727e+00
2.173223972320556641e+00
8.283518552780151367e-01
-8.318423628807067871e-01
-2.036335945129394531e+00
-2.267235279083251953e+00
-1.536580562591552734e+00
-2.523194849491119385e-01
9.303565025329589844e-01
1.517571687698364258e+00
1.334729075431823730e+00
6.878932118415832520e-01
9.093689918518066406e-02
2.512818574905395508e-02
5.370175242424011230e-01
1.279131650924682617e+00
1.659045219421386719e+00
1.360698223114013672e+00
5.184602737426757812e-01
-2.460705637931823730e-01
-3.438241481781005859e-01
4.355180859565734863e-01
1.638291239738464355e+00
2.520984411239624023e+00
2.448971271514892578e+00
1.416773080825805664e+00
-6.326019763946533203e-02
-1.215687394142150879e+00
-1.604646086692810059e+00
-1.247533798217773438e+00
-6.215171217918395996e-01
-1.807031333446502686e-01
-1.952531635761260986e-01
-5.587679743766784668e-01
-1.074127793312072754e+00
-1.493778944015502930e+00
-1.724542498588562012e+00
-1.641269207000732422e+00
-1.195481181144714355e+00
-3.351705670356750488e-01
7.396681308746337891e-01
1.700160384178161621e+00
2.099708080291748047e+00
1.780803442001342773e+00
8.921066522598266602e-01
-4.523134231567382812e-02
-5.907291173934936523e-01
-5.387920737266540527e-01
-1.587249338626861572e-01
1.584359407424926758e-01
7.203841209411621094e-02
-3.446084260940551758e-01
-8.158556222915649414e-01
-9.603428840637207031e-01
-6.912113428115844727e-01
-1.150498092174530029e-01
4.495305716991424561e-01
