1.305896282196044922e+00
1.353935599327087402e+00
1.176486492156982422e+00
6.772682666778564453e-01
1.589635908603668213e-01
-7.898402214050292969e-02
1.249858140945434570e-01
5.943509340286254883e-01
9.609458446502685547e-01
8.534171581268310547e-01
2.309319376945495605e-01
-6.027543544769287109e-01
-1.140031456947326660e+00
-1.084777116775512695e+00
-5.468001961708068848e-01
-2.335059642791748047e-02
1.213579624891281128e-02
-5.357447266578674316e-01
-1.231952786445617676e+00
-1.444995403289794922e+00
-8.221342563629150391e-01
3.582089245319366455e-01
1.333741545677185059e+00
1.358526229858398438e+00
2.599776983261108398e-01
-1.413781642913818359e+00
-2.736294984817504883e+00
-3.018477439880371094e+00
-2.222737073898315430e+00
-9.098263978958129883e-01
2.130434215068817139e-01
7.773704528808593750e-01
8.992450237274169922e-01
9.485058188438415527e-01
1.138730883598327637e+00
1.358579516410827637e+00
1.294224500656127930e+00
7.927000522613525391e-01
3.485375642776489258e-02
-5.412839055061340332e-01
-6.151540875434875488e-01
-2.114812880754470825e-01
2.815527915954589844e-01
4.634273052215576172e-01
1.965326368808746338e-01
-2.584021091461181641e-01
-5.223559737205505371e-01
-3.676216602325439453e-01
4.881832003593444824e-02
3.751940429210662842e-01
2.993139028549194336e-01
-1.497266292572021484e-01
-6.895693540573120117e-01
-9.439482688903808594e-01
-7.754474282264709473e-01
-2.896771728992462158e-01
1.988879293203353882e-01
4.664085805416107178e-01
4.175072014331817627e-01
1.660550236701965332e-01
-1.685793101787567139e-01
-4.584023654460906982e-01
-6.732710003852844238e-01
-7.406010627746582031e-01
-6.231065988540649414e-01
-2.545078396797180176e-01
2.873115539550781250e-01
8.567531108856201172e-01
1.179693937301635742e+00
1.080117225646972656e+00
4.799031615257263184e-01
-4.291065931320190430e-01
-1.334905862808227539e+00
-1.821816682815551758e+00
-1.663923978805541992e+00
-8.627685308456420898e-01
1.941018402576446533e-01
9.940979480743408203e-01
1.062025547027587891e+00
3.703005909919738770e-01
-6.900715827941894531e-01
-1.396271109580993652e+00
-1.239497780799865723e+00
-1.644639074802398682e-01
1.272729277610778809e+00
2.374370574951171875e+00
2.672987461090087891e+00
2.332554817199707031e+00
1.866199612617492676e+00
1.778601765632629395e+00
2.030086755752563477e+00
2.162298917770385742e+00
1.610244154930114746e+00
3.345934748649597168e-01
-1.141657948493957520e+00
-1.988074064254760742e+00
-1.806785583496093750e+00
-8.806273341178894043e-01
-7.849442958831787109e-02
-8.677172660827636719e-02
-9.521545171737670898e-01
-1.936717391014099121e+00
-2.195719957351684570e+00
-1.377433061599731445e+00
-1.851370930671691895e-02
9.465351104736328125e-01
8.200137019157409668e-01
-2.287240326404571533e-01
-1.384208083152770996e+00
-1.734719157218933105e+00
-1.039432883262634277e+00
1.999738812446594238e-01
1.087693572044372559e+00
1.092006921768188477e+00
3.259875774383544922e-01
-5.434525012969970703e-01
-9.097568988800048828e-01
-5.904833078384399414e-01
7.214974611997604370e-02
6.103282570838928223e-01
7.272412776947021484e-01
4.854634106159210205e-01
8.336523175239562988e-02
-2.876933515071868896e-01
-5.608853101730346680e-01
-6.399369239807128906e-01
-3.867655396461486816e-01
3.193383812904357910e-01
1.326686859130859375e+00
2.189947605133056641e+00
2.359941005706787109e+00
1.645597338676452637e+00
4.282080531120300293e-01
-5.012054443359375000e-01
-5.346586108207702637e-01
2.682137489318847656e-01
1.146720767021179199e+00
1.215592861175537109e+00
1.759505867958068848e-01
-1.366961956024169922e+00
-2.312188625335693359e+00
-1.887216806411743164e+00
-2.685454487800598145e-01
1.506229639053344727e+00
2.283866405487060547e+00
1.622144460678100586e+00
7.553730905055999756e-02
-1.282637357711791992e+00
-1.660416483879089355e+00
-1.094066858291625977e+00
-2.691740989685058594e-01
8.959913253784179688e-02
-1.720041632652282715e-01
-6.194121837615966797e-01
-6.552433371543884277e-01
-1.031992584466934204e-01
6.924432516098022461e-01
1.153100013732910156e+00
1.030371427536010742e+00
5.531482696533203125e-01
2.332139909267425537e-01
3.275481462478637695e-01
6.508437395095825195e-01
7.036857008934020996e-01
2.201417088508605957e-01
-5.914111137390136719e-01
-1.109987378120422363e+00
-8.829663395881652832e-01
2.662301063537597656e-02
9.618263840675354004e-01
1.239135980606079102e+00
6.136085987091064453e-01
-4.417307376861572266e-01
-1.180623292922973633e+00
-1.091517090797424316e+00
-3.904544711112976074e-01
2.261696904897689819e-01
2.258930355310440063e-02
-1.116773843765258789e+00
-2.677144765853881836e+00
-3.766352176666259766e+00
-3.806200265884399414e+00
-2.775052070617675781e+00
-1.258680105209350586e+00
9.097157418727874756e-02
8.482850193977355957e-01
1.095628142356872559e+00
1.125907182693481445e+00
1.263541817665100098e+00
1.516388535499572754e+00
1.732250928878784180e+00
1.651989579200744629e+00
1.252278447151184082e+00
6.757134199142456055e-01
2.680529654026031494e-01
2.419528961181640625e-01
6.578614115715026855e-01
1.244942426681518555e+00
1.656223773956298828e+00
1.537121891975402832e+00
8.578282594680786133e-01
-1.705650389194488525e-01
-1.071075558662414551e+00
-1.492013573646545410e+00
-1.280957937240600586e+00
-6.980071067810058594e-01
-1.114681884646415710e-01
1.196307763457298279e-01
-3.689974546432495117e-04
-2.614068388938903809e-01
-3.105012476444244385e-01
-5.535009503364562988e-02
3.747771084308624268e-01
6.002682447433471680e-01
3.957837224006652832e-01
-2.603777050971984863e-01
-1.046972036361694336e+00
