-2.468488216400146484e-01
-2.556014955043792725e-01
-4.574720263481140137e-01
-3.835721015930175781e-01
1.256070435047149658e-01
9.583472013473510742e-01
1.694001555442810059e+00
1.880374908447265625e+00
1.301558375358581543e+00
2.049266099929809570e-01
-8.413138389587402344e-01
-1.247807383537292480e+00
-8.175122141838073730e-01
1.475445032119750977e-01
1.002926349639892578e+00
1.216080069541931152e+00
6.816718578338623047e-01
-2.080461978912353516e-01
-9.042977094650268555e-01
-1.089667081832885742e+00
-9.169782996177673340e-01
-8.139457106590270996e-01
-1.096096992492675781e+00
-1.624514222145080566e+00
-1.887365341186523438e+00
-1.397420287132263184e+00
-1.732459664344787598e-01
1.169661641120910645e+00
1.778881072998046875e+00
1.194736480712890625e+00
-2.737613916397094727e-01
-1.699085593223571777e+00
-2.170207738876342773e+00
-1.422833204269409180e+00
-2.071082592010498047e-02
1.070898294448852539e+00
1.185402154922485352e+00
4.119600951671600342e-01
-5.170715451240539551e-01
-8.037352561950683594e-01
-1.522489190101623535e-01
1.071755766868591309e+00
2.193066120147705078e+00
2.733582973480224609e+00
2.698113441467285156e+00
2.406954288482666016e+00
2.125298023223876953e+00
1.790093779563903809e+00
1.134168505668640137e+00
6.096780300140380859e-03
-1.352192401885986328e+00
-2.423120975494384766e+00
-2.759421586990356445e+00
-2.355678558349609375e+00
-1.623303890228271484e+00
-1.086714267730712891e+00
-9.419688582420349121e-01
-9.712803363800048828e-01
-7.587767839431762695e-01
-1.429818570613861084e-01
6.196456551551818848e-01
9.967527389526367188e-01
6.593371033668518066e-01
-2.534689307212829590e-01
-1.153850555419921875e+00
-1.469022512435913086e+00
-1.011510610580444336e+00
-1.446761786937713623e-01
5.580923557281494141e-01
6.878367662429809570e-01
3.115435540676116943e-01
-1.933951377868652344e-01
-4.110639095306396484e-01
-2.332437038421630859e-01
1.882030367851257324e-01
5.745258331298828125e-01
8.079611063003540039e-01
9.006145000457763672e-01
9.365679025650024414e-01
8.591211438179016113e-01
5.653710365295410156e-01
-1.186490058898925781e-03
-6.194052696228027344e-01
-9.193550348281860352e-01
-5.577494502067565918e-01
4.207693338394165039e-01
1.602874398231506348e+00
2.362229347229003906e+00
2.331401109695434570e+00
1.572242259979248047e+00
5.926467776298522949e-01
-8.495175838470458984e-02
-2.082228064537048340e-01
-9.558528661727905273e-03
7.474446296691894531e-02
-3.228979706764221191e-01
-1.151424050331115723e+00
-2.043156147003173828e+00
-2.490231513977050781e+00
-2.254870653152465820e+00
-1.436498045921325684e+00
-4.720598459243774414e-01
2.111863493919372559e-01
3.541190028190612793e-01
5.501011013984680176e-02
-4.096895456314086914e-01
-6.865620613098144531e-01
-6.086847782135009766e-01
-1.747515499591827393e-01
4.092926084995269775e-01
9.327633380889892578e-01
1.197576999664306641e+00
1.160398244857788086e+00
8.399096131324768066e-01
3.712235689163208008e-01
-1.200712919235229492e-01
-4.599428772926330566e-01
-5.468291640281677246e-01
-3.089549541473388672e-01
1.680356413125991821e-01
7.245405912399291992e-01
1.107666730880737305e+00
1.167698383331298828e+00
8.744750022888183594e-01
4.065940082073211670e-01
-3.261560201644897461e-02
-2.858822345733642578e-01
-4.082640409469604492e-01
-5.396121740341186523e-01
-8.243975639343261719e-01
-1.195276021957397461e+00
-1.444300532341003418e+00
-1.303806424140930176e+00
-7.153899669647216797e-01
1.527948081493377686e-01
9.390729665756225586e-01
1.367897510528564453e+00
1.347933292388916016e+00
1.029848217964172363e+00
5.939757227897644043e-01
1.661615818738937378e-01
-2.536168098449707031e-01
-6.206836104393005371e-01
-8.021876215934753418e-01
-5.766937136650085449e-01
1.133794039487838745e-01
1.045927643775939941e+00
1.721066951751708984e+00
1.710024118423461914e+00
9.512484669685363770e-01
-1.078926473855972290e-01
-8.223182559013366699e-01
-7.807118892669677734e-01
-1.569396853446960449e-01
4.326532185077667236e-01
3.687893450260162354e-01
-4.563414454460144043e-01
-1.557347416877746582e+00
-2.182561874389648438e+00
-1.892922759056091309e+00
-8.581364750862121582e-01
2.739435732364654541e-01
8.856570720672607422e-01
7.967897653579711914e-01
3.202482461929321289e-01
-8.810073137283325195e-02
-2.104779481887817383e-01
-1.897349953651428223e-01
-2.815454006195068359e-01
-5.287071466445922852e-01
-6.626638174057006836e-01
-3.584278225898742676e-01
3.946543931961059570e-01
1.170857906341552734e+00
1.387603521347045898e+00
7.970350980758666992e-01
-2.476089596748352051e-01
-9.947663545608520508e-01
-8.670871257781982422e-01
7.381244003772735596e-02
1.127335786819458008e+00
1.486545920372009277e+00
8.418101072311401367e-01
-3.637335598468780518e-01
-1.293729066848754883e+00
-1.336992144584655762e+00
-5.690736174583435059e-01
3.721852898597717285e-01
7.825235128402709961e-01
4.415627121925354004e-01
-3.067499399185180664e-01
-8.603497147560119629e-01
-8.618245720863342285e-01
-3.745124340057373047e-01
2.556443810462951660e-01
7.852316498756408691e-01
1.209557890892028809e+00
1.660969257354736328e+00
2.080293655395507812e+00
2.151724576950073242e+00
1.484327435493469238e+00
5.301058292388916016e-02
-1.653750777244567871e+00
-2.819690227508544922e+00
-2.889306306838989258e+00
-1.947137832641601562e+00
-7.303425073623657227e-01
-6.298041343688964844e-02
-3.021222949028015137e-01
-1.044824600219726562e+00
-1.503704428672790527e+00
-1.076745390892028809e+00
1.421176791191101074e-01
1.478552103042602539e+00
2.130265712738037109e+00
1.781962394714355469e+00
7.426846027374267578e-01
