6.710098981857299805e-01
6.241242289543151855e-01
2.339555472135543823e-01
1.665614247322082520e-01
2.740744054317474365e-01
3.422376513481140137e-01
2.539643049240112305e-01
6.513954699039459229e-02
-1.311036348342895508e-01
-2.995617389678955078e-01
-5.070743560791015625e-01
-7.884286046028137207e-01
-1.082134723663330078e+00
-1.222281336784362793e+00
-1.109365224838256836e+00
-7.860389947891235352e-01
-4.472664892673492432e-01
-2.353723943233489990e-01
-1.506666988134384155e-01
-3.934624791145324707e-02
1.826671510934829712e-01
4.300416111946105957e-01
4.435632824897766113e-01
8.089336752891540527e-02
-5.158098936080932617e-01
-8.985944390296936035e-01
-6.791917085647583008e-01
1.606282591819763184e-01
1.109239697456359863e+00
1.488920807838439941e+00
8.910460472106933594e-01
-4.238767027854919434e-01
-1.723271250724792480e+00
-2.217986106872558594e+00
-1.649906992912292480e+00
-3.526800870895385742e-01
9.589127302169799805e-01
1.762980580329895020e+00
1.933715343475341797e+00
1.754959821701049805e+00
1.508354902267456055e+00
1.300803899765014648e+00
9.780223369598388672e-01
4.518340229988098145e-01
-2.091402411460876465e-01
-6.871453523635864258e-01
-7.410085797309875488e-01
-2.988698780536651611e-01
4.071949720382690430e-01
1.115769505500793457e+00
1.602681994438171387e+00
1.826971292495727539e+00
1.733150720596313477e+00
1.290341258049011230e+00
4.495861530303955078e-01
-5.827648043632507324e-01
-1.415372252464294434e+00
-1.549525976181030273e+00
-8.458114266395568848e-01
3.819682002067565918e-01
1.391954541206359863e+00
1.605866193771362305e+00
9.315747618675231934e-01
-4.854501783847808838e-02
-6.161217689514160156e-01
-3.615099191665649414e-01
4.014545381069183350e-01
1.002095580101013184e+00
8.522987365722656250e-01
1.603323221206665039e-02
-9.777776598930358887e-01
-1.482787847518920898e+00
-1.371944546699523926e+00
-9.925634264945983887e-01
-9.146572351455688477e-01
-1.284178972244262695e+00
-1.773782014846801758e+00
-1.760573267936706543e+00
-1.014146566390991211e+00
1.464547514915466309e-01
9.371123313903808594e-01
8.341893553733825684e-01
-1.021766364574432373e-01
-1.137751221656799316e+00
-1.535431981086730957e+00
-1.006040692329406738e+00
-3.232804685831069946e-02
6.304549574851989746e-01
4.294577240943908691e-01
-4.657555520534515381e-01
-1.423019289970397949e+00
-1.716934680938720703e+00
-1.148873329162597656e+00
-2.985233813524246216e-02
9.683440327644348145e-01
1.379825711250305176e+00
1.085782766342163086e+00
4.124493002891540527e-01
-2.451308518648147583e-01
-5.344389081001281738e-01
-3.996326923370361328e-01
6.065440177917480469e-02
5.524924993515014648e-01
8.200405836105346680e-01
6.561512351036071777e-01
1.450938582420349121e-01
-4.270257949829101562e-01
-5.921497344970703125e-01
-1.028272807598114014e-01
9.325041174888610840e-01
1.935441136360168457e+00
2.290070533752441406e+00
1.676799297332763672e+00
4.337219595909118652e-01
-7.246192693710327148e-01
-1.096948266029357910e+00
-5.686548948287963867e-01
4.085667133331298828e-01
1.084197998046875000e+00
1.040116786956787109e+00
3.848285973072052002e-01
-3.119025230407714844e-01
-5.717742443084716797e-01
-2.863315939903259277e-01
1.850345432758331299e-01
4.324351847171783447e-01
2.501193881034851074e-01
-1.823795437812805176e-01
-6.016495227813720703e-01
-8.472088575363159180e-01
-1.017970919609069824e+00
-1.223455071449279785e+00
-1.443987846374511719e+00
-1.444129705429077148e+00
-1.076952099800109863e+00
-4.703156948089599609e-01
-9.366354346275329590e-02
-3.641391992568969727e-01
-1.311136841773986816e+00
-2.388472557067871094e+00
-2.857667207717895508e+00
-2.276878595352172852e+00
-9.025626778602600098e-01
5.222403407096862793e-01
1.257204771041870117e+00
1.144104361534118652e+00
6.295461654663085938e-01
4.091826677322387695e-01
8.121576309204101562e-01
1.594105839729309082e+00
2.134939670562744141e+00
1.989795804023742676e+00
1.208582401275634766e+00
2.838612198829650879e-01
-3.006824851036071777e-01
-4.250697493553161621e-01
-3.736625015735626221e-01
-4.822838902473449707e-01
-7.994168996810913086e-01
-9.962715506553649902e-01
-7.030344009399414062e-01
1.199432313442230225e-01
1.031942844390869141e+00
1.416141390800476074e+00
9.491730332374572754e-01
-9.969049692153930664e-02
-1.022521138191223145e+00
-1.173112154006958008e+00
-4.349634349346160889e-01
6.820864081382751465e-01
1.399641513824462891e+00
1.209296584129333496e+00
2.223484665155410767e-01
-9.204815626144409180e-01
-1.471026182174682617e+00
-1.056842923164367676e+00
1.081917285919189453e-01
1.364306688308715820e+00
2.022295951843261719e+00
1.745362997055053711e+00
7.297899723052978516e-01
-4.308378696441650391e-01
-1.075539588928222656e+00
-8.436056375503540039e-01
1.510031819343566895e-01
1.389603614807128906e+00
2.263391017913818359e+00
2.401781558990478516e+00
1.871267676353454590e+00
1.070696473121643066e+00
4.591249525547027588e-01
2.394481301307678223e-01
2.844953536987304688e-01
2.745403051376342773e-01
2.525687217712402344e-03
-4.748421609401702881e-01
-8.688875436782836914e-01
-9.243460893630981445e-01
-6.112012267112731934e-01
-1.633976101875305176e-01
1.295337378978729248e-01
1.203443109989166260e-01
-9.744936227798461914e-02
-3.335838019847869873e-01
-4.673451781272888184e-01
-5.487538576126098633e-01
-6.796485185623168945e-01
-8.711667060852050781e-01
-9.744513034820556641e-01
-8.272875547409057617e-01
-4.228743016719818115e-01
4.137411713600158691e-03
1.597404927015304565e-01
-5.974299460649490356e-02
-4.145147204399108887e-01
-4.856659173965454102e-01
7.801264524459838867e-03
