9.686223268508911133e-01
9.671170115470886230e-01
1.336446046829223633e+00
1.495234608650207520e+00
1.215484023094177246e+00
4.553237557411193848e-01
-6.805567741394042969e-01
-1.842087626457214355e+00
-2.647148609161376953e+00
-2.743445158004760742e+00
-2.092113494873046875e+00
-9.225849509239196777e-01
2.480508387088775635e-01
9.667073488235473633e-01
9.742259383201599121e-01
4.400880038738250732e-01
-2.569783627986907959e-01
-6.442300677299499512e-01
-5.152955651283264160e-01
1.138826906681060791e-01
9.620544314384460449e-01
1.776329278945922852e+00
2.304774522781372070e+00
2.441429376602172852e+00
2.059370517730712891e+00
1.176235079765319824e+00
-9.055432677268981934e-02
-1.321789383888244629e+00
-2.036997079849243164e+00
-1.825042724609375000e+00
-7.742753624916076660e-01
6.028534173965454102e-01
1.491999149322509766e+00
1.391939282417297363e+00
3.290281295776367188e-01
-1.022603988647460938e+00
-1.905200242996215820e+00
-1.858421683311462402e+00
-1.129691123962402344e+00
-3.351569175720214844e-01
-1.146798282861709595e-01
-5.565206408500671387e-01
-1.294728994369506836e+00
-1.696939706802368164e+00
-1.460646867752075195e+00
-6.814138889312744141e-01
1.480153799057006836e-01
6.489306688308715820e-01
6.842166185379028320e-01
4.998065531253814697e-01
3.425689935684204102e-01
3.709858059883117676e-01
4.646294713020324707e-01
5.186085700988769531e-01
4.714949131011962891e-01
4.778862595558166504e-01
6.274379491806030273e-01
9.350551962852478027e-01
1.185340404510498047e+00
1.220684170722961426e+00
9.782608747482299805e-01
6.650846004486083984e-01
4.740246534347534180e-01
5.246868133544921875e-01
6.495152115821838379e-01
6.462339162826538086e-01
3.489300608634948730e-01
-1.287522912025451660e-01
-6.037023663520812988e-01
-8.843704462051391602e-01
-1.023942470550537109e+00
-1.137745022773742676e+00
-1.352138876914978027e+00
-1.550786256790161133e+00
-1.547156333923339844e+00
-1.159540057182312012e+00
-4.912246763706207275e-01
2.021312415599822998e-01
5.924001336097717285e-01
5.945214629173278809e-01
3.033522963523864746e-01
-3.289661556482315063e-02
-2.951239943504333496e-01
-4.365909397602081299e-01
-4.829264581203460693e-01
-3.113240599632263184e-01
2.105413973331451416e-01
1.117686867713928223e+00
2.065094709396362305e+00
2.491105794906616211e+00
1.894162654876708984e+00
3.528591096401214600e-01
-1.433753013610839844e+00
-2.430465221405029297e+00
-2.017724752426147461e+00
-4.133578836917877197e-01
1.322056293487548828e+00
2.017815113067626953e+00
1.124595880508422852e+00
-8.352185487747192383e-01
-2.665186882019042969e+00
-3.235283136367797852e+00
-2.263484001159667969e+00
-3.846006393432617188e-01
1.300158739089965820e+00
2.020739793777465820e+00
1.724862933158874512e+00
9.972544908523559570e-01
4.857180118560791016e-01
4.673912525177001953e-01
7.157571911811828613e-01
8.451305031776428223e-01
6.530416607856750488e-01
2.968107461929321289e-01
6.618714332580566406e-02
1.025663316249847412e-01
2.238668203353881836e-01
1.062657609581947327e-01
-4.322258234024047852e-01
-1.217046380043029785e+00
-1.837933182716369629e+00
-1.940147399902343750e+00
-1.512088894844055176e+00
-8.782421946525573730e-01
-4.553251564502716064e-01
-4.246007204055786133e-01
-6.142418384552001953e-01
-6.458524465560913086e-01
-2.510765790939331055e-01
5.127121806144714355e-01
1.291119456291198730e+00
1.687967538833618164e+00
1.546605944633483887e+00
1.049159049987792969e+00
5.775997638702392578e-01
4.301980733871459961e-01
6.232648491859436035e-01
8.874062895774841309e-01
8.841279745101928711e-01
4.480998814105987549e-01
-2.755828499794006348e-01
-9.349597692489624023e-01
-1.191459417343139648e+00
-9.556484222412109375e-01
-4.137852787971496582e-01
9.997582435607910156e-02
3.581982851028442383e-01
3.622063696384429932e-01
3.126474916934967041e-01
3.792707324028015137e-01
5.365520119667053223e-01
5.259151458740234375e-01
8.603048324584960938e-02
-8.055847287178039551e-01
-1.786206960678100586e+00
-2.300558567047119141e+00
-1.933873653411865234e+00
-7.547307014465332031e-01
6.954540014266967773e-01
1.690441131591796875e+00
1.802891731262207031e+00
1.142479300498962402e+00
2.851137518882751465e-01
-1.666740328073501587e-01
3.533920645713806152e-02
6.249122619628906250e-01
1.086704611778259277e+00
1.025924205780029297e+00
4.627500176429748535e-01
-2.544044554233551025e-01
-7.210236787796020508e-01
-7.992534637451171875e-01
-6.460889577865600586e-01
-5.466699600219726562e-01
-6.210512518882751465e-01
-7.520101070404052734e-01
-6.901948451995849609e-01
-3.276398479938507080e-01
1.916666626930236816e-01
5.353718400001525879e-01
4.542561769485473633e-01
-4.453068971633911133e-02
-6.758134365081787109e-01
-1.096281886100769043e+00
-1.114670395851135254e+00
-8.026325702667236328e-01
-3.806558251380920410e-01
-5.218410491943359375e-02
1.313980817794799805e-01
2.374806106090545654e-01
3.581587970256805420e-01
5.132901072502136230e-01
6.668299436569213867e-01
7.881234884262084961e-01
9.037579894065856934e-01
1.063934087753295898e+00
1.270708799362182617e+00
1.439327239990234375e+00
1.447095274925231934e+00
1.237792372703552246e+00
8.801863193511962891e-01
5.370656847953796387e-01
3.390396237373352051e-01
2.945420742034912109e-01
2.774956822395324707e-01
1.421573460102081299e-01
-1.700727492570877075e-01
-5.695347189903259277e-01
-9.022194743156433105e-01
-1.043120384216308594e+00
-9.946767091751098633e-01
-8.422399759292602539e-01
-7.004629373550415039e-01
-6.074385643005371094e-01
-5.507027506828308105e-01
-4.763590693473815918e-01
-3.791880309581756592e-01
