1.290786266326904297e-02
1.712551712989807129e-02
2.272959649562835693e-01
3.575002253055572510e-01
3.980978727340698242e-01
5.058985948562622070e-01
6.530004739761352539e-01
8.055931925773620605e-01
7.696657776832580566e-01
5.783522129058837891e-01
3.422961533069610596e-01
3.744280934333801270e-01
7.329318523406982422e-01
1.286570191383361816e+00
1.574093222618103027e+00
1.321257829666137695e+00
5.039559006690979004e-01
-4.231408536434173584e-01
-1.038977980613708496e+00
-1.124101042747497559e+00
-9.988771080970764160e-01
-1.063243389129638672e+00
-1.554698705673217773e+00
-2.108829021453857422e+00
-2.167649269104003906e+00
-1.318720459938049316e+00
9.715180844068527222e-02
1.262366175651550293e+00
1.290282845497131348e+00
6.128561496734619141e-02
-1.757479310035705566e+00
-3.001463413238525391e+00
-2.964132785797119141e+00
-1.747842788696289062e+00
-2.708224654197692871e-01
5.782110691070556641e-01
4.646943211555480957e-01
-1.055194437503814697e-01
-3.939299583435058594e-01
5.134117603302001953e-02
9.694201946258544922e-01
1.790814518928527832e+00
2.082759141921997070e+00
2.004990100860595703e+00
2.009800910949707031e+00
2.422696352005004883e+00
2.964695215225219727e+00
2.994728326797485352e+00
1.985808610916137695e+00
1.226326897740364075e-01
-1.788238048553466797e+00
-2.799099206924438477e+00
-2.569152593612670898e+00
-1.544992685317993164e+00
-6.398388743400573730e-01
-4.778788089752197266e-01
-9.904918670654296875e-01
-1.515037178993225098e+00
-1.433809995651245117e+00
-6.799083948135375977e-01
1.885101199150085449e-01
4.890486299991607666e-01
-2.012246847152709961e-02
-9.189599752426147461e-01
-1.464504599571228027e+00
-1.177197217941284180e+00
-2.077886313199996948e-01
7.857961058616638184e-01
1.158592104911804199e+00
7.263388633728027344e-01
-1.335401535034179688e-01
-8.420864939689636230e-01
-1.033363103866577148e+00
-8.012686371803283691e-01
-4.967874288558959961e-01
-4.245020151138305664e-01
-5.436053276062011719e-01
-5.738212466239929199e-01
-2.070581018924713135e-01
5.592088103294372559e-01
1.444800853729248047e+00
2.002500772476196289e+00
1.984714031219482422e+00
1.429735660552978516e+00
7.099291086196899414e-01
2.221576571464538574e-01
2.391818165779113770e-01
6.734872460365295410e-01
1.227585554122924805e+00
1.476614356040954590e+00
1.215091586112976074e+00
4.847432971000671387e-01
-3.407728672027587891e-01
-8.830351829528808594e-01
-8.902939558029174805e-01
-5.128941535949707031e-01
-9.117710590362548828e-02
-2.458292245864868164e-02
-3.625691831111907959e-01
-8.745287656784057617e-01
-1.098216056823730469e+00
-8.135266304016113281e-01
-1.045032143592834473e-01
5.631189942359924316e-01
8.090108633041381836e-01
4.914196729660034180e-01
-7.141070067882537842e-02
-4.901929497718811035e-01
-4.850405156612396240e-01
-2.217121571302413940e-01
-2.370777726173400879e-02
-2.236351072788238525e-01
-7.584140300750732422e-01
-1.360774755477905273e+00
-1.647104978561401367e+00
-1.550959587097167969e+00
-1.209027290344238281e+00
-9.474619626998901367e-01
-8.617902994155883789e-01
-8.827852010726928711e-01
-7.247263789176940918e-01
-2.731172144412994385e-01
4.541179835796356201e-01
1.194606184959411621e+00
1.774499893188476562e+00
2.056589603424072266e+00
2.088943958282470703e+00
1.846493005752563477e+00
1.355294466018676758e+00
5.996029376983642578e-01
-2.180944681167602539e-01
-8.479056358337402344e-01
-1.000021219253540039e+00
-7.010614275932312012e-01
-1.886658221483230591e-01
1.224542260169982910e-01
8.036066591739654541e-02
-1.946810632944107056e-01
-2.952502965927124023e-01
7.719069719314575195e-03
6.588677167892456055e-01
1.234946489334106445e+00
1.398530125617980957e+00
1.085451245307922363e+00
6.659833192825317383e-01
5.240165591239929199e-01
8.038114309310913086e-01
1.166174650192260742e+00
1.157870292663574219e+00
5.320128798484802246e-01
-4.083449244499206543e-01
-1.087395071983337402e+00
-1.025288343429565430e+00
-3.104746341705322266e-01
5.149266719818115234e-01
7.913290262222290039e-01
3.045458793640136719e-01
-6.293761134147644043e-01
-1.368055582046508789e+00
-1.488926887512207031e+00
-1.025197029113769531e+00
-4.270768165588378906e-01
-1.314815431833267212e-01
-2.812502682209014893e-01
-6.510006189346313477e-01
-9.292122721672058105e-01
-9.605560302734375000e-01
-8.458555936813354492e-01
-7.602599263191223145e-01
-7.695279717445373535e-01
-7.681409120559692383e-01
-6.214122772216796875e-01
-3.276856541633605957e-01
-2.941755950450897217e-02
1.289328038692474365e-01
1.740734875202178955e-01
2.790094017982482910e-01
5.988276004791259766e-01
1.052661180496215820e+00
1.362871766090393066e+00
1.246097445487976074e+00
7.229176759719848633e-01
1.118967831134796143e-01
-1.562972068786621094e-01
5.544102191925048828e-02
5.121031999588012695e-01
7.338365912437438965e-01
4.655583202838897705e-01
-1.546854972839355469e-01
-6.206464767456054688e-01
-5.489531755447387695e-01
7.005393505096435547e-02
7.739177942276000977e-01
1.097464084625244141e+00
8.775401115417480469e-01
4.844138324260711670e-01
4.036645889282226562e-01
9.006386995315551758e-01
1.653696775436401367e+00
2.090739250183105469e+00
1.726384878158569336e+00
6.797495484352111816e-01
-5.203411579132080078e-01
-1.203181147575378418e+00
-1.180651187896728516e+00
-7.229930162429809570e-01
-4.469392895698547363e-01
-6.809921860694885254e-01
-1.364501476287841797e+00
-1.972605705261230469e+00
-2.080421686172485352e+00
-1.516588568687438965e+00
-6.110739707946777344e-01
2.319715023040771484e-01
6.501688957214355469e-01
6.777327060699462891e-01
4.651058316230773926e-01
