-1.439956903457641602e+00
-1.486759305000305176e+00
-9.514353275299072266e-01
-3.048170208930969238e-01
2.027034759521484375e-02
1.049685478210449219e-02
-5.656757950782775879e-02
1.731110215187072754e-01
6.862633228302001953e-01
1.164638519287109375e+00
1.173346519470214844e+00
6.207389235496520996e-01
-2.153151929378509521e-01
-8.196650743484497070e-01
-9.007709622383117676e-01
-5.141044855117797852e-01
-3.184592723846435547e-02
2.437334060668945312e-01
2.349848151206970215e-01
1.336082220077514648e-01
1.128535121679306030e-01
2.144888937473297119e-01
3.115792572498321533e-01
3.445863723754882812e-01
3.890984952449798584e-01
6.233044862747192383e-01
1.057702660560607910e+00
1.441028952598571777e+00
1.355927109718322754e+00
5.909131169319152832e-01
-6.202414035797119141e-01
-1.636834144592285156e+00
-1.832503437995910645e+00
-1.032325267791748047e+00
3.183544278144836426e-01
1.443557739257812500e+00
1.749311923980712891e+00
1.200990200042724609e+00
2.909777164459228516e-01
-3.539267480373382568e-01
-3.978869616985321045e-01
2.609378099441528320e-02
5.118619203567504883e-01
6.957736611366271973e-01
4.976750910282135010e-01
6.043213605880737305e-02
-4.132072925567626953e-01
-8.454936742782592773e-01
-1.229927778244018555e+00
-1.541994094848632812e+00
-1.608792304992675781e+00
-1.229492664337158203e+00
-3.124459683895111084e-01
9.228019714355468750e-01
2.035718917846679688e+00
2.518229246139526367e+00
2.129701375961303711e+00
9.843738079071044922e-01
-4.260852932929992676e-01
-1.525856971740722656e+00
-1.856753706932067871e+00
-1.358690857887268066e+00
-3.232451081275939941e-01
6.722748279571533203e-01
1.130100011825561523e+00
8.208369612693786621e-01
-2.313852310180664062e-03
-8.260396718978881836e-01
-1.111438512802124023e+00
-7.305284738540649414e-01
2.434096485376358032e-02
5.541136264801025391e-01
4.704709649085998535e-01
-1.995211243629455566e-01
-9.369220733642578125e-01
-1.206817150115966797e+00
-7.729536294937133789e-01
3.722549602389335632e-02
6.925623416900634766e-01
7.906841039657592773e-01
4.560851156711578369e-01
1.069366782903671265e-01
1.567915827035903931e-01
5.390055775642395020e-01
8.427356481552124023e-01
5.815584063529968262e-01
-2.505070567131042480e-01
-1.204056501388549805e+00
-1.594829082489013672e+00
-1.144194841384887695e+00
-1.176580414175987244e-01
7.709847688674926758e-01
1.006561040878295898e+00
5.521340370178222656e-01
-7.779848575592041016e-02
-3.844633698463439941e-01
-2.174065709114074707e-01
2.976125478744506836e-02
-9.465415030717849731e-02
-7.358940839767456055e-01
-1.437692999839782715e+00
-1.564795732498168945e+00
-7.321214675903320312e-01
7.360538244247436523e-01
2.065951585769653320e+00
2.454244613647460938e+00
1.694149374961853027e+00
1.943671405315399170e-01
-1.231422066688537598e+00
-1.961895942687988281e+00
-1.774665594100952148e+00
-9.207641482353210449e-01
2.200469076633453369e-01
1.262660741806030273e+00
1.972744226455688477e+00
2.136544942855834961e+00
1.661528706550598145e+00
5.907899141311645508e-01
-7.285985350608825684e-01
-1.822476148605346680e+00
-2.278288602828979492e+00
-2.088946104049682617e+00
-1.597655177116394043e+00
-1.289738178253173828e+00
-1.339141607284545898e+00
-1.509373426437377930e+00
-1.296766519546508789e+00
-4.264677464962005615e-01
9.004938602447509766e-01
2.043256521224975586e+00
2.408743381500244141e+00
1.845495223999023438e+00
7.876710295677185059e-01
-1.099098622798919678e-01
-4.141071438789367676e-01
-2.060741782188415527e-01
9.949663281440734863e-02
1.350827217102050781e-01
-8.344141393899917603e-02
-2.125488668680191040e-01
1.004428714513778687e-01
8.627207279205322266e-01
1.686631679534912109e+00
2.050935983657836914e+00
1.678120255470275879e+00
7.244705557823181152e-01
-3.486539125442504883e-01
-1.082085847854614258e+00
-1.297160863876342773e+00
-1.118523120880126953e+00
-8.339492082595825195e-01
-6.611921191215515137e-01
-6.725364327430725098e-01
-7.887784838676452637e-01
-9.067364931106567383e-01
-9.251010417938232422e-01
-8.153263330459594727e-01
-5.795190930366516113e-01
-3.127495646476745605e-01
-1.303905695676803589e-01
-1.635894924402236938e-01
-4.018512964248657227e-01
-7.192127108573913574e-01
-8.750995993614196777e-01
-7.448750734329223633e-01
-3.591812252998352051e-01
4.591947793960571289e-02
2.930684983730316162e-01
3.511364161968231201e-01
4.392183423042297363e-01
7.429935932159423828e-01
1.277900576591491699e+00
1.722255587577819824e+00
1.726089000701904297e+00
1.133853793144226074e+00
2.860481142997741699e-01
-2.457295209169387817e-01
4.593056440353393555e-02
1.100542068481445312e+00
2.366001129150390625e+00
3.017683267593383789e+00
2.599200963973999023e+00
1.201905727386474609e+00
-4.891402125358581543e-01
-1.747079968452453613e+00
-2.096528291702270508e+00
-1.636219978332519531e+00
-7.491865158081054688e-01
5.622681975364685059e-02
5.417573451995849609e-01
6.433176994323730469e-01
5.293020606040954590e-01
3.172128796577453613e-01
1.523502022027969360e-01
2.435070276260375977e-02
-6.821668148040771484e-02
-2.608813047409057617e-01
-5.951659679412841797e-01
-1.087518572807312012e+00
-1.503982901573181152e+00
-1.593454003334045410e+00
-1.112885594367980957e+00
-1.941303908824920654e-01
8.038843870162963867e-01
1.344545125961303711e+00
1.219230651855468750e+00
5.686783194541931152e-01
-7.218916714191436768e-02
-3.203376233577728271e-01
-1.013374328613281250e-01
1.690379083156585693e-01
9.611967206001281738e-02
-4.531617760658264160e-01
-1.045251369476318359e+00
-1.136555194854736328e+00
-3.869235813617706299e-01
8.803105950355529785e-01
