-6.696669459342956543e-01
-7.547822594642639160e-01
-4.629114270210266113e-02
5.333131551742553711e-01
1.102562427520751953e+00
1.653739809989929199e+00
1.937705039978027344e+00
1.618015766143798828e+00
6.188752651214599609e-01
-6.927821636199951172e-01
-1.664257168769836426e+00
-1.804620981216430664e+00
-1.132418990135192871e+00
-1.599500775337219238e-01
5.369218587875366211e-01
7.551119327545166016e-01
7.887175083160400391e-01
1.087768316268920898e+00
1.789534807205200195e+00
2.505061149597167969e+00
2.604163169860839844e+00
1.738967061042785645e+00
2.089322805404663086e-01
-1.196657776832580566e+00
-1.725250244140625000e+00
-1.193143486976623535e+00
-6.754451990127563477e-02
8.843646049499511719e-01
1.139147281646728516e+00
6.769922971725463867e-01
-1.307967305183410645e-01
-8.924516439437866211e-01
-1.431395173072814941e+00
-1.777975916862487793e+00
-1.963283777236938477e+00
-1.917278170585632324e+00
-1.555320501327514648e+00
-9.749933481216430664e-01
-4.999154210090637207e-01
-4.861232042312622070e-01
-1.009472966194152832e+00
-1.746639370918273926e+00
-2.169358253479003906e+00
-1.946781873703002930e+00
-1.199291229248046875e+00
-3.978817462921142578e-01
2.410173416137695312e-02
1.750168949365615845e-02
-8.349078893661499023e-02
1.057409644126892090e-01
6.446911096572875977e-01
1.204611659049987793e+00
1.360654354095458984e+00
1.008392333984375000e+00
4.869034886360168457e-01
3.226569890975952148e-01
7.410325407981872559e-01
1.436718821525573730e+00
1.751094937324523926e+00
1.215869665145874023e+00
-5.059397220611572266e-02
-1.341810226440429688e+00
-1.866120696067810059e+00
-1.279623150825500488e+00
4.015880823135375977e-02
1.285673856735229492e+00
1.720048785209655762e+00
1.161931633949279785e+00
-2.135872840881347656e-03
-1.065819501876831055e+00
-1.468374967575073242e+00
-9.993646740913391113e-01
1.201807335019111633e-01
1.452609539031982422e+00
2.474763870239257812e+00
2.813092470169067383e+00
2.307299375534057617e+00
1.164894700050354004e+00
-1.529294252395629883e-01
-1.053621053695678711e+00
-1.192255496978759766e+00
-6.198527812957763672e-01
1.623472571372985840e-01
5.823360085487365723e-01
2.891661822795867920e-01
-5.680791139602661133e-01
-1.561902999877929688e+00
-2.239508628845214844e+00
-2.492263317108154297e+00
-2.460130214691162109e+00
-2.388683557510375977e+00
-2.274691820144653320e+00
-1.951835751533508301e+00
-1.202028989791870117e+00
-1.300548762083053589e-01
9.086617231369018555e-01
1.423907160758972168e+00
1.246499657630920410e+00
5.528741478919982910e-01
-1.647687107324600220e-01
-5.595644712448120117e-01
-5.346545577049255371e-01
-3.338367938995361328e-01
-1.470278352499008179e-01
-3.451222181320190430e-02
2.052192687988281250e-01
6.717637777328491211e-01
1.298643708229064941e+00
1.714855074882507324e+00
1.642983198165893555e+00
1.019948482513427734e+00
2.184176892042160034e-01
-3.232569396495819092e-01
-2.740761935710906982e-01
2.310390025377273560e-01
8.305128812789916992e-01
1.057409167289733887e+00
7.704627513885498047e-01
6.535094976425170898e-02
-6.776385307312011719e-01
-1.176120638847351074e+00
-1.224420070648193359e+00
-9.061945080757141113e-01
-3.717912733554840088e-01
7.245463877916336060e-02
2.545311152935028076e-01
7.534022629261016846e-02
-2.407421767711639404e-01
-3.910042047500610352e-01
-3.037329763174057007e-02
7.841013073921203613e-01
1.684293031692504883e+00
2.019223451614379883e+00
1.470374822616577148e+00
2.131538838148117065e-01
-9.428398609161376953e-01
-1.223917961120605469e+00
-3.088178038597106934e-01
1.211593389511108398e+00
2.340874671936035156e+00
2.201392173767089844e+00
8.253959417343139648e-01
-1.006314992904663086e+00
-2.156710147857666016e+00
-2.080271005630493164e+00
-1.009015083312988281e+00
1.244508922100067139e-01
5.592181682586669922e-01
6.698003411293029785e-02
-8.231117725372314453e-01
-1.468767523765563965e+00
-1.463418960571289062e+00
-1.011333107948303223e+00
-4.906947910785675049e-01
-2.228741496801376343e-01
-8.910259604454040527e-02
1.178102493286132812e-01
5.426067709922790527e-01
9.132918119430541992e-01
8.939320445060729980e-01
2.598714828491210938e-01
-6.974893808364868164e-01
-1.468254804611206055e+00
-1.530001878738403320e+00
-8.553320169448852539e-01
2.263827919960021973e-01
1.132794618606567383e+00
1.542073488235473633e+00
1.394970774650573730e+00
9.805468320846557617e-01
5.602419972419738770e-01
3.765746355056762695e-01
4.574273824691772461e-01
7.955497503280639648e-01
1.196119785308837891e+00
1.427599191665649414e+00
1.161388278007507324e+00
3.233594894409179688e-01
-8.662063479423522949e-01
-1.774695158004760742e+00
-1.837820291519165039e+00
-8.623169660568237305e-01
6.162554025650024414e-01
1.727475643157958984e+00
1.736732602119445801e+00
7.001467943191528320e-01
-6.536234617233276367e-01
-1.333958148956298828e+00
-9.246540665626525879e-01
2.284341454505920410e-01
1.216250538825988770e+00
1.396048665046691895e+00
7.908703088760375977e-01
1.174836605787277222e-01
6.216374039649963379e-02
7.782235145568847656e-01
1.672772049903869629e+00
1.990114927291870117e+00
1.368534326553344727e+00
2.139814794063568115e-01
-7.268693447113037109e-01
-9.121184349060058594e-01
-4.944063425064086914e-01
-7.296669483184814453e-02
-2.071315050125122070e-01
-8.591432571411132812e-01
-1.508927822113037109e+00
-1.566423177719116211e+00
-9.645155072212219238e-01
-1.764562278985977173e-01
1.315798610448837280e-01
-2.820820510387420654e-01
-1.070715427398681641e+00
-1.528680086135864258e+00
-1.201161742210388184e+00
-1.779969334602355957e-01
9.637759923934936523e-01
