1.489440351724624634e-01
1.134990900754928589e-01
3.279048204421997070e-01
2.214845418930053711e-01
1.243497133255004883e-01
3.168323934078216553e-01
1.044551610946655273e+00
2.071388483047485352e+00
2.980950355529785156e+00
3.179309368133544922e+00
2.469196319580078125e+00
9.863198399543762207e-01
-6.507334709167480469e-01
-1.879012227058410645e+00
-2.293400526046752930e+00
-2.011731386184692383e+00
-1.352519989013671875e+00
-7.778208255767822266e-01
-4.727292060852050781e-01
-4.834042191505432129e-01
-6.390096545219421387e-01
-8.604809045791625977e-01
-1.036337852478027344e+00
-1.131868839263916016e+00
-9.856652021408081055e-01
-5.059776306152343750e-01
3.316837847232818604e-01
1.247370958328247070e+00
1.844456672668457031e+00
1.721190810203552246e+00
8.357620835304260254e-01
-5.133019089698791504e-01
-1.754407048225402832e+00
-2.440778732299804688e+00
-2.402315855026245117e+00
-1.827648401260375977e+00
-1.007364034652709961e+00
-1.801181137561798096e-01
5.806153416633605957e-01
1.217960953712463379e+00
1.601703405380249023e+00
1.511988997459411621e+00
8.352102637290954590e-01
-2.641031146049499512e-01
-1.331287384033203125e+00
-1.858597517013549805e+00
-1.618574857711791992e+00
-8.196545839309692383e-01
5.171060562133789062e-03
3.698609471321105957e-01
1.068902909755706787e-01
-5.405269265174865723e-01
-1.176281094551086426e+00
-1.481994628906250000e+00
-1.410018324851989746e+00
-1.038281679153442383e+00
-4.789061844348907471e-01
2.689016163349151611e-01
1.139971613883972168e+00
1.961308717727661133e+00
2.361213684082031250e+00
2.078765153884887695e+00
1.111824393272399902e+00
-8.787828683853149414e-02
-9.532487392425537109e-01
-1.058742284774780273e+00
-5.162552595138549805e-01
2.275566905736923218e-01
6.099711656570434570e-01
4.768143892288208008e-01
4.444159194827079773e-02
-1.761110723018646240e-01
8.366620540618896484e-02
7.831416726112365723e-01
1.486339092254638672e+00
1.828517794609069824e+00
1.608672261238098145e+00
1.014435887336730957e+00
2.834607958793640137e-01
-3.064166009426116943e-01
-6.897374987602233887e-01
-7.638462781906127930e-01
-5.179960131645202637e-01
1.122236251831054688e-01
9.247363805770874023e-01
1.598147749900817871e+00
1.641545772552490234e+00
8.847609758377075195e-01
-5.075570344924926758e-01
-1.888896584510803223e+00
-2.673224687576293945e+00
-2.522378921508789062e+00
-1.718620777130126953e+00
-7.813965082168579102e-01
-2.879024147987365723e-01
-3.612610399723052979e-01
-8.501160144805908203e-01
-1.346363067626953125e+00
-1.651886343955993652e+00
-1.672421932220458984e+00
-1.528825640678405762e+00
-1.210567712783813477e+00
-7.399928569793701172e-01
-6.379503011703491211e-02
6.537481546401977539e-01
1.256252169609069824e+00
1.558986425399780273e+00
1.669994592666625977e+00
1.766640663146972656e+00
2.069598674774169922e+00
2.458904981613159180e+00
2.654956102371215820e+00
2.287745237350463867e+00
1.376209497451782227e+00
2.586110234260559082e-01
-4.581784009933471680e-01
-4.527976214885711670e-01
2.028138935565948486e-01
9.643347263336181641e-01
1.319169759750366211e+00
1.014149188995361328e+00
2.961781024932861328e-01
-4.321909248828887939e-01
-8.150803446769714355e-01
-8.514584302902221680e-01
-6.969967484474182129e-01
-5.547133684158325195e-01
-4.206744432449340820e-01
-2.452808022499084473e-01
-1.032491028308868408e-02
9.071207046508789062e-02
-1.580618619918823242e-01
-8.403313159942626953e-01
-1.698166489601135254e+00
-2.294107675552368164e+00
-2.237008094787597656e+00
-1.487185955047607422e+00
-3.399436771869659424e-01
7.467262744903564453e-01
1.455645918846130371e+00
1.721079945564270020e+00
1.673435568809509277e+00
1.461767196655273438e+00
1.162969946861267090e+00
8.166576623916625977e-01
4.906311631202697754e-01
2.949212789535522461e-01
2.463766038417816162e-01
2.132132649421691895e-01
-5.720841884613037109e-02
-6.678538918495178223e-01
-1.425740361213684082e+00
-1.819261431694030762e+00
-1.409159183502197266e+00
-1.447325348854064941e-01
1.406204223632812500e+00
2.425806283950805664e+00
2.279259443283081055e+00
1.042589902877807617e+00
-6.298757195472717285e-01
-1.831265926361083984e+00
-2.085481882095336914e+00
-1.469125509262084961e+00
-5.627031326293945312e-01
1.524211168289184570e-01
4.685455262660980225e-01
6.033721566200256348e-01
7.345852851867675781e-01
9.178416132926940918e-01
9.038925766944885254e-01
5.829017758369445801e-01
1.721414923667907715e-02
-3.837634325027465820e-01
-3.733643591403961182e-01
5.407619476318359375e-02
4.214228391647338867e-01
3.285450339317321777e-01
-3.782819807529449463e-01
-1.215840339660644531e+00
-1.592259526252746582e+00
-1.053505182266235352e+00
1.164118051528930664e-01
1.273131608963012695e+00
1.624586343765258789e+00
1.012049794197082520e+00
-2.365570366382598877e-01
-1.327367186546325684e+00
-1.808150649070739746e+00
-1.584500312805175781e+00
-1.141501665115356445e+00
-8.518862128257751465e-01
-9.389048814773559570e-01
-1.095822930335998535e+00
-1.051718235015869141e+00
-5.566906332969665527e-01
1.605582237243652344e-01
8.634763956069946289e-01
1.229689836502075195e+00
1.343326210975646973e+00
1.287230372428894043e+00
1.290556192398071289e+00
1.230872750282287598e+00
1.020308136940002441e+00
4.287070035934448242e-01
-3.885559439659118652e-01
-1.233503460884094238e+00
-1.656958937644958496e+00
-1.529477834701538086e+00
-8.031480908393859863e-01
1.530766934156417847e-01
1.061716794967651367e+00
1.528829813003540039e+00
1.509479880332946777e+00
9.573943614959716797e-01
1.559283286333084106e-01
-7.187545299530029297e-01
-1.315830826759338379e+00
