-4.251086115837097168e-01
-4.231628775596618652e-01
-4.227843582630157471e-01
2.781563997268676758e-02
5.435481667518615723e-01
6.222034692764282227e-01
1.435624361038208008e-01
-5.726099014282226562e-01
-9.291491508483886719e-01
-6.234307885169982910e-01
1.413490176200866699e-01
7.020847201347351074e-01
5.311010479927062988e-01
-3.879886865615844727e-01
-1.425130248069763184e+00
-1.845591187477111816e+00
-1.311529159545898438e+00
-2.475547790527343750e-01
5.435207486152648926e-01
4.239302873611450195e-01
-4.973289966583251953e-01
-1.507070064544677734e+00
-1.747594594955444336e+00
-9.467334151268005371e-01
4.553864002227783203e-01
1.562286615371704102e+00
1.764281511306762695e+00
1.086405158042907715e+00
2.002949267625808716e-01
-1.943736970424652100e-01
1.849282979965209961e-01
9.559733867645263672e-01
1.486882686614990234e+00
1.321481704711914062e+00
5.847955346107482910e-01
-2.203142642974853516e-01
-5.316519141197204590e-01
-2.054899930953979492e-01
5.021249651908874512e-01
1.092097759246826172e+00
1.269300341606140137e+00
1.043017506599426270e+00
7.296458482742309570e-01
6.018971800804138184e-01
7.563776969909667969e-01
1.000558733940124512e+00
1.098521232604980469e+00
8.905456066131591797e-01
4.791510403156280518e-01
7.766473293304443359e-02
-7.113012671470642090e-02
6.841353327035903931e-02
3.710474371910095215e-01
5.541883707046508789e-01
4.188219606876373291e-01
-1.066967248916625977e-01
-8.548861145973205566e-01
-1.588568449020385742e+00
-2.061648845672607422e+00
-2.212792396545410156e+00
-2.100940942764282227e+00
-1.897177338600158691e+00
-1.686157107353210449e+00
-1.483618736267089844e+00
-1.199414610862731934e+00
-8.160632252693176270e-01
-3.794302344322204590e-01
-3.963124752044677734e-02
1.356331408023834229e-01
1.774327158927917480e-01
2.624645233154296875e-01
5.025773048400878906e-01
8.822064995765686035e-01
1.183403491973876953e+00
1.204857707023620605e+00
8.872556090354919434e-01
4.485272169113159180e-01
1.804796755313873291e-01
2.701109945774078369e-01
5.847206115722656250e-01
8.169705867767333984e-01
6.893097162246704102e-01
2.493955194950103760e-01
-1.901574432849884033e-01
-2.476220726966857910e-01
1.573136448860168457e-01
7.553817033767700195e-01
1.071068167686462402e+00
8.403115272521972656e-01
1.853703856468200684e-01
-4.150438010692596436e-01
-5.243715643882751465e-01
-2.595546841621398926e-02
7.623617649078369141e-01
1.377116560935974121e+00
1.492830753326416016e+00
1.136930346488952637e+00
5.332175493240356445e-01
-9.257757663726806641e-02
-7.064049243927001953e-01
-1.341790556907653809e+00
-1.950114846229553223e+00
-2.269896030426025391e+00
-2.016469240188598633e+00
-1.122889518737792969e+00
5.920154601335525513e-02
9.485229849815368652e-01
1.081056952476501465e+00
4.878319501876831055e-01
-3.403934240341186523e-01
-7.762240171432495117e-01
-5.568444728851318359e-01
4.526865482330322266e-02
4.059736132621765137e-01
7.353669404983520508e-02
-8.821399211883544922e-01
-1.846307277679443359e+00
-2.099752426147460938e+00
-1.287602901458740234e+00
3.029429912567138672e-01
1.947461724281311035e+00
2.904702663421630859e+00
2.864654302597045898e+00
2.045039892196655273e+00
1.021122217178344727e+00
3.350087106227874756e-01
2.317620813846588135e-01
5.515441298484802246e-01
8.913079500198364258e-01
8.177831172943115234e-01
1.270191669464111328e-01
-1.066581010818481445e+00
-2.344607830047607422e+00
-3.202057123184204102e+00
-3.281310558319091797e+00
-2.595549821853637695e+00
-1.506611108779907227e+00
-5.397018194198608398e-01
-4.523152112960815430e-02
-2.200037240982055664e-02
-1.418633460998535156e-01
-5.481003969907760620e-02
3.501209616661071777e-01
8.401345610618591309e-01
1.072003722190856934e+00
8.830013275146484375e-01
4.868618845939636230e-01
3.036396801471710205e-01
6.406224966049194336e-01
1.388293266296386719e+00
2.083112001419067383e+00
2.213330268859863281e+00
1.622192859649658203e+00
6.005663871765136719e-01
-3.177166879177093506e-01
-7.761045694351196289e-01
-8.037379980087280273e-01
-7.416946887969970703e-01
-8.765922784805297852e-01
-1.192631721496582031e+00
-1.362739443778991699e+00
-1.075755476951599121e+00
-3.199870586395263672e-01
5.312932133674621582e-01
1.010723352432250977e+00
8.860615491867065430e-01
3.617734313011169434e-01
-1.237661540508270264e-01
-2.196725010871887207e-01
4.293936491012573242e-02
3.347066342830657959e-01
2.900074720382690430e-01
-1.573736667633056641e-01
-7.595487833023071289e-01
-1.135967731475830078e+00
-1.111199855804443359e+00
-8.021214604377746582e-01
-5.167070031166076660e-01
-4.403755366802215576e-01
-5.040683746337890625e-01
-4.154438078403472900e-01
4.365775361657142639e-02
8.359122872352600098e-01
1.609871268272399902e+00
1.957175612449645996e+00
1.640382647514343262e+00
7.854032516479492188e-01
-2.411407679319381714e-01
-1.005150437355041504e+00
-1.268113732337951660e+00
-1.023447751998901367e+00
-4.871526956558227539e-01
8.588397502899169922e-02
4.650917053222656250e-01
5.575641989707946777e-01
3.587941825389862061e-01
-1.600354909896850586e-02
-4.316759705543518066e-01
-7.291423082351684570e-01
-8.402198553085327148e-01
-7.584311962127685547e-01
-5.848082900047302246e-01
-4.122617244720458984e-01
-3.284877836704254150e-01
-3.195335865020751953e-01
-3.466956317424774170e-01
-3.160834610462188721e-01
-1.805444061756134033e-01
9.948587417602539062e-02
4.751721322536468506e-01
8.719204068183898926e-01
1.139701366424560547e+00
1.176464676856994629e+00
9.253104925155639648e-01
4.900376796722412109e-01
3.318747878074645996e-02
-2.484914809465408325e-01
