2.078514248132705688e-01
2.423534691333770752e-01
-2.712300419807434082e-02
-6.069774627685546875e-01
-1.099331259727478027e+00
-1.067382335662841797e+00
-3.923199176788330078e-01
5.924835205078125000e-01
1.282910346984863281e+00
1.241533041000366211e+00
5.335207581520080566e-01
-2.804561257362365723e-01
-5.520044565200805664e-01
-3.917856514453887939e-02
8.752247095108032227e-01
1.452056407928466797e+00
1.144869446754455566e+00
3.899314999580383301e-02
-1.193616151809692383e+00
-1.786029100418090820e+00
-1.460204720497131348e+00
-6.308730840682983398e-01
-7.662647962570190430e-02
-3.081120848655700684e-01
-1.148018598556518555e+00
-1.842350721359252930e+00
-1.649892807006835938e+00
-4.368779063224792480e-01
1.180664777755737305e+00
2.263948440551757812e+00
2.235578536987304688e+00
1.296543478965759277e+00
2.634377777576446533e-01
-3.677361458539962769e-02
6.452968120574951172e-01
1.828903675079345703e+00
2.690182924270629883e+00
2.638988256454467773e+00
1.690918922424316406e+00
3.602674603462219238e-01
-7.414832711219787598e-01
-1.313602089881896973e+00
-1.442287683486938477e+00
-1.414691448211669922e+00
-1.424080371856689453e+00
-1.482502579689025879e+00
-1.504825115203857422e+00
-1.494201421737670898e+00
-1.553511977195739746e+00
-1.779913902282714844e+00
-2.078162908554077148e+00
-2.179687023162841797e+00
-1.800910115242004395e+00
-9.119927883148193359e-01
1.999384611845016479e-01
1.060004711151123047e+00
1.337951064109802246e+00
1.033254027366638184e+00
4.885378777980804443e-01
1.193748116493225098e-01
1.812451481819152832e-01
6.123760938644409180e-01
1.154314756393432617e+00
1.497127294540405273e+00
1.474028110504150391e+00
1.065932154655456543e+00
4.045721888542175293e-01
-3.150062561035156250e-01
-8.414111137390136719e-01
-9.703852534294128418e-01
-6.034235954284667969e-01
1.190170049667358398e-01
8.883144855499267578e-01
1.340015411376953125e+00
1.322964072227478027e+00
9.636631608009338379e-01
6.065911650657653809e-01
4.910753071308135986e-01
5.854532718658447266e-01
5.629448890686035156e-01
1.438215970993041992e-01
-6.466704010963439941e-01
-1.357300758361816406e+00
-1.460430741310119629e+00
-7.366135120391845703e-01
4.167998433113098145e-01
1.246188998222351074e+00
1.111184120178222656e+00
2.900493144989013672e-02
-1.340772628784179688e+00
-2.091167211532592773e+00
-1.766502976417541504e+00
-6.378738880157470703e-01
4.484395086765289307e-01
7.526156902313232422e-01
1.261858344078063965e-01
-8.510936498641967773e-01
-1.379821777343750000e+00
-9.805842638015747070e-01
1.197616904973983765e-01
1.257324218750000000e+00
1.782173037528991699e+00
1.567585229873657227e+00
9.652847051620483398e-01
5.320379734039306641e-01
5.304559469223022461e-01
8.481405973434448242e-01
1.104951381683349609e+00
1.062940359115600586e+00
7.404496669769287109e-01
3.929196894168853760e-01
1.807422935962677002e-01
7.999730110168457031e-02
-1.188015937805175781e-01
-5.031305551528930664e-01
-9.507414698600769043e-01
-1.128371953964233398e+00
-8.282729387283325195e-01
-1.206367015838623047e-01
5.907406806945800781e-01
9.087042212486267090e-01
6.817591786384582520e-01
1.777556687593460083e-01
-1.871868818998336792e-01
-1.171277463436126709e-01
2.757880389690399170e-01
6.245539784431457520e-01
5.388073921203613281e-01
-2.931320667266845703e-02
-8.079779744148254395e-01
-1.354082942008972168e+00
-1.436896324157714844e+00
-1.125061988830566406e+00
-7.564392089843750000e-01
-6.023980379104614258e-01
-7.225793600082397461e-01
-8.888140916824340820e-01
-8.515758514404296875e-01
-4.922350645065307617e-01
2.191165089607238770e-02
4.208671450614929199e-01
4.752958416938781738e-01
2.072635591030120850e-01
-1.910454928874969482e-01
-4.413187205791473389e-01
-4.077921211719512939e-01
-1.000911295413970947e-01
3.158059120178222656e-01
6.926906704902648926e-01
9.276928305625915527e-01
1.044483661651611328e+00
1.093911767005920410e+00
1.159862160682678223e+00
1.267523169517517090e+00
1.415569663047790527e+00
1.516724824905395508e+00
1.467678189277648926e+00
1.150150060653686523e+00
5.606753230094909668e-01
-1.760936379432678223e-01
-7.710428237915039062e-01
-9.384784698486328125e-01
-5.283043980598449707e-01
3.076761662960052490e-01
1.185007214546203613e+00
1.634300351142883301e+00
1.395826101303100586e+00
5.344282984733581543e-01
-5.613369941711425781e-01
-1.439968228340148926e+00
-1.801903247833251953e+00
-1.660164237022399902e+00
-1.232964277267456055e+00
-7.834814786911010742e-01
-4.211268424987792969e-01
-1.252500414848327637e-01
1.587958335876464844e-01
3.509389758110046387e-01
2.513011395931243896e-01
-3.308852016925811768e-01
-1.345766901969909668e+00
-2.441455841064453125e+00
-3.086399316787719727e+00
-2.899433612823486328e+00
-1.912717461585998535e+00
-6.283130645751953125e-01
2.577022612094879150e-01
2.502123415470123291e-01
-6.114935278892517090e-01
-1.767122507095336914e+00
-2.429564476013183594e+00
-2.048163175582885742e+00
-6.144502162933349609e-01
1.322051405906677246e+00
2.956910371780395508e+00
3.634197711944580078e+00
3.159132003784179688e+00
1.843167781829833984e+00
3.211525678634643555e-01
-7.678993940353393555e-01
-1.048891305923461914e+00
-5.367672443389892578e-01
4.110881984233856201e-01
1.275995254516601562e+00
1.605950951576232910e+00
1.207292437553405762e+00
2.247041761875152588e-01
-9.198223352432250977e-01
-1.715415477752685547e+00
-1.797991633415222168e+00
-1.125501155853271484e+00
2.918794751167297363e-03
1.083071470260620117e+00
1.657222986221313477e+00
1.519593477249145508e+00
7.988419532775878906e-01
-1.430154293775558472e-01
