-9.578311443328857422e-01
-9.597544670104980469e-01
-3.904995322227478027e-01
3.204714059829711914e-01
9.839675426483154297e-01
1.446284174919128418e+00
1.503891706466674805e+00
1.121155023574829102e+00
3.573324978351593018e-01
-4.964762628078460693e-01
-1.141904234886169434e+00
-1.294708847999572754e+00
-9.297412037849426270e-01
-1.804239749908447266e-01
6.423540711402893066e-01
1.308606386184692383e+00
1.657822132110595703e+00
1.693315982818603516e+00
1.420125007629394531e+00
8.795137405395507812e-01
7.935684919357299805e-02
-8.551375269889831543e-01
-1.724077939987182617e+00
-2.227952241897583008e+00
-2.177871465682983398e+00
-1.551228761672973633e+00
-5.759487152099609375e-01
4.322584271430969238e-01
1.169793248176574707e+00
1.502579689025878906e+00
1.420150399208068848e+00
1.003972291946411133e+00
3.388837873935699463e-01
-4.527156054973602295e-01
-1.194309115409851074e+00
-1.637243986129760742e+00
-1.578795790672302246e+00
-9.842222332954406738e-01
-7.856401056051254272e-02
7.388409376144409180e-01
1.094120502471923828e+00
8.397367000579833984e-01
1.291857361793518066e-01
-7.082180976867675781e-01
-1.347449302673339844e+00
-1.632805585861206055e+00
-1.553708314895629883e+00
-1.169238686561584473e+00
-4.916756153106689453e-01
4.474416971206665039e-01
1.535031557083129883e+00
2.457072973251342773e+00
2.841291427612304688e+00
2.418771028518676758e+00
1.303588509559631348e+00
-4.692709445953369141e-02
-9.792243242263793945e-01
-1.073351740837097168e+00
-3.291200697422027588e-01
7.555243968963623047e-01
1.546727895736694336e+00
1.559770226478576660e+00
7.982302904129028320e-01
-3.617664277553558350e-01
-1.322366714477539062e+00
-1.686534643173217773e+00
-1.345336914062500000e+00
-5.838677883148193359e-01
1.964214146137237549e-01
5.853692293167114258e-01
4.378732442855834961e-01
-1.921051740646362305e-01
-9.845708608627319336e-01
-1.603121042251586914e+00
-1.718848824501037598e+00
-1.259200572967529297e+00
-3.324204087257385254e-01
6.856572628021240234e-01
1.436149239540100098e+00
1.603531122207641602e+00
1.178996801376342773e+00
3.206944465637207031e-01
-6.164550185203552246e-01
-1.380714297294616699e+00
-1.786961555480957031e+00
-1.874572753906250000e+00
-1.697353482246398926e+00
-1.386655092239379883e+00
-9.690604805946350098e-01
-5.329370498657226562e-01
-1.134939789772033691e-01
1.530471742153167725e-01
2.298855185508728027e-01
8.786761760711669922e-02
-1.129590868949890137e-01
-2.281703352928161621e-01
-7.705956697463989258e-02
3.132899105548858643e-01
8.420295119285583496e-01
1.260068655014038086e+00
1.443248987197875977e+00
1.334787964820861816e+00
1.089120507240295410e+00
8.315428495407104492e-01
6.854097843170166016e-01
5.684959888458251953e-01
3.965748548507690430e-01
7.021856307983398438e-02
-2.730013728141784668e-01
-4.133024811744689941e-01
-5.743341147899627686e-02
8.103603124618530273e-01
1.945249080657958984e+00
2.780523300170898438e+00
2.829644203186035156e+00
1.850775837898254395e+00
1.467590630054473877e-01
-1.665787577629089355e+00
-2.849396705627441406e+00
-3.027175426483154297e+00
-2.241724491119384766e+00
-9.990265369415283203e-01
1.396968513727188110e-01
7.478165030479431152e-01
7.974376082420349121e-01
4.811040759086608887e-01
1.173802614212036133e-01
-1.422993540763854980e-01
-2.778357267379760742e-01
-4.277418255805969238e-01
-6.754853129386901855e-01
-1.053220391273498535e+00
-1.454260468482971191e+00
-1.764129400253295898e+00
-1.854314208030700684e+00
-1.694960236549377441e+00
-1.305863261222839355e+00
-8.212963342666625977e-01
-3.970496654510498047e-01
-2.001823186874389648e-01
-2.634065151214599609e-01
-4.659668207168579102e-01
-5.188386440277099609e-01
-1.531660854816436768e-01
7.192513942718505859e-01
1.852522850036621094e+00
2.768983364105224609e+00
2.991358757019042969e+00
2.355957269668579102e+00
1.138883352279663086e+00
-6.132996827363967896e-02
-6.771066784858703613e-01
-5.070576071739196777e-01
1.749842464923858643e-01
8.140142560005187988e-01
9.633166193962097168e-01
5.682173371315002441e-01
5.878418684005737305e-03
-2.203313112258911133e-01
1.705064624547958374e-01
9.889039397239685059e-01
1.717212080955505371e+00
1.816586136817932129e+00
1.127135038375854492e+00
-6.952847540378570557e-02
-1.189998149871826172e+00
-1.774752616882324219e+00
-1.704133033752441406e+00
-1.274865388870239258e+00
-8.789161443710327148e-01
-7.722426056861877441e-01
-8.446490764617919922e-01
-8.315598964691162109e-01
-4.910813570022583008e-01
9.191104769706726074e-02
6.297601461410522461e-01
7.756233215332031250e-01
5.041999220848083496e-01
7.225737720727920532e-02
-5.336427688598632812e-02
3.501404225826263428e-01
1.163057804107666016e+00
1.862082958221435547e+00
1.967406392097473145e+00
1.272413253784179688e+00
1.012758761644363403e-01
-1.006216645240783691e+00
-1.526177287101745605e+00
-1.379287123680114746e+00
-7.971414923667907715e-01
-2.251397371292114258e-01
1.254767477512359619e-01
2.420322597026824951e-01
3.434539437294006348e-01
4.837130606174468994e-01
5.893128514289855957e-01
3.968585133552551270e-01
-1.436572074890136719e-01
-8.726580739021301270e-01
-1.330152511596679688e+00
-1.218868613243103027e+00
-5.018658638000488281e-01
3.848789632320404053e-01
9.718373417854309082e-01
9.384899139404296875e-01
4.931613504886627197e-01
5.004356056451797485e-02
5.361956357955932617e-02
4.725947082042694092e-01
9.616543054580688477e-01
9.721623659133911133e-01
3.358818292617797852e-01
-7.278994917869567871e-01
-1.572679877281188965e+00
-1.708961248397827148e+00
-9.590450525283813477e-01
2.776741981506347656e-01
