-1.598523616790771484e+00
-1.686679840087890625e+00
-4.360299706459045410e-01
1.052516341209411621e+00
2.287026405334472656e+00
2.647347450256347656e+00
1.993040084838867188e+00
5.497274994850158691e-01
-9.302412271499633789e-01
-1.809176087379455566e+00
-1.672120213508605957e+00
-7.661527395248413086e-01
4.278078675270080566e-01
1.279873371124267578e+00
1.587618350982666016e+00
1.382557153701782227e+00
1.019169330596923828e+00
6.675605773925781250e-01
4.400235414505004883e-01
1.990103721618652344e-01
-4.421561956405639648e-02
-2.895275354385375977e-01
-3.682395219802856445e-01
-3.167994618415832520e-01
-2.021807581186294556e-01
-2.579374313354492188e-01
-4.785190224647521973e-01
-7.493697404861450195e-01
-7.338165044784545898e-01
-3.350917100906372070e-01
3.258128762245178223e-01
7.586004734039306641e-01
6.007235050201416016e-01
-2.470279633998870850e-01
-1.321940779685974121e+00
-2.023899793624877930e+00
-1.859455108642578125e+00
-9.397522211074829102e-01
2.236070036888122559e-01
9.083760380744934082e-01
7.839578986167907715e-01
-4.916357994079589844e-02
-1.055926084518432617e+00
-1.787043094635009766e+00
-2.020929574966430664e+00
-1.919888257980346680e+00
-1.661773443222045898e+00
-1.338960886001586914e+00
-7.978218793869018555e-01
3.442025184631347656e-02
1.042026758193969727e+00
1.781163573265075684e+00
1.848566055297851562e+00
1.129915595054626465e+00
5.881629884243011475e-02
-6.843961477279663086e-01
-5.443993806838989258e-01
4.367983937263488770e-01
1.686696529388427734e+00
2.414622545242309570e+00
2.208795547485351562e+00
1.246703386306762695e+00
1.870881468057632446e-01
-3.782827854156494141e-01
-3.108239769935607910e-01
-4.132908582687377930e-02
-1.682039499282836914e-01
-9.996407032012939453e-01
-2.253036260604858398e+00
-3.252331018447875977e+00
-3.372003555297851562e+00
-2.487749099731445312e+00
-1.031891345977783203e+00
3.015637397766113281e-01
1.024209976196289062e+00
1.106357216835021973e+00
8.928244113922119141e-01
7.657317519187927246e-01
8.445161581039428711e-01
9.538395404815673828e-01
8.319913148880004883e-01
4.167193174362182617e-01
-8.056402206420898438e-02
-3.113427162170410156e-01
-8.496817946434020996e-02
4.984807074069976807e-01
1.095818758010864258e+00
1.395503044128417969e+00
1.299236297607421875e+00
9.837656021118164062e-01
7.006025910377502441e-01
6.152865886688232422e-01
6.815685033798217773e-01
7.733744382858276367e-01
7.863501310348510742e-01
7.602564096450805664e-01
7.611694335937500000e-01
8.051193952560424805e-01
7.482573390007019043e-01
4.330422282218933105e-01
-2.014702558517456055e-01
-9.617079496383666992e-01
-1.536773443222045898e+00
-1.648710489273071289e+00
-1.301913261413574219e+00
-7.359211444854736328e-01
-3.083683848381042480e-01
-1.909178644418716431e-01
-3.172391355037689209e-01
-4.124260842800140381e-01
-2.839139401912689209e-01
6.397998332977294922e-02
3.728065788745880127e-01
3.821760118007659912e-01
-1.150429248809814453e-02
-6.015465855598449707e-01
-1.043323636054992676e+00
-1.021798729896545410e+00
-5.051119327545166016e-01
2.853967845439910889e-01
9.462258219718933105e-01
1.162022590637207031e+00
8.082927465438842773e-01
5.407154187560081482e-02
-7.709654569625854492e-01
-1.271773099899291992e+00
-1.200829029083251953e+00
-5.216958522796630859e-01
5.222002267837524414e-01
1.546828746795654297e+00
2.167975902557373047e+00
2.227324962615966797e+00
1.832169651985168457e+00
1.299577593803405762e+00
9.079878926277160645e-01
7.311204075813293457e-01
5.793904066085815430e-01
1.927300393581390381e-01
-5.319326519966125488e-01
-1.389783501625061035e+00
-1.987529039382934570e+00
-2.015675067901611328e+00
-1.508507966995239258e+00
-8.524307608604431152e-01
-5.276889204978942871e-01
-7.568693757057189941e-01
-1.311960816383361816e+00
-1.663830280303955078e+00
-1.337914228439331055e+00
-2.751004099845886230e-01
1.129921436309814453e+00
2.264197349548339844e+00
2.719457387924194336e+00
2.495345592498779297e+00
1.971942901611328125e+00
1.565752506256103516e+00
1.486486196517944336e+00
1.610990285873413086e+00
1.703595399856567383e+00
1.594671010971069336e+00
1.355912089347839355e+00
1.137046337127685547e+00
1.044624567031860352e+00
9.503307342529296875e-01
6.476742029190063477e-01
-3.597182035446166992e-02
-9.946169853210449219e-01
-1.966529846191406250e+00
-2.617828845977783203e+00
-2.851181507110595703e+00
-2.743790149688720703e+00
-2.540264129638671875e+00
-2.337628602981567383e+00
-2.122155666351318359e+00
-1.720347881317138672e+00
-1.118777036666870117e+00
-4.354675710201263428e-01
4.872381687164306641e-04
1.334196329116821289e-02
-3.835429549217224121e-01
-8.177781105041503906e-01
-9.305759668350219727e-01
-4.893859624862670898e-01
2.837077975273132324e-01
9.928646087646484375e-01
1.179345846176147461e+00
7.954864501953125000e-01
8.835057914257049561e-02
-4.027512371540069580e-01
-3.825085461139678955e-01
1.598170846700668335e-01
7.661806941032409668e-01
9.998307824134826660e-01
5.727557539939880371e-01
-2.600052356719970703e-01
-1.051601648330688477e+00
-1.276026010513305664e+00
-8.853715062141418457e-01
-1.542148292064666748e-01
3.082295060157775879e-01
1.873168647289276123e-01
-5.054760575294494629e-01
-1.210353493690490723e+00
-1.399422168731689453e+00
-7.267550826072692871e-01
5.003379583358764648e-01
1.722149133682250977e+00
2.253481388092041016e+00
1.940985441207885742e+00
1.011970996856689453e+00
1.287731826305389404e-01
-2.866894602775573730e-01
-7.661912590265274048e-02
3.611279129981994629e-01
6.225414276123046875e-01
3.533510565757751465e-01
-2.927854955196380615e-01
