1.980438947677612305e+00
1.967786312103271484e+00
1.178266882896423340e+00
-2.470666468143463135e-01
-1.712803363800048828e+00
-2.383123397827148438e+00
-2.043375015258789062e+00
-9.990800619125366211e-01
-8.941851556301116943e-02
2.125659137964248657e-01
-1.087235510349273682e-01
-4.041282832622528076e-01
-1.958767324686050415e-01
6.209625601768493652e-01
1.395549178123474121e+00
1.468675613403320312e+00
4.727048277854919434e-01
-1.073103308677673340e+00
-2.333960294723510742e+00
-2.481388330459594727e+00
-1.512948870658874512e+00
2.086573839187622070e-02
1.176779508590698242e+00
1.501850128173828125e+00
1.026614308357238770e+00
3.725500106811523438e-01
-1.302056014537811279e-03
1.169589981436729431e-01
3.885161876678466797e-01
5.015463829040527344e-01
2.349434792995452881e-01
-1.513487696647644043e-01
-3.655089139938354492e-01
-1.173582673072814941e-01
4.359299540519714355e-01
1.018620133399963379e+00
1.231598377227783203e+00
1.036515235900878906e+00
5.634994506835937500e-01
2.051950693130493164e-01
1.494408845901489258e-01
4.621230959892272949e-01
8.686625361442565918e-01
1.130875587463378906e+00
1.000169038772583008e+00
5.361775159835815430e-01
-1.296329945325851440e-01
-6.988008022308349609e-01
-1.036915063858032227e+00
-1.049201607704162598e+00
-8.645355105400085449e-01
-5.795247554779052734e-01
-3.677057027816772461e-01
-2.632749080657958984e-01
-3.357754051685333252e-01
-5.389058589935302734e-01
-8.701912760734558105e-01
-1.191688656806945801e+00
-1.382278084754943848e+00
-1.245503067970275879e+00
-7.591624259948730469e-01
-2.659248560667037964e-02
6.133422255516052246e-01
8.671207427978515625e-01
5.752812027931213379e-01
-5.397333949804306030e-02
-6.389518380165100098e-01
-7.731505632400512695e-01
-3.817525207996368408e-01
3.006629943847656250e-01
8.252664804458618164e-01
9.226981401443481445e-01
6.359422206878662109e-01
3.397835791110992432e-01
3.948097229003906250e-01
9.119031429290771484e-01
1.608309984207153320e+00
2.044809341430664062e+00
1.894358754158020020e+00
1.189706444740295410e+00
2.457916140556335449e-01
-5.415903329849243164e-01
-9.544230699539184570e-01
-9.947435855865478516e-01
-7.900872826576232910e-01
-4.395222663879394531e-01
1.601060479879379272e-02
5.104265809059143066e-01
8.704512119293212891e-01
8.593661189079284668e-01
3.762046694755554199e-01
-3.971467316150665283e-01
-1.017163157463073730e+00
-1.082385063171386719e+00
-5.450460910797119141e-01
1.407038867473602295e-01
3.030244410037994385e-01
-4.985215067863464355e-01
-2.041682004928588867e+00
-3.508496999740600586e+00
-3.904039144515991211e+00
-2.745286941528320312e+00
-3.800420761108398438e-01
2.100409984588623047e+00
3.525903940200805664e+00
3.257305622100830078e+00
1.593582391738891602e+00
-4.942733645439147949e-01
-1.875293970108032227e+00
-1.936802029609680176e+00
-7.861985564231872559e-01
8.325004577636718750e-01
2.077245235443115234e+00
2.373509168624877930e+00
1.709104537963867188e+00
4.512924253940582275e-01
-8.438223004341125488e-01
-1.786570191383361816e+00
-2.183932542800903320e+00
-2.093362092971801758e+00
-1.615491509437561035e+00
-9.049388766288757324e-01
-6.287805736064910889e-02
7.391356825828552246e-01
1.356365919113159180e+00
1.630442619323730469e+00
1.562875509262084961e+00
1.247641086578369141e+00
8.992143273353576660e-01
6.333769559860229492e-01
4.735121130943298340e-01
2.831158041954040527e-01
-7.044583559036254883e-03
-3.632131516933441162e-01
-5.562622547149658203e-01
-4.085453748703002930e-01
9.033201634883880615e-02
6.181565523147583008e-01
7.631047964096069336e-01
2.442319244146347046e-01
-7.652918696403503418e-01
-1.751937389373779297e+00
-2.102106332778930664e+00
-1.576827526092529297e+00
-4.284624159336090088e-01
6.978097558021545410e-01
1.249226570129394531e+00
1.062337398529052734e+00
4.759182035923004150e-01
-1.943483948707580566e-02
-1.187103018164634705e-01
4.463222622871398926e-02
8.679580688476562500e-02
-3.251393437385559082e-01
-1.151207804679870605e+00
-2.018985748291015625e+00
-2.444100379943847656e+00
-2.163378715515136719e+00
-1.234507203102111816e+00
3.818298131227493286e-02
1.322647094726562500e+00
2.365522861480712891e+00
2.993708372116088867e+00
3.054415225982666016e+00
2.443748235702514648e+00
1.231242895126342773e+00
-2.501783072948455811e-01
-1.466650605201721191e+00
-1.959317803382873535e+00
-1.606108427047729492e+00
-7.302531003952026367e-01
1.300963461399078369e-01
5.390005111694335938e-01
4.452763795852661133e-01
9.773069620132446289e-02
-1.694961190223693848e-01
-2.481501251459121704e-01
-2.342995703220367432e-01
-3.081462979316711426e-01
-4.488327801227569580e-01
-4.816492199897766113e-01
-1.880388855934143066e-01
3.712574243545532227e-01
9.017654657363891602e-01
9.906886219978332520e-01
5.199542641639709473e-01
-2.986227273941040039e-01
-9.666182994842529297e-01
-1.156040430068969727e+00
-8.308224678039550781e-01
-3.337012529373168945e-01
2.689629793167114258e-02
1.051337569952011108e-01
9.809303283691406250e-02
1.858656108379364014e-01
4.484614431858062744e-01
6.632017493247985840e-01
6.661772727966308594e-01
4.190112948417663574e-01
2.316427230834960938e-01
3.639656305313110352e-01
9.192118644714355469e-01
1.554230451583862305e+00
1.884875059127807617e+00
1.641052722930908203e+00
1.064317345619201660e+00
5.472832918167114258e-01
4.652068614959716797e-01
6.673380136489868164e-01
7.643340826034545898e-01
2.787733078002929688e-01
-7.354155778884887695e-01
-1.870485544204711914e+00
-2.451068878173828125e+00
-2.239131927490234375e+00
-1.403311371803283691e+00
-5.798253417015075684e-01
