3.793080449104309082e-01
3.705973029136657715e-01
5.003356337547302246e-01
4.590710997581481934e-01
3.299267292022705078e-01
1.948021799325942993e-01
-2.575284242630004883e-02
-3.951772451400756836e-01
-9.172572493553161621e-01
-1.358627080917358398e+00
-1.437880039215087891e+00
-9.518653750419616699e-01
-6.722018122673034668e-02
7.795843482017517090e-01
1.049508333206176758e+00
5.428748726844787598e-01
-4.917388260364532471e-01
-1.389085769653320312e+00
-1.553045153617858887e+00
-7.690932750701904297e-01
5.662862062454223633e-01
1.764170885086059570e+00
2.201287984848022461e+00
1.758468508720397949e+00
7.810059785842895508e-01
-1.218883246183395386e-01
-5.237612724304199219e-01
-3.301628828048706055e-01
1.967712640762329102e-01
7.343685626983642578e-01
1.045311808586120605e+00
1.104884624481201172e+00
9.736772775650024414e-01
7.533490657806396484e-01
4.904436469078063965e-01
2.464768290519714355e-01
5.360522866249084473e-02
-6.694959104061126709e-02
-1.889069974422454834e-01
-4.091984927654266357e-01
-7.845965623855590820e-01
-1.198001623153686523e+00
-1.420178771018981934e+00
-1.240306138992309570e+00
-6.920376420021057129e-01
-6.232208013534545898e-02
2.545997500419616699e-01
7.181572914123535156e-02
-4.536302387714385986e-01
-9.046037793159484863e-01
-9.451239109039306641e-01
-5.707721114158630371e-01
-1.278750598430633545e-01
-1.885560154914855957e-02
-3.725909292697906494e-01
-9.376830458641052246e-01
-1.289215922355651855e+00
-1.176949024200439453e+00
-7.039543390274047852e-01
-1.944713890552520752e-01
1.287945806980133057e-01
3.306220173835754395e-01
6.608524322509765625e-01
1.212244749069213867e+00
1.715362429618835449e+00
1.658313989639282227e+00
7.406660318374633789e-01
-7.835434079170227051e-01
-2.130271434783935547e+00
-2.511262416839599609e+00
-1.689875841140747070e+00
-2.221719920635223389e-01
9.492741823196411133e-01
1.142606019973754883e+00
4.485419690608978271e-01
-4.139777421951293945e-01
-6.398703455924987793e-01
1.364408433437347412e-02
1.124831438064575195e+00
1.948289632797241211e+00
2.051168680191040039e+00
1.558712005615234375e+00
1.016014337539672852e+00
8.479539752006530762e-01
1.078701615333557129e+00
1.335207581520080566e+00
1.287111759185791016e+00
8.880896568298339844e-01
4.355243742465972900e-01
1.897208988666534424e-01
1.602177619934082031e-01
4.083836078643798828e-02
-4.177535772323608398e-01
-1.191515922546386719e+00
-1.885408639907836914e+00
-2.114808082580566406e+00
-1.754397630691528320e+00
-1.104799866676330566e+00
-5.493183135986328125e-01
-2.996085882186889648e-01
-1.833488941192626953e-01
4.820671677589416504e-02
4.820038080215454102e-01
8.276075124740600586e-01
7.340423464775085449e-01
7.413554191589355469e-02
-7.899678349494934082e-01
-1.322955846786499023e+00
-1.171095967292785645e+00
-5.284727811813354492e-01
1.022639349102973938e-01
2.751320302486419678e-01
6.079199910163879395e-02
-1.222496628761291504e-01
1.408888101577758789e-01
7.421545982360839844e-01
1.158039331436157227e+00
8.193567395210266113e-01
-2.556865513324737549e-01
-1.451106071472167969e+00
-1.913721084594726562e+00
-1.312974333763122559e+00
-5.259788036346435547e-02
9.643874168395996094e-01
1.134096741676330566e+00
5.463011264801025391e-01
-7.459098100662231445e-02
-1.125051230192184448e-01
4.483738541603088379e-01
9.401722550392150879e-01
7.097706794738769531e-01
-3.101885318756103516e-01
-1.393744826316833496e+00
-1.680479407310485840e+00
-8.760264515876770020e-01
3.639664947986602783e-01
1.001306533813476562e+00
4.479194581508636475e-01
-8.019668459892272949e-01
-1.559081912040710449e+00
-8.407988548278808594e-01
1.200454115867614746e+00
3.330265522003173828e+00
4.059901714324951172e+00
2.834458112716674805e+00
4.360750019550323486e-01
-1.526043653488159180e+00
-1.840634107589721680e+00
-4.970452189445495605e-01
1.340976715087890625e+00
2.315317630767822266e+00
1.833323597908020020e+00
4.498910009860992432e-01
-7.195467948913574219e-01
-8.741272687911987305e-01
-1.275757998228073120e-01
7.263793349266052246e-01
8.839629888534545898e-01
1.752544939517974854e-01
-9.173009395599365234e-01
-1.690020322799682617e+00
-1.791977882385253906e+00
-1.374020814895629883e+00
-8.667439222335815430e-01
-5.601006150245666504e-01
-4.554482698440551758e-01
-3.916699290275573730e-01
-3.151822090148925781e-01
-3.480324745178222656e-01
-6.267852187156677246e-01
-1.066446661949157715e+00
-1.347626447677612305e+00
-1.163349509239196777e+00
-5.271888375282287598e-01
1.632420420646667480e-01
4.162554144859313965e-01
5.556565523147583008e-02
-5.847373008728027344e-01
-9.000747203826904297e-01
-4.838266670703887939e-01
5.050922036170959473e-01
1.448789477348327637e+00
1.707681655883789062e+00
1.132082700729370117e+00
1.536650657653808594e-01
-5.162136554718017578e-01
-4.424877762794494629e-01
2.552162110805511475e-01
9.909021854400634766e-01
1.190420150756835938e+00
6.687898635864257812e-01
-2.341895997524261475e-01
-9.523693323135375977e-01
-1.032998204231262207e+00
-4.343318939208984375e-01
5.531899333000183105e-01
1.462210774421691895e+00
1.941603422164916992e+00
1.819643020629882812e+00
1.180437564849853516e+00
2.499034106731414795e-01
-6.058521866798400879e-01
-1.065399885177612305e+00
-9.223456382751464844e-01
-2.908436954021453857e-01
4.741677343845367432e-01
8.779138326644897461e-01
6.519950032234191895e-01
-1.272026896476745605e-01
-9.947653412818908691e-01
-1.461802005767822266e+00
-1.264721870422363281e+00
-6.028426885604858398e-01
8.641423285007476807e-02
3.709993362426757812e-01
1.854034364223480225e-01
-2.351465225219726562e-01
