3.322981894016265869e-01
2.816638052463531494e-01
1.722250580787658691e+00
2.490635156631469727e+00
2.009614944458007812e+00
4.745604693889617920e-01
-1.041231036186218262e+00
-1.463243007659912109e+00
-4.178588688373565674e-01
1.307615041732788086e+00
2.459316730499267578e+00
2.162368535995483398e+00
7.366944551467895508e-01
-6.717500686645507812e-01
-8.943442106246948242e-01
1.963165253400802612e-01
1.685191869735717773e+00
2.245679140090942383e+00
1.312968611717224121e+00
-5.671528577804565430e-01
-2.095631837844848633e+00
-2.357375144958496094e+00
-1.440383791923522949e+00
-3.904962241649627686e-01
-2.297368049621582031e-01
-1.206330418586730957e+00
-2.564013481140136719e+00
-3.298654317855834961e+00
-2.932216167449951172e+00
-1.921190619468688965e+00
-1.131936669349670410e+00
-1.107663631439208984e+00
-1.569561481475830078e+00
-1.766878604888916016e+00
-1.161777019500732422e+00
5.705446004867553711e-03
9.386308789253234863e-01
9.377759695053100586e-01
7.018712162971496582e-02
-8.806315660476684570e-01
-1.016562700271606445e+00
-9.192335605621337891e-02
1.312970161437988281e+00
2.240968704223632812e+00
2.125865697860717773e+00
1.186737298965454102e+00
1.856637299060821533e-01
-2.219992876052856445e-01
1.411029696464538574e-02
4.066362977027893066e-01
4.176758527755737305e-01
-3.231039643287658691e-02
-5.388489365577697754e-01
-5.620371699333190918e-01
6.009024381637573242e-02
1.004223585128784180e+00
1.685290098190307617e+00
1.739536643028259277e+00
1.206067085266113281e+00
4.691926240921020508e-01
-1.175798773765563965e-01
-3.893442749977111816e-01
-4.315951466560363770e-01
-3.408016860485076904e-01
-1.990774273872375488e-01
-1.488140225410461426e-02
9.703870862722396851e-02
2.705455571413040161e-02
-2.911845743656158447e-01
-6.498309373855590820e-01
-7.565411925315856934e-01
-3.788567483425140381e-01
2.923050224781036377e-01
8.051577806472778320e-01
6.560826897621154785e-01
-1.649211794137954712e-01
-1.209156990051269531e+00
-1.747225761413574219e+00
-1.448112130165100098e+00
-5.402635335922241211e-01
2.179012298583984375e-01
2.498816251754760742e-01
-5.160032510757446289e-01
-1.444120645523071289e+00
-1.816638588905334473e+00
-1.230692982673645020e+00
-2.703791856765747070e-02
1.143239617347717285e+00
1.643953084945678711e+00
1.403720378875732422e+00
6.993530392646789551e-01
1.011022552847862244e-02
-4.748918414115905762e-01
-7.062407732009887695e-01
-7.785962224006652832e-01
-5.727912783622741699e-01
-8.239328861236572266e-03
9.365273714065551758e-01
1.876336932182312012e+00
2.363613605499267578e+00
2.030336856842041016e+00
1.078951478004455566e+00
2.175199985504150391e-02
-4.894585013389587402e-01
-2.848021388053894043e-01
3.887707591056823730e-01
9.069620370864868164e-01
8.918371796607971191e-01
2.635978162288665771e-01
-6.040037870407104492e-01
-1.371183514595031738e+00
-1.757819533348083496e+00
-1.783387422561645508e+00
-1.431977748870849609e+00
-7.816107869148254395e-01
1.538644731044769287e-01
1.094699621200561523e+00
1.710261821746826172e+00
1.627029180526733398e+00
9.114233255386352539e-01
-5.132889747619628906e-02
-5.996564626693725586e-01
-4.269792139530181885e-01
3.370924592018127441e-01
1.046689152717590332e+00
1.174380779266357422e+00
5.474272966384887695e-01
-3.772007822990417480e-01
-1.036892175674438477e+00
-1.037245750427246094e+00
-5.603185296058654785e-01
-1.388916373252868652e-02
1.889450848102569580e-01
7.557934522628784180e-02
-1.100635528564453125e-01
-4.475349187850952148e-02
2.545312047004699707e-01
6.015045642852783203e-01
7.172936201095581055e-01
6.157991886138916016e-01
4.499552547931671143e-01
4.495438933372497559e-01
5.670336484909057617e-01
6.246370077133178711e-01
3.875186145305633545e-01
-8.722084760665893555e-02
-5.719766020774841309e-01
-7.656944990158081055e-01
-6.566410064697265625e-01
-4.456557631492614746e-01
-4.424234032630920410e-01
-6.867074370384216309e-01
-9.779106378555297852e-01
-9.717233180999755859e-01
-5.609509944915771484e-01
8.401155471801757812e-02
5.939189791679382324e-01
7.758415341377258301e-01
6.964044570922851562e-01
6.282097697257995605e-01
7.026949524879455566e-01
8.022634387016296387e-01
6.300528645515441895e-01
7.083202898502349854e-02
-6.513676047325134277e-01
-1.054729580879211426e+00
-8.138490915298461914e-01
-3.796674311161041260e-02
7.484884262084960938e-01
1.018395662307739258e+00
6.567848920822143555e-01
6.520351767539978027e-02
-1.762914657592773438e-01
1.965872645378112793e-01
8.948792815208435059e-01
1.278937220573425293e+00
8.806356787681579590e-01
-2.265894412994384766e-01
-1.439166426658630371e+00
-2.079713821411132812e+00
-1.824213385581970215e+00
-9.164351224899291992e-01
1.036210060119628906e-01
7.417563199996948242e-01
8.489371538162231445e-01
5.274376869201660156e-01
-6.162643432617187500e-03
-6.376345753669738770e-01
-1.255165696144104004e+00
-1.717962980270385742e+00
-1.758249640464782715e+00
-1.221763968467712402e+00
-1.670138239860534668e-01
9.914351701736450195e-01
1.779339790344238281e+00
1.862264037132263184e+00
1.339370727539062500e+00
5.515726208686828613e-01
-6.746685504913330078e-02
-3.462857306003570557e-01
-2.960492074489593506e-01
-1.022747755050659180e-01
1.523114293813705444e-01
3.840593695640563965e-01
5.566934347152709961e-01
4.944220185279846191e-01
1.075497269630432129e-01
-5.891740322113037109e-01
-1.254240512847900391e+00
-1.513856172561645508e+00
-1.099235177040100098e+00
-2.125423252582550049e-01
6.959841251373291016e-01
1.081103086471557617e+00
8.074597120285034180e-01
7.878872752189636230e-02
-6.039891242980957031e-01
