1.228682160377502441e+00
1.266122817993164062e+00
5.904629230499267578e-01
1.099127829074859619e-01
-9.827622771263122559e-02
-1.268267333507537842e-01
-1.821267902851104736e-01
-3.814578056335449219e-01
-7.378715276718139648e-01
-1.145630002021789551e+00
-1.518445253372192383e+00
-1.770047068595886230e+00
-1.838586568832397461e+00
-1.606869578361511230e+00
-1.020893335342407227e+00
-1.543691009283065796e-01
6.722183227539062500e-01
1.067737460136413574e+00
7.817049622535705566e-01
-9.776473045349121094e-03
-7.974057197570800781e-01
-1.011196732521057129e+00
-4.998274445533752441e-01
3.604977130889892578e-01
8.621599078178405762e-01
5.605256557464599609e-01
-3.842684626579284668e-01
-1.213849186897277832e+00
-1.164734840393066406e+00
-1.743775606155395508e-02
1.633876085281372070e+00
2.822838306427001953e+00
2.851486682891845703e+00
1.834970593452453613e+00
5.432502031326293945e-01
-1.488484144210815430e-01
4.660120606422424316e-02
7.150775194168090820e-01
1.086042046546936035e+00
7.160719633102416992e-01
-2.172470092773437500e-01
-1.057434201240539551e+00
-1.258984446525573730e+00
-7.619123458862304688e-01
-1.295065879821777344e-02
4.888987839221954346e-01
5.534787178039550781e-01
3.955233991146087646e-01
2.846439182758331299e-01
2.409823238849639893e-01
-3.295850753784179688e-02
-7.815163135528564453e-01
-1.850444555282592773e+00
-2.612080335617065430e+00
-2.409754991531372070e+00
-1.084324955940246582e+00
7.673094868659973145e-01
2.159526824951171875e+00
2.374872207641601562e+00
1.492308139801025391e+00
2.904735505580902100e-01
-3.325969576835632324e-01
-3.119044750928878784e-02
8.016607761383056641e-01
1.401840567588806152e+00
1.275938391685485840e+00
5.570989847183227539e-01
-1.633867025375366211e-01
-3.721467852592468262e-01
-5.974259972572326660e-02
3.055880069732666016e-01
2.105632424354553223e-01
-4.350062608718872070e-01
-1.202036619186401367e+00
-1.466977477073669434e+00
-9.162704944610595703e-01
2.080575823783874512e-01
1.254212856292724609e+00
1.617866992950439453e+00
1.102706193923950195e+00
2.394858002662658691e-02
-1.048096895217895508e+00
-1.594429969787597656e+00
-1.408383846282958984e+00
-6.026477217674255371e-01
4.534179568290710449e-01
1.321359753608703613e+00
1.611169099807739258e+00
1.182311773300170898e+00
2.001147270202636719e-01
-8.513321876525878906e-01
-1.447696924209594727e+00
-1.287893295288085938e+00
-5.563261508941650391e-01
2.310836315155029297e-01
5.294304490089416504e-01
2.148490697145462036e-01
-3.821739554405212402e-01
-6.903902888298034668e-01
-4.253250956535339355e-01
2.270051538944244385e-01
6.940997838973999023e-01
5.563010573387145996e-01
-1.572968959808349609e-01
-9.157788753509521484e-01
-1.190356969833374023e+00
-8.265466094017028809e-01
-2.332187443971633911e-01
6.361235678195953369e-02
-1.696479171514511108e-01
-5.658200383186340332e-01
-5.384364724159240723e-01
2.589185833930969238e-01
1.480848312377929688e+00
2.372065782546997070e+00
2.254300117492675781e+00
1.167601585388183594e+00
-2.075383067131042480e-01
-9.537380933761596680e-01
-6.842353343963623047e-01
2.891879081726074219e-01
1.142983913421630859e+00
1.283974170684814453e+00
6.745424270629882812e-01
-1.229892522096633911e-01
-5.514994263648986816e-01
-4.122888743877410889e-01
-6.654457747936248779e-02
2.754223346710205078e-02
-3.731537461280822754e-01
-1.013801217079162598e+00
-1.490903139114379883e+00
-1.502236485481262207e+00
-1.162125110626220703e+00
-7.315971851348876953e-01
-4.397739171981811523e-01
-1.866989731788635254e-01
2.022500336170196533e-01
8.215450644493103027e-01
1.397565126419067383e+00
1.563795328140258789e+00
1.065461516380310059e+00
1.229874640703201294e-01
-7.912808656692504883e-01
-1.176978468894958496e+00
-9.653952121734619141e-01
-4.222351908683776855e-01
-4.900157451629638672e-03
1.097065806388854980e-01
1.569271087646484375e-02
2.936056256294250488e-02
2.644024193286895752e-01
6.187636852264404297e-01
7.748054265975952148e-01
5.909774303436279297e-01
1.262891292572021484e-01
-3.265308141708374023e-01
-6.031317710876464844e-01
-6.951732635498046875e-01
-8.015124797821044922e-01
-9.912437200546264648e-01
-1.193724989891052246e+00
-1.169361114501953125e+00
-8.653044104576110840e-01
-4.401007890701293945e-01
-2.601652443408966064e-01
-4.733078777790069580e-01
-8.990967273712158203e-01
-1.010404706001281738e+00
-4.255717396736145020e-01
8.261645436286926270e-01
2.154409408569335938e+00
2.869427204132080078e+00
2.571286439895629883e+00
1.497714161872863770e+00
2.328922152519226074e-01
-6.528927087783813477e-01
-1.044515728950500488e+00
-1.146917700767517090e+00
-1.223521947860717773e+00
-1.187023520469665527e+00
-7.222703099250793457e-01
4.230840802192687988e-01
1.969479560852050781e+00
3.183460474014282227e+00
3.257567167282104492e+00
1.990115642547607422e+00
-2.904334291815757751e-02
-1.686739563941955566e+00
-2.145993947982788086e+00
-1.366105318069458008e+00
-1.651068031787872314e-01
4.495797753334045410e-01
-2.409839630126953125e-02
-1.184444189071655273e+00
-2.110000610351562500e+00
-2.043420791625976562e+00
-1.022264719009399414e+00
1.865761876106262207e-01
6.361957788467407227e-01
-3.700343519449234009e-02
-1.353132724761962891e+00
-2.287118673324584961e+00
-2.029631614685058594e+00
-5.343621969223022461e-01
1.419796705245971680e+00
2.783975601196289062e+00
2.903163433074951172e+00
1.919155597686767578e+00
5.811935067176818848e-01
-2.859809994697570801e-01
-3.300472497940063477e-01
1.878589838743209839e-01
6.566982865333557129e-01
5.924096107482910156e-01
-5.616427958011627197e-02
-9.296615719795227051e-01
