-2.907471656799316406e-01
-3.693565726280212402e-01
-2.063595950603485107e-01
1.963575780391693115e-01
7.434273362159729004e-01
1.175061583518981934e+00
1.220740437507629395e+00
7.424907088279724121e-01
-9.834653139114379883e-02
-9.096456766128540039e-01
-1.233987092971801758e+00
-8.676888942718505859e-01
1.159750856459140778e-02
8.660956025123596191e-01
1.142833948135375977e+00
5.801005363464355469e-01
-5.556392669677734375e-01
-1.636303424835205078e+00
-2.006894111633300781e+00
-1.435147404670715332e+00
-2.416992187500000000e-01
8.469133973121643066e-01
1.183897852897644043e+00
5.763091444969177246e-01
-5.601626634597778320e-01
-1.499019503593444824e+00
-1.628152847290039062e+00
-8.602496385574340820e-01
3.768500089645385742e-01
1.399490714073181152e+00
1.742897868156433105e+00
1.378934860229492188e+00
7.017567753791809082e-01
1.759112477302551270e-01
5.558837577700614929e-02
2.261722087860107422e-01
3.910726904869079590e-01
2.971038520336151123e-01
-4.111790657043457031e-02
-4.120655059814453125e-01
-5.570143461227416992e-01
-4.030754864215850830e-01
-6.716156005859375000e-02
2.271892428398132324e-01
3.544299900531768799e-01
3.354464769363403320e-01
3.017482459545135498e-01
3.256678283214569092e-01
3.660161197185516357e-01
2.948306798934936523e-01
6.536710262298583984e-02
-2.116619050502777100e-01
-2.892974019050598145e-01
1.771530508995056152e-02
6.692464351654052734e-01
1.354721665382385254e+00
1.680104017257690430e+00
1.419764876365661621e+00
7.018883824348449707e-01
-6.408369541168212891e-02
-4.473620951175689697e-01
-3.074828982353210449e-01
1.010166853666305542e-01
2.815631628036499023e-01
-1.550776064395904541e-01
-1.204728484153747559e+00
-2.439197063446044922e+00
-3.254158496856689453e+00
-3.244267463684082031e+00
-2.426990985870361328e+00
-1.204986810684204102e+00
-7.164753973484039307e-02
6.777063608169555664e-01
1.078778982162475586e+00
1.340086221694946289e+00
1.625224947929382324e+00
1.878332376480102539e+00
1.917140245437622070e+00
1.608544826507568359e+00
1.053561329841613770e+00
5.076116323471069336e-01
1.962690353393554688e-01
8.307909965515136719e-02
-7.911150157451629639e-02
-5.510060787200927734e-01
-1.285619616508483887e+00
-1.918994426727294922e+00
-1.972819089889526367e+00
-1.302924990653991699e+00
-2.642113268375396729e-01
4.140977859497070312e-01
1.831952333450317383e-01
-9.333328008651733398e-01
-2.219750404357910156e+00
-2.779098033905029297e+00
-2.099487781524658203e+00
-4.973570704460144043e-01
1.141212940216064453e+00
1.909221768379211426e+00
1.565739631652832031e+00
5.986906290054321289e-01
-1.058279275894165039e-01
-3.652095794677734375e-03
7.993728518486022949e-01
1.614244461059570312e+00
1.810243844985961914e+00
1.241859316825866699e+00
4.091280996799468994e-01
-4.094088077545166016e-02
2.379328012466430664e-01
9.490898847579956055e-01
1.486028909683227539e+00
1.338350892066955566e+00
5.692734718322753906e-01
-3.473874628543853760e-01
-8.300288915634155273e-01
-7.172541618347167969e-01
-2.625756859779357910e-01
3.285413980484008789e-02
-6.672000885009765625e-02
-4.519421458244323730e-01
-7.196438908576965332e-01
-6.425942182540893555e-01
-2.948452234268188477e-01
-9.145206212997436523e-02
-3.445108234882354736e-01
-1.083514213562011719e+00
-1.900179266929626465e+00
-2.326924800872802734e+00
-2.057151317596435547e+00
-1.242757916450500488e+00
-2.675465345382690430e-01
4.000048637390136719e-01
5.723181366920471191e-01
2.782054543495178223e-01
-2.076895385980606079e-01
-6.398911476135253906e-01
-7.693286538124084473e-01
-5.076743364334106445e-01
1.820366382598876953e-01
1.121641039848327637e+00
2.053138732910156250e+00
2.604577541351318359e+00
2.593175411224365234e+00
2.035931110382080078e+00
1.263098359107971191e+00
5.970385074615478516e-01
2.436885684728622437e-01
6.222218647599220276e-02
-1.683747172355651855e-01
-6.225570440292358398e-01
-1.134194612503051758e+00
-1.412692546844482422e+00
-1.207856416702270508e+00
-6.778847575187683105e-01
-2.461318373680114746e-01
-4.017744660377502441e-01
-1.192060947418212891e+00
-2.206472396850585938e+00
-2.704287528991699219e+00
-2.221647739410400391e+00
-8.192556500434875488e-01
8.225612640380859375e-01
1.928535699844360352e+00
2.020580053329467773e+00
1.285565376281738281e+00
3.063988387584686279e-01
-2.551201283931732178e-01
-1.480130255222320557e-01
4.832828640937805176e-01
1.196963310241699219e+00
1.666120290756225586e+00
1.745858073234558105e+00
1.545272469520568848e+00
1.170344352722167969e+00
7.224106192588806152e-01
2.105623483657836914e-01
-2.688067555427551270e-01
-5.952374935150146484e-01
-6.078130602836608887e-01
-3.098216950893402100e-01
1.692676246166229248e-01
5.670332312583923340e-01
7.225158214569091797e-01
5.994396805763244629e-01
3.447483479976654053e-01
8.973291516304016113e-02
-8.287735283374786377e-02
-2.259403318166732788e-01
-3.692936301231384277e-01
-5.076728463172912598e-01
-5.304461717605590820e-01
-3.736780881881713867e-01
-4.892349243164062500e-02
2.880144119262695312e-01
4.894012808799743652e-01
4.691182374954223633e-01
3.032207190990447998e-01
9.933722019195556641e-02
-5.538645386695861816e-02
-1.975859999656677246e-01
-3.813393115997314453e-01
-6.086498498916625977e-01
-7.351862788200378418e-01
-5.837075710296630859e-01
-6.609880924224853516e-02
6.641084551811218262e-01
1.276296138763427734e+00
1.412300109863281250e+00
9.368780851364135742e-01
9.040623903274536133e-03
-9.723187685012817383e-01
-1.603985786437988281e+00
-1.659439325332641602e+00
-1.182196378707885742e+00
-3.952682018280029297e-01
4.306952357292175293e-01
