-9.752932786941528320e-01
-1.001299619674682617e+00
-5.837854146957397461e-01
1.883029937744140625e-03
6.433280706405639648e-01
1.120347738265991211e+00
1.416892528533935547e+00
1.487923860549926758e+00
1.426746964454650879e+00
1.183537840843200684e+00
7.978783249855041504e-01
2.396139055490493774e-01
-3.176854252815246582e-01
-7.484816312789916992e-01
-8.595773577690124512e-01
-7.155253291130065918e-01
-4.338286519050598145e-01
-2.886099219322204590e-01
-3.337022662162780762e-01
-5.257453322410583496e-01
-5.830479860305786133e-01
-3.746292293071746826e-01
1.209752559661865234e-01
6.080162525177001953e-01
8.399161100387573242e-01
6.512625217437744141e-01
2.584230303764343262e-01
-3.526690602302551270e-02
9.421285241842269897e-02
5.874133110046386719e-01
1.164249181747436523e+00
1.354533433914184570e+00
9.619769454002380371e-01
6.422726809978485107e-02
-8.939496278762817383e-01
-1.514591932296752930e+00
-1.547199964523315430e+00
-1.131843090057373047e+00
-5.350457429885864258e-01
-7.831064611673355103e-02
1.526896059513092041e-01
1.741769313812255859e-01
1.205984055995941162e-01
4.550665616989135742e-03
-1.800841540098190308e-01
-5.031064152717590332e-01
-9.023209214210510254e-01
-1.284665226936340332e+00
-1.494467735290527344e+00
-1.506217241287231445e+00
-1.357732295989990234e+00
-1.182265281677246094e+00
-1.031021952629089355e+00
-9.071570038795471191e-01
-7.279213666915893555e-01
-4.809741675853729248e-01
-2.102594077587127686e-01
-4.916375875473022461e-02
-6.769260764122009277e-02
-2.411784529685974121e-01
-4.003610908985137939e-01
-3.654473423957824707e-01
-3.180871903896331787e-02
5.221970081329345703e-01
1.090547323226928711e+00
1.431725740432739258e+00
1.415668964385986328e+00
1.085284829139709473e+00
6.409526467323303223e-01
3.303633332252502441e-01
3.240023255348205566e-01
6.311241388320922852e-01
1.093385219573974609e+00
1.486092448234558105e+00
1.625356912612915039e+00
1.484580397605895996e+00
1.173578858375549316e+00
8.869605064392089844e-01
7.437746524810791016e-01
7.497724294662475586e-01
7.725634574890136719e-01
6.873579025268554688e-01
4.287184476852416992e-01
7.121991366147994995e-02
-2.963958382606506348e-01
-6.053929328918457031e-01
-9.114618897438049316e-01
-1.255855083465576172e+00
-1.627728223800659180e+00
-1.833604216575622559e+00
-1.668147802352905273e+00
-1.013642907142639160e+00
-7.282458245754241943e-02
7.495263814926147461e-01
9.794394969940185547e-01
4.536297917366027832e-01
-6.332349777221679688e-01
-1.729492783546447754e+00
-2.330302238464355469e+00
-2.162003755569458008e+00
-1.394347310066223145e+00
-3.870055079460144043e-01
4.540514945983886719e-01
9.782831668853759766e-01
1.178650259971618652e+00
1.179329872131347656e+00
9.945107698440551758e-01
6.487671136856079102e-01
1.556085944175720215e-01
-2.815872132778167725e-01
-4.539251029491424561e-01
-1.942804455757141113e-01
3.342949748039245605e-01
7.900702357292175293e-01
7.441226840019226074e-01
1.069531142711639404e-01
-8.644347786903381348e-01
-1.572058677673339844e+00
-1.562573909759521484e+00
-7.270849943161010742e-01
4.837923645973205566e-01
1.439650774002075195e+00
1.610826611518859863e+00
1.019977331161499023e+00
1.186817884445190430e-01
-3.871148228645324707e-01
-9.830588102340698242e-02
9.374601840972900391e-01
2.142274618148803711e+00
2.875568866729736328e+00
2.719882726669311523e+00
1.834324836730957031e+00
7.319842576980590820e-01
4.911345988512039185e-02
2.847707271575927734e-02
4.658249318599700928e-01
7.504031062126159668e-01
3.772083520889282227e-01
-7.908013463020324707e-01
-2.298382282257080078e+00
-3.453243732452392578e+00
-3.661580085754394531e+00
-2.889676809310913086e+00
-1.589255213737487793e+00
-4.743132591247558594e-01
2.509301900863647461e-02
-5.827410519123077393e-02
-2.353886067867279053e-01
-2.984164655208587646e-02
7.170386314392089844e-01
1.649841785430908203e+00
2.215617179870605469e+00
1.998012185096740723e+00
1.070795774459838867e+00
-1.066382378339767456e-01
-9.431024789810180664e-01
-1.123962402343750000e+00
-7.052661180496215820e-01
-3.976455330848693848e-02
5.276132225990295410e-01
8.068003058433532715e-01
8.110225796699523926e-01
6.134558320045471191e-01
2.892258465290069580e-01
-9.327456355094909668e-02
-3.815478384494781494e-01
-3.587459027767181396e-01
1.283538639545440674e-01
9.838603138923645020e-01
1.813524961471557617e+00
2.108959436416625977e+00
1.567594528198242188e+00
3.378863334655761719e-01
-1.053147315979003906e+00
-2.010673999786376953e+00
-2.276540279388427734e+00
-2.037856101989746094e+00
-1.755698919296264648e+00
-1.740672588348388672e+00
-1.936315298080444336e+00
-1.949738979339599609e+00
-1.451400279998779297e+00
-4.525138735771179199e-01
5.976712107658386230e-01
1.180467605590820312e+00
1.041209936141967773e+00
4.551036655902862549e-01
-4.203706234693527222e-02
1.700592041015625000e-02
6.152908205986022949e-01
1.361618876457214355e+00
1.724008321762084961e+00
1.515572905540466309e+00
9.176840782165527344e-01
3.926070332527160645e-01
2.010474503040313721e-01
3.090450465679168701e-01
3.426685333251953125e-01
3.371077775955200195e-02
-6.456711888313293457e-01
-1.330675005912780762e+00
-1.657830715179443359e+00
-1.419451951980590820e+00
-8.363766074180603027e-01
-2.461721003055572510e-01
2.673782408237457275e-02
2.517902292311191559e-02
-5.509440600872039795e-02
7.372111082077026367e-02
4.014771878719329834e-01
7.728253602981567383e-01
8.787766695022583008e-01
6.644900441169738770e-01
2.253888845443725586e-01
-1.117846295237541199e-01
-2.007889896631240845e-01
-1.798593997955322266e-02
