8.880898952484130859e-01
8.929990530014038086e-01
1.385805010795593262e+00
1.242901563644409180e+00
4.450984597206115723e-01
-4.893351793289184570e-01
-1.048250198364257812e+00
-9.651694893836975098e-01
-5.772648453712463379e-01
-4.061010777950286865e-01
-9.025536179542541504e-01
-1.941479682922363281e+00
-3.046153545379638672e+00
-3.538805484771728516e+00
-3.110549926757812500e+00
-1.805331349372863770e+00
-1.051600053906440735e-01
1.502186298370361328e+00
2.544804811477661133e+00
2.839088678359985352e+00
2.318541765213012695e+00
1.216673612594604492e+00
-1.240613907575607300e-01
-1.167662858963012695e+00
-1.549313068389892578e+00
-1.115373849868774414e+00
-1.625682115554809570e-01
8.789852261543273926e-01
1.569423913955688477e+00
1.841045975685119629e+00
1.817099571228027344e+00
1.754451394081115723e+00
1.656089544296264648e+00
1.412118554115295410e+00
8.341742157936096191e-01
4.521816968917846680e-02
-6.479949951171875000e-01
-8.279200792312622070e-01
-4.292681813240051270e-01
2.879641354084014893e-01
7.831104993820190430e-01
7.431374192237854004e-01
1.919827610254287720e-01
-4.250869154930114746e-01
-7.029448747634887695e-01
-4.508509337902069092e-01
9.769003093242645264e-02
6.087608933448791504e-01
7.794768214225769043e-01
5.820081233978271484e-01
6.507277488708496094e-02
-6.627717018127441406e-01
-1.565466642379760742e+00
-2.462622642517089844e+00
-3.062141418457031250e+00
-2.967853069305419922e+00
-2.065019369125366211e+00
-6.319297552108764648e-01
6.560856699943542480e-01
1.230815172195434570e+00
9.706373214721679688e-01
3.834545016288757324e-01
1.534422785043716431e-01
6.600133180618286133e-01
1.579825878143310547e+00
2.190193176269531250e+00
1.892971038818359375e+00
7.805986404418945312e-01
-4.576575458049774170e-01
-1.018536090850830078e+00
-6.789674162864685059e-01
7.861204445362091064e-02
4.226069152355194092e-01
-8.413666486740112305e-02
-1.145339369773864746e+00
-1.924632310867309570e+00
-1.770167112350463867e+00
-7.338018417358398438e-01
4.095865190029144287e-01
8.020387887954711914e-01
1.660463511943817139e-01
-9.313314557075500488e-01
-1.526193141937255859e+00
-9.793996810913085938e-01
5.057238340377807617e-01
2.039981842041015625e+00
2.668430566787719727e+00
2.047505855560302734e+00
6.432634592056274414e-01
-6.133839488029479980e-01
-9.562820792198181152e-01
-2.307709306478500366e-01
1.089496612548828125e+00
2.252586126327514648e+00
2.668336868286132812e+00
2.167055845260620117e+00
1.005186915397644043e+00
-3.254444599151611328e-01
-1.324973344802856445e+00
-1.690682172775268555e+00
-1.410546541213989258e+00
-7.653189301490783691e-01
-1.587221026420593262e-01
9.382998943328857422e-02
-1.937246322631835938e-02
-2.319894880056381226e-01
-1.971967816352844238e-01
1.901622861623764038e-01
6.931419372558593750e-01
8.720198869705200195e-01
4.850077629089355469e-01
-2.826996445655822754e-01
-8.774534463882446289e-01
-8.292545080184936523e-01
-1.378679871559143066e-01
6.245467662811279297e-01
7.479717135429382324e-01
-7.785779237747192383e-02
-1.429865956306457520e+00
-2.440864801406860352e+00
-2.388502597808837891e+00
-1.267997026443481445e+00
2.303035408258438110e-01
1.197496652603149414e+00
1.194179773330688477e+00
4.874620735645294189e-01
-1.993384212255477905e-01
-3.230656385421752930e-01
1.037227809429168701e-01
5.618415474891662598e-01
5.510965585708618164e-01
6.995081901550292969e-03
-6.047404408454895020e-01
-7.137846350669860840e-01
-8.580124378204345703e-02
9.523014426231384277e-01
1.796374678611755371e+00
1.985423207283020020e+00
1.522508025169372559e+00
7.603014111518859863e-01
9.449518471956253052e-02
-3.521004021167755127e-01
-7.006163597106933594e-01
-1.107344508171081543e+00
-1.518327474594116211e+00
-1.699027657508850098e+00
-1.444404602050781250e+00
-8.272047638893127441e-01
-1.888172328472137451e-01
8.507823944091796875e-02
-1.230491101741790771e-01
-5.747753977775573730e-01
-8.290245532989501953e-01
-5.672195553779602051e-01
2.106233835220336914e-01
1.202004909515380859e+00
2.022255659103393555e+00
2.413717746734619141e+00
2.322854518890380859e+00
1.839532494544982910e+00
1.095494866371154785e+00
2.402329593896865845e-01
-5.475563406944274902e-01
-1.055771827697753906e+00
-1.140202999114990234e+00
-8.286667466163635254e-01
-3.655624389648437500e-01
-7.463252544403076172e-02
-1.628162860870361328e-01
-5.489370822906494141e-01
-9.306780695915222168e-01
-9.711977839469909668e-01
-5.641396641731262207e-01
1.153778731822967529e-01
6.991350054740905762e-01
9.062147736549377441e-01
6.802144646644592285e-01
2.393018305301666260e-01
-1.196530461311340332e-01
-1.658415496349334717e-01
9.682285040616989136e-02
5.069405436515808105e-01
7.939648032188415527e-01
7.755154371261596680e-01
3.799013793468475342e-01
-2.584148645401000977e-01
-9.293876886367797852e-01
-1.375671029090881348e+00
-1.494213581085205078e+00
-1.323226571083068848e+00
-1.089732170104980469e+00
-9.918922185897827148e-01
-1.139217495918273926e+00
-1.400120019912719727e+00
-1.579802155494689941e+00
-1.486980199813842773e+00
-1.158066391944885254e+00
-7.346412539482116699e-01
-4.290745258331298828e-01
-2.650250494480133057e-01
-1.711895167827606201e-01
2.116870880126953125e-02
3.148584365844726562e-01
6.384642720222473145e-01
8.291982412338256836e-01
9.109524488449096680e-01
9.958990216255187988e-01
1.283977746963500977e+00
1.730970501899719238e+00
2.119797945022583008e+00
2.074873447418212891e+00
1.476220607757568359e+00
4.854731559753417969e-01
-4.053918719291687012e-01
-8.348251581192016602e-01
-7.036030292510986328e-01
-3.570335209369659424e-01
