-1.215793192386627197e-01
-1.228880956768989563e-01
-2.473303526639938354e-01
-1.980060636997222900e-01
1.538077890872955322e-01
5.919459462165832520e-01
1.005108475685119629e+00
1.192889690399169922e+00
1.286385059356689453e+00
1.335572957992553711e+00
1.473621010780334473e+00
1.481446385383605957e+00
1.189236044883728027e+00
3.722634017467498779e-01
-7.348473668098449707e-01
-1.767794370651245117e+00
-2.164406299591064453e+00
-1.793397307395935059e+00
-8.042666912078857422e-01
2.210186123847961426e-01
8.898003101348876953e-01
9.966014623641967773e-01
8.101561665534973145e-01
5.535826086997985840e-01
3.793525695800781250e-01
3.645471110939979553e-02
-6.635193824768066406e-01
-1.762886524200439453e+00
-2.776420116424560547e+00
-3.134396076202392578e+00
-2.396140575408935547e+00
-8.265430927276611328e-01
8.566720485687255859e-01
1.712526082992553711e+00
1.343698263168334961e+00
-1.406928244978189468e-02
-1.493252515792846680e+00
-2.318268775939941406e+00
-2.129887580871582031e+00
-1.287911891937255859e+00
-4.041646718978881836e-01
-1.409654878079891205e-02
-1.149809360504150391e-01
-3.827880918979644775e-01
-3.743901550769805908e-01
1.314223650842905045e-02
5.997713208198547363e-01
1.023731112480163574e+00
1.139011979103088379e+00
1.025476217269897461e+00
9.479042887687683105e-01
1.009716391563415527e+00
1.104602217674255371e+00
9.485041499137878418e-01
4.164071381092071533e-01
-3.359722793102264404e-01
-8.752947449684143066e-01
-8.345865607261657715e-01
-1.690222471952438354e-01
7.403550744056701660e-01
1.347733616828918457e+00
1.292138218879699707e+00
6.616652607917785645e-01
-8.387037366628646851e-02
-4.359023571014404297e-01
-1.802285909652709961e-01
4.640682041645050049e-01
1.033792376518249512e+00
1.133831501007080078e+00
7.207508087158203125e-01
7.190057635307312012e-02
-3.962575197219848633e-01
-4.488264620304107666e-01
-1.229426264762878418e-01
2.913650274276733398e-01
5.095752477645874023e-01
3.679008185863494873e-01
-5.704057961702346802e-02
-5.945634841918945312e-01
-1.016914606094360352e+00
-1.208431363105773926e+00
-1.095250010490417480e+00
-7.340566515922546387e-01
-2.079854309558868408e-01
2.815219759941101074e-01
5.715237259864807129e-01
5.117292404174804688e-01
1.629964560270309448e-01
-3.127688765525817871e-01
-6.321634054183959961e-01
-6.673638820648193359e-01
-4.225692749023437500e-01
-1.313678324222564697e-01
2.857482247054576874e-02
-4.299856349825859070e-02
-1.868269890546798706e-01
-2.389869391918182373e-01
-6.183940544724464417e-02
2.092124074697494507e-01
3.799251616001129150e-01
2.333701252937316895e-01
-1.585248261690139771e-01
-5.821574330329895020e-01
-6.943299770355224609e-01
-3.837423920631408691e-01
2.730695009231567383e-01
9.344621300697326660e-01
1.334455132484436035e+00
1.294074058532714844e+00
9.066780209541320801e-01
3.045345246791839600e-01
-3.007718026638031006e-01
-8.107560276985168457e-01
-1.064357519149780273e+00
-9.669086933135986328e-01
-3.957667350769042969e-01
5.459481477737426758e-01
1.612623333930969238e+00
2.353332757949829102e+00
2.464932918548583984e+00
1.858999371528625488e+00
8.549815416336059570e-01
-1.145446822047233582e-01
-6.442149877548217773e-01
-6.734442114830017090e-01
-3.551675677299499512e-01
9.161393158137798309e-03
2.846302986145019531e-01
4.436731934547424316e-01
5.736504793167114258e-01
6.233292222023010254e-01
4.835634231567382812e-01
1.360575947910547256e-02
-6.906217932701110840e-01
-1.346152186393737793e+00
-1.564144253730773926e+00
-1.205977439880371094e+00
-4.691396653652191162e-01
1.505904048681259155e-01
2.408410310745239258e-01
-2.683252096176147461e-01
-9.832410812377929688e-01
-1.342089533805847168e+00
-9.635004401206970215e-01
4.986960813403129578e-02
1.190135836601257324e+00
1.843539476394653320e+00
1.682697057723999023e+00
8.330051302909851074e-01
-2.296346873044967651e-01
-9.763154983520507812e-01
-1.102284669876098633e+00
-6.320815682411193848e-01
1.387841999530792236e-01
8.394126296043395996e-01
1.146373867988586426e+00
9.207745194435119629e-01
2.056950926780700684e-01
-7.368922829627990723e-01
-1.550756692886352539e+00
-1.874104738235473633e+00
-1.581948995590209961e+00
-8.193175792694091797e-01
-2.124025300145149231e-02
4.033739566802978516e-01
2.442492842674255371e-01
-2.813856601715087891e-01
-7.567420005798339844e-01
-7.439541816711425781e-01
-1.799559444189071655e-01
6.938119530677795410e-01
1.388796329498291016e+00
1.616140604019165039e+00
1.331783056259155273e+00
8.495010733604431152e-01
4.549885988235473633e-01
3.530135750770568848e-01
4.328758418560028076e-01
5.722326040267944336e-01
6.163491010665893555e-01
6.393616199493408203e-01
6.529128551483154297e-01
6.829600334167480469e-01
5.082119107246398926e-01
5.180549807846546173e-03
-8.930177092552185059e-01
-1.859926462173461914e+00
-2.536206245422363281e+00
-2.542668342590332031e+00
-1.965964078903198242e+00
-1.112645745277404785e+00
-5.410675406455993652e-01
-4.617505669593811035e-01
-8.329505920410156250e-01
-1.165078401565551758e+00
-1.118507981300354004e+00
-5.149738788604736328e-01
2.756325006484985352e-01
8.349410295486450195e-01
7.335385680198669434e-01
1.024930849671363831e-01
-7.028097510337829590e-01
-1.050724506378173828e+00
-7.212688326835632324e-01
2.300982028245925903e-01
1.219774007797241211e+00
1.792933702468872070e+00
1.612841486930847168e+00
9.522668123245239258e-01
2.055587619543075562e-01
-7.948053628206253052e-02
1.487908363342285156e-01
7.261494994163513184e-01
1.086333990097045898e+00
9.426692128181457520e-01
1.536987274885177612e-01
-8.872918486595153809e-01
