-3.316040933132171631e-01
-3.940875232219696045e-01
1.223795115947723389e-01
1.026076555252075195e+00
1.803852200508117676e+00
1.839661240577697754e+00
1.198576688766479492e+00
2.823787033557891846e-01
-1.958900690078735352e-01
-6.256353855133056641e-02
4.830542802810668945e-01
7.632864713668823242e-01
4.523617923259735107e-01
-4.475841820240020752e-01
-1.343044400215148926e+00
-1.785254597663879395e+00
-1.526754498481750488e+00
-9.305698275566101074e-01
-3.864866197109222412e-01
-2.705024480819702148e-01
-4.489664733409881592e-01
-7.103307843208312988e-01
-7.372638583183288574e-01
-6.071549654006958008e-01
-4.629687666893005371e-01
-5.942888259887695312e-01
-9.446588754653930664e-01
-1.353821277618408203e+00
-1.426073312759399414e+00
-1.010837793350219727e+00
-8.397221565246582031e-02
9.939330220222473145e-01
1.862472653388977051e+00
2.105310678482055664e+00
1.665031790733337402e+00
6.874969005584716797e-01
-3.217248320579528809e-01
-9.347206354141235352e-01
-8.601155281066894531e-01
-3.176242709159851074e-01
2.514931559562683105e-01
3.105407357215881348e-01
-2.128032743930816650e-01
-9.699470400810241699e-01
-1.248916983604431152e+00
-6.230300068855285645e-01
8.256918787956237793e-01
2.365836381912231445e+00
3.203945875167846680e+00
2.903379201889038086e+00
1.780772924423217773e+00
5.474128127098083496e-01
-1.239141821861267090e-01
-1.610699743032455444e-01
1.852269843220710754e-02
-1.683053523302078247e-01
-8.742231130599975586e-01
-1.747786998748779297e+00
-2.150883674621582031e+00
-1.741666793823242188e+00
-7.087150216102600098e-01
3.075983822345733643e-01
7.275618910789489746e-01
3.832886517047882080e-01
-3.893040418624877930e-01
-1.092837452888488770e+00
-1.416138172149658203e+00
-1.391776084899902344e+00
-1.219987988471984863e+00
-9.982364177703857422e-01
-6.191852092742919922e-01
8.460780978202819824e-02
1.068741202354431152e+00
2.001252651214599609e+00
2.421952247619628906e+00
2.099169015884399414e+00
1.197273731231689453e+00
2.125766426324844360e-01
-3.971428871154785156e-01
-4.616549909114837646e-01
-1.980752646923065186e-01
5.903828144073486328e-02
7.369761168956756592e-02
-1.060155481100082397e-01
-3.167228996753692627e-01
-3.926535844802856445e-01
-3.519731163978576660e-01
-2.601666152477264404e-01
-2.042983323335647583e-01
-1.466494500637054443e-01
-8.902866393327713013e-02
-5.719119310379028320e-02
-2.004933655261993408e-01
-5.464665889739990234e-01
-9.853644371032714844e-01
-1.169570565223693848e+00
-8.397051095962524414e-01
5.163627117872238159e-02
1.129429817199707031e+00
1.911941528320312500e+00
2.016649961471557617e+00
1.530187010765075684e+00
8.277795910835266113e-01
4.073170423507690430e-01
4.261844754219055176e-01
7.298383712768554688e-01
8.818558454513549805e-01
6.148914694786071777e-01
-1.040521264076232910e-01
-9.573624730110168457e-01
-1.624280214309692383e+00
-1.849177002906799316e+00
-1.651524901390075684e+00
-1.114804625511169434e+00
-4.166094362735748291e-01
3.539699316024780273e-01
1.015784502029418945e+00
1.417865037918090820e+00
1.346362471580505371e+00
7.883390784263610840e-01
-1.168987154960632324e-01
-9.791365265846252441e-01
-1.450641036033630371e+00
-1.296133518218994141e+00
-6.262379884719848633e-01
2.703601419925689697e-01
9.652099609375000000e-01
1.197007894515991211e+00
8.803142309188842773e-01
2.338653206825256348e-01
-4.146576523780822754e-01
-6.762049198150634766e-01
-3.790458440780639648e-01
4.193465113639831543e-01
1.341660976409912109e+00
1.948196411132812500e+00
1.883096218109130859e+00
1.149428248405456543e+00
2.836344763636589050e-02
-1.021800875663757324e+00
-1.697237849235534668e+00
-1.923888683319091797e+00
-1.877173781394958496e+00
-1.731150627136230469e+00
-1.553420066833496094e+00
-1.247326374053955078e+00
-7.352277040481567383e-01
-5.393916368484497070e-02
6.086737513542175293e-01
1.071515798568725586e+00
1.274700522422790527e+00
1.297155618667602539e+00
1.213628053665161133e+00
9.694472551345825195e-01
4.273223280906677246e-01
-4.358886182308197021e-01
-1.318926215171813965e+00
-1.673471093177795410e+00
-1.022177696228027344e+00
5.865279436111450195e-01
2.479991197586059570e+00
3.636030912399291992e+00
3.356494665145874023e+00
1.696802616119384766e+00
-4.783779382705688477e-01
-2.110904932022094727e+00
-2.552862644195556641e+00
-2.002265453338623047e+00
-1.176314353942871094e+00
-8.012562394142150879e-01
-9.855951666831970215e-01
-1.297010779380798340e+00
-1.073718190193176270e+00
-9.759283065795898438e-02
1.309024810791015625e+00
2.377864122390747070e+00
2.551380157470703125e+00
1.712232589721679688e+00
3.598120212554931641e-01
-8.847794532775878906e-01
-1.489250302314758301e+00
-1.398476839065551758e+00
-7.850605249404907227e-01
-5.658514797687530518e-02
5.180971622467041016e-01
6.752582192420959473e-01
3.974191546440124512e-01
-2.904184758663177490e-01
-1.078456878662109375e+00
-1.684923052787780762e+00
-1.772069692611694336e+00
-1.366606473922729492e+00
-6.387336254119873047e-01
-1.503372192382812500e-02
3.323841094970703125e-01
3.459416627883911133e-01
2.938127517700195312e-01
2.615764737129211426e-01
2.886060476303100586e-01
1.161155998706817627e-01
-2.876768112182617188e-01
-8.457747697830200195e-01
-1.115045905113220215e+00
-8.680254220962524414e-01
-4.788778722286224365e-02
8.742284178733825684e-01
1.495050430297851562e+00
1.504874110221862793e+00
1.174520969390869141e+00
8.298908472061157227e-01
8.311736583709716797e-01
9.875633716583251953e-01
1.012911319732666016e+00
5.197649002075195312e-01
-3.270039856433868408e-01
-1.198549628257751465e+00
-1.562080502510070801e+00
