1.667194843292236328e+00
1.653542041778564453e+00
1.614368915557861328e+00
1.160713315010070801e+00
2.510718703269958496e-01
-7.588944435119628906e-01
-1.519527912139892578e+00
-1.714677810668945312e+00
-1.452875375747680664e+00
-9.613018631935119629e-01
-5.865654945373535156e-01
-3.514652848243713379e-01
-1.802077293395996094e-01
1.561135351657867432e-01
5.881384015083312988e-01
9.359915256500244141e-01
8.362669348716735840e-01
2.296100258827209473e-01
-7.469952106475830078e-01
-1.621782302856445312e+00
-2.078562498092651367e+00
-1.933369874954223633e+00
-1.400677084922790527e+00
-7.081112861633300781e-01
-1.473903059959411621e-01
2.443503439426422119e-01
4.142054915428161621e-01
4.524183273315429688e-01
3.445039987564086914e-01
2.382768690586090088e-01
2.208729982376098633e-01
4.592207968235015869e-01
8.445851802825927734e-01
1.185383081436157227e+00
1.131766438484191895e+00
6.497778296470642090e-01
-5.421081185340881348e-02
-4.449751377105712891e-01
-2.331099510192871094e-01
5.265461802482604980e-01
1.231871366500854492e+00
1.330296993255615234e+00
6.054666042327880859e-01
-4.122928082942962646e-01
-9.410682320594787598e-01
-3.552955687046051025e-01
1.138352870941162109e+00
2.736953735351562500e+00
3.398199081420898438e+00
2.702561616897583008e+00
9.571643471717834473e-01
-9.011824727058410645e-01
-2.112223148345947266e+00
-2.392896413803100586e+00
-2.121394634246826172e+00
-1.751755237579345703e+00
-1.546035170555114746e+00
-1.299933433532714844e+00
-7.833329439163208008e-01
5.563160777091979980e-02
8.277066349983215332e-01
1.122195601463317871e+00
7.475864887237548828e-01
4.812431335449218750e-02
-4.632546901702880859e-01
-3.926807045936584473e-01
1.191760525107383728e-01
6.405643224716186523e-01
7.075152993202209473e-01
2.906900048255920410e-01
-3.287292122840881348e-01
-7.422845363616943359e-01
-8.590915203094482422e-01
-8.392906188964843750e-01
-9.481924772262573242e-01
-1.140365123748779297e+00
-1.118939995765686035e+00
-5.169246196746826172e-01
6.291309595108032227e-01
1.861853122711181641e+00
2.501403331756591797e+00
2.217758417129516602e+00
1.228281736373901367e+00
2.150479108095169067e-01
-2.528585195541381836e-01
-7.515192031860351562e-02
2.860913872718811035e-01
2.754061818122863770e-01
-3.381243944168090820e-01
-1.227429628372192383e+00
-1.838914513587951660e+00
-1.808018565177917480e+00
-1.282551884651184082e+00
-7.248509526252746582e-01
-5.327691435813903809e-01
-6.673583984375000000e-01
-7.426977157592773438e-01
-3.683120310306549072e-01
4.409932494163513184e-01
1.253715395927429199e+00
1.530218720436096191e+00
1.086137294769287109e+00
2.455106377601623535e-01
-3.751105666160583496e-01
-3.451513051986694336e-01
2.779321074485778809e-01
1.004812002182006836e+00
1.310773253440856934e+00
1.017896056175231934e+00
3.934186398983001709e-01
-1.062640547752380371e-01
-2.052398025989532471e-01
1.716896891593933105e-03
1.714746356010437012e-01
3.072875738143920898e-02
-3.949065208435058594e-01
-8.009730577468872070e-01
-8.673435449600219727e-01
-5.149685740470886230e-01
1.569920778274536133e-02
3.565270304679870605e-01
2.757518291473388672e-01
-1.365848183631896973e-01
-5.488804578781127930e-01
-6.072311997413635254e-01
-1.994394958019256592e-01
4.841436743736267090e-01
1.050295829772949219e+00
1.165066242218017578e+00
7.305740714073181152e-01
-4.726094007492065430e-02
-8.111743927001953125e-01
-1.241958737373352051e+00
-1.252128839492797852e+00
-9.870399236679077148e-01
-7.274402379989624023e-01
-6.737006902694702148e-01
-8.388142585754394531e-01
-1.033441066741943359e+00
-1.031924605369567871e+00
-7.200475931167602539e-01
-1.981593668460845947e-01
3.134714365005493164e-01
6.128838062286376953e-01
6.716668009757995605e-01
6.110875606536865234e-01
5.975968241691589355e-01
6.785001158714294434e-01
7.606179714202880859e-01
6.897915601730346680e-01
4.194267392158508301e-01
6.880857795476913452e-02
-1.365155875682830811e-01
-4.321124032139778137e-02
3.159952163696289062e-01
7.326429486274719238e-01
9.764863252639770508e-01
9.434954524040222168e-01
7.002137303352355957e-01
3.889215290546417236e-01
9.544777870178222656e-02
-2.005867362022399902e-01
-5.595028400421142578e-01
-9.607003927230834961e-01
-1.269346117973327637e+00
-1.311032652854919434e+00
-1.027119636535644531e+00
-5.326044559478759766e-01
-6.193707883358001709e-02
2.194279134273529053e-01
3.167591094970703125e-01
4.057728946208953857e-01
6.453581452369689941e-01
1.045814871788024902e+00
1.403961062431335449e+00
1.465824127197265625e+00
1.074806213378906250e+00
3.179866969585418701e-01
-5.643258690834045410e-01
-1.273227810859680176e+00
-1.632204771041870117e+00
-1.574409842491149902e+00
-1.172724485397338867e+00
-5.468819141387939453e-01
7.381109893321990967e-02
4.340462386608123779e-01
2.731791734695434570e-01
-4.322088062763214111e-01
-1.415985822677612305e+00
-2.092893123626708984e+00
-1.920095801353454590e+00
-6.776170730590820312e-01
1.228667974472045898e+00
2.995522499084472656e+00
3.766008138656616211e+00
3.220623016357421875e+00
1.686174273490905762e+00
3.407815098762512207e-02
-9.367351531982421875e-01
-8.544366955757141113e-01
-3.432454168796539307e-02
9.004290103912353516e-01
1.340137004852294922e+00
1.155344843864440918e+00
5.813113451004028320e-01
9.149840474128723145e-02
-7.417479157447814941e-02
6.985434144735336304e-02
1.984949707984924316e-01
7.184699177742004395e-02
-4.063217043876647949e-01
-9.966763854026794434e-01
-1.431339263916015625e+00
-1.460501909255981445e+00
-1.146482586860656738e+00
-6.633250713348388672e-01
-3.167364597320556641e-01
