7.202543020248413086e-01
7.434587478637695312e-01
3.458195328712463379e-01
-6.338787674903869629e-01
-1.697420597076416016e+00
-2.079407215118408203e+00
-1.446057319641113281e+00
2.072900533676147461e-02
1.539904236793518066e+00
2.392278671264648438e+00
2.190567493438720703e+00
1.255745291709899902e+00
1.961849629878997803e-01
-3.339806795120239258e-01
-1.868121027946472168e-01
4.150032103061676025e-01
9.256553053855895996e-01
1.003510475158691406e+00
5.384124517440795898e-01
-1.825887560844421387e-01
-8.546838164329528809e-01
-1.188533902168273926e+00
-1.184462785720825195e+00
-9.081393480300903320e-01
-5.348187088966369629e-01
-8.943909406661987305e-02
3.849229514598846436e-01
9.116759896278381348e-01
1.348510622978210449e+00
1.549835443496704102e+00
1.309795737266540527e+00
6.375452280044555664e-01
-3.300228714942932129e-01
-1.246519088745117188e+00
-1.850109338760375977e+00
-1.979103326797485352e+00
-1.754918456077575684e+00
-1.371770262718200684e+00
-1.074989795684814453e+00
-9.273018240928649902e-01
-9.250442981719970703e-01
-9.604611396789550781e-01
-1.009579896926879883e+00
-1.029770374298095703e+00
-1.010411381721496582e+00
-8.417115807533264160e-01
-4.649967551231384277e-01
1.073644608259201050e-01
6.475270986557006836e-01
8.907365798950195312e-01
6.719709634780883789e-01
1.781590878963470459e-01
-1.641387343406677246e-01
9.436076879501342773e-02
1.010424256324768066e+00
2.173256635665893555e+00
2.872586250305175781e+00
2.620001792907714844e+00
1.477671861648559570e+00
9.362232685089111328e-02
-7.579511404037475586e-01
-6.739661693572998047e-01
8.970135450363159180e-02
8.620259761810302734e-01
1.044256329536437988e+00
5.433635711669921875e-01
-2.466358989477157593e-01
-8.124234676361083984e-01
-9.613010883331298828e-01
-9.243351221084594727e-01
-1.072110533714294434e+00
-1.496505022048950195e+00
-1.848819255828857422e+00
-1.619479179382324219e+00
-6.208568811416625977e-01
7.135165333747863770e-01
1.552439451217651367e+00
1.235956668853759766e+00
-1.727471649646759033e-01
-1.876057147979736328e+00
-2.825544357299804688e+00
-2.454006195068359375e+00
-1.007594704627990723e+00
6.418807506561279297e-01
1.669351577758789062e+00
1.802677869796752930e+00
1.440604329109191895e+00
1.189464330673217773e+00
1.380995273590087891e+00
1.797888875007629395e+00
1.967844367027282715e+00
1.571012496948242188e+00
7.896108031272888184e-01
1.208926439285278320e-01
1.933199167251586914e-02
4.636114239692687988e-01
1.017629384994506836e+00
1.113064527511596680e+00
5.516655445098876953e-01
-4.000154137611389160e-01
-1.145707726478576660e+00
-1.256404876708984375e+00
-6.999212503433227539e-01
9.637114405632019043e-02
6.254679560661315918e-01
5.699148178100585938e-01
3.774221986532211304e-02
-6.346313357353210449e-01
-1.062183737754821777e+00
-1.111577749252319336e+00
-8.604204654693603516e-01
-5.675060749053955078e-01
-4.219234585762023926e-01
-5.213305354118347168e-01
-7.820065021514892578e-01
-1.086471319198608398e+00
-1.282802104949951172e+00
-1.325048208236694336e+00
-1.203880071640014648e+00
-1.005193829536437988e+00
-7.763136625289916992e-01
-5.600053071975708008e-01
-3.052432537078857422e-01
9.646147489547729492e-03
3.905897736549377441e-01
7.184362411499023438e-01
8.782284259796142578e-01
7.965418100357055664e-01
6.042208075523376465e-01
5.324134230613708496e-01
8.197842240333557129e-01
1.450804471969604492e+00
2.152110576629638672e+00
2.469502449035644531e+00
2.119491100311279297e+00
1.167258381843566895e+00
9.205062687397003174e-02
-5.351186394691467285e-01
-3.697374165058135986e-01
4.268302321434020996e-01
1.319972872734069824e+00
1.702575802803039551e+00
1.321366548538208008e+00
3.914370238780975342e-01
-5.335274934768676758e-01
-9.680334329605102539e-01
-7.793883085250854492e-01
-2.720321118831634521e-01
7.513889670372009277e-02
-6.700754165649414062e-02
-6.323156952857971191e-01
-1.228841066360473633e+00
-1.404781579971313477e+00
-9.774116873741149902e-01
-1.633353233337402344e-01
5.482195615768432617e-01
7.101622819900512695e-01
2.089552879333496094e-01
-6.647756099700927734e-01
-1.393680334091186523e+00
-1.571139931678771973e+00
-1.134867668151855469e+00
-4.018668830394744873e-01
1.832062453031539917e-01
3.266502916812896729e-01
9.249533712863922119e-02
-2.061236351728439331e-01
-2.297232747077941895e-01
8.979964256286621094e-02
5.344860553741455078e-01
7.204969525337219238e-01
4.266530275344848633e-01
-2.887818813323974609e-01
-1.073217153549194336e+00
-1.567353725433349609e+00
-1.560257673263549805e+00
-1.140857219696044922e+00
-5.202831625938415527e-01
5.238127708435058594e-02
4.750183224678039551e-01
6.857733726501464844e-01
6.917035579681396484e-01
4.577375352382659912e-01
7.000983506441116333e-02
-3.121526539325714111e-01
-3.982752263545989990e-01
-5.033126473426818848e-02
6.653152704238891602e-01
1.355738520622253418e+00
1.637691974639892578e+00
1.305582284927368164e+00
6.100516319274902344e-01
-1.758092641830444336e-02
-1.722937971353530884e-01
9.381669759750366211e-02
4.248985648155212402e-01
3.257097005844116211e-01
-3.051203489303588867e-01
-1.186858296394348145e+00
-1.719941973686218262e+00
-1.566346406936645508e+00
-7.770066857337951660e-01
1.090139746665954590e-01
6.021250486373901367e-01
4.656173288822174072e-01
-1.512490212917327881e-02
-4.487909078598022461e-01
-5.143561363220214844e-01
-3.184011876583099365e-01
-8.259677886962890625e-02
-4.103940725326538086e-02
-7.374960184097290039e-02
6.328552961349487305e-03
3.759215474128723145e-01
8.176272511482238770e-01
1.004607677459716797e+00
6.077940464019775391e-01
