2.815097868442535400e-01
2.827664613723754883e-01
1.960379332304000854e-01
1.393192112445831299e-01
3.488460183143615723e-01
7.250500321388244629e-01
9.628738164901733398e-01
6.761923432350158691e-01
-1.113271564245223999e-01
-9.968203306198120117e-01
-1.323293328285217285e+00
-7.916743755340576172e-01
3.749839663505554199e-01
1.415421724319458008e+00
1.657952666282653809e+00
8.775576353073120117e-01
-4.364693760871887207e-01
-1.532722711563110352e+00
-1.802250385284423828e+00
-1.254124402999877930e+00
-3.378791809082031250e-01
3.175964355468750000e-01
4.172763526439666748e-01
2.872699499130249023e-02
-4.688151478767395020e-01
-7.872141003608703613e-01
-8.184255361557006836e-01
-7.311851978302001953e-01
-7.149246931076049805e-01
-9.123301506042480469e-01
-1.243314504623413086e+00
-1.518553733825683594e+00
-1.441723108291625977e+00
-8.242186307907104492e-01
3.533895015716552734e-01
1.767128944396972656e+00
2.869790554046630859e+00
3.050687074661254883e+00
2.059332847595214844e+00
1.882599592208862305e-01
-1.719428062438964844e+00
-2.748767137527465820e+00
-2.396059513092041016e+00
-9.416165351867675781e-01
7.580609321594238281e-01
1.776429772377014160e+00
1.737984061241149902e+00
9.790127277374267578e-01
2.711579799652099609e-01
2.030343115329742432e-01
7.844775319099426270e-01
1.462397336959838867e+00
1.593556404113769531e+00
9.419788122177124023e-01
-1.311770677566528320e-01
-9.441874623298645020e-01
-9.935252070426940918e-01
-3.152829110622406006e-01
5.511314868927001953e-01
9.548133611679077148e-01
5.725849866867065430e-01
-3.806919455528259277e-01
-1.333025932312011719e+00
-1.728599429130554199e+00
-1.401270747184753418e+00
-6.377417445182800293e-01
-1.071531325578689575e-03
6.191942468285560608e-02
-5.283794999122619629e-01
-1.392625212669372559e+00
-1.959252953529357910e+00
-1.770824909210205078e+00
-8.209409713745117188e-01
4.719874858856201172e-01
1.457267284393310547e+00
1.709830045700073242e+00
1.237078189849853516e+00
5.156396031379699707e-01
8.598746359348297119e-02
2.255714833736419678e-01
6.923025250434875488e-01
9.905846118927001953e-01
7.003095149993896484e-01
-1.017898917198181152e-01
-9.525297284126281738e-01
-1.259361028671264648e+00
-8.228074312210083008e-01
1.091614365577697754e-01
9.580922126770019531e-01
1.327386498451232910e+00
1.162537932395935059e+00
7.770880460739135742e-01
4.223126173019409180e-01
1.504537761211395264e-01
-2.458761930465698242e-01
-8.168002963066101074e-01
-1.329821944236755371e+00
-1.241008281707763672e+00
-2.331684827804565430e-01
1.506927013397216797e+00
3.141669750213623047e+00
3.770540952682495117e+00
2.935368776321411133e+00
1.082350492477416992e+00
-8.067204952239990234e-01
-1.742944002151489258e+00
-1.454303979873657227e+00
-3.722515702247619629e-01
6.394097805023193359e-01
1.007907271385192871e+00
6.450882554054260254e-01
-3.135011345148086548e-02
-6.197999715805053711e-01
-9.048372507095336914e-01
-1.011028528213500977e+00
-1.056352972984313965e+00
-1.105967760086059570e+00
-1.051343560218811035e+00
-9.034999608993530273e-01
-7.532062530517578125e-01
-8.114275336265563965e-01
-1.074177742004394531e+00
-1.365008592605590820e+00
-1.348835468292236328e+00
-9.374366402626037598e-01
-3.069184720516204834e-01
1.227033659815788269e-01
1.601129770278930664e-01
-5.573999881744384766e-02
-4.518432915210723877e-02
4.895143508911132812e-01
1.442675948143005371e+00
2.219452381134033203e+00
2.280669450759887695e+00
1.508280396461486816e+00
4.448830485343933105e-01
-1.871233135461807251e-01
4.814527928829193115e-02
8.746236562728881836e-01
1.626070737838745117e+00
1.708195924758911133e+00
1.155885338783264160e+00
4.917362034320831299e-01
3.310723900794982910e-01
7.600203752517700195e-01
1.321880936622619629e+00
1.325948596000671387e+00
5.091766119003295898e-01
-7.885273098945617676e-01
-1.808741807937622070e+00
-2.024777412414550781e+00
-1.474454164505004883e+00
-7.596247792243957520e-01
-5.043148994445800781e-01
-9.390791654586791992e-01
-1.727224349975585938e+00
-2.318054676055908203e+00
-2.315958738327026367e+00
-1.748800158500671387e+00
-9.041222333908081055e-01
-1.024655848741531372e-01
5.193874239921569824e-01
9.308178424835205078e-01
1.113641381263732910e+00
1.001061439514160156e+00
6.284463405609130859e-01
2.300964295864105225e-01
1.855023205280303955e-01
7.161859273910522461e-01
1.628601074218750000e+00
2.323421955108642578e+00
2.184432506561279297e+00
1.058479547500610352e+00
-5.444091558456420898e-01
-1.744186878204345703e+00
-1.902171134948730469e+00
-1.078178882598876953e+00
-3.382563591003417969e-03
4.704161584377288818e-01
-2.677869796752929688e-02
-1.100331902503967285e+00
-1.928730368614196777e+00
-1.839002132415771484e+00
-8.074759244918823242e-01
5.894494056701660156e-01
1.559811711311340332e+00
1.656606554985046387e+00
9.589572548866271973e-01
-2.159309387207031250e-02
-7.640067338943481445e-01
-9.817712903022766113e-01
-7.707381248474121094e-01
-4.116971492767333984e-01
-2.525061070919036865e-01
-4.743567109107971191e-01
-1.091300010681152344e+00
-1.854284286499023438e+00
-2.402077198028564453e+00
-2.336697578430175781e+00
-1.533908128738403320e+00
-2.019568532705307007e-01
1.078952670097351074e+00
1.746642231941223145e+00
1.513501167297363281e+00
6.467325687408447266e-01
-2.966343164443969727e-01
-7.467042207717895508e-01
-5.794593691825866699e-01
-3.369214385747909546e-02
4.482692480087280273e-01
6.891530752182006836e-01
7.743200063705444336e-01
9.828824400901794434e-01
1.333684086799621582e+00
1.582767844200134277e+00
1.283913731575012207e+00
3.014896512031555176e-01
