1.100541651248931885e-01
6.798708438873291016e-02
-4.030930995941162109e-02
-5.534362792968750000e-02
1.739439964294433594e-01
3.463817834854125977e-01
4.686831235885620117e-01
3.737309873104095459e-01
3.523529767990112305e-01
4.333983063697814941e-01
8.070430159568786621e-01
1.160795450210571289e+00
1.343954324722290039e+00
1.008365988731384277e+00
3.352168500423431396e-01
-5.133807063102722168e-01
-1.043645858764648438e+00
-1.199922084808349609e+00
-9.635837674140930176e-01
-7.592279911041259766e-01
-7.120991945266723633e-01
-9.370605349540710449e-01
-1.070917963981628418e+00
-9.504534602165222168e-01
-4.119695127010345459e-01
1.921685487031936646e-01
5.909431576728820801e-01
4.814164340496063232e-01
1.181792616844177246e-01
-1.674967408180236816e-01
8.134445548057556152e-02
7.683342099189758301e-01
1.538953185081481934e+00
1.723743200302124023e+00
1.086436986923217773e+00
-2.229962348937988281e-01
-1.480662107467651367e+00
-2.080811977386474609e+00
-1.707186222076416016e+00
-7.296527624130249023e-01
2.542919218540191650e-01
6.327636241912841797e-01
3.188149034976959229e-01
-4.254357814788818359e-01
-1.083932638168334961e+00
-1.381907224655151367e+00
-1.300281047821044922e+00
-1.105012536048889160e+00
-9.921032786369323730e-01
-1.010620117187500000e+00
-9.847121834754943848e-01
-7.489481568336486816e-01
-2.519441246986389160e-01
3.600244522094726562e-01
8.657608032226562500e-01
1.103816390037536621e+00
1.047983765602111816e+00
8.050245046615600586e-01
5.030531883239746094e-01
2.690440714359283447e-01
1.564741134643554688e-01
2.248302400112152100e-01
4.588636159896850586e-01
8.469907045364379883e-01
1.251171231269836426e+00
1.554470300674438477e+00
1.580668449401855469e+00
1.315533757209777832e+00
7.683871984481811523e-01
1.323607861995697021e-01
-4.605374932289123535e-01
-7.889502048492431641e-01
-8.072695136070251465e-01
-4.590550363063812256e-01
5.054384469985961914e-02
5.287806987762451172e-01
6.265400648117065430e-01
2.687134146690368652e-01
-4.948237538337707520e-01
-1.202905416488647461e+00
-1.475865483283996582e+00
-9.882103204727172852e-01
1.041343808174133301e-02
1.072770833969116211e+00
1.516082406044006348e+00
1.144573330879211426e+00
8.626291155815124512e-02
-9.650440812110900879e-01
-1.503710508346557617e+00
-1.208363175392150879e+00
-4.518680572509765625e-01
2.920686602592468262e-01
4.393135309219360352e-01
-7.062733173370361328e-03
-8.379986882209777832e-01
-1.464437007904052734e+00
-1.646582365036010742e+00
-1.251608371734619141e+00
-6.290673017501831055e-01
1.509286835789680481e-02
3.813407421112060547e-01
5.766522884368896484e-01
6.084923148155212402e-01
7.051607370376586914e-01
8.008914589881896973e-01
9.768913984298706055e-01
1.069339036941528320e+00
1.157039165496826172e+00
1.130982398986816406e+00
1.126381635665893555e+00
1.062720060348510742e+00
1.068531513214111328e+00
1.028235077857971191e+00
1.007884263992309570e+00
8.272886276245117188e-01
5.315911173820495605e-01
1.692527532577514648e-02
-5.096676945686340332e-01
-9.854857921600341797e-01
-1.157869935035705566e+00
-1.097004771232604980e+00
-8.169453144073486328e-01
-6.182102560997009277e-01
-5.652574896812438965e-01
-7.797140479087829590e-01
-1.035330057144165039e+00
-1.220787048339843750e+00
-1.085554242134094238e+00
-6.902412176132202148e-01
-6.038682162761688232e-02
5.244225859642028809e-01
9.580674171447753906e-01
1.047381758689880371e+00
8.768588304519653320e-01
4.909645617008209229e-01
1.536375880241394043e-01
-3.300303220748901367e-02
6.459805369377136230e-02
2.837049663066864014e-01
4.735286235809326172e-01
3.652720451354980469e-01
-3.465271741151809692e-02
-6.133544445037841797e-01
-1.005584359169006348e+00
-9.846062064170837402e-01
-4.348217248916625977e-01
4.190508127212524414e-01
1.291302204132080078e+00
1.860327720642089844e+00
2.039110183715820312e+00
1.846203804016113281e+00
1.429512262344360352e+00
8.671382665634155273e-01
2.370661050081253052e-01
-4.071811139583587646e-01
-9.404751062393188477e-01
-1.245112895965576172e+00
-1.270597577095031738e+00
-1.114580392837524414e+00
-9.696930050849914551e-01
-9.807685017585754395e-01
-1.139041900634765625e+00
-1.237819552421569824e+00
-1.059598922729492188e+00
-4.815760850906372070e-01
3.554310202598571777e-01
1.210434317588806152e+00
1.788653492927551270e+00
1.993583917617797852e+00
1.792844176292419434e+00
1.295468211174011230e+00
5.149270296096801758e-01
-4.267076253890991211e-01
-1.426312923431396484e+00
-2.163693428039550781e+00
-2.427902698516845703e+00
-2.047081947326660156e+00
-1.252269625663757324e+00
-3.382095098495483398e-01
2.666628062725067139e-01
5.032573342323303223e-01
3.929121494293212891e-01
2.102430462837219238e-01
-6.268858909606933594e-02
-4.209190011024475098e-01
-1.037802457809448242e+00
-1.654336452484130859e+00
-1.926156640052795410e+00
-1.263157725334167480e+00
3.408255577087402344e-01
2.497895717620849609e+00
4.140099525451660156e+00
4.500612258911132812e+00
3.202389717102050781e+00
9.273492693901062012e-01
-1.397276997566223145e+00
-2.715336322784423828e+00
-2.853153944015502930e+00
-2.044667720794677734e+00
-1.091468214988708496e+00
-3.344048261642456055e-01
1.716768741607666016e-02
3.020009994506835938e-01
5.067071318626403809e-01
6.608205437660217285e-01
3.733632564544677734e-01
-2.626160383224487305e-01
-1.081665039062500000e+00
-1.371987581253051758e+00
-8.940978646278381348e-01
3.927715420722961426e-01
1.694372057914733887e+00
2.400965213775634766e+00
1.946676015853881836e+00
7.273745536804199219e-01
-7.267100811004638672e-01
-1.555595278739929199e+00
