2.354873716831207275e-01
1.985996663570404053e-01
1.353002309799194336e+00
2.213467121124267578e+00
2.205262899398803711e+00
1.226572394371032715e+00
-1.701352000236511230e-01
-1.220127463340759277e+00
-1.414830446243286133e+00
-8.980442285537719727e-01
-2.226538062095642090e-01
6.752315163612365723e-02
-7.884573936462402344e-02
-2.777874171733856201e-01
-6.544268131256103516e-02
5.878501534461975098e-01
1.228589892387390137e+00
1.221575140953063965e+00
3.238928318023681641e-01
-1.095271229743957520e+00
-2.255380630493164062e+00
-2.551180839538574219e+00
-1.963318705558776855e+00
-1.050820231437683105e+00
-4.719665646553039551e-01
-4.843846559524536133e-01
-7.693244218826293945e-01
-7.485736608505249023e-01
-8.883607387542724609e-02
9.963366985321044922e-01
1.898141503334045410e+00
2.081386089324951172e+00
1.473208427429199219e+00
5.227866768836975098e-01
-1.566603332757949829e-01
-2.096819579601287842e-01
2.269373238086700439e-01
6.919099688529968262e-01
7.288224697113037109e-01
2.140280902385711670e-01
-6.281876564025878906e-01
-1.387156248092651367e+00
-1.761176586151123047e+00
-1.654606103897094727e+00
-1.201703786849975586e+00
-5.807311534881591797e-01
4.255138337612152100e-02
6.109136343002319336e-01
1.067592620849609375e+00
1.356224298477172852e+00
1.338006734848022461e+00
9.131813049316406250e-01
4.472304880619049072e-02
-1.067765951156616211e+00
-2.059531688690185547e+00
-2.453538894653320312e+00
-1.987902879714965820e+00
-7.566864490509033203e-01
6.622229218482971191e-01
1.540185332298278809e+00
1.343282222747802734e+00
1.791842430830001831e-01
-1.289422035217285156e+00
-2.138660192489624023e+00
-1.856338500976562500e+00
-5.912863016128540039e-01
8.654787540435791016e-01
1.722325563430786133e+00
1.624747753143310547e+00
9.337576031684875488e-01
2.854614853858947754e-01
1.588914990425109863e-01
4.319313764572143555e-01
6.563781499862670898e-01
4.151128828525543213e-01
-1.682102680206298828e-01
-6.056806445121765137e-01
-3.687146306037902832e-01
5.183163285255432129e-01
1.533295631408691406e+00
1.946506381034851074e+00
1.507317543029785156e+00
5.621411800384521484e-01
-1.182805895805358887e-01
-6.935644149780273438e-02
5.804420709609985352e-01
1.104497909545898438e+00
8.761766552925109863e-01
-2.166119068861007690e-01
-1.552198410034179688e+00
-2.364558696746826172e+00
-2.203744888305664062e+00
-1.345840215682983398e+00
-4.017928242683410645e-01
9.789800643920898438e-02
1.846110820770263672e-01
2.109685689210891724e-01
5.207403898239135742e-01
9.582664966583251953e-01
1.064075231552124023e+00
4.102024137973785400e-01
-8.272721171379089355e-01
-1.968538880348205566e+00
-2.185182809829711914e+00
-1.228959083557128906e+00
4.214016199111938477e-01
1.760815501213073730e+00
2.044831275939941406e+00
1.201188802719116211e+00
-6.005466729402542114e-02
-8.646332025527954102e-01
-6.928075551986694336e-01
2.299374788999557495e-01
1.239511609077453613e+00
1.640245914459228516e+00
1.210594892501831055e+00
1.641104072332382202e-01
-9.992319345474243164e-01
-1.906776070594787598e+00
-2.379423141479492188e+00
-2.453957080841064453e+00
-2.171194314956665039e+00
-1.590060234069824219e+00
-7.550774812698364258e-01
1.679377257823944092e-01
9.843212366104125977e-01
1.508525729179382324e+00
1.738982200622558594e+00
1.782328486442565918e+00
1.797085046768188477e+00
1.810238242149353027e+00
1.738448381423950195e+00
1.441349029541015625e+00
9.153252840042114258e-01
3.024403750896453857e-01
-1.456353366374969482e-01
-2.738644778728485107e-01
-9.766948223114013672e-02
1.829933226108551025e-01
3.414042294025421143e-01
2.466285228729248047e-01
-5.814951658248901367e-02
-4.248510003089904785e-01
-6.941713094711303711e-01
-7.861160039901733398e-01
-7.072285413742065430e-01
-5.197290182113647461e-01
-2.840054631233215332e-01
-4.009103775024414062e-02
1.775989532470703125e-01
3.324571847915649414e-01
3.681715130805969238e-01
2.453095912933349609e-01
-4.816830158233642578e-02
-4.403699040412902832e-01
-8.078734874725341797e-01
-9.912259578704833984e-01
-9.053201079368591309e-01
-5.625438690185546875e-01
-1.231715679168701172e-01
2.339350283145904541e-01
3.768895864486694336e-01
3.466644287109375000e-01
2.809334099292755127e-01
3.368796110153198242e-01
4.989961981773376465e-01
6.242354512214660645e-01
4.919580519199371338e-01
6.332269310951232910e-02
-5.033401250839233398e-01
-8.693237900733947754e-01
-8.223317861557006836e-01
-3.833720684051513672e-01
1.174911856651306152e-01
3.470214605331420898e-01
1.395547986030578613e-01
-3.025400638580322266e-01
-6.531431674957275391e-01
-6.333437561988830566e-01
-3.032993078231811523e-01
1.040829420089721680e-01
3.018013238906860352e-01
2.778074145317077637e-01
1.794397234916687012e-01
2.352441251277923584e-01
4.190562665462493896e-01
5.457120537757873535e-01
3.405357003211975098e-01
-1.875570714473724365e-01
-8.070154786109924316e-01
-1.125738143920898438e+00
-1.020046710968017578e+00
-6.388792991638183594e-01
-3.838953673839569092e-01
-4.407815337181091309e-01
-6.957257390022277832e-01
-6.877952218055725098e-01
-1.191459298133850098e-01
9.537750482559204102e-01
1.962536573410034180e+00
2.327602863311767578e+00
1.771810054779052734e+00
6.741187572479248047e-01
-2.931574583053588867e-01
-5.106858611106872559e-01
3.831155598163604736e-02
9.056857824325561523e-01
1.401251077651977539e+00
1.192823529243469238e+00
3.780894279479980469e-01
-5.229195356369018555e-01
-1.083307981491088867e+00
-1.113811731338500977e+00
-8.449548482894897461e-01
-5.743244886398315430e-01
-5.576034784317016602e-01
-7.611343860626220703e-01
