6.157065927982330322e-02
7.135407626628875732e-02
-1.747525185346603394e-01
-6.424554586410522461e-01
-1.067098379135131836e+00
-1.287056207656860352e+00
-1.125316977500915527e+00
-7.505705356597900391e-01
-3.315857946872711182e-01
-1.422840058803558350e-01
-1.572017520666122437e-01
-3.073739111423492432e-01
-3.313693404197692871e-01
-1.714749336242675781e-01
2.285593748092651367e-01
7.086426019668579102e-01
1.216203212738037109e+00
1.596549749374389648e+00
1.815025925636291504e+00
1.709908008575439453e+00
1.267608284950256348e+00
4.814362823963165283e-01
-3.798794150352478027e-01
-1.066136360168457031e+00
-1.286621928215026855e+00
-1.063535928726196289e+00
-5.295729637145996094e-01
7.365942001342773438e-04
4.004914760589599609e-01
6.004213094711303711e-01
7.078601121902465820e-01
6.914553046226501465e-01
5.222155451774597168e-01
9.217035770416259766e-02
-4.708722829818725586e-01
-9.414516687393188477e-01
-9.786372184753417969e-01
-5.207955241203308105e-01
2.447383105754852295e-01
8.540701270103454590e-01
9.992199540138244629e-01
6.326773762702941895e-01
9.782972931861877441e-02
-2.539142072200775146e-01
-2.302241325378417969e-01
-1.971584558486938477e-02
1.054034829139709473e-01
-3.892736136913299561e-02
-2.929742038249969482e-01
-3.880823254585266113e-01
-1.406189799308776855e-01
2.659511864185333252e-01
4.649190306663513184e-01
1.433993279933929443e-01
-5.957204103469848633e-01
-1.312820315361022949e+00
-1.466011643409729004e+00
-8.633710145950317383e-01
2.355687618255615234e-01
1.234374046325683594e+00
1.633899569511413574e+00
1.279843926429748535e+00
4.373876452445983887e-01
-4.717698395252227783e-01
-1.096733570098876953e+00
-1.315613985061645508e+00
-1.159146666526794434e+00
-7.270609140396118164e-01
-1.268534809350967407e-01
4.715863466262817383e-01
8.273764252662658691e-01
7.031185626983642578e-01
3.720244765281677246e-02
-9.531679749488830566e-01
-1.842701196670532227e+00
-2.218473672866821289e+00
-1.922171115875244141e+00
-1.104620218276977539e+00
-1.040817871689796448e-01
7.845110893249511719e-01
1.421741962432861328e+00
1.812943696975708008e+00
1.974531888961791992e+00
1.901354312896728516e+00
1.590553998947143555e+00
1.165952205657958984e+00
8.372828960418701172e-01
8.049124479293823242e-01
1.048644065856933594e+00
1.340500593185424805e+00
1.354787945747375488e+00
9.571124315261840820e-01
2.776729464530944824e-01
-3.524827957153320312e-01
-7.101228237152099609e-01
-8.056422472000122070e-01
-8.698477149009704590e-01
-1.039935111999511719e+00
-1.207674145698547363e+00
-1.013982892036437988e+00
-2.144039273262023926e-01
1.058721780776977539e+00
2.196190357208251953e+00
2.500882863998413086e+00
1.606298804283142090e+00
-1.699687242507934570e-01
-2.020169258117675781e+00
-3.053591728210449219e+00
-2.837416887283325195e+00
-1.542475938796997070e+00
1.749414205551147461e-01
1.610126495361328125e+00
2.279511451721191406e+00
2.097246646881103516e+00
1.266403675079345703e+00
1.989867091178894043e-01
-6.671095490455627441e-01
-9.665517807006835938e-01
-6.101144552230834961e-01
1.527453660964965820e-01
7.663771510124206543e-01
7.078330516815185547e-01
-1.759511530399322510e-01
-1.449411153793334961e+00
-2.336998701095581055e+00
-2.200665235519409180e+00
-1.047425270080566406e+00
4.357685446739196777e-01
1.294530868530273438e+00
9.785476922988891602e-01
-2.940902113914489746e-01
-1.682829380035400391e+00
-2.322725057601928711e+00
-1.880788087844848633e+00
-7.112792134284973145e-01
4.931851029396057129e-01
1.212662577629089355e+00
1.372622489929199219e+00
1.226350069046020508e+00
1.011449217796325684e+00
7.534145116806030273e-01
3.491390347480773926e-01
-1.583817601203918457e-01
-4.902159571647644043e-01
-3.006944656372070312e-01
4.395787119865417480e-01
1.320562124252319336e+00
1.693168878555297852e+00
1.212842702865600586e+00
1.316424459218978882e-01
-7.858214378356933594e-01
-8.730460405349731445e-01
-4.484564065933227539e-02
1.064019799232482910e+00
1.642172336578369141e+00
1.281162261962890625e+00
3.564531803131103516e-01
-3.643354177474975586e-01
-2.938763499259948730e-01
4.174042940139770508e-01
1.091349124908447266e+00
1.024737834930419922e+00
1.797358393669128418e-01
-8.642154335975646973e-01
-1.296830534934997559e+00
-8.600070476531982422e-01
2.301764488220214844e-02
4.823944270610809326e-01
3.654679656028747559e-02
-1.096843719482421875e+00
-2.026195526123046875e+00
-2.000697135925292969e+00
-8.836529850959777832e-01
5.909418463706970215e-01
1.487233400344848633e+00
1.214067935943603516e+00
6.701109558343887329e-02
-1.181741476058959961e+00
-1.721532702445983887e+00
-1.415636062622070312e+00
-6.574028134346008301e-01
-1.530969589948654175e-01
-2.063004970550537109e-01
-6.982133388519287109e-01
-1.085316896438598633e+00
-1.041504383087158203e+00
-5.489758253097534180e-01
-8.632797002792358398e-02
-7.873088121414184570e-02
-7.722832560539245605e-01
-1.852710604667663574e+00
-2.825915813446044922e+00
-3.084240436553955078e+00
-2.441490650177001953e+00
-1.001778960227966309e+00
6.704304814338684082e-01
2.026058197021484375e+00
2.536545753479003906e+00
2.146796703338623047e+00
1.061040520668029785e+00
-1.143214702606201172e-01
-8.972640037536621094e-01
-9.177643060684204102e-01
-3.241885006427764893e-01
5.780367851257324219e-01
1.288684725761413574e+00
1.640414834022521973e+00
1.608270645141601562e+00
1.490573883056640625e+00
1.415613889694213867e+00
1.474487185478210449e+00
1.437695264816284180e+00
1.187870979309082031e+00
5.815725326538085938e-01
-1.958769261837005615e-01
-1.001814246177673340e+00
-1.567474722862243652e+00
