-1.133894681930541992e+00
-1.081153392791748047e+00
-1.131927073001861572e-01
9.710301756858825684e-01
1.615014314651489258e+00
1.667168378829956055e+00
1.420831918716430664e+00
1.346449136734008789e+00
1.593207597732543945e+00
1.855913996696472168e+00
1.607357025146484375e+00
6.393738985061645508e-01
-6.856848597526550293e-01
-1.611707329750061035e+00
-1.582080841064453125e+00
-6.788213253021240234e-01
3.931993544101715088e-01
8.540171384811401367e-01
4.199773073196411133e-01
-5.027748942375183105e-01
-1.208615899085998535e+00
-1.282875299453735352e+00
-9.167373180389404297e-01
-6.681576967239379883e-01
-9.052199721336364746e-01
-1.438318848609924316e+00
-1.672708034515380859e+00
-1.174345731735229492e+00
-1.201974749565124512e-01
7.590550184249877930e-01
7.744101881980895996e-01
-1.315186321735382080e-01
-1.254720926284790039e+00
-1.678788185119628906e+00
-9.915881156921386719e-01
3.316800594329833984e-01
1.310402035713195801e+00
1.204273700714111328e+00
1.371487081050872803e-01
-1.029208898544311523e+00
-1.333788752555847168e+00
-4.946600198745727539e-01
9.433839321136474609e-01
2.020390272140502930e+00
2.144150257110595703e+00
1.434712767601013184e+00
5.750663876533508301e-01
1.569654643535614014e-01
2.876090407371520996e-01
5.559126138687133789e-01
5.325038433074951172e-01
1.152939647436141968e-01
-3.682410717010498047e-01
-5.794065594673156738e-01
-4.556370079517364502e-01
-3.219688534736633301e-01
-4.737576842308044434e-01
-8.846486210823059082e-01
-1.077783584594726562e+00
-5.900852084159851074e-01
6.304684877395629883e-01
1.971169710159301758e+00
2.596335649490356445e+00
1.967456102371215820e+00
3.472513556480407715e-01
-1.424430608749389648e+00
-2.405044794082641602e+00
-2.231140613555908203e+00
-1.201217055320739746e+00
-6.827864050865173340e-02
5.775177478790283203e-01
5.382589101791381836e-01
7.680306583642959595e-02
-4.655916690826416016e-01
-8.158760070800781250e-01
-9.262877702713012695e-01
-7.786281108856201172e-01
-4.269587993621826172e-01
6.357875466346740723e-02
4.503999352455139160e-01
4.869056344032287598e-01
3.346660733222961426e-02
-6.512316465377807617e-01
-1.085541367530822754e+00
-8.159226775169372559e-01
8.017387986183166504e-02
1.020200133323669434e+00
1.192062377929687500e+00
2.692301869392395020e-01
-1.326310515403747559e+00
-2.540077209472656250e+00
-2.490580081939697266e+00
-1.050989866256713867e+00
9.182443618774414062e-01
2.227336883544921875e+00
2.110418081283569336e+00
8.414921760559082031e-01
-5.665858983993530273e-01
-1.033958435058593750e+00
-2.593901753425598145e-01
1.189672350883483887e+00
2.269793510437011719e+00
2.308190345764160156e+00
1.357004642486572266e+00
1.262344419956207275e-01
-6.853276491165161133e-01
-8.163925409317016602e-01
-5.969406366348266602e-01
-4.909551739692687988e-01
-7.210496664047241211e-01
-1.033203721046447754e+00
-1.023914217948913574e+00
-4.731755256652832031e-01
3.703284859657287598e-01
1.021735191345214844e+00
1.078455209732055664e+00
5.764003396034240723e-01
-1.131381392478942871e-01
-5.360712409019470215e-01
-5.399367809295654297e-01
-2.992310225963592529e-01
-1.677342355251312256e-01
-3.345836400985717773e-01
-7.282893657684326172e-01
-1.069495081901550293e+00
-1.146520853042602539e+00
-9.256594181060791016e-01
-5.531635284423828125e-01
-1.528251916170120239e-01
2.572270035743713379e-01
7.504125833511352539e-01
1.301916718482971191e+00
1.708797931671142578e+00
1.650797128677368164e+00
9.556392431259155273e-01
-2.012419700622558594e-01
-1.297201156616210938e+00
-1.753171682357788086e+00
-1.301708936691284180e+00
-1.941817104816436768e-01
9.348983168601989746e-01
1.462776899337768555e+00
1.168271780014038086e+00
3.522105813026428223e-01
-4.061978757381439209e-01
-6.538617014884948730e-01
-3.709327876567840576e-01
7.761499285697937012e-02
2.409032285213470459e-01
-3.179359436035156250e-02
-4.933764934539794922e-01
-6.715291142463684082e-01
-2.785910367965698242e-01
5.618013739585876465e-01
1.330457687377929688e+00
1.495800137519836426e+00
8.514044284820556641e-01
-2.905919551849365234e-01
-1.335340976715087891e+00
-1.745342969894409180e+00
-1.404105186462402344e+00
-5.902239084243774414e-01
2.061403691768646240e-01
6.656240820884704590e-01
7.420406341552734375e-01
6.539961695671081543e-01
6.026866436004638672e-01
6.724263429641723633e-01
7.529989480972290039e-01
7.403621077537536621e-01
5.776604413986206055e-01
3.431491553783416748e-01
7.788607478141784668e-02
-2.079821079969406128e-01
-5.905766487121582031e-01
-1.025571703910827637e+00
-1.354685783386230469e+00
-1.274722576141357422e+00
-6.348295211791992188e-01
4.652687609195709229e-01
1.557177782058715820e+00
2.115148305892944336e+00
1.777247905731201172e+00
6.692329645156860352e-01
-7.337290048599243164e-01
-1.771453380584716797e+00
-2.029454231262207031e+00
-1.418968081474304199e+00
-2.466229200363159180e-01
1.084500312805175781e+00
2.160135030746459961e+00
2.762789726257324219e+00
2.754552602767944336e+00
2.164304018020629883e+00
1.081100583076477051e+00
-1.987367868423461914e-01
-1.305285453796386719e+00
-1.792153835296630859e+00
-1.441552400588989258e+00
-3.043012320995330811e-01
1.164142966270446777e+00
2.378807306289672852e+00
2.780438661575317383e+00
2.203225135803222656e+00
8.596021533012390137e-01
-6.517591476440429688e-01
-1.735101461410522461e+00
-1.991416215896606445e+00
-1.516228437423706055e+00
-7.359262704849243164e-01
-2.515506148338317871e-01
-3.763084113597869873e-01
-1.028094410896301270e+00
-1.681486725807189941e+00
-1.796321392059326172e+00
-1.091367483139038086e+00
1.625931262969970703e-01
