-7.291493415832519531e-01
-7.549439072608947754e-01
-1.390404582023620605e+00
-1.787761688232421875e+00
-1.765331625938415527e+00
-1.320871472358703613e+00
-5.366821885108947754e-01
3.367958962917327881e-01
1.058439850807189941e+00
1.387471437454223633e+00
1.291367292404174805e+00
8.791719079017639160e-01
4.478246867656707764e-01
2.391389012336730957e-01
3.928710520267486572e-01
7.762524485588073730e-01
1.156269311904907227e+00
1.246765971183776855e+00
9.726017117500305176e-01
4.104700088500976562e-01
-1.875497698783874512e-01
-6.488324999809265137e-01
-8.884890079498291016e-01
-1.013665914535522461e+00
-1.115377664566040039e+00
-1.254702806472778320e+00
-1.317420721054077148e+00
-1.184997081756591797e+00
-7.550301551818847656e-01
-1.338901817798614502e-01
4.875086247920989990e-01
8.482011556625366211e-01
8.626081347465515137e-01
5.822324752807617188e-01
2.530282735824584961e-01
8.514793962240219116e-02
2.240417450666427612e-01
5.952591300010681152e-01
1.042997598648071289e+00
1.343819141387939453e+00
1.398341417312622070e+00
1.185083389282226562e+00
8.252534866333007812e-01
4.241005778312683105e-01
1.009352505207061768e-01
-1.250906884670257568e-01
-2.232653200626373291e-01
-2.087720483541488647e-01
-3.899378702044487000e-02
2.746818959712982178e-01
6.981785893440246582e-01
1.072587966918945312e+00
1.227786660194396973e+00
1.006764411926269531e+00
4.523106813430786133e-01
-2.370684295892715454e-01
-7.198322415351867676e-01
-7.724565863609313965e-01
-3.788091242313385010e-01
1.776287853717803955e-01
5.358195304870605469e-01
4.388526678085327148e-01
-3.079819120466709137e-02
-5.557477474212646484e-01
-7.565830349922180176e-01
-5.233967304229736328e-01
-6.487461924552917480e-02
1.882399320602416992e-01
-5.227928236126899719e-02
-7.431249618530273438e-01
-1.476070165634155273e+00
-1.801651000976562500e+00
-1.510836720466613770e+00
-8.240457177162170410e-01
-1.807344853878021240e-01
5.460855737328529358e-02
-1.054212599992752075e-01
-3.389526307582855225e-01
-2.667451202869415283e-01
1.931572854518890381e-01
7.596024274826049805e-01
9.800208806991577148e-01
6.193283200263977051e-01
-1.470031291246414185e-01
-8.075682520866394043e-01
-8.870224356651306152e-01
-2.734741270542144775e-01
6.849793791770935059e-01
1.436041116714477539e+00
1.574589848518371582e+00
1.091826081275939941e+00
3.056526482105255127e-01
-3.903692364692687988e-01
-7.953180074691772461e-01
-9.569869041442871094e-01
-1.037562608718872070e+00
-1.122883081436157227e+00
-1.138411521911621094e+00
-9.357646703720092773e-01
-4.392839968204498291e-01
2.698508203029632568e-01
9.971022009849548340e-01
1.534905910491943359e+00
1.748854160308837891e+00
1.570362687110900879e+00
9.858009219169616699e-01
5.443601682782173157e-02
-1.005815386772155762e+00
-1.818991184234619141e+00
-1.964527726173400879e+00
-1.248491406440734863e+00
9.670804440975189209e-02
1.426810264587402344e+00
2.031731605529785156e+00
1.565531611442565918e+00
3.192832171916961670e-01
-9.439602494239807129e-01
-1.457090854644775391e+00
-9.722566008567810059e-01
1.074054539203643799e-01
1.004780173301696777e+00
1.143070101737976074e+00
5.152010917663574219e-01
-3.328275084495544434e-01
-7.524420619010925293e-01
-4.569692313671112061e-01
2.643295824527740479e-01
8.123130798339843750e-01
7.060291171073913574e-01
-4.865596443414688110e-02
-1.013665914535522461e+00
-1.623935937881469727e+00
-1.592706441879272461e+00
-1.029194474220275879e+00
-3.229928016662597656e-01
1.873772293329238892e-01
3.795855641365051270e-01
3.678528964519500732e-01
3.007352650165557861e-01
2.400878667831420898e-01
1.096484586596488953e-01
-1.625316292047500610e-01
-5.675666928291320801e-01
-9.650962352752685547e-01
-1.208634853363037109e+00
-1.216312885284423828e+00
-1.031006097793579102e+00
-7.363959550857543945e-01
-4.099524021148681641e-01
-7.168990373611450195e-02
2.431935667991638184e-01
4.760347902774810791e-01
5.257259607315063477e-01
3.579319119453430176e-01
4.589534550905227661e-02
-2.162774950265884399e-01
-2.473344951868057251e-01
1.915181614458560944e-02
4.572280347347259521e-01
8.410407900810241699e-01
9.656139016151428223e-01
7.917809486389160156e-01
4.424759745597839355e-01
1.376860290765762329e-01
5.460855737328529358e-02
2.513891458511352539e-01
6.308884620666503906e-01
1.005038976669311523e+00
1.158512353897094727e+00
9.567281007766723633e-01
4.050350487232208252e-01
-3.212673962116241455e-01
-9.401643872261047363e-01
-1.201647043228149414e+00
-1.037562608718872070e+00
-6.126855611801147461e-01
-2.198145389556884766e-01
-5.503990501165390015e-02
-4.227202758193016052e-02
1.403603851795196533e-01
8.102425932884216309e-01
1.952363729476928711e+00
3.096469163894653320e+00
3.515479803085327148e+00
2.706186056137084961e+00
7.858283519744873047e-01
-1.447083592414855957e+00
-2.947740554809570312e+00
-3.032198429107666016e+00
-1.828912138938903809e+00
-1.803031414747238159e-01
8.708037734031677246e-01
7.539949417114257812e-01
-3.367958962917327881e-01
-1.610132932662963867e+00
-2.263365030288696289e+00
-1.962026000022888184e+00
-1.007109522819519043e+00
-1.250906940549612045e-02
5.151148438453674316e-01
5.058839917182922363e-01
2.397427856922149658e-01
9.886477887630462646e-02
2.429347485303878784e-01
5.887026786804199219e-01
9.068644046783447266e-01
1.069309711456298828e+00
1.073019385337829590e+00
1.009266257286071777e+00
8.750309348106384277e-01
6.025920510292053223e-01
1.001588255167007446e-01
-5.368547439575195312e-01
-1.067498087882995605e+00
-1.173695802688598633e+00
-7.464894652366638184e-01
6.263161450624465942e-02
