-1.301766872406005859e+00
-1.300673961639404297e+00
-4.286398589611053467e-01
7.890547513961791992e-01
1.930354833602905273e+00
2.427793502807617188e+00
2.131286621093750000e+00
1.122693300247192383e+00
-9.169527143239974976e-02
-1.101108312606811523e+00
-1.512288928031921387e+00
-1.335045933723449707e+00
-6.541348099708557129e-01
1.920791864395141602e-01
1.001953840255737305e+00
1.504338026046752930e+00
1.663274645805358887e+00
1.409801125526428223e+00
9.138379096984863281e-01
2.821624279022216797e-01
-2.207954376935958862e-01
-5.062639117240905762e-01
-4.626294076442718506e-01
-2.276807725429534912e-01
9.494668245315551758e-02
2.761513888835906982e-01
2.854957878589630127e-01
1.006025001406669617e-01
-9.609424322843551636e-02
-2.391290217638015747e-01
-2.487466484308242798e-01
-2.787743806838989258e-01
-4.220004379749298096e-01
-7.979073524475097656e-01
-1.256274342536926270e+00
-1.606443166732788086e+00
-1.572699546813964844e+00
-1.152174592018127441e+00
-4.975752532482147217e-01
1.396194379776716232e-02
1.653301864862442017e-01
-9.890848398208618164e-02
-5.006627440452575684e-01
-7.633439898490905762e-01
-6.711569428443908691e-01
-3.316166698932647705e-01
5.754178762435913086e-02
2.525718510150909424e-01
2.558232545852661133e-01
1.582535803318023682e-01
1.303570121526718140e-01
1.494009941816329956e-01
1.135808229446411133e-01
-1.450020223855972290e-01
-5.918661952018737793e-01
-1.063976645469665527e+00
-1.285482406616210938e+00
-1.154633641242980957e+00
-7.360485196113586426e-01
-2.773262858390808105e-01
5.027392879128456116e-02
1.945655643939971924e-01
2.782825827598571777e-01
3.815353810787200928e-01
4.989413917064666748e-01
4.906352758407592773e-01
2.778727412223815918e-01
-8.756952732801437378e-02
-3.827649056911468506e-01
-4.066996872425079346e-01
-9.672266244888305664e-02
3.862895667552947998e-01
8.190278410911560059e-01
1.055369973182678223e+00
1.123868227005004883e+00
1.122502088546752930e+00
1.094414234161376953e+00
9.523630142211914062e-01
5.884508490562438965e-01
3.743221610784530640e-02
-4.482849538326263428e-01
-5.454174876213073730e-01
-1.080342978239059448e-01
6.656377315521240234e-01
1.316630482673645020e+00
1.430757761001586914e+00
9.291386604309082031e-01
1.311766952276229858e-01
-4.949795901775360107e-01
-6.605556607246398926e-01
-4.571375250816345215e-01
-2.293747961521148682e-01
-2.794028222560882568e-01
-6.077407598495483398e-01
-9.461061358451843262e-01
-9.875274896621704102e-01
-6.744083166122436523e-01
-2.357956469058990479e-01
-1.308761443942785263e-02
-1.679258495569229126e-01
-5.846256613731384277e-01
-9.611336588859558105e-01
-1.076654434204101562e+00
-9.177724123001098633e-01
-6.524954438209533691e-01
-4.099510908126831055e-01
-1.659859269857406616e-01
2.391017079353332520e-01
8.891381025314331055e-01
1.667154431343078613e+00
2.256206512451171875e+00
2.372246265411376953e+00
1.935901403427124023e+00
1.138294577598571777e+00
2.560418248176574707e-01
-5.259636640548706055e-01
-1.213760137557983398e+00
-1.874698400497436523e+00
-2.483832597732543945e+00
-2.840094327926635742e+00
-2.715557098388671875e+00
-2.051230907440185547e+00
-1.072228074073791504e+00
-1.633902639150619507e-01
3.857704102993011475e-01
5.817021131515502930e-01
6.836434602737426758e-01
9.656692147254943848e-01
1.471004128456115723e+00
1.958278775215148926e+00
2.107980251312255859e+00
1.794560551643371582e+00
1.221956968307495117e+00
7.740818858146667480e-01
7.382889986038208008e-01
1.062747120857238770e+00
1.405620694160461426e+00
1.364937067031860352e+00
7.878525257110595703e-01
-1.487998962402343750e-01
-1.041845202445983887e+00
-1.551715731620788574e+00
-1.557480812072753906e+00
-1.206382989883422852e+00
-7.247915267944335938e-01
-3.146218955516815186e-01
-3.005506470799446106e-02
1.203568726778030396e-01
1.742920577526092529e-01
1.153568029403686523e-01
-1.653028652071952820e-02
-1.698111146688461304e-01
-2.237462997436523438e-01
-1.362314075231552124e-01
8.480992913246154785e-02
3.096764683723449707e-01
4.610446989536285400e-01
4.973293542861938477e-01
5.300620794296264648e-01
6.365935802459716797e-01
8.750122189521789551e-01
1.114796996116638184e+00
1.217694640159606934e+00
1.019003272056579590e+00
5.677675008773803711e-01
-1.327887456864118576e-02
-4.723563194274902344e-01
-7.156383991241455078e-01
-7.256658673286437988e-01
-7.044087648391723633e-01
-7.917050719261169434e-01
-1.099578261375427246e+00
-1.474993348121643066e+00
-1.727346539497375488e+00
-1.592071413993835449e+00
-1.074796438217163086e+00
-3.199771642684936523e-01
2.730912566184997559e-01
4.461264610290527344e-01
7.169499248266220093e-02
-5.791884064674377441e-01
-1.169169306755065918e+00
-1.310920000076293945e+00
-9.813252091407775879e-01
-3.251684904098510742e-01
2.659326791763305664e-01
6.108282208442687988e-01
6.227136254310607910e-01
5.097339153289794922e-01
3.640214800834655762e-01
2.851406037807464600e-01
1.329526752233505249e-01
-7.655844837427139282e-02
-3.216711580753326416e-01
-3.303051590919494629e-01
-1.677619107067584991e-02
6.209376454353332520e-01
1.208623409271240234e+00
1.471933126449584961e+00
1.213650822639465332e+00
7.214854955673217773e-01
3.488300144672393799e-01
4.947336912155151367e-01
1.062883734703063965e+00
1.762456297874450684e+00
2.070138216018676758e+00
1.847894668579101562e+00
1.165016293525695801e+00
4.592960476875305176e-01
-6.868948787450790405e-02
-3.390211462974548340e-01
-6.451182961463928223e-01
-1.095971584320068359e+00
-1.714204311370849609e+00
-2.128117084503173828e+00
-2.117516040802001953e+00
-1.552316784858703613e+00
