5.603671073913574219e-01
5.822597146034240723e-01
5.565726757049560547e-02
-2.951027452945709229e-01
-1.252089291810989380e-01
5.555268526077270508e-01
1.301649451255798340e+00
1.562810540199279785e+00
1.030433893203735352e+00
-7.684469223022460938e-02
-1.179284930229187012e+00
-1.670282244682312012e+00
-1.371439337730407715e+00
-6.040006875991821289e-01
8.260160684585571289e-04
6.305605173110961914e-03
-5.541106462478637695e-01
-1.154829859733581543e+00
-1.221984505653381348e+00
-5.440491437911987305e-01
4.816710054874420166e-01
1.149776101112365723e+00
9.200454354286193848e-01
-1.094364747405052185e-01
-1.272997617721557617e+00
-1.755383729934692383e+00
-1.238512039184570312e+00
-1.127926185727119446e-01
7.556338906288146973e-01
7.194682955741882324e-01
-1.788253635168075562e-01
-1.169578552246093750e+00
-1.366391777992248535e+00
-4.182547330856323242e-01
1.143002390861511230e+00
2.291976213455200195e+00
2.215082168579101562e+00
9.498799443244934082e-01
-6.601329445838928223e-01
-1.528686046600341797e+00
-1.113014221191406250e+00
2.809894084930419922e-01
1.750926971435546875e+00
2.496075630187988281e+00
2.302284002304077148e+00
1.578626275062561035e+00
8.821070194244384766e-01
4.580277800559997559e-01
9.285944700241088867e-02
-5.524719357490539551e-01
-1.530172109603881836e+00
-2.430725812911987305e+00
-2.680272340774536133e+00
-2.007318019866943359e+00
-7.336312532424926758e-01
4.176301360130310059e-01
8.229271173477172852e-01
4.092002213001251221e-01
-3.234019279479980469e-01
-6.958003640174865723e-01
-3.660757243633270264e-01
4.389256238937377930e-01
1.131695508956909180e+00
1.220290422439575195e+00
6.690677404403686523e-01
-1.141871213912963867e-01
-5.929798483848571777e-01
-4.936707019805908203e-01
5.046758055686950684e-02
6.204422712326049805e-01
8.272548913955688477e-01
5.236981511116027832e-01
-1.317912340164184570e-01
-8.286068439483642578e-01
-1.250978827476501465e+00
-1.238229393959045410e+00
-7.971909046173095703e-01
-1.250803172588348389e-01
4.985055625438690186e-01
7.895252108573913574e-01
6.488629579544067383e-01
2.045049369335174561e-01
-1.923613995313644409e-01
-2.256256937980651855e-01
2.003872394561767578e-01
8.114739656448364258e-01
1.177855849266052246e+00
9.751145243644714355e-01
3.013312816619873047e-01
-4.135549068450927734e-01
-6.541458964347839355e-01
-2.736812829971313477e-01
4.220032095909118652e-01
8.135578632354736328e-01
4.864122271537780762e-01
-4.990119338035583496e-01
-1.543718814849853516e+00
-1.970891952514648438e+00
-1.417754292488098145e+00
-1.553638577461242676e-01
1.168209552764892578e+00
1.873299360275268555e+00
1.731123805046081543e+00
9.593511223793029785e-01
8.853527158498764038e-02
-4.864061176776885986e-01
-6.207555532455444336e-01
-4.835175871849060059e-01
-2.544718086719512939e-01
-5.400514602661132812e-02
1.777336746454238892e-01
4.525386989116668701e-01
7.213619947433471680e-01
7.700716853141784668e-01
4.711808264255523682e-01
-1.672349721193313599e-01
-8.420933485031127930e-01
-1.197897553443908691e+00
-9.349980354309082031e-01
-1.070273667573928833e-01
9.848005771636962891e-01
1.835995912551879883e+00
2.100290536880493164e+00
1.649405002593994141e+00
7.169129848480224609e-01
-3.559857010841369629e-01
-1.192432999610900879e+00
-1.648817777633666992e+00
-1.714175939559936523e+00
-1.553174972534179688e+00
-1.266113996505737305e+00
-9.491589665412902832e-01
-5.794029831886291504e-01
-1.936258077621459961e-01
2.029810100793838501e-01
5.269451141357421875e-01
7.851003408432006836e-01
9.619312286376953125e-01
1.106388330459594727e+00
1.143403887748718262e+00
9.924490451812744141e-01
5.222404599189758301e-01
-1.977232694625854492e-01
-9.608018398284912109e-01
-1.387836337089538574e+00
-1.262603998184204102e+00
-5.976467728614807129e-01
2.275696098804473877e-01
7.915979623794555664e-01
7.976902127265930176e-01
3.610872030258178711e-01
-1.948199272155761719e-01
-4.928739070892333984e-01
-4.707236289978027344e-01
-2.970112264156341553e-01
-2.850184440612792969e-01
-5.143013000488281250e-01
-8.425637483596801758e-01
-9.337297677993774414e-01
-6.287657618522644043e-01
8.139103651046752930e-03
6.590381860733032227e-01
1.089496254920959473e+00
1.219805359840393066e+00
1.200398206710815430e+00
1.125534892082214355e+00
9.916370511054992676e-01
6.550657153129577637e-01
1.403884291648864746e-01
-3.140634000301361084e-01
-2.826273441314697266e-01
4.124462902545928955e-01
1.503715276718139648e+00
2.257554292678833008e+00
2.014069318771362305e+00
6.402643322944641113e-01
-1.202057957649230957e+00
-2.506360054016113281e+00
-2.543543815612792969e+00
-1.459084033966064453e+00
-1.277745962142944336e-01
4.090835750102996826e-01
-2.536721825599670410e-01
-1.667041420936584473e+00
-2.829740285873413086e+00
-2.976529121398925781e+00
-2.044441461563110352e+00
-6.823607683181762695e-01
3.359966576099395752e-01
6.264170408248901367e-01
4.098818898200988770e-01
1.594870090484619141e-01
1.928222179412841797e-01
4.278618991374969482e-01
6.114053130149841309e-01
6.243559122085571289e-01
6.558477878570556641e-01
9.512632489204406738e-01
1.483347296714782715e+00
1.798411369323730469e+00
1.343668103218078613e+00
-3.853493928909301758e-02
-1.800472974777221680e+00
-2.960702419281005859e+00
-2.754943609237670898e+00
-1.238219976425170898e+00
6.989142298698425293e-01
1.912576913833618164e+00
1.800644159317016602e+00
6.906759738922119141e-01
-4.508879482746124268e-01
-7.635035514831542969e-01
-1.131808757781982422e-01
8.728926181793212891e-01
1.340010643005371094e+00
8.766805529594421387e-01
-2.156517505645751953e-01
