-1.361976385116577148e+00
-1.452248454093933105e+00
-1.224768832325935364e-01
1.303569912910461426e+00
2.214166164398193359e+00
2.140163660049438477e+00
1.304450988769531250e+00
1.846496760845184326e-01
-5.726298093795776367e-01
-8.016527891159057617e-01
-5.876283645629882812e-01
-3.443780243396759033e-01
-2.291444391012191772e-01
-2.902317941188812256e-01
-2.737435102462768555e-01
-1.064787581562995911e-01
2.521413564682006836e-01
5.705251693725585938e-01
7.540109157562255859e-01
6.922541856765747070e-01
5.234360098838806152e-01
2.978542745113372803e-01
1.549149155616760254e-01
5.473526194691658020e-02
4.623162001371383667e-02
4.322881996631622314e-02
5.306185036897659302e-02
-5.089648067951202393e-02
-2.581118345260620117e-01
-5.790168046951293945e-01
-8.175758123397827148e-01
-8.682140111923217773e-01
-6.467208862304687500e-01
-3.573040962219238281e-01
-2.071760892868041992e-01
-3.934632539749145508e-01
-7.613041400909423828e-01
-1.026630640029907227e+00
-8.435521125793457031e-01
-2.385810017585754395e-01
4.840651154518127441e-01
7.936741113662719727e-01
4.306600093841552734e-01
-5.153803825378417969e-01
-1.531520605087280273e+00
-2.117242336273193359e+00
-1.964840173721313477e+00
-1.184721231460571289e+00
-5.529838800430297852e-02
1.078398346900939941e+00
2.024395465850830078e+00
2.612039804458618164e+00
2.724342584609985352e+00
2.247313261032104492e+00
1.290080070495605469e+00
1.853883266448974609e-01
-5.679171681404113770e-01
-6.846281290054321289e-01
-2.927268147468566895e-01
5.382597446441650391e-02
-1.920897364616394043e-01
-1.154638409614562988e+00
-2.330124139785766602e+00
-2.930387496948242188e+00
-2.438547372817993164e+00
-1.050329327583312988e+00
4.405398964881896973e-01
1.189732670783996582e+00
9.183245897293090820e-01
9.078285843133926392e-02
-4.711785316467285156e-01
-2.351848185062408447e-01
6.252839565277099609e-01
1.395396232604980469e+00
1.372987747192382812e+00
4.358157217502593994e-01
-8.910338878631591797e-01
-1.802349805831909180e+00
-1.811440229415893555e+00
-1.003483891487121582e+00
7.736495137214660645e-02
9.080979824066162109e-01
1.275419235229492188e+00
1.347040891647338867e+00
1.358628749847412109e+00
1.418818950653076172e+00
1.398742437362670898e+00
1.166538000106811523e+00
6.969795823097229004e-01
1.686909943819046021e-01
-2.537451684474945068e-01
-4.813050925731658936e-01
-5.802509188652038574e-01
-5.510583519935607910e-01
-3.150663375854492188e-01
2.994325757026672363e-01
1.244335412979125977e+00
2.189589023590087891e+00
2.535285472869873047e+00
1.870890140533447266e+00
2.471739351749420166e-01
-1.649691343307495117e+00
-2.936420679092407227e+00
-2.977050304412841797e+00
-1.874299526214599609e+00
-3.171610534191131592e-01
7.686359286308288574e-01
8.751568794250488281e-01
8.954817801713943481e-02
-9.452384710311889648e-01
-1.572735786437988281e+00
-1.436996102333068848e+00
-7.338584661483764648e-01
6.921220570802688599e-02
4.685767889022827148e-01
3.051563501358032227e-01
-2.669963240623474121e-01
-8.194501399993896484e-01
-9.912632107734680176e-01
-5.997565388679504395e-01
1.875668168067932129e-01
1.033831238746643066e+00
1.541110157966613770e+00
1.552666664123535156e+00
1.161673784255981445e+00
7.173635959625244141e-01
5.149314403533935547e-01
6.554095745086669922e-01
9.052373170852661133e-01
9.306305646896362305e-01
5.001253485679626465e-01
-2.581847906112670898e-01
-9.761828184127807617e-01
-1.248274087905883789e+00
-9.774860739707946777e-01
-3.999917209148406982e-01
4.966177046298980713e-02
1.062712818384170532e-01
-1.737829744815826416e-01
-4.430302083492279053e-01
-3.845513463020324707e-01
5.512160062789916992e-02
5.985651016235351562e-01
8.760743141174316406e-01
7.005088329315185547e-01
2.281419932842254639e-01
-1.603316068649291992e-01
-1.218662708997726440e-01
4.209600985050201416e-01
1.242603540420532227e+00
1.976342916488647461e+00
2.311503887176513672e+00
2.137894153594970703e+00
1.522134661674499512e+00
6.554791331291198730e-01
-2.602465748786926270e-01
-1.027093291282653809e+00
-1.532472014427185059e+00
-1.738604784011840820e+00
-1.749758958816528320e+00
-1.701130032539367676e+00
-1.714521646499633789e+00
-1.732808589935302734e+00
-1.606081485748291016e+00
-1.144434213638305664e+00
-3.745721578598022461e-01
4.946985244750976562e-01
1.090701580047607422e+00
1.209876060485839844e+00
8.690345883369445801e-01
3.864943385124206543e-01
4.582238197326660156e-02
-5.378544330596923828e-03
4.667475819587707520e-02
-3.231331706047058105e-02
-4.323643445968627930e-01
-1.009024977684020996e+00
-1.495849013328552246e+00
-1.542576432228088379e+00
-1.066070199012756348e+00
-1.292897909879684448e-01
9.600801467895507812e-01
1.950390934944152832e+00
2.531435489654541016e+00
2.563852548599243164e+00
1.925412774085998535e+00
7.912412285804748535e-01
-5.405206680297851562e-01
-1.529103755950927734e+00
-1.845400571823120117e+00
-1.386915922164916992e+00
-5.638507604598999023e-01
1.438068151473999023e-01
2.992005944252014160e-01
-7.595062255859375000e-03
-4.668942093849182129e-01
-6.145469546318054199e-01
-4.081076681613922119e-01
-2.952450513839721680e-02
9.082069993019104004e-02
-1.239779740571975708e-01
-5.378057360649108887e-01
-7.130146026611328125e-01
-5.357307195663452148e-01
-1.226238161325454712e-01
4.055215045809745789e-02
-2.331306636333465576e-01
-8.441725373268127441e-01
-1.189824342727661133e+00
-8.685517311096191406e-01
2.092027813196182251e-01
1.441206336021423340e+00
2.184533119201660156e+00
1.952690601348876953e+00
1.006000995635986328e+00
-1.181403696537017822e-01
-7.436603903770446777e-01
