1.384674906730651855e+00
1.347653150558471680e+00
1.165637493133544922e+00
4.963027536869049072e-01
-3.590281009674072266e-01
-8.410880565643310547e-01
-6.952965259552001953e-01
-2.182903140783309937e-02
6.336140036582946777e-01
8.331358432769775391e-01
4.068733453750610352e-01
-2.980592846870422363e-01
-8.697086572647094727e-01
-1.002277135848999023e+00
-8.457662463188171387e-01
-6.659274101257324219e-01
-7.185266613960266113e-01
-8.691790103912353516e-01
-8.741263151168823242e-01
-4.903201162815093994e-01
1.138498187065124512e-01
5.922729372978210449e-01
5.336737036705017090e-01
-5.447465926408767700e-02
-8.663099408149719238e-01
-1.354698657989501953e+00
-1.249179959297180176e+00
-5.763130187988281250e-01
2.530108690261840820e-01
8.837074041366577148e-01
1.082760572433471680e+00
9.649719595909118652e-01
7.118556499481201172e-01
5.864764451980590820e-01
6.712657213211059570e-01
1.024249792098999023e+00
1.504981637001037598e+00
1.931094169616699219e+00
1.952056884765625000e+00
1.355377197265625000e+00
1.185373067855834961e-01
-1.316415190696716309e+00
-2.336704492568969727e+00
-2.383281707763671875e+00
-1.487967371940612793e+00
-2.006248533725738525e-01
6.038205027580261230e-01
4.445281922817230225e-01
-5.357501506805419922e-01
-1.542751550674438477e+00
-1.830846190452575684e+00
-1.136795401573181152e+00
2.235236763954162598e-02
8.844290971755981445e-01
9.401930570602416992e-01
4.428102970123291016e-01
7.481557130813598633e-02
4.777799844741821289e-01
1.581156015396118164e+00
2.711800336837768555e+00
2.972245931625366211e+00
2.019483327865600586e+00
2.244153618812561035e-01
-1.476564407348632812e+00
-2.319959878921508789e+00
-2.069652318954467773e+00
-1.148286223411560059e+00
-1.342934519052505493e-01
5.498631596565246582e-01
9.022380709648132324e-01
1.036686301231384277e+00
1.028374791145324707e+00
7.255131602287292480e-01
3.942558169364929199e-02
-9.294343590736389160e-01
-1.765501737594604492e+00
-2.096021413803100586e+00
-1.804729580879211426e+00
-1.225571751594543457e+00
-7.943173050880432129e-01
-7.560337781906127930e-01
-8.662227988243103027e-01
-6.698973178863525391e-01
1.520219147205352783e-01
1.356673359870910645e+00
2.299608707427978516e+00
2.292227745056152344e+00
1.190800666809082031e+00
-5.225994586944580078e-01
-1.950254678726196289e+00
-2.411096572875976562e+00
-1.766041517257690430e+00
-5.037781000137329102e-01
6.984729170799255371e-01
1.330238938331604004e+00
1.347210407257080078e+00
9.986488223075866699e-01
6.429398059844970703e-01
4.545987844467163086e-01
4.482318758964538574e-01
4.898115992546081543e-01
4.676144421100616455e-01
2.714774012565612793e-01
-1.271049082279205322e-01
-7.212530374526977539e-01
-1.358815789222717285e+00
-1.819399714469909668e+00
-1.845703840255737305e+00
-1.370506882667541504e+00
-5.467143654823303223e-01
2.571839690208435059e-01
7.324603199958801270e-01
7.728160619735717773e-01
5.748940110206604004e-01
4.063903093338012695e-01
4.311736226081848145e-01
5.424554347991943359e-01
5.410206317901611328e-01
3.102343678474426270e-01
1.749753952026367188e-02
-4.946780204772949219e-02
2.993575632572174072e-01
8.802957534790039062e-01
1.255371570587158203e+00
9.896806478500366211e-01
7.064825296401977539e-02
-1.066743850708007812e+00
-1.754630684852600098e+00
-1.617719650268554688e+00
-8.119583129882812500e-01
2.449262142181396484e-02
2.837995886802673340e-01
-2.021646499633789062e-01
-9.774425029754638672e-01
-1.342692971229553223e+00
-8.387733697891235352e-01
3.364120125770568848e-01
1.488172173500061035e+00
1.854178190231323242e+00
1.194609165191650391e+00
-8.617639541625976562e-02
-1.167123794555664062e+00
-1.427076935768127441e+00
-7.965064048767089844e-01
1.856778860092163086e-01
8.435379862785339355e-01
7.865671515464782715e-01
2.077966332435607910e-01
-3.797924518585205078e-01
-4.966790080070495605e-01
-1.069730222225189209e-01
4.579006731510162354e-01
7.368253469467163086e-01
5.753762722015380859e-01
1.629398465156555176e-01
-9.947960078716278076e-02
-3.077064827084541321e-02
2.222406715154647827e-01
2.429404854774475098e-01
-2.045836448669433594e-01
-9.803124666213989258e-01
-1.534246921539306641e+00
-1.381607174873352051e+00
-4.450760483741760254e-01
7.273184657096862793e-01
1.374017596244812012e+00
9.844298362731933594e-01
-2.165085822343826294e-01
-1.453462839126586914e+00
-1.827558994293212891e+00
-1.018164992332458496e+00
5.798457860946655273e-01
2.046148300170898438e+00
2.648619890213012695e+00
2.224402666091918945e+00
1.307132720947265625e+00
5.913965702056884766e-01
4.945815503597259521e-01
7.921758890151977539e-01
9.308192133903503418e-01
3.889593482017517090e-01
-8.147432804107666016e-01
-2.216192722320556641e+00
-3.112694025039672852e+00
-3.099565744400024414e+00
-2.172109842300415039e+00
-7.639873027801513672e-01
6.575189828872680664e-01
1.705549716949462891e+00
2.284803152084350586e+00
2.385972738265991211e+00
2.122925758361816406e+00
1.560561776161193848e+00
8.793065547943115234e-01
2.397286295890808105e-01
-1.421108245849609375e-01
-2.248269319534301758e-01
-4.479527473449707031e-02
2.016997933387756348e-01
4.225320816040039062e-01
5.574248433113098145e-01
7.062315344810485840e-01
8.810957670211791992e-01
1.084067463874816895e+00
1.163455009460449219e+00
1.057664155960083008e+00
7.148343920707702637e-01
2.471063286066055298e-01
-2.948729991912841797e-01
-8.240029811859130859e-01
-1.367456555366516113e+00
-1.833640575408935547e+00
-2.132971286773681641e+00
-2.064007282257080078e+00
-1.601130247116088867e+00
-8.173685669898986816e-01
-2.428972721099853516e-02
