-1.490082979202270508e+00
-1.524962425231933594e+00
-1.297976374626159668e+00
-9.072375893592834473e-01
-4.317494034767150879e-01
1.348201334476470947e-01
8.441869616508483887e-01
1.636260271072387695e+00
2.230437040328979492e+00
2.217769145965576172e+00
1.364199638366699219e+00
-1.112028956413269043e-01
-1.531081438064575195e+00
-2.127420902252197266e+00
-1.529919385910034180e+00
-5.812275409698486328e-02
1.471200823783874512e+00
2.251319408416748047e+00
2.014007568359375000e+00
1.130082488059997559e+00
3.074190020561218262e-01
4.342636466026306152e-02
3.386318981647491455e-01
7.579177618026733398e-01
8.591209650039672852e-01
5.155443549156188965e-01
3.718018531799316406e-03
-2.957299053668975830e-01
-1.943253129720687866e-01
1.208813115954399109e-01
2.811346054077148438e-01
-5.317687988281250000e-03
-6.953995227813720703e-01
-1.480538368225097656e+00
-1.952649116516113281e+00
-1.896691560745239258e+00
-1.349242329597473145e+00
-6.017928123474121094e-01
1.215435564517974854e-02
2.181129753589630127e-01
-4.048501700162887573e-02
-6.372070908546447754e-01
-1.256898641586303711e+00
-1.578782796859741211e+00
-1.370428085327148438e+00
-6.670731902122497559e-01
2.878423333168029785e-01
1.121846199035644531e+00
1.586374759674072266e+00
1.620506644248962402e+00
1.379130959510803223e+00
1.023475408554077148e+00
6.505674719810485840e-01
2.312066853046417236e-01
-2.055145800113677979e-01
-5.342698693275451660e-01
-5.120764970779418945e-01
-3.208720684051513672e-02
7.700569629669189453e-01
1.466578245162963867e+00
1.654901981353759766e+00
1.191959142684936523e+00
3.807342648506164551e-01
-2.891523241996765137e-01
-4.437282681465148926e-01
-1.534450948238372803e-01
1.961833536624908447e-01
1.729599982500076294e-01
-2.918409109115600586e-01
-9.003430604934692383e-01
-1.187494277954101562e+00
-9.597967863082885742e-01
-4.108317792415618896e-01
-1.885566115379333496e-02
-1.115187406539916992e-01
-6.588944196701049805e-01
-1.249552845954895020e+00
-1.469202518463134766e+00
-1.161773204803466797e+00
-5.717434287071228027e-01
-7.886389642953872681e-02
5.353388190269470215e-02
-1.043052077293395996e-01
-2.976651191711425781e-01
-2.661911547183990479e-01
2.530033886432647705e-02
4.458034336566925049e-01
7.897582054138183594e-01
9.552613496780395508e-01
9.071471691131591797e-01
6.568456292152404785e-01
1.777498573064804077e-01
-4.903973042964935303e-01
-1.194717168807983398e+00
-1.619930505752563477e+00
-1.473306179046630859e+00
-6.670261025428771973e-01
5.311832427978515625e-01
1.641236066818237305e+00
2.210002660751342773e+00
2.107576370239257812e+00
1.549101829528808594e+00
9.493441581726074219e-01
6.132866144180297852e-01
5.791450142860412598e-01
6.227045655250549316e-01
4.676280617713928223e-01
-2.725340425968170166e-02
-7.651213407516479492e-01
-1.486696004867553711e+00
-1.910660982131958008e+00
-1.893460154533386230e+00
-1.494338750839233398e+00
-9.638391137123107910e-01
-6.162718534469604492e-01
-6.630192995071411133e-01
-1.055319905281066895e+00
-1.464643359184265137e+00
-1.441944122314453125e+00
-7.082789540290832520e-01
5.981447100639343262e-01
1.930991888046264648e+00
2.621921062469482422e+00
2.316028833389282227e+00
1.209213733673095703e+00
-5.465281009674072266e-02
-8.323656916618347168e-01
-8.871895074844360352e-01
-5.169343948364257812e-01
-2.274920493364334106e-01
-3.075963854789733887e-01
-5.637677907943725586e-01
-5.320022106170654297e-01
1.103352606296539307e-01
1.179423093795776367e+00
2.096857786178588867e+00
2.278864860534667969e+00
1.614584922790527344e+00
5.033684968948364258e-01
-4.387182593345642090e-01
-8.838151693344116211e-01
-9.450485706329345703e-01
-1.016895651817321777e+00
-1.302406311035156250e+00
-1.636831998825073242e+00
-1.595082759857177734e+00
-9.616148471832275391e-01
5.098181962966918945e-02
8.635449409484863281e-01
1.040813922882080078e+00
6.017289757728576660e-01
6.643885374069213867e-02
-3.281235694885253906e-02
4.575557708740234375e-01
1.134268045425415039e+00
1.448554635047912598e+00
1.120870471000671387e+00
4.220629334449768066e-01
-1.556673496961593628e-01
-2.988636195659637451e-01
-2.230028212070465088e-01
-3.978190124034881592e-01
-1.127782106399536133e+00
-2.119349002838134766e+00
-2.690113544464111328e+00
-2.221162557601928711e+00
-7.561695575714111328e-01
1.031978249549865723e+00
2.213843822479248047e+00
2.304118871688842773e+00
1.457374453544616699e+00
3.245904445648193359e-01
-5.419073700904846191e-01
-9.455765485763549805e-01
-1.062631487846374512e+00
-1.007177114486694336e+00
-6.915675401687622070e-01
1.400089561939239502e-01
1.445633530616760254e+00
2.761273145675659180e+00
3.316150426864624023e+00
2.666750907897949219e+00
1.035515427589416504e+00
-6.678357720375061035e-01
-1.518837571144104004e+00
-1.142060756683349609e+00
-2.760002017021179199e-02
9.514515399932861328e-01
1.133556246757507324e+00
5.958408117294311523e-01
-7.939760386943817139e-02
-2.819018661975860596e-01
3.619195520877838135e-02
4.293324947357177734e-01
3.119687438011169434e-01
-4.324839413166046143e-01
-1.400237560272216797e+00
-1.914899587631225586e+00
-1.631705522537231445e+00
-7.199831008911132812e-01
2.406150698661804199e-01
7.981269359588623047e-01
8.708338141441345215e-01
7.749022245407104492e-01
8.022520542144775391e-01
9.858521223068237305e-01
1.018730401992797852e+00
6.132783293724060059e-01
-2.630581259727478027e-01
-1.256844401359558105e+00
-1.929976105690002441e+00
-1.998792767524719238e+00
-1.542203426361083984e+00
-8.147330880165100098e-01
-7.466405630111694336e-02
6.120680570602416992e-01
1.251934766769409180e+00
