-1.422398209571838379e+00
-1.424408316612243652e+00
-9.487477540969848633e-01
-5.299990177154541016e-01
-2.156143784523010254e-01
-3.954499959945678711e-02
1.253245770931243896e-01
2.490848600864410400e-01
3.161807060241699219e-01
1.971342563629150391e-01
-1.771074533462524414e-02
-1.902662515640258789e-01
-4.862781614065170288e-02
4.094474613666534424e-01
1.021733999252319336e+00
1.372438549995422363e+00
1.268564701080322266e+00
7.608907222747802734e-01
3.212269544601440430e-01
3.548247218132019043e-01
1.043378114700317383e+00
2.001280069351196289e+00
2.661057233810424805e+00
2.489225625991821289e+00
1.511913418769836426e+00
1.419945359230041504e-01
-9.455134272575378418e-01
-1.403909683227539062e+00
-1.241572737693786621e+00
-8.809994459152221680e-01
-6.523756384849548340e-01
-6.978329420089721680e-01
-7.839255928993225098e-01
-6.945143938064575195e-01
-3.177797794342041016e-01
1.187396645545959473e-01
3.677731454372406006e-01
2.463074922561645508e-01
-9.756711125373840332e-02
-4.478589296340942383e-01
-6.033260822296142578e-01
-6.677221059799194336e-01
-8.288833498954772949e-01
-1.256353616714477539e+00
-1.772108793258666992e+00
-2.024495124816894531e+00
-1.636594891548156738e+00
-6.411199569702148438e-01
5.543313026428222656e-01
1.286662697792053223e+00
1.166642785072326660e+00
2.689059674739837646e-01
-8.067053556442260742e-01
-1.408819675445556641e+00
-1.177570939064025879e+00
-3.404461145401000977e-01
5.513868331909179688e-01
9.515688419342041016e-01
7.482512593269348145e-01
2.314957827329635620e-01
-1.035394445061683655e-01
1.331313699483871460e-02
5.112204551696777344e-01
1.026161670684814453e+00
1.242420434951782227e+00
1.062413215637207031e+00
6.536953449249267578e-01
2.194860875606536865e-01
-1.447196006774902344e-01
-5.035587549209594727e-01
-9.050059318542480469e-01
-1.261580944061279297e+00
-1.347536206245422363e+00
-1.015183687210083008e+00
-3.832989633083343506e-01
1.529409289360046387e-01
1.881687045097351074e-01
-3.570910692214965820e-01
-1.099174261093139648e+00
-1.402960896492004395e+00
-8.383822441101074219e-01
4.806316494941711426e-01
1.910307884216308594e+00
2.712863206863403320e+00
2.536536693572998047e+00
1.660877227783203125e+00
7.331659793853759766e-01
3.028036952018737793e-01
4.053230285644531250e-01
6.318768858909606934e-01
4.817911982536315918e-01
-1.576851606369018555e-01
-9.441144466400146484e-01
-1.309873104095458984e+00
-9.666485190391540527e-01
-8.732798695564270020e-02
7.812731266021728516e-01
1.191124200820922852e+00
1.048438310623168945e+00
6.680838465690612793e-01
3.848517537117004395e-01
3.072147965431213379e-01
1.935775429010391235e-01
-2.020301818847656250e-01
-8.909194469451904297e-01
-1.492041587829589844e+00
-1.592130541801452637e+00
-1.054459095001220703e+00
-2.831236124038696289e-01
1.122279912233352661e-01
-2.830788791179656982e-01
-1.231371641159057617e+00
-2.030810832977294922e+00
-1.922557234764099121e+00
-7.556794881820678711e-01
9.298468232154846191e-01
2.148364067077636719e+00
2.217068910598754883e+00
1.130037784576416016e+00
-3.591534197330474854e-01
-1.343414545059204102e+00
-1.268545627593994141e+00
-3.459601998329162598e-01
7.382889389991760254e-01
1.223528385162353516e+00
8.501175045967102051e-01
-1.186838746070861816e-01
-1.035840511322021484e+00
-1.393658399581909180e+00
-1.021214365959167480e+00
-2.185165137052536011e-01
5.667057037353515625e-01
9.252395629882812500e-01
7.827962636947631836e-01
3.026005029678344727e-01
-1.606020927429199219e-01
-3.629091978073120117e-01
-2.101628780364990234e-01
1.291117370128631592e-01
4.354345798492431641e-01
5.066195130348205566e-01
3.701462149620056152e-01
1.761219948530197144e-01
1.559596657752990723e-01
3.662900924682617188e-01
7.100895643234252930e-01
9.391466379165649414e-01
9.237456321716308594e-01
7.044185400009155273e-01
5.372816324234008789e-01
6.222204566001892090e-01
9.742097258567810059e-01
1.312157630920410156e+00
1.304176092147827148e+00
7.716194987297058105e-01
-9.564480185508728027e-02
-8.949250578880310059e-01
-1.232683062553405762e+00
-1.031340003013610840e+00
-5.096370577812194824e-01
-2.919846773147583008e-02
2.152138948440551758e-01
2.618525624275207520e-01
2.981968224048614502e-01
3.995825052261352539e-01
4.443011581897735596e-01
1.968801021575927734e-01
-4.261296987533569336e-01
-1.223291873931884766e+00
-1.790083765983581543e+00
-1.826642036437988281e+00
-1.384372234344482422e+00
-8.655179738998413086e-01
-7.317746281623840332e-01
-1.141757845878601074e+00
-1.808460235595703125e+00
-2.177994251251220703e+00
-1.835888862609863281e+00
-7.921375036239624023e-01
5.017164945602416992e-01
1.479445219039916992e+00
1.793238282203674316e+00
1.520320296287536621e+00
1.007932186126708984e+00
6.373242735862731934e-01
5.534914731979370117e-01
6.897249817848205566e-01
8.511161208152770996e-01
9.324735403060913086e-01
9.068844318389892578e-01
8.336062431335449219e-01
7.005066275596618652e-01
4.836602210998535156e-01
1.239610835909843445e-01
-3.214018344879150391e-01
-7.625871300697326660e-01
-1.045076608657836914e+00
-1.118870496749877930e+00
-9.639690518379211426e-01
-6.719853878021240234e-01
-3.041054606437683105e-01
9.597778320312500000e-03
1.883834004402160645e-01
1.158844828605651855e-01
-1.659055948257446289e-01
-5.302124023437500000e-01
-6.777967214584350586e-01
-4.280491769313812256e-01
2.413270473480224609e-01
9.976206421852111816e-01
1.446825623512268066e+00
1.265559315681457520e+00
5.690658092498779297e-01
-2.642186284065246582e-01
-7.000001668930053711e-01
-5.386264324188232422e-01
9.571538865566253662e-02
