3.686963915824890137e-01
3.930122256278991699e-01
7.237683534622192383e-01
8.475551605224609375e-01
6.610728502273559570e-01
2.251809835433959961e-01
-3.835114836692810059e-01
-9.907914400100708008e-01
-1.448516607284545898e+00
-1.558793783187866211e+00
-1.273705959320068359e+00
-6.884375810623168945e-01
-1.408119499683380127e-01
5.558806657791137695e-02
-2.321035861968994141e-01
-7.134240865707397461e-01
-9.032301902770996094e-01
-3.916591107845306396e-01
7.205495834350585938e-01
1.882018446922302246e+00
2.367514371871948242e+00
1.879015922546386719e+00
7.348338365554809570e-01
-2.589423060417175293e-01
-4.516279697418212891e-01
2.343911528587341309e-01
1.186808466911315918e+00
1.631143569946289062e+00
1.152387619018554688e+00
3.931379318237304688e-02
-1.025337815284729004e+00
-1.446878671646118164e+00
-1.174886941909790039e+00
-5.985198616981506348e-01
-1.955031454563140869e-01
-9.939946234226226807e-02
-1.199134290218353271e-01
-7.912278175354003906e-03
1.757413744926452637e-01
1.020495891571044922e-01
-5.146300792694091797e-01
-1.504974365234375000e+00
-2.258609771728515625e+00
-2.120260477066040039e+00
-9.633712768554687500e-01
6.336025595664978027e-01
1.735526680946350098e+00
1.740432381629943848e+00
8.132311105728149414e-01
-2.495077848434448242e-01
-6.668872237205505371e-01
-2.774583399295806885e-01
3.728541433811187744e-01
5.329551696777343750e-01
-8.106172084808349609e-02
-1.017677783966064453e+00
-1.438764572143554688e+00
-8.202342391014099121e-01
5.997351408004760742e-01
1.954796552658081055e+00
2.407344818115234375e+00
1.741415381431579590e+00
4.954466223716735840e-01
-5.101028680801391602e-01
-7.657470703125000000e-01
-4.018694758415222168e-01
6.251563876867294312e-02
1.851445436477661133e-01
-2.506899833679199219e-02
-2.349707484245300293e-01
-1.348393261432647705e-01
2.037528306245803833e-01
4.154898822307586670e-01
1.455085873603820801e-01
-5.630207061767578125e-01
-1.306864380836486816e+00
-1.592867374420166016e+00
-1.280940055847167969e+00
-6.413126587867736816e-01
-1.707793623208999634e-01
-1.300947368144989014e-01
-3.989038169384002686e-01
-5.455544590950012207e-01
-2.609559595584869385e-01
4.387468397617340088e-01
1.174233317375183105e+00
1.576328516006469727e+00
1.514236688613891602e+00
1.231223821640014648e+00
1.045195698738098145e+00
1.127526879310607910e+00
1.295220255851745605e+00
1.243406534194946289e+00
7.539247274398803711e-01
-2.186697721481323242e-02
-7.089264988899230957e-01
-8.941441774368286133e-01
-4.945992827415466309e-01
2.434717118740081787e-01
8.230908513069152832e-01
8.835544586181640625e-01
3.437899351119995117e-01
-4.782652854919433594e-01
-1.149123430252075195e+00
-1.303627610206604004e+00
-9.418008327484130859e-01
-3.436601758003234863e-01
2.527827024459838867e-02
-1.213234066963195801e-01
-7.886321544647216797e-01
-1.613925814628601074e+00
-2.169443607330322266e+00
-2.151031494140625000e+00
-1.639051914215087891e+00
-9.409126043319702148e-01
-4.258211255073547363e-01
-1.784446835517883301e-01
-2.648616209626197815e-02
3.575659990310668945e-01
1.072963714599609375e+00
1.919549584388732910e+00
2.434252738952636719e+00
2.303445816040039062e+00
1.555418014526367188e+00
6.389700770378112793e-01
3.872603178024291992e-02
-1.086755096912384033e-02
2.506194114685058594e-01
3.918415307998657227e-01
1.049706637859344482e-01
-4.616438746452331543e-01
-8.668093085289001465e-01
-6.808117628097534180e-01
8.754533529281616211e-02
1.016053795814514160e+00
1.517419576644897461e+00
1.334585905075073242e+00
6.789403557777404785e-01
1.054707914590835571e-01
2.536815404891967773e-02
4.332166314125061035e-01
8.757523298263549805e-01
8.549395799636840820e-01
1.774011999368667603e-01
-8.565673828125000000e-01
-1.709314346313476562e+00
-1.948815822601318359e+00
-1.553715229034423828e+00
-8.452802896499633789e-01
-2.503143846988677979e-01
8.020222187042236328e-03
-3.552168607711791992e-02
-1.947484165430068970e-01
-3.594654202461242676e-01
-5.595723390579223633e-01
-8.963815569877624512e-01
-1.354793667793273926e+00
-1.731125831604003906e+00
-1.710315942764282227e+00
-1.084995627403259277e+00
6.865459680557250977e-02
1.371461629867553711e+00
2.321508884429931641e+00
2.562678575515747070e+00
2.078191995620727539e+00
1.202969551086425781e+00
4.170806705951690674e-01
7.759970426559448242e-02
1.953876316547393799e-01
4.576798081398010254e-01
4.274145364761352539e-01
-1.217764019966125488e-01
-1.034771442413330078e+00
-1.804905652999877930e+00
-1.911473274230957031e+00
-1.145503759384155273e+00
1.830136626958847046e-01
1.437935829162597656e+00
2.001713514328002930e+00
1.684210777282714844e+00
7.602381706237792969e-01
-2.143058180809020996e-01
-8.288159966468811035e-01
-9.879318475723266602e-01
-9.074631929397583008e-01
-7.840583324432373047e-01
-6.484214067459106445e-01
-3.279864788055419922e-01
2.456828355789184570e-01
9.020695686340332031e-01
1.207487702369689941e+00
8.453522920608520508e-01
-1.448561549186706543e-01
-1.244619607925415039e+00
-1.855860233306884766e+00
-1.664927959442138672e+00
-9.556572437286376953e-01
-3.211413025856018066e-01
-2.728893160820007324e-01
-7.541435956954956055e-01
-1.256711244583129883e+00
-1.146306872367858887e+00
-2.627153098583221436e-01
1.008661270141601562e+00
1.918961882591247559e+00
1.987736225128173828e+00
1.251084446907043457e+00
2.932245433330535889e-01
-2.913296818733215332e-01
-2.210817635059356689e-01
2.442786991596221924e-01
6.663207411766052246e-01
6.936140656471252441e-01
3.804418146610260010e-01
-3.098380565643310547e-02
-2.667710185050964355e-01
-3.315567374229431152e-01
