-1.658861756324768066e+00
-1.604974269866943359e+00
-1.533615827560424805e+00
-1.067104458808898926e+00
-2.688355147838592529e-01
4.570271372795104980e-01
8.511146306991577148e-01
7.061127424240112305e-01
2.163830548524856567e-01
-3.909408152103424072e-01
-7.375906705856323242e-01
-7.057377696037292480e-01
-2.102268338203430176e-01
5.512320995330810547e-01
1.436219096183776855e+00
2.151736497879028320e+00
2.584361553192138672e+00
2.579974889755249023e+00
2.229555606842041016e+00
1.584868669509887695e+00
8.634977340698242188e-01
1.345165073871612549e-01
-4.518812894821166992e-01
-9.087064862251281738e-01
-1.147731423377990723e+00
-1.232333421707153320e+00
-1.155935645103454590e+00
-1.077475547790527344e+00
-1.026876807212829590e+00
-1.059532284736633301e+00
-9.936979413032531738e-01
-7.175918221473693848e-01
-1.157314181327819824e-01
6.010688543319702148e-01
1.160464048385620117e+00
1.217977046966552734e+00
7.895832061767578125e-01
1.045499145984649658e-01
-3.690219819545745850e-01
-4.185992479324340820e-01
-8.080211281776428223e-02
2.449140548706054688e-01
2.743066847324371338e-01
-7.015722990036010742e-02
-4.524481892585754395e-01
-5.474820733070373535e-01
-1.909697651863098145e-01
3.292478621006011963e-01
6.289385557174682617e-01
4.205921590328216553e-01
-1.137061119079589844e-01
-5.853749513626098633e-01
-6.100098490715026855e-01
-2.595121562480926514e-01
8.817181736230850220e-02
-4.997896403074264526e-02
-7.356265783309936523e-01
-1.613532543182373047e+00
-2.054267644882202148e+00
-1.728910326957702637e+00
-7.771750092506408691e-01
1.950863301753997803e-01
6.503353118896484375e-01
4.189527034759521484e-01
-1.271790862083435059e-01
-4.690174758434295654e-01
-2.750758528709411621e-01
2.931261360645294189e-01
8.047164678573608398e-01
8.456469774246215820e-01
3.890570104122161865e-01
-2.647270560264587402e-01
-6.714262366294860840e-01
-6.027323007583618164e-01
-1.083364486694335938e-01
5.362377166748046875e-01
1.093801259994506836e+00
1.449878811836242676e+00
1.639936447143554688e+00
1.693417787551879883e+00
1.600193023681640625e+00
1.303700447082519531e+00
8.271304965019226074e-01
2.915158271789550781e-01
-1.088321357965469360e-01
-2.468160688877105713e-01
-1.322036385536193848e-01
7.792466878890991211e-02
1.854796111583709717e-01
5.294856429100036621e-02
-3.272777795791625977e-01
-8.499214053153991699e-01
-1.346036195755004883e+00
-1.652162790298461914e+00
-1.667963385581970215e+00
-1.390920639038085938e+00
-9.229775667190551758e-01
-4.184646606445312500e-01
-9.076520800590515137e-03
2.744878828525543213e-01
4.903834462165832520e-01
7.110592126846313477e-01
9.070087075233459473e-01
9.423080086708068848e-01
6.654452085494995117e-01
9.677910804748535156e-02
-5.117186903953552246e-01
-7.697026729583740234e-01
-4.263395965099334717e-01
4.326279759407043457e-01
1.373913049697875977e+00
1.904354810714721680e+00
1.786287188529968262e+00
1.214058995246887207e+00
6.330984234809875488e-01
4.091646671295166016e-01
5.350781679153442383e-01
6.824929714202880859e-01
4.851608276367187500e-01
-1.111296117305755615e-01
-7.930660247802734375e-01
-1.103460311889648438e+00
-8.288902044296264648e-01
-1.719922125339508057e-01
3.663024604320526123e-01
3.628686666488647461e-01
-2.553473114967346191e-01
-1.185007333755493164e+00
-2.012857913970947266e+00
-2.482551336288452148e+00
-2.598170757293701172e+00
-2.478368759155273438e+00
-2.172202587127685547e+00
-1.603128194808959961e+00
-7.149251103401184082e-01
3.569490611553192139e-01
1.271633863449096680e+00
1.686392545700073242e+00
1.522546887397766113e+00
1.044710874557495117e+00
6.792773604393005371e-01
6.780030727386474609e-01
9.419518709182739258e-01
1.113890409469604492e+00
9.206809401512145996e-01
4.141359329223632812e-01
-3.157982230186462402e-02
-4.832378029823303223e-02
4.298782646656036377e-01
1.062109470367431641e+00
1.388466715812683105e+00
1.166344046592712402e+00
6.066283583641052246e-01
1.808029413223266602e-01
2.951179146766662598e-01
9.287804365158081055e-01
1.681153655052185059e+00
1.994131326675415039e+00
1.573921561241149902e+00
5.017023086547851562e-01
-7.912474870681762695e-01
-1.858176469802856445e+00
-2.386164188385009766e+00
-2.353795528411865234e+00
-1.876926541328430176e+00
-1.196757435798645020e+00
-5.096423625946044922e-01
-2.438086271286010742e-02
1.892586052417755127e-01
1.423757374286651611e-01
3.047072887420654297e-02
1.764324307441711426e-02
2.062653005123138428e-01
4.345755875110626221e-01
4.864811897277832031e-01
1.688864827156066895e-01
-3.795696198940277100e-01
-8.517347574234008789e-01
-8.618549108505249023e-01
-3.696303367614746094e-01
3.768247365951538086e-01
8.648089170455932617e-01
8.079264163970947266e-01
2.080387175083160400e-01
-5.295606851577758789e-01
-1.054776906967163086e+00
-1.182320594787597656e+00
-1.132530450820922852e+00
-1.150036692619323730e+00
-1.419908523559570312e+00
-1.760414361953735352e+00
-1.949634075164794922e+00
-1.772089242935180664e+00
-1.360803484916687012e+00
-9.015740752220153809e-01
-6.140742301940917969e-01
-3.813285231590270996e-01
-3.076797723770141602e-02
6.553423404693603516e-01
1.517205834388732910e+00
2.266189575195312500e+00
2.482287883758544922e+00
2.110756635665893555e+00
1.305785059928894043e+00
5.189331173896789551e-01
-4.315555095672607422e-03
-1.395037174224853516e-01
-9.182949364185333252e-02
2.641928195953369141e-02
8.286261558532714844e-02
1.793394684791564941e-01
2.854067087173461914e-01
4.169850945472717285e-01
4.003549814224243164e-01
2.539882063865661621e-01
-6.447941064834594727e-03
-1.454951465129852295e-01
