-1.405052423477172852e+00
-1.442344188690185547e+00
-1.100278615951538086e+00
-7.422064542770385742e-01
-2.283463925123214722e-01
5.333068966865539551e-01
1.536732316017150879e+00
2.437950372695922852e+00
2.815532922744750977e+00
2.353036403656005859e+00
1.254582405090332031e+00
9.081038832664489746e-02
-4.287717640399932861e-01
-6.209096312522888184e-02
8.885902762413024902e-01
1.674221992492675781e+00
1.759173870086669922e+00
1.093022346496582031e+00
2.161830663681030273e-01
-3.190458714962005615e-01
-2.982947528362274170e-01
-1.009453535079956055e-01
-2.194319367408752441e-01
-8.809539675712585449e-01
-1.683458805084228516e+00
-2.000028371810913086e+00
-1.403576970100402832e+00
-1.727087497711181641e-01
9.834295511245727539e-01
1.355795383453369141e+00
8.875978589057922363e-01
9.285029768943786621e-02
-2.882198691368103027e-01
-1.454406976699829102e-02
5.581736564636230469e-01
6.956544518470764160e-01
3.027918934822082520e-02
-1.185569405555725098e+00
-2.150324583053588867e+00
-2.242961168289184570e+00
-1.432597398757934570e+00
-4.071269631385803223e-01
5.396044254302978516e-02
-4.136557281017303467e-01
-1.413494706153869629e+00
-2.217895746231079102e+00
-2.250975847244262695e+00
-1.574448466300964355e+00
-6.714630126953125000e-01
-8.589131385087966919e-02
8.126622438430786133e-02
8.454063534736633301e-02
2.841915488243103027e-01
6.820363998413085938e-01
9.675034284591674805e-01
7.399797439575195312e-01
-8.161097764968872070e-03
-8.691748380661010742e-01
-1.222100853919982910e+00
-7.800287008285522461e-01
2.341818809509277344e-01
1.171777009963989258e+00
1.493777990341186523e+00
1.087633252143859863e+00
3.685688972473144531e-01
-1.276284009218215942e-01
-9.318289160728454590e-02
3.134218752384185791e-01
7.122676372528076172e-01
7.945979833602905273e-01
6.074385046958923340e-01
4.180274903774261475e-01
4.792435765266418457e-01
7.358815670013427734e-01
8.952226638793945312e-01
6.451622247695922852e-01
-8.948445320129394531e-03
-7.218798398971557617e-01
-9.981013536453247070e-01
-5.956248641014099121e-01
2.876617908477783203e-01
1.081784248352050781e+00
1.247366905212402344e+00
6.326821446418762207e-01
-3.769102394580841064e-01
-1.127434849739074707e+00
-1.126516938209533691e+00
-4.173339307308197021e-01
4.457094073295593262e-01
7.586618661880493164e-01
1.876260042190551758e-01
-9.693725705146789551e-01
-1.941895127296447754e+00
-2.017463207244873047e+00
-1.054677724838256836e+00
3.739651441574096680e-01
1.354543447494506836e+00
1.268595576286315918e+00
2.440705299377441406e-01
-9.197050333023071289e-01
-1.331958770751953125e+00
-6.680040955543518066e-01
5.633144378662109375e-01
1.389333605766296387e+00
1.088210701942443848e+00
-2.398749440908432007e-01
-1.728860855102539062e+00
-2.353040695190429688e+00
-1.692846298217773438e+00
-2.268082201480865479e-01
1.006889700889587402e+00
1.192274332046508789e+00
2.984133958816528320e-01
-9.174918532371520996e-01
-1.533584237098693848e+00
-1.142613172531127930e+00
-1.581180989742279053e-01
5.604898333549499512e-01
3.645989298820495605e-01
-6.531001329421997070e-01
-1.747617244720458984e+00
-2.036286592483520508e+00
-1.153820633888244629e+00
5.352669954299926758e-01
2.172327995300292969e+00
2.997972965240478516e+00
2.757159709930419922e+00
1.792604088783264160e+00
7.067463397979736328e-01
1.430571079254150391e-03
-1.891532540321350098e-01
-2.337580919265747070e-02
2.127374708652496338e-01
3.424903452396392822e-01
3.368608951568603516e-01
3.066818118095397949e-01
3.616012334823608398e-01
5.590727925300598145e-01
8.259878754615783691e-01
1.018857002258300781e+00
9.652909636497497559e-01
6.099105477333068848e-01
5.327861011028289795e-02
-4.370433092117309570e-01
-6.061214804649353027e-01
-3.595748245716094971e-01
1.144448593258857727e-01
4.776061177253723145e-01
4.472653865814208984e-01
3.661543130874633789e-02
-4.683128595352172852e-01
-6.914027333259582520e-01
-4.739392399787902832e-01
3.371009230613708496e-02
4.781703352928161621e-01
6.065676212310791016e-01
4.248622357845306396e-01
1.582397967576980591e-01
-1.959411799907684326e-02
-1.626337766647338867e-01
-5.233061313629150391e-01
-1.261575102806091309e+00
-2.208694934844970703e+00
-2.868817329406738281e+00
-2.755805015563964844e+00
-1.769217967987060547e+00
-3.336465358734130859e-01
8.745014667510986328e-01
1.391093850135803223e+00
1.276190280914306641e+00
1.002873420715332031e+00
1.021261811256408691e+00
1.353162288665771484e+00
1.557635068893432617e+00
1.116332650184631348e+00
-8.457827568054199219e-02
-1.556206941604614258e+00
-2.499487876892089844e+00
-2.347090244293212891e+00
-1.182909965515136719e+00
3.224534392356872559e-01
1.353276491165161133e+00
1.491913080215454102e+00
9.100340604782104492e-01
1.793185025453567505e-01
-1.942563056945800781e-01
-6.352202594280242920e-02
3.304023444652557373e-01
6.588490009307861328e-01
7.571839690208435059e-01
7.527512311935424805e-01
8.836790919303894043e-01
1.315382122993469238e+00
1.962366819381713867e+00
2.576137065887451172e+00
2.852109432220458984e+00
2.638373851776123047e+00
1.953504323959350586e+00
1.020148396492004395e+00
1.153631210327148438e-01
-4.876518845558166504e-01
-6.974337100982666016e-01
-5.976113677024841309e-01
-4.696306884288787842e-01
-5.640335679054260254e-01
-9.823296070098876953e-01
-1.513559579849243164e+00
-1.819859504699707031e+00
-1.618877172470092773e+00
-9.941145181655883789e-01
-3.169620931148529053e-01
-7.211980223655700684e-02
-4.170730710029602051e-01
-1.097672343254089355e+00
-1.516622304916381836e+00
-1.227026700973510742e+00
-1.862347424030303955e-01
