2.368948936462402344e+00
2.367537975311279297e+00
2.223284006118774414e+00
1.203615546226501465e+00
-4.690147340297698975e-01
-2.005637168884277344e+00
-2.840000867843627930e+00
-2.657290458679199219e+00
-1.840524673461914062e+00
-8.518660068511962891e-01
-2.211280763149261475e-01
3.982463479042053223e-02
5.466178059577941895e-03
-3.437863290309906006e-02
-1.391825526952743530e-01
-3.463672995567321777e-01
-8.632096052169799805e-01
-1.522940635681152344e+00
-2.126968622207641602e+00
-2.225905895233154297e+00
-1.704038739204406738e+00
-5.492911934852600098e-01
8.082437515258789062e-01
2.015496253967285156e+00
2.628463268280029297e+00
2.610709905624389648e+00
2.012916088104248047e+00
1.253849506378173828e+00
6.116275787353515625e-01
3.972142934799194336e-01
4.919432699680328369e-01
7.162955999374389648e-01
6.613913774490356445e-01
2.636266648769378662e-01
-3.909649252891540527e-01
-8.103355169296264648e-01
-6.876039505004882812e-01
1.363576352596282959e-01
1.250937700271606445e+00
2.169140100479125977e+00
2.366078853607177734e+00
1.864650249481201172e+00
9.467181563377380371e-01
1.936825364828109741e-01
-1.548604965209960938e-01
-9.414124488830566406e-02
-4.469847679138183594e-02
-2.797375321388244629e-01
-9.398447275161743164e-01
-1.704062223434448242e+00
-2.235151052474975586e+00
-2.187366724014282227e+00
-1.641617536544799805e+00
-8.361877799034118652e-01
-2.307810634374618530e-01
-4.143969714641571045e-02
-3.399428129196166992e-01
-8.258396983146667480e-01
-1.185335755348205566e+00
-1.065911054611206055e+00
-4.592150449752807617e-01
4.417554140090942383e-01
1.136000394821166992e+00
1.241661787033081055e+00
5.653979778289794922e-01
-5.747697949409484863e-01
-1.629807472229003906e+00
-1.957264661788940430e+00
-1.335376739501953125e+00
2.870085090398788452e-02
1.477826833724975586e+00
2.411052465438842773e+00
2.491448879241943359e+00
1.905530691146850586e+00
1.072537064552307129e+00
4.551066160202026367e-01
1.968968510627746582e-01
2.141475081443786621e-01
2.497056275606155396e-01
1.726131737232208252e-01
-2.762502431869506836e-02
-1.995768249034881592e-01
-2.366244345903396606e-01
-7.519140839576721191e-02
2.286975532770156860e-01
6.010168790817260742e-01
9.067019820213317871e-01
1.019066452980041504e+00
7.970055341720581055e-01
2.164070755243301392e-01
-5.843876004219055176e-01
-1.272665619850158691e+00
-1.499159812927246094e+00
-1.092881798744201660e+00
-2.361308187246322632e-01
6.140882372856140137e-01
9.692651033401489258e-01
6.181623935699462891e-01
-2.427437156438827515e-01
-1.135939359664916992e+00
-1.594202399253845215e+00
-1.441596627235412598e+00
-8.480068445205688477e-01
-2.015715241432189941e-01
1.576756536960601807e-01
8.536319434642791748e-02
-3.138903975486755371e-01
-8.128350973129272461e-01
-1.151724100112915039e+00
-1.159332752227783203e+00
-7.560710906982421875e-01
-2.668690681457519531e-02
8.297790884971618652e-01
1.490832805633544922e+00
1.681697964668273926e+00
1.261457204818725586e+00
3.582912385463714600e-01
-7.277379631996154785e-01
-1.613318681716918945e+00
-2.060847759246826172e+00
-1.986481904983520508e+00
-1.495905160903930664e+00
-7.259767651557922363e-01
1.433199793100357056e-01
9.730437397956848145e-01
1.586763262748718262e+00
1.879003167152404785e+00
1.811207771301269531e+00
1.522998929023742676e+00
1.194278001785278320e+00
9.893566966056823730e-01
8.768187165260314941e-01
7.401729226112365723e-01
4.550235271453857422e-01
1.034590005874633789e-01
-1.232842504978179932e-01
-3.830245137214660645e-02
2.602565288543701172e-01
4.589894115924835205e-01
1.926238536834716797e-01
-5.587304830551147461e-01
-1.422761678695678711e+00
-1.796950101852416992e+00
-1.363942980766296387e+00
-3.339717686176300049e-01
5.961681604385375977e-01
7.910465598106384277e-01
1.161529198288917542e-01
-8.905857801437377930e-01
-1.467263221740722656e+00
-1.179809331893920898e+00
-3.096606135368347168e-01
4.075002372264862061e-01
3.361775875091552734e-01
-5.001103281974792480e-01
-1.456801176071166992e+00
-1.734926462173461914e+00
-1.030935406684875488e+00
2.648662030696868896e-01
1.366334319114685059e+00
1.715266942977905273e+00
1.347243309020996094e+00
7.755255699157714844e-01
4.908612668514251709e-01
5.412969589233398438e-01
5.475047826766967773e-01
1.073591113090515137e-01
-7.554162144660949707e-01
-1.543282985687255859e+00
-1.649956703186035156e+00
-8.882660269737243652e-01
3.305564820766448975e-01
1.247935414314270020e+00
1.339116692543029785e+00
6.447715759277343750e-01
-2.569942474365234375e-01
-7.508528232574462891e-01
-5.673531293869018555e-01
3.959888964891433716e-02
6.179761290550231934e-01
8.130343556404113770e-01
6.326100230216979980e-01
2.609743475914001465e-01
-7.937860488891601562e-02
-3.494142889976501465e-01
-5.326782464981079102e-01
-6.154733896255493164e-01
-4.547066688537597656e-01
-3.721570968627929688e-02
5.073738694190979004e-01
8.119503259658813477e-01
6.572108268737792969e-01
8.542989194393157959e-02
-4.286349415779113770e-01
-4.285571575164794922e-01
2.842485904693603516e-01
1.305601835250854492e+00
2.023737668991088867e+00
1.913095355033874512e+00
1.078814983367919922e+00
2.059821784496307373e-02
-5.905187129974365234e-01
-5.704668760299682617e-01
-1.502032279968261719e-01
9.295789897441864014e-02
-9.901829808950424194e-02
-6.439149379730224609e-01
-1.033467769622802734e+00
-9.655956625938415527e-01
-4.064421057701110840e-01
1.930368542671203613e-01
4.714831411838531494e-01
2.284017354249954224e-01
-2.415574342012405396e-01
-6.393418908119201660e-01
-6.869709491729736328e-01
-5.301680564880371094e-01
