1.456997692584991455e-01
8.298331499099731445e-02
-7.591150999069213867e-01
-1.377464175224304199e+00
-1.512306690216064453e+00
-1.165558338165283203e+00
-4.155620634555816650e-01
5.516597032546997070e-01
1.576246380805969238e+00
2.366118669509887695e+00
2.611666440963745117e+00
2.021435499191284180e+00
6.686972975730895996e-01
-9.959853887557983398e-01
-2.194584369659423828e+00
-2.349773168563842773e+00
-1.398424625396728516e+00
6.442189216613769531e-03
9.441708326339721680e-01
7.290852069854736328e-01
-5.446630120277404785e-01
-2.118354797363281250e+00
-2.972357273101806641e+00
-2.550571680068969727e+00
-1.018899798393249512e+00
8.151495456695556641e-01
2.109886646270751953e+00
2.429376602172851562e+00
1.981484770774841309e+00
1.290071368217468262e+00
8.242994546890258789e-01
6.376021504402160645e-01
4.758403301239013672e-01
2.018087357282638550e-02
-7.457619309425354004e-01
-1.517220854759216309e+00
-1.825083971023559570e+00
-1.405491232872009277e+00
-3.632373213768005371e-01
8.419340252876281738e-01
1.709470152854919434e+00
1.955743432044982910e+00
1.677756071090698242e+00
1.208849430084228516e+00
8.915175199508666992e-01
8.329495787620544434e-01
8.924047350883483887e-01
8.110520243644714355e-01
4.441674649715423584e-01
-1.430602669715881348e-01
-7.227406501770019531e-01
-1.092814564704895020e+00
-1.209435343742370605e+00
-1.183520793914794922e+00
-1.134734392166137695e+00
-1.050388932228088379e+00
-7.863218784332275391e-01
-2.215191125869750977e-01
5.445000529289245605e-01
1.171117901802062988e+00
1.257752299308776855e+00
6.671748161315917969e-01
-3.204547166824340820e-01
-1.111867189407348633e+00
-1.198361873626708984e+00
-4.922162294387817383e-01
5.763197541236877441e-01
1.377191662788391113e+00
1.491481542587280273e+00
1.011999845504760742e+00
4.025945067405700684e-01
1.504798531532287598e-01
3.733377456665039062e-01
8.078377842903137207e-01
1.040568232536315918e+00
8.920487165451049805e-01
4.918457865715026855e-01
1.349423676729202271e-01
-7.603895664215087891e-02
-3.123078346252441406e-01
-8.782300949096679688e-01
-1.807557106018066406e+00
-2.733841419219970703e+00
-3.024326801300048828e+00
-2.301194667816162109e+00
-7.538886666297912598e-01
8.429336547851562500e-01
1.659674286842346191e+00
1.313540101051330566e+00
1.734200716018676758e-01
-9.624212980270385742e-01
-1.372503399848937988e+00
-9.237086176872253418e-01
-3.241316229104995728e-02
6.468939781188964844e-01
7.514895200729370117e-01
3.392776846885681152e-01
-1.989341676235198975e-01
-5.457732677459716797e-01
-6.002311110496520996e-01
-5.113585591316223145e-01
-3.981859683990478516e-01
-2.726768255233764648e-01
-4.590392112731933594e-03
4.456613957881927490e-01
9.840818047523498535e-01
1.376475214958190918e+00
1.490965247154235840e+00
1.353700876235961914e+00
1.170575499534606934e+00
1.080682754516601562e+00
1.075577259063720703e+00
9.580790996551513672e-01
5.768805742263793945e-01
-7.108024507761001587e-02
-7.597064375877380371e-01
-1.240851163864135742e+00
-1.360981941223144531e+00
-1.181535005569458008e+00
-8.371881246566772461e-01
-4.609111547470092773e-01
-8.020776510238647461e-02
2.667323946952819824e-01
5.069744586944580078e-01
4.972242414951324463e-01
1.993325948715209961e-01
-2.601104080677032471e-01
-5.819660425186157227e-01
-5.414187908172607422e-01
-1.566865742206573486e-01
2.455908060073852539e-01
2.832930684089660645e-01
-1.997034698724746704e-01
-9.425318241119384766e-01
-1.441500306129455566e+00
-1.275272607803344727e+00
-4.385969638824462891e-01
6.612389087677001953e-01
1.455253839492797852e+00
1.593467473983764648e+00
1.112499952316284180e+00
3.565424680709838867e-01
-3.040104508399963379e-01
-6.681228876113891602e-01
-7.492522597312927246e-01
-6.508985161781311035e-01
-4.633594155311584473e-01
-2.539110779762268066e-01
-1.215328127145767212e-01
-2.052357345819473267e-01
-5.776170492172241211e-01
-1.123968958854675293e+00
-1.525520920753479004e+00
-1.448487401008605957e+00
-7.868444323539733887e-01
1.874295473098754883e-01
9.781650900840759277e-01
1.160377025604248047e+00
6.868312358856201172e-01
-1.162558495998382568e-01
-7.571612000465393066e-01
-9.315789937973022461e-01
-6.379500031471252441e-01
-1.243235468864440918e-01
3.851937353610992432e-01
7.946190834045410156e-01
1.152712941169738770e+00
1.457894563674926758e+00
1.636791706085205078e+00
1.561417341232299805e+00
1.266456127166748047e+00
9.391453862190246582e-01
8.468538522720336914e-01
1.031865000724792480e+00
1.264429926872253418e+00
1.113802433013916016e+00
3.524060845375061035e-01
-8.684536218643188477e-01
-1.974354267120361328e+00
-2.398908853530883789e+00
-1.894186258316040039e+00
-7.884448170661926270e-01
2.974321842193603516e-01
7.585015296936035156e-01
4.342220127582550049e-01
-4.422206878662109375e-01
-1.351650357246398926e+00
-1.879315257072448730e+00
-1.777299404144287109e+00
-1.088488340377807617e+00
2.377718687057495117e-02
1.210958719253540039e+00
2.097486257553100586e+00
2.277589559555053711e+00
1.628463506698608398e+00
3.638755083084106445e-01
-8.773325681686401367e-01
-1.454314351081848145e+00
-1.018125295639038086e+00
1.239365339279174805e-01
1.283220410346984863e+00
1.726325273513793945e+00
1.273889064788818359e+00
2.836477160453796387e-01
-5.313806533813476562e-01
-7.456892132759094238e-01
-3.898350596427917480e-01
2.870926260948181152e-02
9.058496356010437012e-02
-3.046922683715820312e-01
-7.713807821273803711e-01
-9.065734148025512695e-01
-5.262340903282165527e-01
6.519614160060882568e-02
4.567082226276397705e-01
3.571210503578186035e-01
-5.995276570320129395e-02
