-3.762423098087310791e-01
-3.290224373340606689e-01
-4.576671421527862549e-01
-7.327603101730346680e-01
-1.295137405395507812e+00
-2.065219402313232422e+00
-2.709684610366821289e+00
-2.812008857727050781e+00
-2.167443037033081055e+00
-9.888255596160888672e-01
1.633836030960083008e-01
7.175412178039550781e-01
4.829826354980468750e-01
-2.082063555717468262e-01
-7.220098376274108887e-01
-5.885815024375915527e-01
1.579353213310241699e-01
1.011318445205688477e+00
1.408455014228820801e+00
1.182544827461242676e+00
7.108891606330871582e-01
6.053608655929565430e-01
1.204379916191101074e+00
2.251398324966430664e+00
3.061528921127319336e+00
3.028885126113891602e+00
2.110276222229003906e+00
8.630580902099609375e-01
4.143929481506347656e-02
2.792578935623168945e-02
5.879679322242736816e-01
1.084011077880859375e+00
1.013275861740112305e+00
3.807449340820312500e-01
-3.184697031974792480e-01
-5.275034904479980469e-01
-4.909275844693183899e-02
8.101238608360290527e-01
1.511951208114624023e+00
1.664286971092224121e+00
1.263490915298461914e+00
5.832682847976684570e-01
-7.696074247360229492e-02
-6.085273623466491699e-01
-1.050379395484924316e+00
-1.442671537399291992e+00
-1.693411111831665039e+00
-1.660063028335571289e+00
-1.288914918899536133e+00
-7.246109247207641602e-01
-1.984146535396575928e-01
1.365453898906707764e-01
3.311007022857666016e-01
5.304079055786132812e-01
7.949305176734924316e-01
9.644311070442199707e-01
7.810273170471191406e-01
1.099589467048645020e-01
-8.713068962097167969e-01
-1.769940733909606934e+00
-2.223921537399291992e+00
-2.162488460540771484e+00
-1.787073612213134766e+00
-1.370341539382934570e+00
-9.974282383918762207e-01
-5.632516741752624512e-01
4.721960425376892090e-02
7.107217311859130859e-01
1.083805203437805176e+00
8.524752855300903320e-01
6.281892210245132446e-02
-8.358498811721801758e-01
-1.259820938110351562e+00
-9.381020069122314453e-01
-9.490528702735900879e-02
7.341942191123962402e-01
1.173712730407714844e+00
1.293143272399902344e+00
1.509745359420776367e+00
2.118468523025512695e+00
2.930417299270629883e+00
3.312203645706176758e+00
2.693388462066650391e+00
1.090815782546997070e+00
-7.640731334686279297e-01
-1.893535375595092773e+00
-1.749068975448608398e+00
-6.174653172492980957e-01
6.167206764221191406e-01
1.116882801055908203e+00
6.860342025756835938e-01
-1.899693310260772705e-01
-7.916293144226074219e-01
-7.527596354484558105e-01
-2.668068110942840576e-01
1.702618300914764404e-01
2.334333062171936035e-01
1.362010836601257324e-03
-2.126212120056152344e-01
-2.437009960412979126e-01
-2.638477087020874023e-01
-5.935986042022705078e-01
-1.299220919609069824e+00
-1.991812348365783691e+00
-2.060327291488647461e+00
-1.189978480339050293e+00
2.761799693107604980e-01
1.488080263137817383e+00
1.678733229637145996e+00
7.471890449523925781e-01
-6.420807838439941406e-01
-1.537668704986572266e+00
-1.397494792938232422e+00
-4.529643058776855469e-01
5.162881016731262207e-01
8.101596832275390625e-01
3.096888661384582520e-01
-4.962347745895385742e-01
-9.670229554176330566e-01
-8.125366568565368652e-01
-2.683307528495788574e-01
1.882268190383911133e-01
2.619761526584625244e-01
7.161249965429306030e-02
-2.393567562103271484e-02
2.249305844306945801e-01
7.084129452705383301e-01
1.060869812965393066e+00
9.556790590286254883e-01
3.763113915920257568e-01
-4.105091989040374756e-01
-1.073127865791320801e+00
-1.467606067657470703e+00
-1.649023175239562988e+00
-1.728509068489074707e+00
-1.673034310340881348e+00
-1.325930833816528320e+00
-5.564600229263305664e-01
5.251333117485046387e-01
1.577853560447692871e+00
2.195978164672851562e+00
2.183291435241699219e+00
1.635286331176757812e+00
8.670016527175903320e-01
1.720983684062957764e-01
-2.883495688438415527e-01
-5.062168836593627930e-01
-4.920600652694702148e-01
-2.489529848098754883e-01
2.073775976896286011e-01
7.245352864265441895e-01
1.045952081680297852e+00
9.187520146369934082e-01
3.259728252887725830e-01
-4.739353656768798828e-01
-1.045513868331909180e+00
-1.085592985153198242e+00
-5.973033905029296875e-01
8.001184463500976562e-02
5.313055515289306641e-01
4.997581541538238525e-01
5.368608236312866211e-02
-5.357967615127563477e-01
-9.618262648582458496e-01
-1.085079431533813477e+00
-9.224024415016174316e-01
-6.011275053024291992e-01
-2.177115827798843384e-01
1.550371795892715454e-01
4.804686605930328369e-01
6.902781128883361816e-01
7.348594665527343750e-01
5.848511457443237305e-01
2.962002754211425781e-01
-4.844776540994644165e-02
-3.403598666191101074e-01
-5.142790675163269043e-01
-5.117471814155578613e-01
-3.297365903854370117e-01
-4.853561520576477051e-03
3.204840421676635742e-01
4.693103432655334473e-01
2.961702942848205566e-01
-1.468079686164855957e-01
-6.208047866821289062e-01
-7.935140728950500488e-01
-5.085141658782958984e-01
9.597003459930419922e-02
6.193180680274963379e-01
7.114796638488769531e-01
3.179437518119812012e-01
-2.266364842653274536e-01
-4.846231043338775635e-01
-2.479801177978515625e-01
2.346226572990417480e-01
4.650178551673889160e-01
8.471769094467163086e-02
-7.530714869499206543e-01
-1.459168195724487305e+00
-1.404036760330200195e+00
-4.542840719223022461e-01
8.885486125946044922e-01
1.777753472328186035e+00
1.648649811744689941e+00
6.131206154823303223e-01
-5.812498331069946289e-01
-1.106458663940429688e+00
-6.153341531753540039e-01
5.087528228759765625e-01
1.476747512817382812e+00
1.640130996704101562e+00
9.461825489997863770e-01
-1.032139956951141357e-01
-8.277857303619384766e-01
-8.632808923721313477e-01
-3.302815556526184082e-01
3.181059956550598145e-01
