-1.061369419097900391e+00
-1.048805713653564453e+00
-1.293166279792785645e+00
-1.264298677444458008e+00
-7.805265188217163086e-01
2.800822257995605469e-02
8.806467056274414062e-01
1.387417793273925781e+00
1.421178936958312988e+00
1.071820974349975586e+00
6.914802193641662598e-01
5.108810067176818848e-01
6.007639765739440918e-01
7.183805108070373535e-01
6.355909109115600586e-01
2.014454007148742676e-01
-4.116227626800537109e-01
-9.596139192581176758e-01
-1.174065828323364258e+00
-1.068375229835510254e+00
-7.722609043121337891e-01
-5.464330911636352539e-01
-4.667755365371704102e-01
-5.264298915863037109e-01
-5.469474196434020996e-01
-4.556428194046020508e-01
-1.977688074111938477e-01
1.217055618762969971e-01
4.621489644050598145e-01
7.281190156936645508e-01
9.212633967399597168e-01
9.598387479782104492e-01
8.514602184295654297e-01
5.905298590660095215e-01
3.463737964630126953e-01
2.494878172874450684e-01
4.136115312576293945e-01
6.656894683837890625e-01
7.397264838218688965e-01
3.255967497825622559e-01
-5.216045379638671875e-01
-1.449202299118041992e+00
-1.839578986167907715e+00
-1.348484873771667480e+00
-6.613180041313171387e-02
1.338901162147521973e+00
2.138541698455810547e+00
1.890037536621093750e+00
8.609933853149414062e-01
-2.796046137809753418e-01
-8.070281744003295898e-01
-5.549755692481994629e-01
1.206761002540588379e-01
5.317270755767822266e-01
3.067307472229003906e-01
-4.555612206459045410e-01
-1.186722040176391602e+00
-1.431458234786987305e+00
-1.101649522781372070e+00
-6.230375766754150391e-01
-4.433084130287170410e-01
-7.349711656570434570e-01
-1.134371757507324219e+00
-1.151649594306945801e+00
-5.088967084884643555e-01
4.875726699829101562e-01
1.261536121368408203e+00
1.335979223251342773e+00
8.317484855651855469e-01
2.998926937580108643e-01
3.577420413494110107e-01
1.070831298828125000e+00
1.937173604965209961e+00
2.180932283401489258e+00
1.467176675796508789e+00
1.345212161540985107e-01
-9.487094879150390625e-01
-1.125261783599853516e+00
-4.049333333969116211e-01
4.437904357910156250e-01
5.540860891342163086e-01
-4.162145256996154785e-01
-1.910013437271118164e+00
-2.920040369033813477e+00
-2.668349504470825195e+00
-1.255287885665893555e+00
4.635369479656219482e-01
1.430998563766479492e+00
1.181120038032531738e+00
5.987143516540527344e-02
-1.041498899459838867e+00
-1.407890796661376953e+00
-9.103453159332275391e-01
-2.514411509037017822e-02
6.731676459312438965e-01
9.155313372611999512e-01
8.862748146057128906e-01
8.894948959350585938e-01
1.028315067291259766e+00
1.064942836761474609e+00
7.240846753120422363e-01
2.374744415283203125e-02
-5.724173784255981445e-01
-4.817165434360504150e-01
5.302461981773376465e-01
2.024802207946777344e+00
3.105286598205566406e+00
2.971674919128417969e+00
1.508116602897644043e+00
-6.067297458648681641e-01
-2.290105819702148438e+00
-2.742986679077148438e+00
-1.906187057495117188e+00
-4.382937550544738770e-01
7.712497711181640625e-01
1.156028866767883301e+00
7.505735158920288086e-01
3.166228532791137695e-02
-4.871854186058044434e-01
-6.024848818778991699e-01
-4.848327934741973877e-01
-4.634474515914916992e-01
-7.416169047355651855e-01
-1.243842720985412598e+00
-1.689880013465881348e+00
-1.789072513580322266e+00
-1.427761435508728027e+00
-7.037010192871093750e-01
1.470075547695159912e-01
8.970530033111572266e-01
1.399682998657226562e+00
1.618813157081604004e+00
1.568408846855163574e+00
1.288929343223571777e+00
8.143637776374816895e-01
2.119979560375213623e-01
-4.218804240226745605e-01
-9.437839984893798828e-01
-1.225484967231750488e+00
-1.185086488723754883e+00
-8.511230349540710449e-01
-3.348916172981262207e-01
1.896149218082427979e-01
5.789659023284912109e-01
7.421519160270690918e-01
6.746533513069152832e-01
4.084826707839965820e-01
2.033337950706481934e-02
-3.931525945663452148e-01
-6.746287941932678223e-01
-6.602002978324890137e-01
-2.389168292284011841e-01
5.056624412536621094e-01
1.278689622879028320e+00
1.652172803878784180e+00
1.335557818412780762e+00
3.790937662124633789e-01
-7.550056576728820801e-01
-1.447023272514343262e+00
-1.279741168022155762e+00
-3.535105884075164795e-01
7.616795897483825684e-01
1.360735416412353516e+00
1.082584738731384277e+00
1.249584555625915527e-01
-8.886195421218872070e-01
-1.362848043441772461e+00
-1.105426192283630371e+00
-4.142972230911254883e-01
2.219367027282714844e-01
5.020465254783630371e-01
5.061792135238647461e-01
5.260300636291503906e-01
7.323999404907226562e-01
9.600285291671752930e-01
8.365991115570068359e-01
1.412909030914306641e-01
-9.078401923179626465e-01
-1.719331264495849609e+00
-1.730579614639282227e+00
-8.471397161483764648e-01
4.385555386543273926e-01
1.368816375732421875e+00
1.445595741271972656e+00
7.689890265464782715e-01
-9.107777476310729980e-02
-5.505895018577575684e-01
-4.637736678123474121e-01
-1.734167784452438354e-01
-1.800251603126525879e-01
-6.623531579971313477e-01
-1.314267754554748535e+00
-1.570083856582641602e+00
-1.109822273254394531e+00
-1.422827243804931641e-01
6.854693889617919922e-01
7.942895889282226562e-01
9.532658755779266357e-02
-8.952233195304870605e-01
-1.458009243011474609e+00
-1.162089228630065918e+00
-2.095410525798797607e-01
7.575111389160156250e-01
1.081159591674804688e+00
5.758063793182373047e-01
-4.221628606319427490e-01
-1.272218227386474609e+00
-1.509620070457458496e+00
-1.045339107513427734e+00
-1.913631409406661987e-01
6.612405776977539062e-01
1.220749139785766602e+00
1.451375603675842285e+00
1.412879347801208496e+00
1.214053511619567871e+00
8.817206025123596191e-01
4.834352433681488037e-01
