-1.536647677421569824e-01
-2.128665447235107422e-01
-6.943360567092895508e-01
-8.046902418136596680e-01
-4.610980749130249023e-01
-4.448658227920532227e-02
1.954838633537292480e-01
1.794435977935791016e-01
2.989767491817474365e-01
8.300582170486450195e-01
1.819120883941650391e+00
2.704713582992553711e+00
2.880018472671508789e+00
1.919251441955566406e+00
1.342951059341430664e-01
-1.809931755065917969e+00
-3.101966857910156250e+00
-3.463433265686035156e+00
-3.008099079132080078e+00
-2.228991270065307617e+00
-1.409902930259704590e+00
-6.923841834068298340e-01
3.907030820846557617e-02
7.187754511833190918e-01
1.236165285110473633e+00
1.361069202423095703e+00
1.162195563316345215e+00
8.596302866935729980e-01
8.386448621749877930e-01
1.174430847167968750e+00
1.694598555564880371e+00
1.949696540832519531e+00
1.709480762481689453e+00
1.008233547210693359e+00
2.479762136936187744e-01
-2.523016333580017090e-01
-3.678550720214843750e-01
-3.500693440437316895e-01
-4.623651504516601562e-01
-8.574761152267456055e-01
-1.349745988845825195e+00
-1.686871290206909180e+00
-1.649426698684692383e+00
-1.284477829933166504e+00
-7.149707078933715820e-01
-1.002812385559082031e-01
5.326635241508483887e-01
1.107215642929077148e+00
1.479157567024230957e+00
1.367695212364196777e+00
6.356060504913330078e-01
-5.678292512893676758e-01
-1.708938002586364746e+00
-2.197403907775878906e+00
-1.715649008750915527e+00
-5.131990909576416016e-01
7.638994455337524414e-01
1.429679274559020996e+00
1.205240249633789062e+00
3.073292672634124756e-01
-7.318047285079956055e-01
-1.451259136199951172e+00
-1.667401194572448730e+00
-1.465060710906982422e+00
-9.962831139564514160e-01
-3.504219055175781250e-01
4.196917116641998291e-01
1.174485683441162109e+00
1.641083002090454102e+00
1.562913060188293457e+00
9.128320217132568359e-01
1.751959323883056641e-02
-6.166291236877441406e-01
-6.072071790695190430e-01
9.527236223220825195e-03
8.264095187187194824e-01
1.320925235748291016e+00
1.248248696327209473e+00
7.423350811004638672e-01
2.096375823020935059e-01
-3.535729646682739258e-02
6.558273732662200928e-02
2.880365848541259766e-01
4.064703285694122314e-01
3.357834815979003906e-01
2.181283831596374512e-01
1.990369409322738647e-01
3.274866938591003418e-01
4.543910026550292969e-01
4.433289170265197754e-01
2.479622215032577515e-01
2.309143543243408203e-02
-9.267944097518920898e-02
-6.454086303710937500e-02
-8.909972012042999268e-02
-3.603058457374572754e-01
-9.347787499427795410e-01
-1.538076519966125488e+00
-1.788066625595092773e+00
-1.396139025688171387e+00
-5.010465979576110840e-01
4.337908625602722168e-01
8.112474083900451660e-01
3.771035373210906982e-01
-6.545611023902893066e-01
-1.609852313995361328e+00
-1.830475568771362305e+00
-1.002637505531311035e+00
5.405291914939880371e-01
2.055845022201538086e+00
2.707687139511108398e+00
2.104952573776245117e+00
4.302367866039276123e-01
-1.584860324859619141e+00
-3.127851247787475586e+00
-3.626120567321777344e+00
-3.053905010223388672e+00
-1.770148873329162598e+00
-3.229256272315979004e-01
9.219276905059814453e-01
1.815531015396118164e+00
2.417786598205566406e+00
2.743415832519531250e+00
2.743702888488769531e+00
2.303304195404052734e+00
1.475042343139648438e+00
5.056166052818298340e-01
-1.898875832557678223e-01
-3.293735980987548828e-01
8.100042492151260376e-02
6.755224466323852539e-01
9.974482655525207520e-01
7.541074752807617188e-01
4.139369726181030273e-02
-7.706484794616699219e-01
-1.261147022247314453e+00
-1.254038929939270020e+00
-8.737392425537109375e-01
-4.510335326194763184e-01
-2.809278070926666260e-01
-4.797974228858947754e-01
-9.454695582389831543e-01
-1.448948383331298828e+00
-1.737451076507568359e+00
-1.621363639831542969e+00
-1.040526747703552246e+00
-1.063552647829055786e-01
8.829307556152343750e-01
1.555433273315429688e+00
1.638365983963012695e+00
1.175738811492919922e+00
5.236425995826721191e-01
1.763276159763336182e-01
3.828181922435760498e-01
9.688239097595214844e-01
1.383964300155639648e+00
1.149254560470581055e+00
2.079566270112991333e-01
-9.100310802459716797e-01
-1.490234255790710449e+00
-1.094525814056396484e+00
1.506543159484863281e-02
1.107156395912170410e+00
1.423553228378295898e+00
8.109070062637329102e-01
-2.677209079265594482e-01
-1.009383797645568848e+00
-9.755299091339111328e-01
-3.014755845069885254e-01
3.521903753280639648e-01
4.499951601028442383e-01
-1.154033839702606201e-01
-8.675358295440673828e-01
-1.287988424301147461e+00
-1.121009588241577148e+00
-6.728101968765258789e-01
-3.781968355178833008e-01
-5.363276600837707520e-01
-9.174857139587402344e-01
-1.112885951995849609e+00
-7.544260025024414062e-01
1.111746579408645630e-02
7.815880775451660156e-01
1.055296182632446289e+00
7.708400487899780273e-01
1.552752554416656494e-01
-3.119660019874572754e-01
-4.364680349826812744e-01
-2.218436002731323242e-01
3.592669218778610229e-02
2.201008349657058716e-01
2.866669297218322754e-01
4.242175817489624023e-01
6.346577405929565430e-01
8.898830413818359375e-01
9.657091498374938965e-01
8.595656156539916992e-01
6.106564402580261230e-01
4.702987074851989746e-01
4.690125882625579834e-01
5.984739065170288086e-01
6.229341030120849609e-01
5.188874006271362305e-01
2.845032215118408203e-01
1.375671327114105225e-01
6.673631072044372559e-02
3.943613171577453613e-02
-1.825019568204879761e-01
-5.557212829589843750e-01
-9.557830691337585449e-01
-1.013174414634704590e+00
-6.742733716964721680e-01
-6.609656661748886108e-02
3.134823739528656006e-01
2.222407162189483643e-01
-3.564737439155578613e-01
-9.274772405624389648e-01
