1.092309713363647461e+00
1.162610530853271484e+00
1.563969612121582031e+00
1.440889596939086914e+00
9.978737831115722656e-01
5.833429694175720215e-01
3.211752474308013916e-01
1.276407092809677124e-01
-2.139258086681365967e-01
-7.107462882995605469e-01
-1.171837091445922852e+00
-1.261812210083007812e+00
-8.846079111099243164e-01
-2.152096480131149292e-01
3.137264251708984375e-01
4.296118319034576416e-01
1.662978529930114746e-01
-6.385266780853271484e-02
1.309712976217269897e-01
8.776388168334960938e-01
1.798555850982666016e+00
2.326112031936645508e+00
1.998824000358581543e+00
8.781504034996032715e-01
-5.445386171340942383e-01
-1.555437922477722168e+00
-1.745484113693237305e+00
-1.170141458511352539e+00
-4.026472270488739014e-01
-9.380939602851867676e-02
-6.688296198844909668e-01
-1.978246450424194336e+00
-3.450694084167480469e+00
-4.312578678131103516e+00
-4.078362464904785156e+00
-2.742952346801757812e+00
-8.555424809455871582e-01
8.394010066986083984e-01
1.724682331085205078e+00
1.688235759735107422e+00
1.050631642341613770e+00
3.871423304080963135e-01
6.844000518321990967e-02
1.216778457164764404e-01
2.150648832321166992e-01
4.099202156066894531e-02
-4.485976696014404297e-01
-9.125375747680664062e-01
-9.252944588661193848e-01
-2.825956344604492188e-01
7.334398031234741211e-01
1.542952179908752441e+00
1.613938093185424805e+00
9.006012678146362305e-01
-1.456796824932098389e-01
-8.198100328445434570e-01
-6.939910650253295898e-01
1.308523565530776978e-01
1.063120365142822266e+00
1.468957901000976562e+00
1.056419134140014648e+00
8.332581818103790283e-02
-8.997442722320556641e-01
-1.400531291961669922e+00
-1.324479341506958008e+00
-9.453517198562622070e-01
-6.681689620018005371e-01
-6.951195001602172852e-01
-9.093414545059204102e-01
-9.755091071128845215e-01
-6.125420928001403809e-01
2.046013325452804565e-01
1.207851767539978027e+00
1.997805356979370117e+00
2.268912076950073242e+00
1.955923557281494141e+00
1.260351181030273438e+00
5.140456557273864746e-01
3.157371282577514648e-02
-3.360305726528167725e-02
2.711635529994964600e-01
7.365902662277221680e-01
1.115034818649291992e+00
1.222343683242797852e+00
1.004666090011596680e+00
5.119425058364868164e-01
-1.578618586063385010e-01
-9.327133893966674805e-01
-1.725995659828186035e+00
-2.411325454711914062e+00
-2.740355014801025391e+00
-2.458872318267822266e+00
-1.430764675140380859e+00
1.511398106813430786e-01
1.788852453231811523e+00
2.827304840087890625e+00
2.841172695159912109e+00
1.847296476364135742e+00
3.731658458709716797e-01
-8.741304874420166016e-01
-1.348234772682189941e+00
-1.000060200691223145e+00
-1.955347061157226562e-01
4.825447499752044678e-01
6.497628092765808105e-01
2.246964275836944580e-01
-5.315161347389221191e-01
-1.287785530090332031e+00
-1.735548496246337891e+00
-1.749217987060546875e+00
-1.279403090476989746e+00
-4.096520543098449707e-01
7.172445058822631836e-01
1.792637944221496582e+00
2.493425846099853516e+00
2.534766197204589844e+00
1.934797406196594238e+00
9.587815999984741211e-01
7.340440899133682251e-02
-4.123025536537170410e-01
-4.415184259414672852e-01
-2.961998283863067627e-01
-2.730549573898315430e-01
-5.306392908096313477e-01
-8.871548771858215332e-01
-1.063633680343627930e+00
-8.334907889366149902e-01
-3.086420297622680664e-01
2.182835638523101807e-01
3.977434635162353516e-01
1.700202822685241699e-01
-2.798544168472290039e-01
-5.650361776351928711e-01
-4.651772975921630859e-01
3.357660770416259766e-02
6.607260704040527344e-01
1.153721332550048828e+00
1.322921037673950195e+00
1.231717109680175781e+00
1.004759550094604492e+00
8.104762434959411621e-01
6.868517398834228516e-01
6.493954062461853027e-01
6.410821080207824707e-01
6.557151079177856445e-01
6.221348643302917480e-01
4.953410625457763672e-01
1.830182671546936035e-01
-2.784143984317779541e-01
-7.799766063690185547e-01
-1.078021168708801270e+00
-1.026007175445556641e+00
-5.930672883987426758e-01
2.602070569992065430e-03
5.094470977783203125e-01
6.974401473999023438e-01
5.816848278045654297e-01
2.906061708927154541e-01
3.788062930107116699e-02
-1.099138557910919189e-01
-1.735354065895080566e-01
-2.595983445644378662e-01
-3.647212386131286621e-01
-4.308970868587493896e-01
-3.458372354507446289e-01
-1.338868141174316406e-01
7.079458236694335938e-02
4.908081889152526855e-02
-2.629663646221160889e-01
-7.472283840179443359e-01
-1.089575648307800293e+00
-1.060031771659851074e+00
-6.404765248298645020e-01
-1.257387399673461914e-01
1.172732114791870117e-01
-1.510857343673706055e-01
-8.097829222679138184e-01
-1.507250547409057617e+00
-1.855428695678710938e+00
-1.731058120727539062e+00
-1.285186409950256348e+00
-8.251788616180419922e-01
-5.151038169860839844e-01
-2.886763513088226318e-01
9.511668980121612549e-02
7.564036250114440918e-01
1.543165206909179688e+00
2.056107997894287109e+00
1.951874613761901855e+00
1.213470816612243652e+00
2.351568490266799927e-01
-4.349480867385864258e-01
-4.635961651802062988e-01
1.088619232177734375e-02
5.082105994224548340e-01
5.602759718894958496e-01
8.240822702646255493e-02
-5.663996934890747070e-01
-8.853186964988708496e-01
-6.484624743461608887e-01
-1.150612533092498779e-01
1.689535081386566162e-01
-1.766827404499053955e-01
-1.005548954010009766e+00
-1.699610114097595215e+00
-1.595264315605163574e+00
-5.142255425453186035e-01
1.076136112213134766e+00
2.328731775283813477e+00
2.613762378692626953e+00
1.906282067298889160e+00
7.792231440544128418e-01
-8.396922051906585693e-02
-3.570631146430969238e-01
-2.887359559535980225e-01
-3.886000812053680420e-01
-9.977486133575439453e-01
