-7.064040899276733398e-01
-6.915858983993530273e-01
2.699694633483886719e-01
1.457639217376708984e+00
2.416107654571533203e+00
2.630867481231689453e+00
2.095933914184570312e+00
1.212063789367675781e+00
6.687768697738647461e-01
7.561178207397460938e-01
1.288843631744384766e+00
1.603623747825622559e+00
1.251369237899780273e+00
2.062832415103912354e-01
-9.652460217475891113e-01
-1.717375755310058594e+00
-1.778791666030883789e+00
-1.441832065582275391e+00
-1.098728179931640625e+00
-1.016361951828002930e+00
-1.021385908126831055e+00
-8.959728479385375977e-01
-5.384889245033264160e-01
-2.461911439895629883e-01
-2.978660464286804199e-01
-7.676283121109008789e-01
-1.239030838012695312e+00
-1.260468006134033203e+00
-6.415468454360961914e-01
1.765197813510894775e-01
5.448201894760131836e-01
3.016829490661621094e-03
-1.181751489639282227e+00
-2.297701835632324219e+00
-2.601142883300781250e+00
-1.995641469955444336e+00
-9.591692090034484863e-01
-2.482610344886779785e-01
-1.861256957054138184e-01
-5.752871632575988770e-01
-8.321997523307800293e-01
-6.287886500358581543e-01
-3.272712230682373047e-02
5.231876373291015625e-01
7.947162389755249023e-01
8.571052551269531250e-01
1.083048105239868164e+00
1.626071810722351074e+00
2.277894735336303711e+00
2.517121315002441406e+00
2.055109500885009766e+00
1.066175222396850586e+00
1.703324317932128906e-01
-1.526134014129638672e-01
1.018327772617340088e-01
3.722928464412689209e-01
1.154596209526062012e-01
-7.615789175033569336e-01
-1.675547838211059570e+00
-1.887858390808105469e+00
-1.041844129562377930e+00
4.317003488540649414e-01
1.677543163299560547e+00
1.961273908615112305e+00
1.249063014984130859e+00
9.897593408823013306e-02
-7.538912296295166016e-01
-9.864356517791748047e-01
-7.708767652511596680e-01
-5.573761463165283203e-01
-5.918161273002624512e-01
-8.030185699462890625e-01
-9.005196094512939453e-01
-7.339702248573303223e-01
-3.736001849174499512e-01
-4.037338495254516602e-02
1.769288480281829834e-01
3.405888080596923828e-01
5.630531311035156250e-01
7.733197808265686035e-01
7.562252879142761230e-01
3.448071479797363281e-01
-2.979950904846191406e-01
-7.353593707084655762e-01
-5.602252483367919922e-01
1.747476756572723389e-01
9.244526624679565430e-01
9.842275977134704590e-01
8.261990547180175781e-02
-1.359867811203002930e+00
-2.460469484329223633e+00
-2.524470329284667969e+00
-1.532748937606811523e+00
-1.620358228683471680e-01
7.463641762733459473e-01
7.699633836746215820e-01
1.563778221607208252e-01
-4.686706066131591797e-01
-5.879819989204406738e-01
-1.281369030475616455e-01
6.400206089019775391e-01
1.388327360153198242e+00
1.974790811538696289e+00
2.364708185195922852e+00
2.466799020767211914e+00
2.058620929718017578e+00
1.018174290657043457e+00
-4.263758063316345215e-01
-1.651800632476806641e+00
-2.011334180831909180e+00
-1.308588981628417969e+00
-2.405348420143127441e-02
1.012199044227600098e+00
1.213767647743225098e+00
6.827126145362854004e-01
6.143119931221008301e-02
-3.468306362628936768e-02
4.198900759220123291e-01
8.585594296455383301e-01
6.442782878875732422e-01
-2.910147607326507568e-01
-1.316229462623596191e+00
-1.581048488616943359e+00
-7.812839746475219727e-01
5.242018699645996094e-01
1.272912621498107910e+00
7.644285559654235840e-01
-7.654824256896972656e-01
-2.247954368591308594e+00
-2.603652000427246094e+00
-1.527401089668273926e+00
2.765767276287078857e-01
1.690187454223632812e+00
1.996402263641357422e+00
1.381379246711730957e+00
6.436865925788879395e-01
5.077999234199523926e-01
1.019755125045776367e+00
1.608003377914428711e+00
1.593922138214111328e+00
8.191376328468322754e-01
-2.764163315296173096e-01
-9.829365015029907227e-01
-9.369725584983825684e-01
-3.332146108150482178e-01
2.264590263366699219e-01
2.675681114196777344e-01
-2.745153009891510010e-01
-1.011305093765258789e+00
-1.482215404510498047e+00
-1.419881939888000488e+00
-9.338939189910888672e-01
-3.090409636497497559e-01
1.484642773866653442e-01
3.219962120056152344e-01
2.266579270362854004e-01
2.094218134880065918e-02
-1.509407162666320801e-01
-1.428077220916748047e-01
3.454226255416870117e-02
2.719299197196960449e-01
3.328984975814819336e-01
1.118502691388130188e-01
-3.008720576763153076e-01
-5.352379083633422852e-01
-2.825964391231536865e-01
4.930657744407653809e-01
1.327845692634582520e+00
1.623800516128540039e+00
1.019938468933105469e+00
-1.528491675853729248e-01
-1.121172904968261719e+00
-1.121727466583251953e+00
-1.237469315528869629e-01
1.186830163002014160e+00
1.794521808624267578e+00
1.255623698234558105e+00
-1.218710094690322876e-02
-9.220731854438781738e-01
-6.748610734939575195e-01
6.744244098663330078e-01
2.096809387207031250e+00
2.458797216415405273e+00
1.268949866294860840e+00
-8.360616564750671387e-01
-2.701567173004150391e+00
-3.374579668045043945e+00
-2.845822334289550781e+00
-1.760185360908508301e+00
-9.111225008964538574e-01
-4.853131771087646484e-01
-1.901749670505523682e-01
4.044956862926483154e-01
1.180424690246582031e+00
1.604741811752319336e+00
1.075078248977661133e+00
-3.162226080894470215e-01
-1.822953224182128906e+00
-2.389747381210327148e+00
-1.578834295272827148e+00
2.183943986892700195e-01
1.906096339225769043e+00
2.617826461791992188e+00
2.126599311828613281e+00
1.042088031768798828e+00
8.773559331893920898e-02
-2.905538082122802734e-01
-2.917776107788085938e-01
-2.572564780712127686e-01
-4.239464998245239258e-01
-5.742770433425903320e-01
-4.730922877788543701e-01
-3.133158385753631592e-02
3.759503364562988281e-01
3.797233700752258301e-01
-1.882242113351821899e-01
-9.402531385421752930e-01
