5.618554949760437012e-01
5.656110048294067383e-01
7.909237742424011230e-01
6.113395690917968750e-01
-8.848258852958679199e-02
-8.952996730804443359e-01
-1.483532309532165527e+00
-1.569800853729248047e+00
-1.396080374717712402e+00
-1.198940992355346680e+00
-1.257432699203491211e+00
-1.385941147804260254e+00
-1.401866078376770020e+00
-1.062380194664001465e+00
-5.741363763809204102e-01
-1.544302701950073242e-01
-8.336502313613891602e-02
-1.849277019500732422e-01
-2.385337948799133301e-01
3.925842046737670898e-02
4.418918788433074951e-01
6.450668573379516602e-01
2.491328269243240356e-01
-5.745505094528198242e-01
-1.348492264747619629e+00
-1.334119319915771484e+00
-2.973995804786682129e-01
1.519513487815856934e+00
3.291027307510375977e+00
4.326454162597656250e+00
4.224652290344238281e+00
3.244619369506835938e+00
1.841317653656005859e+00
5.873860716819763184e-01
-2.748717069625854492e-01
-6.243831515312194824e-01
-6.043007373809814453e-01
-3.344169557094573975e-01
-9.993648529052734375e-02
-8.443345129489898682e-02
-4.431102871894836426e-01
-9.758097529411315918e-01
-1.331466317176818848e+00
-1.061237096786499023e+00
-1.084924489259719849e-01
1.200890421867370605e+00
2.170965909957885742e+00
2.311930894851684570e+00
1.556673765182495117e+00
4.316771924495697021e-01
-4.237109422683715820e-01
-5.881218910217285156e-01
-2.014588713645935059e-01
3.124444484710693359e-01
5.171785354614257812e-01
3.515071868896484375e-01
-6.221979856491088867e-03
-3.080238103866577148e-01
-5.445669889450073242e-01
-8.314142227172851562e-01
-1.244261026382446289e+00
-1.573870420455932617e+00
-1.478561639785766602e+00
-7.543206214904785156e-01
3.570891022682189941e-01
1.276384830474853516e+00
1.445126414299011230e+00
7.866130471229553223e-01
-2.221960425376892090e-01
-8.596729636192321777e-01
-6.931573152542114258e-01
1.353803277015686035e-01
1.051467180252075195e+00
1.500789046287536621e+00
1.333097457885742188e+00
8.062675595283508301e-01
2.851582467555999756e-01
-1.206963881850242615e-01
-5.797798037528991699e-01
-1.312136530876159668e+00
-2.240928173065185547e+00
-2.985098600387573242e+00
-3.095112323760986328e+00
-2.479371786117553711e+00
-1.479982376098632812e+00
-6.824529767036437988e-01
-4.178500175476074219e-01
-5.702218413352966309e-01
-6.396096944808959961e-01
-2.365493178367614746e-01
6.449551582336425781e-01
1.543124437332153320e+00
1.964140892028808594e+00
1.691892981529235840e+00
1.012557268142700195e+00
3.990980982780456543e-01
2.218760550022125244e-01
4.256421029567718506e-01
7.103346586227416992e-01
7.239856123924255371e-01
4.143238663673400879e-01
-5.492322146892547607e-02
-3.791897296905517578e-01
-4.243923723697662354e-01
-1.813368648290634155e-01
2.057085931301116943e-01
6.681880950927734375e-01
1.132781624794006348e+00
1.578081607818603516e+00
1.867567062377929688e+00
1.894783854484558105e+00
1.566343665122985840e+00
9.777159690856933594e-01
2.688938975334167480e-01
-3.748039007186889648e-01
-9.113471508026123047e-01
-1.311105251312255859e+00
-1.577582240104675293e+00
-1.597030043601989746e+00
-1.312944531440734863e+00
-7.489948868751525879e-01
-1.653624773025512695e-01
1.536640226840972900e-01
9.389184415340423584e-03
-4.707250297069549561e-01
-9.969709515571594238e-01
-1.258166790008544922e+00
-1.228569030761718750e+00
-1.085480451583862305e+00
-1.078039765357971191e+00
-1.193619966506958008e+00
-1.186028838157653809e+00
-7.213610410690307617e-01
2.302867174148559570e-01
1.316158413887023926e+00
1.924678325653076172e+00
1.652009725570678711e+00
5.741654634475708008e-01
-7.152817845344543457e-01
-1.507526755332946777e+00
-1.388807535171508789e+00
-5.096394419670104980e-01
5.729843974113464355e-01
1.245040655136108398e+00
1.204186916351318359e+00
5.617706179618835449e-01
-2.943733930587768555e-01
-9.612648487091064453e-01
-1.218771696090698242e+00
-1.075668334960937500e+00
-7.066797614097595215e-01
-3.263570666313171387e-01
-1.113175153732299805e-01
-1.109534502029418945e-01
-2.607967257499694824e-01
-3.883153200149536133e-01
-3.555583357810974121e-01
-1.148052513599395752e-01
2.011938095092773438e-01
4.233717918395996094e-01
4.272722005844116211e-01
3.003849983215332031e-01
2.063159644603729248e-01
3.104315698146820068e-01
5.500133633613586426e-01
7.657653093338012695e-01
7.770833969116210938e-01
6.650839447975158691e-01
6.377280950546264648e-01
9.328860640525817871e-01
1.440991520881652832e+00
1.825000524520874023e+00
1.645998239517211914e+00
8.805502653121948242e-01
-9.600767493247985840e-02
-6.067488789558410645e-01
-3.394646048545837402e-01
4.999983310699462891e-01
1.143926143646240234e+00
9.995715618133544922e-01
-1.133674383163452148e-02
-1.176473617553710938e+00
-1.692468881607055664e+00
-1.124879837036132812e+00
3.404464200139045715e-02
9.157437086105346680e-01
7.633312940597534180e-01
-2.610316276550292969e-01
-1.378420352935791016e+00
-1.588163971900939941e+00
-6.495561599731445312e-01
9.416451454162597656e-01
2.113594770431518555e+00
2.232881069183349609e+00
1.293821096420288086e+00
6.198343634605407715e-02
-8.016564846038818359e-01
-9.807844161987304688e-01
-8.650497794151306152e-01
-8.587628006935119629e-01
-1.226059436798095703e+00
-1.647957324981689453e+00
-1.820482611656188965e+00
-1.527311325073242188e+00
-1.101798295974731445e+00
-8.494561314582824707e-01
-9.975569844245910645e-01
-1.193079233169555664e+00
-1.067835569381713867e+00
-3.121706843376159668e-01
7.426066994667053223e-01
1.634997725486755371e+00
1.845254659652709961e+00
1.491328358650207520e+00
9.251728057861328125e-01
7.323337793350219727e-01
9.804253578186035156e-01
