-6.875019669532775879e-01
-6.423317790031433105e-01
-7.069177627563476562e-01
-4.487124979496002197e-01
2.191820591688156128e-01
9.463639855384826660e-01
1.476517558097839355e+00
1.524929523468017578e+00
1.269425511360168457e+00
9.181741476058959961e-01
8.294976949691772461e-01
9.529995322227478027e-01
1.153388500213623047e+00
1.054055571556091309e+00
6.322308778762817383e-01
9.761154651641845703e-04
-3.904019892215728760e-01
-3.691198229789733887e-01
5.114358663558959961e-02
3.823970854282379150e-01
2.630687654018402100e-01
-4.988972246646881104e-01
-1.487757682800292969e+00
-2.175118684768676758e+00
-2.044899940490722656e+00
-1.208909630775451660e+00
-1.246812343597412109e-01
4.794229567050933838e-01
3.196685314178466797e-01
-4.825203120708465576e-01
-1.300963997840881348e+00
-1.667775154113769531e+00
-1.375571966171264648e+00
-7.647902965545654297e-01
-2.193827033042907715e-01
-5.404269695281982422e-02
-1.431887149810791016e-01
-2.816751599311828613e-01
-2.512518465518951416e-01
-1.862388700246810913e-01
-2.737304568290710449e-01
-6.914700269699096680e-01
-1.233701467514038086e+00
-1.562765836715698242e+00
-1.306422710418701172e+00
-4.932229518890380859e-01
5.751040577888488770e-01
1.379642605781555176e+00
1.639563798904418945e+00
1.325348019599914551e+00
7.298691868782043457e-01
1.283885091543197632e-01
-2.534516155719757080e-01
-3.846619725227355957e-01
-2.339397072792053223e-01
1.575908660888671875e-01
7.427691221237182617e-01
1.309670209884643555e+00
1.622577428817749023e+00
1.500983238220214844e+00
1.065291404724121094e+00
6.389765739440917969e-01
5.755715966224670410e-01
8.852258920669555664e-01
1.201437711715698242e+00
9.674400091171264648e-01
-6.706285476684570312e-02
-1.602838754653930664e+00
-2.870549201965332031e+00
-3.164061069488525391e+00
-2.315788269042968750e+00
-8.529439568519592285e-01
3.960888385772705078e-01
8.722990155220031738e-01
6.623647809028625488e-01
3.442181348800659180e-01
4.768747687339782715e-01
1.131391286849975586e+00
1.839667916297912598e+00
1.994966983795166016e+00
1.338491201400756836e+00
1.630826294422149658e-01
-9.499801397323608398e-01
-1.569993853569030762e+00
-1.714547634124755859e+00
-1.703279972076416016e+00
-1.806536674499511719e+00
-1.930860400199890137e+00
-1.729205965995788574e+00
-9.299240708351135254e-01
2.991909086704254150e-01
1.410293936729431152e+00
1.814165234565734863e+00
1.365890264511108398e+00
4.696040749549865723e-01
-1.554251611232757568e-01
-1.676301658153533936e-02
8.533840179443359375e-01
1.894309639930725098e+00
2.451531887054443359e+00
2.148790836334228516e+00
1.127277016639709473e+00
-1.386097222566604614e-01
-1.094043016433715820e+00
-1.424631476402282715e+00
-1.101948261260986328e+00
-3.860523700714111328e-01
3.579604327678680420e-01
7.512524127960205078e-01
6.059126257896423340e-01
-1.557871699333190918e-02
-7.394075393676757812e-01
-1.097366094589233398e+00
-7.654470205307006836e-01
1.430050134658813477e-01
1.131641626358032227e+00
1.576187133789062500e+00
1.182267069816589355e+00
1.694140434265136719e-01
-8.412734270095825195e-01
-1.296337604522705078e+00
-1.056749463081359863e+00
-4.723609685897827148e-01
-2.267682552337646484e-02
6.927093863487243652e-02
1.227736473083496094e-02
1.856818199157714844e-01
7.497764825820922852e-01
1.418830871582031250e+00
1.669701218605041504e+00
1.181653380393981934e+00
1.570243388414382935e-01
-7.847153544425964355e-01
-1.074299335479736328e+00
-6.334564685821533203e-01
5.852958559989929199e-02
3.741222918033599854e-01
3.777444362640380859e-02
-6.312586665153503418e-01
-1.007535338401794434e+00
-6.491094231605529785e-01
3.143243193626403809e-01
1.316881418228149414e+00
1.758430242538452148e+00
1.476176381111145020e+00
7.500916719436645508e-01
5.987447500228881836e-02
-3.667696416378021240e-01
-6.071827411651611328e-01
-9.207239151000976562e-01
-1.352726936340332031e+00
-1.708047151565551758e+00
-1.647962808609008789e+00
-1.101847887039184570e+00
-2.973273396492004395e-01
2.994869649410247803e-01
4.389877021312713623e-01
1.665150672197341919e-01
-1.457459330558776855e-01
-2.329894155263900757e-01
-1.613134145736694336e-02
2.925148010253906250e-01
5.744884014129638672e-01
8.146716952323913574e-01
1.182768940925598145e+00
1.613652229309082031e+00
1.846719741821289062e+00
1.424725413322448730e+00
2.880213558673858643e-01
-1.145059704780578613e+00
-1.954558610916137695e+00
-1.510389804840087891e+00
1.601512879133224487e-01
2.071845531463623047e+00
3.062797069549560547e+00
2.399886131286621094e+00
5.133403539657592773e-01
-1.482918739318847656e+00
-2.365064144134521484e+00
-1.853862285614013672e+00
-5.473802089691162109e-01
3.562638163566589355e-01
1.793732643127441406e-01
-9.994944334030151367e-01
-2.243715524673461914e+00
-2.735443592071533203e+00
-2.134188413619995117e+00
-1.003516316413879395e+00
-8.400776982307434082e-02
1.582801342010498047e-02
-5.493437051773071289e-01
-1.328825473785400391e+00
-1.703143358230590820e+00
-1.560573101043701172e+00
-9.962606430053710938e-01
-4.005917310714721680e-01
1.287656426429748535e-01
5.019690990447998047e-01
8.479304909706115723e-01
1.031992077827453613e+00
1.021531939506530762e+00
6.794004440307617188e-01
2.414667308330535889e-01
-1.008701026439666748e-01
-3.495925664901733398e-02
3.252763152122497559e-01
8.219263553619384766e-01
1.078182101249694824e+00
1.092507839202880859e+00
9.130735993385314941e-01
8.584715723991394043e-01
9.103811979293823242e-01
1.009002566337585449e+00
7.934532761573791504e-01
2.294421792030334473e-01
-6.370278596878051758e-01
-1.367452740669250488e+00
