-6.739627122879028320e-01
-7.258083820343017578e-01
-2.635824382305145264e-01
9.477102756500244141e-02
1.894565820693969727e-01
2.259984463453292847e-01
4.347079992294311523e-01
9.501909017562866211e-01
1.450985789299011230e+00
1.469389081001281738e+00
6.165784597396850586e-01
-8.884339332580566406e-01
-2.377587318420410156e+00
-2.978090763092041016e+00
-2.330090999603271484e+00
-7.366046905517578125e-01
8.755562305450439453e-01
1.668166756629943848e+00
1.296395897865295410e+00
1.985127627849578857e-01
-8.672068119049072266e-01
-1.237428069114685059e+00
-8.366431593894958496e-01
-2.364980056881904602e-02
6.436160802841186523e-01
8.903219103813171387e-01
7.452355623245239258e-01
4.961091279983520508e-01
3.444460034370422363e-01
3.625039160251617432e-01
4.574575126171112061e-01
5.841853618621826172e-01
7.310097217559814453e-01
9.328838586807250977e-01
1.109964966773986816e+00
1.127464890480041504e+00
8.656672835350036621e-01
4.146124720573425293e-01
4.324680566787719727e-02
6.700694561004638672e-02
5.587023496627807617e-01
1.252932071685791016e+00
1.636171102523803711e+00
1.278082370758056641e+00
1.168679594993591309e-01
-1.450684547424316406e+00
-2.774277448654174805e+00
-3.303839206695556641e+00
-2.878123283386230469e+00
-1.792351961135864258e+00
-6.000327467918395996e-01
1.787506937980651855e-01
3.292587399482727051e-01
-1.119470596313476562e-02
-4.493645429611206055e-01
-6.070431470870971680e-01
-3.058783710002899170e-01
3.100171685218811035e-01
9.110817313194274902e-01
1.150024414062500000e+00
9.248901605606079102e-01
3.856362998485565186e-01
-1.315106153488159180e-01
-4.039770662784576416e-01
-4.234955906867980957e-01
-4.330815076828002930e-01
-6.292415261268615723e-01
-1.001569986343383789e+00
-1.204595923423767090e+00
-8.677423000335693359e-01
1.466301977634429932e-01
1.457297325134277344e+00
2.406900167465209961e+00
2.400894641876220703e+00
1.426890015602111816e+00
3.725767135620117188e-02
-8.944099545478820801e-01
-8.392981290817260742e-01
1.198336482048034668e-01
1.255376100540161133e+00
1.794067144393920898e+00
1.341514348983764648e+00
2.251434326171875000e-01
-8.643302321434020996e-01
-1.255847930908203125e+00
-8.302022218704223633e-01
6.097805500030517578e-02
7.724183201789855957e-01
8.976143002510070801e-01
3.638449609279632568e-01
-5.033513307571411133e-01
-1.348377108573913574e+00
-1.872085809707641602e+00
-2.030412673950195312e+00
-1.840966343879699707e+00
-1.427638769149780273e+00
-8.623590469360351562e-01
-3.038138151168823242e-01
1.426655352115631104e-01
3.512453436851501465e-01
3.664075136184692383e-01
2.679884433746337891e-01
2.111337184906005859e-01
2.027766704559326172e-01
2.105906903743743896e-01
1.238687038421630859e-01
-1.146197319030761719e-02
-9.667938947677612305e-02
3.433877229690551758e-02
3.439104557037353516e-01
6.603063344955444336e-01
6.877366304397583008e-01
3.450397253036499023e-01
-2.105775922536849976e-01
-5.559041500091552734e-01
-3.852115869522094727e-01
3.303079009056091309e-01
1.194191932678222656e+00
1.709509015083312988e+00
1.528405189514160156e+00
7.637300491333007812e-01
-1.730983555316925049e-01
-7.805228233337402344e-01
-8.591164350509643555e-01
-5.269978642463684082e-01
-1.395513415336608887e-01
6.497675180435180664e-02
6.840705871582031250e-02
1.007020175457000732e-01
3.635610044002532959e-01
8.900485038757324219e-01
1.441591620445251465e+00
1.701638579368591309e+00
1.437966823577880859e+00
6.884709596633911133e-01
-3.027174472808837891e-01
-1.194885849952697754e+00
-1.756984949111938477e+00
-1.930361747741699219e+00
-1.832345366477966309e+00
-1.630252003669738770e+00
-1.444941282272338867e+00
-1.281513094902038574e+00
-1.062948226928710938e+00
-7.086130380630493164e-01
-2.250051796436309814e-01
2.535423040390014648e-01
5.239858627319335938e-01
4.216297268867492676e-01
-4.513642191886901855e-02
-6.842139959335327148e-01
-1.174292564392089844e+00
-1.265669345855712891e+00
-8.856263160705566406e-01
-2.128733396530151367e-01
4.837573766708374023e-01
9.627534747123718262e-01
1.197068929672241211e+00
1.299763441085815430e+00
1.463144779205322266e+00
1.731825590133666992e+00
2.009283304214477539e+00
2.039725780487060547e+00
1.648378372192382812e+00
7.965453267097473145e-01
-2.685123682022094727e-01
-1.197229027748107910e+00
-1.593580484390258789e+00
-1.307759761810302734e+00
-4.153636693954467773e-01
6.858475804328918457e-01
1.558071851730346680e+00
1.810440063476562500e+00
1.413975000381469727e+00
5.941923260688781738e-01
-1.689273118972778320e-01
-5.446888208389282227e-01
-4.144683182239532471e-01
-6.144192814826965332e-02
1.666044890880584717e-01
-3.220519796013832092e-02
-5.665888190269470215e-01
-1.165017127990722656e+00
-1.435094594955444336e+00
-1.288707733154296875e+00
-8.422195911407470703e-01
-4.577344954013824463e-01
-3.081341981887817383e-01
-4.165420830249786377e-01
-5.157675743103027344e-01
-4.489226639270782471e-01
-1.406044661998748779e-01
2.034389227628707886e-01
4.676093459129333496e-01
5.813403725624084473e-01
7.409942150115966797e-01
1.024904012680053711e+00
1.420530915260314941e+00
1.579448938369750977e+00
1.237274885177612305e+00
2.739691138267517090e-01
-9.229985475540161133e-01
-1.837438702583312988e+00
-1.949081182479858398e+00
-1.276186704635620117e+00
-1.823117733001708984e-01
6.570377945899963379e-01
8.697222471237182617e-01
3.916273415088653564e-01
-3.479435443878173828e-01
-9.371411204338073730e-01
-1.027617335319519043e+00
-6.879275441169738770e-01
-7.996118068695068359e-02
4.839286506175994873e-01
9.131332039833068848e-01
1.119970083236694336e+00
