-1.802431941032409668e-01
-2.271279245615005493e-01
-9.439155459403991699e-02
3.326044082641601562e-01
8.801772594451904297e-01
1.257630348205566406e+00
1.237553119659423828e+00
7.950608134269714355e-01
1.240267753601074219e-01
-4.950325489044189453e-01
-8.616269230842590332e-01
-9.689697623252868652e-01
-9.692525863647460938e-01
-1.043736457824707031e+00
-1.244509458541870117e+00
-1.452408432960510254e+00
-1.437251448631286621e+00
-1.046281456947326660e+00
-3.308511674404144287e-01
4.172118306159973145e-01
8.345367312431335449e-01
6.947309374809265137e-01
1.023093611001968384e-01
-5.578659772872924805e-01
-8.227165937423706055e-01
-4.754642546176910400e-01
3.207277059555053711e-01
1.087736845016479492e+00
1.380526065826416016e+00
1.065114617347717285e+00
4.483174681663513184e-01
2.918277122080326080e-02
1.705721616744995117e-01
8.053539991378784180e-01
1.524856328964233398e+00
1.845470905303955078e+00
1.599679589271545410e+00
9.940239787101745605e-01
4.676029980182647705e-01
2.957866191864013672e-01
4.425487816333770752e-01
5.770384073257446289e-01
4.228108227252960205e-01
-5.367141216993331909e-02
-5.760769248008728027e-01
-8.502026796340942383e-01
-7.600528001785278320e-01
-5.056084394454956055e-01
-3.547177016735076904e-01
-4.567442834377288818e-01
-6.618154644966125488e-01
-7.300782799720764160e-01
-5.166934132575988770e-01
-1.947780251502990723e-01
-8.002639561891555786e-02
-4.423791170120239258e-01
-1.213234066963195801e+00
-2.091488361358642578e+00
-2.694881916046142578e+00
-2.878348588943481445e+00
-2.702516794204711914e+00
-2.358827590942382812e+00
-1.885003328323364258e+00
-1.209331750869750977e+00
-2.150249928236007690e-01
9.734942317008972168e-01
2.051729679107666016e+00
2.635554790496826172e+00
2.616891384124755859e+00
2.180167913436889648e+00
1.727099657058715820e+00
1.485606670379638672e+00
1.419323325157165527e+00
1.237213730812072754e+00
7.839758992195129395e-01
1.711942702531814575e-01
-1.901404559612274170e-01
-4.637571983039379120e-03
6.964275836944580078e-01
1.439513683319091797e+00
1.715958237648010254e+00
1.282910823822021484e+00
4.255255162715911865e-01
-3.445942103862762451e-01
-5.944010019302368164e-01
-3.477047979831695557e-01
8.104439824819564819e-02
3.068149685859680176e-01
2.600999176502227783e-01
9.444811195135116577e-02
4.004147648811340332e-02
5.384108051657676697e-02
-7.504948973655700684e-02
-5.662362575531005859e-01
-1.275501966476440430e+00
-1.799943566322326660e+00
-1.697860360145568848e+00
-9.776793718338012695e-01
-1.004430204629898071e-01
2.450560927391052246e-01
-2.381562888622283936e-01
-1.249316692352294922e+00
-1.984032511711120605e+00
-1.798586130142211914e+00
-6.397587060928344727e-01
7.987369298934936523e-01
1.631633520126342773e+00
1.329399585723876953e+00
1.603921204805374146e-01
-1.101140618324279785e+00
-1.647808551788330078e+00
-1.246206045150756836e+00
-2.419455200433731079e-01
6.900933384895324707e-01
1.108040332794189453e+00
9.766048192977905273e-01
6.440004110336303711e-01
4.407390058040618896e-01
5.078141093254089355e-01
6.977283954620361328e-01
8.213027119636535645e-01
7.444999814033508301e-01
5.096804499626159668e-01
1.779809594154357910e-01
-1.703459322452545166e-01
-5.058912634849548340e-01
-7.174097895622253418e-01
-6.803657412528991699e-01
-2.850975692272186279e-01
3.579979538917541504e-01
9.555660486221313477e-01
1.124215364456176758e+00
7.049674987792968750e-01
-1.353379189968109131e-01
-9.197662472724914551e-01
-1.205542564392089844e+00
-8.251484632492065430e-01
-3.874069452285766602e-02
6.972759366035461426e-01
9.896692037582397461e-01
7.908756732940673828e-01
3.419926464557647705e-01
1.029314752668142319e-02
-1.063248235732316971e-02
2.287680357694625854e-01
4.614384174346923828e-01
4.342350959777832031e-01
3.602601587772369385e-02
-6.043547987937927246e-01
-1.221208453178405762e+00
-1.509020686149597168e+00
-1.294335007667541504e+00
-5.903855562210083008e-01
3.670468628406524658e-01
1.234838366508483887e+00
1.696107149124145508e+00
1.635422825813293457e+00
1.173984408378601074e+00
6.010180115699768066e-01
1.652559190988540649e-01
-6.633990257978439331e-02
-2.379866242408752441e-01
-5.373362302780151367e-01
-1.010425090789794922e+00
-1.476670861244201660e+00
-1.659741759300231934e+00
-1.407503128051757812e+00
-8.481101393699645996e-01
-3.147893548011779785e-01
-1.037798151373863220e-01
-2.426241934299468994e-01
-4.750683605670928955e-01
-4.791403710842132568e-01
-1.473277509212493896e-01
3.073805272579193115e-01
5.246111750602722168e-01
3.115656673908233643e-01
-1.594872325658798218e-01
-4.573098421096801758e-01
-2.269016951322555542e-01
4.866622984409332275e-01
1.229182839393615723e+00
1.432613849639892578e+00
8.619097471237182617e-01
-1.874257773160934448e-01
-1.045546293258666992e+00
-1.134791254997253418e+00
-3.570365011692047119e-01
8.125931024551391602e-01
1.661608099937438965e+00
1.691639184951782227e+00
9.530210494995117188e-01
-3.727024421095848083e-02
-6.357432603836059570e-01
-5.084928274154663086e-01
1.977754831314086914e-01
9.607126116752624512e-01
1.250617504119873047e+00
8.308606147766113281e-01
-9.840701520442962646e-02
-1.070543885231018066e+00
-1.613139867782592773e+00
-1.538486242294311523e+00
-9.934584498405456543e-01
-3.673296272754669189e-01
-2.064285054802894592e-02
-9.591856598854064941e-02
-4.292016327381134033e-01
-6.958054900169372559e-01
-6.101800799369812012e-01
-1.378829330205917358e-01
5.040814876556396484e-01
9.677255749702453613e-01
1.020378947257995605e+00
6.661702394485473633e-01
1.457441896200180054e-01
-2.603827118873596191e-01
