6.458690166473388672e-01
6.998469233512878418e-01
3.179963827133178711e-01
-1.057257205247879028e-01
-4.960415959358215332e-01
-7.158218622207641602e-01
-7.360749244689941406e-01
-5.190254449844360352e-01
-1.691247522830963135e-01
2.109508067369461060e-01
4.317778348922729492e-01
4.250874817371368408e-01
1.739035695791244507e-01
-1.466415375471115112e-01
-3.651019036769866943e-01
-3.012022376060485840e-01
3.158573061227798462e-02
5.283555388450622559e-01
9.507578015327453613e-01
1.143503546714782715e+00
1.005054354667663574e+00
6.105057597160339355e-01
7.136372476816177368e-02
-4.275906980037689209e-01
-7.877772450447082520e-01
-9.414732456207275391e-01
-9.576756954193115234e-01
-9.373315572738647461e-01
-1.036776542663574219e+00
-1.310079574584960938e+00
-1.724517107009887695e+00
-2.088845252990722656e+00
-2.208224773406982422e+00
-1.924499392509460449e+00
-1.258786916732788086e+00
-3.392052650451660156e-01
6.283011436462402344e-01
1.499093294143676758e+00
2.174272537231445312e+00
2.610510587692260742e+00
2.748095035552978516e+00
2.554211378097534180e+00
2.050341606140136719e+00
1.382990717887878418e+00
7.462697625160217285e-01
2.875029742717742920e-01
-1.410889998078346252e-02
-3.040695488452911377e-01
-7.015764117240905762e-01
-1.117242813110351562e+00
-1.247135758399963379e+00
-7.761260271072387695e-01
3.186335563659667969e-01
1.616515755653381348e+00
2.427276849746704102e+00
2.208543539047241211e+00
9.755621552467346191e-01
-6.547439694404602051e-01
-1.812310934066772461e+00
-1.941202521324157715e+00
-1.139908075332641602e+00
-8.342456072568893433e-02
4.857102632522583008e-01
2.443570345640182495e-01
-5.036877393722534180e-01
-1.134036898612976074e+00
-1.149010539054870605e+00
-5.475618243217468262e-01
2.713460028171539307e-01
8.308776617050170898e-01
9.669147729873657227e-01
8.554999828338623047e-01
8.213199973106384277e-01
9.785659909248352051e-01
1.163938760757446289e+00
1.054435491561889648e+00
5.185248255729675293e-01
-2.824965715408325195e-01
-9.490283131599426270e-01
-1.189471244812011719e+00
-9.791576266288757324e-01
-6.043615341186523438e-01
-3.690614998340606689e-01
-4.191253483295440674e-01
-6.161948442459106445e-01
-7.610158324241638184e-01
-7.289294600486755371e-01
-6.260255575180053711e-01
-6.148294210433959961e-01
-8.054361343383789062e-01
-1.087249994277954102e+00
-1.277401566505432129e+00
-1.208359003067016602e+00
-9.164413213729858398e-01
-5.267626047134399414e-01
-1.972515136003494263e-01
6.913360953330993652e-02
3.291469812393188477e-01
6.656214594841003418e-01
1.022895216941833496e+00
1.302160382270812988e+00
1.395415663719177246e+00
1.347900509834289551e+00
1.257967710494995117e+00
1.222649931907653809e+00
1.163074016571044922e+00
9.317335486412048340e-01
3.976434171199798584e-01
-3.234578967094421387e-01
-9.466161727905273438e-01
-1.125526070594787598e+00
-7.737138271331787109e-01
-1.046334207057952881e-01
4.280458092689514160e-01
4.798846542835235596e-01
-1.774990581907331944e-03
-6.985725760459899902e-01
-1.192111015319824219e+00
-1.192657113075256348e+00
-7.528235912322998047e-01
-1.461864113807678223e-01
3.037964701652526855e-01
4.776545166969299316e-01
4.456136524677276611e-01
3.930921554565429688e-01
4.054260551929473877e-01
4.395605027675628662e-01
3.514936566352844238e-01
8.460788428783416748e-02
-2.742587924003601074e-01
-5.006839036941528320e-01
-4.032414555549621582e-01
5.183882638812065125e-02
6.762714385986328125e-01
1.180141210556030273e+00
1.326964735984802246e+00
1.083973050117492676e+00
6.162403225898742676e-01
1.766798347234725952e-01
-7.454960793256759644e-02
-1.629350334405899048e-01
-2.637453973293304443e-01
-5.454682707786560059e-01
-1.010424733161926270e+00
-1.457130789756774902e+00
-1.594897270202636719e+00
-1.266478538513183594e+00
-5.817872881889343262e-01
9.921742230653762817e-02
3.985991775989532471e-01
1.509652286767959595e-01
-4.568097591400146484e-01
-1.029676556587219238e+00
-1.197663545608520508e+00
-8.904991149902343750e-01
-3.246412277221679688e-01
1.266615092754364014e-01
2.376666963100433350e-01
1.251595932990312576e-02
-3.196803629398345947e-01
-5.491547584533691406e-01
-5.706367492675781250e-01
-4.491181373596191406e-01
-2.351634949445724487e-01
4.910807311534881592e-02
4.567187428474426270e-01
9.185348749160766602e-01
1.259697198867797852e+00
1.210725665092468262e+00
7.108154892921447754e-01
-3.468058630824089050e-02
-5.449676513671875000e-01
-4.686885476112365723e-01
2.055348157882690430e-01
9.948139786720275879e-01
1.326099991798400879e+00
8.823068737983703613e-01
-2.994727715849876404e-02
-7.519133090972900391e-01
-6.496920585632324219e-01
2.977432906627655029e-01
1.551023244857788086e+00
2.270212888717651367e+00
2.036733388900756836e+00
1.048791885375976562e+00
8.752068877220153809e-02
-1.736759990453720093e-01
4.588123261928558350e-01
1.450713515281677246e+00
2.072506427764892578e+00
1.808078289031982422e+00
8.309686779975891113e-01
-2.973336875438690186e-01
-9.429296255111694336e-01
-9.822524785995483398e-01
-7.098597288131713867e-01
-6.861931681632995605e-01
-1.144504785537719727e+00
-1.943796753883361816e+00
-2.547930717468261719e+00
-2.568593502044677734e+00
-1.900013685226440430e+00
-9.236778020858764648e-01
-8.529057353734970093e-02
2.463140785694122314e-01
1.196980848908424377e-01
-2.371205389499664307e-01
-4.606783390045166016e-01
-4.193529188632965088e-01
-1.003552377223968506e-01
2.887318134307861328e-01
6.212922334671020508e-01
7.601056098937988281e-01
7.495011687278747559e-01
6.084121465682983398e-01
4.665039479732513428e-01
3.507654368877410889e-01
