-8.601216673851013184e-01
-8.676400184631347656e-01
-8.426076173782348633e-02
4.065912365913391113e-01
5.632004737854003906e-01
5.729916691780090332e-01
7.855715155601501465e-01
1.264997839927673340e+00
1.768373847007751465e+00
1.791193008422851562e+00
1.103479385375976562e+00
-7.153321802616119385e-02
-1.003316044807434082e+00
-1.040515899658203125e+00
-2.780497074127197266e-03
1.519000530242919922e+00
2.630156040191650391e+00
2.641036987304687500e+00
1.641885280609130859e+00
3.247532248497009277e-01
-4.373773336410522461e-01
-3.118097186088562012e-01
3.876367807388305664e-01
8.985798954963684082e-01
7.089173197746276855e-01
-1.553537845611572266e-01
-1.099623322486877441e+00
-1.536019086837768555e+00
-1.246718645095825195e+00
-5.978383421897888184e-01
-1.282587051391601562e-01
-2.011310160160064697e-01
-6.700551509857177734e-01
-1.125072360038757324e+00
-1.174090743064880371e+00
-8.255417943000793457e-01
-3.780919909477233887e-01
-2.324380278587341309e-01
-5.114266872406005859e-01
-1.068041801452636719e+00
-1.564552664756774902e+00
-1.797206878662109375e+00
-1.730198621749877930e+00
-1.507371664047241211e+00
-1.225154161453247070e+00
-9.356096982955932617e-01
-6.286953687667846680e-01
-3.984175026416778564e-01
-3.732365965843200684e-01
-6.583085656166076660e-01
-1.126999855041503906e+00
-1.482755661010742188e+00
-1.386966228485107422e+00
-7.831594944000244141e-01
4.578936100006103516e-02
5.665292739868164062e-01
4.000916481018066406e-01
-4.398285448551177979e-01
-1.457399249076843262e+00
-2.006176471710205078e+00
-1.637733221054077148e+00
-4.209821820259094238e-01
1.147525906562805176e+00
2.390237331390380859e+00
2.858317852020263672e+00
2.492306709289550781e+00
1.629136443138122559e+00
7.449980974197387695e-01
2.446207255125045776e-01
2.639872729778289795e-01
6.921992301940917969e-01
1.229468464851379395e+00
1.576212406158447266e+00
1.538925290107727051e+00
1.141912579536437988e+00
5.731959342956542969e-01
1.015791296958923340e-01
-1.071798205375671387e-01
-6.064611673355102539e-02
5.878400802612304688e-02
5.958515405654907227e-02
-1.266165077686309814e-01
-3.653206527233123779e-01
-4.433441758155822754e-01
-2.294329553842544556e-01
1.743696480989456177e-01
4.991184771060943604e-01
4.797148406505584717e-01
7.796945422887802124e-02
-4.799650907516479492e-01
-8.304964303970336914e-01
-7.344884276390075684e-01
-2.254318892955780029e-01
4.037960767745971680e-01
8.183078765869140625e-01
8.391522169113159180e-01
5.389125943183898926e-01
1.250321716070175171e-01
-2.216882705688476562e-01
-4.754493832588195801e-01
-7.156021595001220703e-01
-1.012592911720275879e+00
-1.307754874229431152e+00
-1.448413491249084473e+00
-1.291778922080993652e+00
-8.472631573677062988e-01
-2.776899933815002441e-01
1.803293526172637939e-01
3.734915852546691895e-01
2.867301404476165771e-01
2.467073500156402588e-02
-3.061571121215820312e-01
-6.450225710868835449e-01
-9.796431064605712891e-01
-1.254389643669128418e+00
-1.349074125289916992e+00
-1.110168814659118652e+00
-4.946302175521850586e-01
3.552621006965637207e-01
1.115418672561645508e+00
1.456699252128601074e+00
1.217198371887207031e+00
5.283449888229370117e-01
-2.748510241508483887e-01
-8.214315176010131836e-01
-9.286088943481445312e-01
-6.440271139144897461e-01
-1.904815137386322021e-01
2.365928292274475098e-01
5.612273812294006348e-01
8.587821722030639648e-01
1.206999063491821289e+00
1.603918194770812988e+00
1.905471205711364746e+00
1.959861874580383301e+00
1.707944750785827637e+00
1.290479779243469238e+00
9.386662244796752930e-01
8.552039861679077148e-01
1.031042575836181641e+00
1.282713174819946289e+00
1.334719657897949219e+00
1.055306553840637207e+00
5.030204653739929199e-01
-7.345497608184814453e-02
-4.555136859416961670e-01
-5.523437261581420898e-01
-4.897554516792297363e-01
-4.422385692596435547e-01
-5.334876775741577148e-01
-6.928163170814514160e-01
-7.751854062080383301e-01
-6.437832117080688477e-01
-3.543837964534759521e-01
-7.837069034576416016e-02
-3.550346940755844116e-02
-2.584144175052642822e-01
-6.011246442794799805e-01
-7.528373003005981445e-01
-5.102045536041259766e-01
1.359566152095794678e-01
8.920849561691284180e-01
1.381654739379882812e+00
1.285501837730407715e+00
6.045100688934326172e-01
-4.010069370269775391e-01
-1.258725404739379883e+00
-1.606378793716430664e+00
-1.297712564468383789e+00
-5.611767768859863281e-01
2.051448971033096313e-01
5.603194832801818848e-01
3.427596092224121094e-01
-3.388485908508300781e-01
-1.095608353614807129e+00
-1.587874174118041992e+00
-1.642863392829895020e+00
-1.431806564331054688e+00
-1.234284758567810059e+00
-1.301687479019165039e+00
-1.562178373336791992e+00
-1.749322414398193359e+00
-1.507496714591979980e+00
-7.740944623947143555e-01
2.232595086097717285e-01
9.861844182014465332e-01
1.175866127014160156e+00
7.521147727966308594e-01
1.199013292789459229e-01
-2.357355356216430664e-01
3.706249594688415527e-02
8.297001719474792480e-01
1.764687180519104004e+00
2.340991020202636719e+00
2.343409061431884766e+00
1.821930170059204102e+00
1.119641900062561035e+00
5.379276871681213379e-01
3.173337578773498535e-01
4.750661849975585938e-01
9.915410280227661133e-01
1.712189674377441406e+00
2.478313446044921875e+00
2.977909088134765625e+00
2.955106973648071289e+00
2.217552185058593750e+00
9.160162806510925293e-01
-5.984052419662475586e-01
-1.808424949645996094e+00
-2.431857824325561523e+00
-2.436937570571899414e+00
-2.136754035949707031e+00
-1.820166468620300293e+00
-1.676906585693359375e+00
-1.590149879455566406e+00
-1.414780139923095703e+00
-1.026687979698181152e+00
