-7.310264110565185547e-01
-7.046975493431091309e-01
-5.401208996772766113e-01
-4.178555607795715332e-01
-3.325179815292358398e-01
-3.576271533966064453e-01
-3.307515084743499756e-01
-1.906952261924743652e-01
2.192953079938888550e-01
7.768285870552062988e-01
1.356064319610595703e+00
1.621582388877868652e+00
1.464323997497558594e+00
8.545535206794738770e-01
1.528421789407730103e-01
-3.048011362552642822e-01
-1.563751399517059326e-01
5.160632133483886719e-01
1.425419569015502930e+00
1.990144848823547363e+00
1.884618997573852539e+00
1.021359324455261230e+00
-1.694554686546325684e-01
-1.189174413681030273e+00
-1.539020657539367676e+00
-1.204736232757568359e+00
-4.375812113285064697e-01
1.949852406978607178e-01
3.400044739246368408e-01
-1.592772006988525391e-01
-9.961659908294677734e-01
-1.778083682060241699e+00
-2.051508903503417969e+00
-1.721093893051147461e+00
-9.030475020408630371e-01
-3.696980699896812439e-02
5.222879052162170410e-01
5.198064446449279785e-01
8.937525004148483276e-02
-4.938981235027313232e-01
-8.341969847679138184e-01
-8.070690035820007324e-01
-4.862854480743408203e-01
-2.159726470708847046e-01
-2.219870835542678833e-01
-5.549256205558776855e-01
-9.129313230514526367e-01
-9.635702967643737793e-01
-4.748033583164215088e-01
3.876993060111999512e-01
1.260001659393310547e+00
1.728664517402648926e+00
1.702377676963806152e+00
1.354634284973144531e+00
1.046174049377441406e+00
9.504058361053466797e-01
9.969651103019714355e-01
8.818077445030212402e-01
4.123458564281463623e-01
-3.771004378795623779e-01
-1.172098517417907715e+00
-1.664692878723144531e+00
-1.727318644523620605e+00
-1.508485913276672363e+00
-1.226438641548156738e+00
-9.987315535545349121e-01
-7.396064400672912598e-01
-3.375229835510253906e-01
1.639878004789352417e-01
4.968422651290893555e-01
3.784463405609130859e-01
-2.015884965658187866e-01
-8.620400428771972656e-01
-1.040664315223693848e+00
-4.253420531749725342e-01
7.474294304847717285e-01
1.779219269752502441e+00
2.004108428955078125e+00
1.293480634689331055e+00
2.284641563892364502e-01
-3.122455775737762451e-01
2.301044613122940063e-01
1.602319359779357910e+00
2.909343004226684570e+00
3.173557281494140625e+00
2.078973293304443359e+00
1.364392042160034180e-01
-1.597146153450012207e+00
-2.302180290222167969e+00
-1.828470349311828613e+00
-7.821280360221862793e-01
4.521336033940315247e-02
1.592351496219635010e-01
-2.970622777938842773e-01
-8.395385146141052246e-01
-9.717297554016113281e-01
-6.159111261367797852e-01
1.711798831820487976e-02
5.684686303138732910e-01
9.037625193595886230e-01
1.024387478828430176e+00
1.053492307662963867e+00
9.429193735122680664e-01
6.154904961585998535e-01
-5.804133601486682892e-03
-7.156328558921813965e-01
-1.200950980186462402e+00
-1.140344023704528809e+00
-5.839883685111999512e-01
1.348409652709960938e-01
4.811122119426727295e-01
2.018829137086868286e-01
-6.058590412139892578e-01
-1.430550694465637207e+00
-1.798314094543457031e+00
-1.443883419036865234e+00
-5.759130716323852539e-01
4.154161512851715088e-01
1.082386851310729980e+00
1.280610561370849609e+00
1.039823174476623535e+00
5.976154804229736328e-01
9.353908151388168335e-02
-3.403829932212829590e-01
-7.102072238922119141e-01
-9.522985219955444336e-01
-1.068843841552734375e+00
-1.008741617202758789e+00
-8.487914800643920898e-01
-6.231032013893127441e-01
-4.181920289993286133e-01
-1.768578439950942993e-01
1.435892134904861450e-01
6.399267911911010742e-01
1.251463770866394043e+00
1.871370434761047363e+00
2.271098613739013672e+00
2.336205959320068359e+00
2.013025045394897461e+00
1.451538085937500000e+00
8.211587071418762207e-01
3.467759490013122559e-01
1.149891391396522522e-01
1.510757058858871460e-01
3.287326693534851074e-01
5.276714563369750977e-01
5.958069562911987305e-01
5.015528798103332520e-01
2.516807019710540771e-01
-4.920895770192146301e-02
-3.450094759464263916e-01
-5.881101489067077637e-01
-8.150181174278259277e-01
-1.024681925773620605e+00
-1.204105377197265625e+00
-1.249486923217773438e+00
-1.082512974739074707e+00
-6.718494892120361328e-01
-1.318968385457992554e-01
3.534212708473205566e-01
5.815069079399108887e-01
4.625642299652099609e-01
3.924098983407020569e-02
-5.275452733039855957e-01
-1.042136430740356445e+00
-1.334530115127563477e+00
-1.308705925941467285e+00
-9.582288265228271484e-01
-3.793295621871948242e-01
2.272865027189254761e-01
6.097704768180847168e-01
5.606036186218261719e-01
6.308840960264205933e-02
-6.740365624427795410e-01
-1.258319377899169922e+00
-1.360690832138061523e+00
-8.816394805908203125e-01
-8.525346964597702026e-02
5.987931489944458008e-01
7.841889262199401855e-01
4.456985890865325928e-01
-1.358503699302673340e-01
-4.906175434589385986e-01
-3.619592189788818359e-01
1.980976015329360962e-01
7.838524580001831055e-01
1.015891671180725098e+00
7.124363780021667480e-01
1.177650317549705505e-01
-3.765536844730377197e-01
-3.861851692199707031e-01
9.307643026113510132e-02
8.083727955818176270e-01
1.301513910293579102e+00
1.326833367347717285e+00
8.638064861297607422e-01
2.346888780593872070e-01
-2.666957378387451172e-01
-4.154582023620605469e-01
-3.320973813533782959e-01
-2.220291346311569214e-01
-3.777313232421875000e-01
-8.132095932960510254e-01
-1.411287665367126465e+00
-1.808912873268127441e+00
-1.793267011642456055e+00
-1.234682202339172363e+00
-3.578795194625854492e-01
5.762495398521423340e-01
1.203053951263427734e+00
1.432401299476623535e+00
1.259118437767028809e+00
9.275258183479309082e-01
5.617812275886535645e-01
3.046329021453857422e-01
5.753662809729576111e-02
-1.931346505880355835e-01
