-7.743868231773376465e-01
-7.739510536193847656e-01
-6.967503428459167480e-01
-6.375874280929565430e-01
-5.022667646408081055e-01
-2.441964894533157349e-01
2.033963501453399658e-01
7.177090644836425781e-01
1.136373043060302734e+00
1.218158006668090820e+00
9.289669990539550781e-01
3.819867372512817383e-01
-7.496955990791320801e-02
-1.783962994813919067e-01
2.039255350828170776e-01
8.649102449417114258e-01
1.508261442184448242e+00
1.817588806152343750e+00
1.758289456367492676e+00
1.440962553024291992e+00
1.105912923812866211e+00
8.126275539398193359e-01
5.203698873519897461e-01
6.245036423206329346e-02
-5.511447787284851074e-01
-1.185445070266723633e+00
-1.551107168197631836e+00
-1.538834214210510254e+00
-1.235691666603088379e+00
-9.950087070465087891e-01
-1.077948927879333496e+00
-1.540891528129577637e+00
-2.066396474838256836e+00
-2.280458211898803711e+00
-1.934719562530517578e+00
-1.197713375091552734e+00
-4.470426440238952637e-01
-8.728286623954772949e-02
-1.638330519199371338e-01
-4.336634576320648193e-01
-4.812555909156799316e-01
-1.316085457801818848e-01
5.045472383499145508e-01
1.048779368400573730e+00
1.244875550270080566e+00
1.075230836868286133e+00
8.200296163558959961e-01
7.173179388046264648e-01
8.059837222099304199e-01
8.129734992980957031e-01
4.746135473251342773e-01
-2.473268508911132812e-01
-9.757963418960571289e-01
-1.211810231208801270e+00
-6.469020843505859375e-01
4.870873391628265381e-01
1.573184251785278320e+00
1.941828608512878418e+00
1.385452628135681152e+00
2.526536583900451660e-01
-7.429702281951904297e-01
-1.067287802696228027e+00
-6.691815853118896484e-01
-1.577720046043395996e-02
3.319512605667114258e-01
1.042961850762367249e-01
-4.621123671531677246e-01
-8.772686719894409180e-01
-7.603431940078735352e-01
-1.540063619613647461e-01
5.678944587707519531e-01
9.884074330329895020e-01
9.896457195281982422e-01
7.710205912590026855e-01
6.405494213104248047e-01
6.890466213226318359e-01
7.171909809112548828e-01
4.165260791778564453e-01
-2.930768132209777832e-01
-1.126093149185180664e+00
-1.598761320114135742e+00
-1.418583154678344727e+00
-7.496812343597412109e-01
-1.282752752304077148e-01
-5.186975002288818359e-02
-5.585600733757019043e-01
-1.156735062599182129e+00
-1.178075313568115234e+00
-3.219704627990722656e-01
1.059618711471557617e+00
2.151478528976440430e+00
2.258292675018310547e+00
1.302566766738891602e+00
-9.153848886489868164e-02
-1.062946796417236328e+00
-1.105210304260253906e+00
-4.187484383583068848e-01
3.200388848781585693e-01
4.856590628623962402e-01
1.925759017467498779e-03
-6.674605011940002441e-01
-9.031301736831665039e-01
-4.736900329589843750e-01
3.123910725116729736e-01
8.393380045890808105e-01
7.176970243453979492e-01
5.945041775703430176e-02
-5.897879600524902344e-01
-7.271898984909057617e-01
-2.447431385517120361e-01
4.700205922126770020e-01
8.924310803413391113e-01
7.169693708419799805e-01
8.937755227088928223e-02
-6.004242300987243652e-01
-9.887582063674926758e-01
-1.003148078918457031e+00
-7.640268206596374512e-01
-4.313456416130065918e-01
-9.418100118637084961e-03
5.380042195320129395e-01
1.167114496231079102e+00
1.616435170173645020e+00
1.605561494827270508e+00
1.050347328186035156e+00
2.643711566925048828e-01
-2.525801658630371094e-01
-1.348730325698852539e-01
4.887709915637969971e-01
1.096905231475830078e+00
1.108716487884521484e+00
3.886606693267822266e-01
-6.754205226898193359e-01
-1.411118268966674805e+00
-1.419588685035705566e+00
-8.234419822692871094e-01
-1.788921356201171875e-01
4.841652512550354004e-02
-1.622913479804992676e-01
-3.423680961132049561e-01
1.714408397674560547e-03
9.584583044052124023e-01
2.027508735656738281e+00
2.509420871734619141e+00
2.005124092102050781e+00
7.725240588188171387e-01
-5.009112954139709473e-01
-1.183528900146484375e+00
-1.189139127731323242e+00
-9.445597529411315918e-01
-1.008015275001525879e+00
-1.537339687347412109e+00
-2.179291486740112305e+00
-2.348669290542602539e+00
-1.767917513847351074e+00
-7.137563228607177734e-01
1.445846855640411377e-01
2.777491807937622070e-01
-3.238206803798675537e-01
-1.131572246551513672e+00
-1.509932160377502441e+00
-1.159097790718078613e+00
-2.943097949028015137e-01
6.144651174545288086e-01
1.235781192779541016e+00
1.607730388641357422e+00
1.986310005187988281e+00
2.507624864578247070e+00
2.960783243179321289e+00
2.915453195571899414e+00
2.097138643264770508e+00
6.998068094253540039e-01
-6.478273272514343262e-01
-1.275313377380371094e+00
-9.200859069824218750e-01
8.472818881273269653e-02
1.058398365974426270e+00
1.420510768890380859e+00
1.057283401489257812e+00
2.950871884822845459e-01
-3.944714665412902832e-01
-7.739658355712890625e-01
-9.336179494857788086e-01
-1.150737881660461426e+00
-1.564467072486877441e+00
-2.052364587783813477e+00
-2.287680387496948242e+00
-2.041591167449951172e+00
-1.345641851425170898e+00
-5.302020311355590820e-01
3.288048505783081055e-02
1.289557814598083496e-01
-1.334938406944274902e-01
-4.668737649917602539e-01
-5.475788712501525879e-01
-2.577334642410278320e-01
3.253152370452880859e-01
9.339536428451538086e-01
1.308235764503479004e+00
1.243394017219543457e+00
7.367646694183349609e-01
-7.757264375686645508e-02
-8.848065137863159180e-01
-1.373042821884155273e+00
-1.284938216209411621e+00
-6.330374479293823242e-01
3.564520180225372314e-01
1.247411012649536133e+00
1.688701629638671875e+00
1.509568691253662109e+00
8.882294893264770508e-01
1.513624638319015503e-01
-3.306307196617126465e-01
-4.345878362655639648e-01
-2.281954139471054077e-01
1.999797672033309937e-02
1.227224469184875488e-01
