3.533751368522644043e-01
3.915088772773742676e-01
1.164354801177978516e+00
1.374628067016601562e+00
1.113057851791381836e+00
7.440632581710815430e-01
6.331828832626342773e-01
8.516367673873901367e-01
1.170051693916320801e+00
1.258721351623535156e+00
9.707407951354980469e-01
4.210875630378723145e-01
-1.334037780761718750e-01
-5.239112377166748047e-01
-7.581423521041870117e-01
-9.342071413993835449e-01
-1.067963123321533203e+00
-1.048674702644348145e+00
-7.644870281219482422e-01
-2.932077050209045410e-01
5.983871221542358398e-02
-3.327994048595428467e-02
-6.351206898689270020e-01
-1.404843330383300781e+00
-1.809520721435546875e+00
-1.507516860961914062e+00
-6.567450165748596191e-01
1.824393570423126221e-01
4.375290870666503906e-01
-1.673832535743713379e-02
-7.719229459762573242e-01
-1.175993323326110840e+00
-8.546923398971557617e-01
3.016053326427936554e-02
8.983410000801086426e-01
1.239828586578369141e+00
9.633752703666687012e-01
4.565756320953369141e-01
1.834606826305389404e-01
3.117701411247253418e-01
5.313305854797363281e-01
3.623316586017608643e-01
-4.622944593429565430e-01
-1.687325119972229004e+00
-2.718677520751953125e+00
-2.978212356567382812e+00
-2.341435670852661133e+00
-1.148059725761413574e+00
-2.881148830056190491e-03
6.612995266914367676e-01
7.465668916702270508e-01
5.049365758895874023e-01
2.407128810882568359e-01
1.644416600465774536e-01
2.628273367881774902e-01
4.497498869895935059e-01
6.113083362579345703e-01
7.332581877708435059e-01
8.074532747268676758e-01
8.607109189033508301e-01
8.600920438766479492e-01
7.947711348533630371e-01
6.087397933006286621e-01
2.877210378646850586e-01
-2.029150724411010742e-01
-7.973269224166870117e-01
-1.373299241065979004e+00
-1.693231225013732910e+00
-1.597880482673645020e+00
-1.051249742507934570e+00
-2.792109251022338867e-01
4.190521538257598877e-01
7.852081060409545898e-01
8.472744822502136230e-01
8.110026717185974121e-01
9.511921405792236328e-01
1.293649911880493164e+00
1.632557630538940430e+00
1.603305339813232422e+00
1.038323760032653809e+00
5.543629080057144165e-02
-9.207304120063781738e-01
-1.505091786384582520e+00
-1.514600872993469238e+00
-1.120566487312316895e+00
-5.980694293975830078e-01
-1.853908896446228027e-01
1.252926886081695557e-01
4.268466830253601074e-01
8.125451803207397461e-01
1.170771241188049316e+00
1.315537691116333008e+00
1.053447604179382324e+00
4.049839377403259277e-01
-4.659821987152099609e-01
-1.266057968139648438e+00
-1.780881404876708984e+00
-1.859734773635864258e+00
-1.498859405517578125e+00
-7.493336200714111328e-01
2.019885182380676270e-01
1.120163440704345703e+00
1.713276624679565430e+00
1.835876464843750000e+00
1.515933513641357422e+00
1.004849910736083984e+00
5.483922958374023438e-01
2.698048353195190430e-01
4.292964935302734375e-02
-3.080935776233673096e-01
-8.462123274803161621e-01
-1.343940019607543945e+00
-1.463124275207519531e+00
-9.777795672416687012e-01
-4.839512705802917480e-02
8.762315511703491211e-01
1.308945775032043457e+00
1.108221173286437988e+00
5.298323631286621094e-01
5.606284737586975098e-02
-8.101671934127807617e-03
2.854958772659301758e-01
5.888286232948303223e-01
6.111482977867126465e-01
3.475005030632019043e-01
9.651029109954833984e-02
1.585681438446044922e-01
5.755879878997802734e-01
1.046199321746826172e+00
1.176536917686462402e+00
7.716406583786010742e-01
-4.180874675512313843e-04
-7.656322717666625977e-01
-1.210807681083679199e+00
-1.298094749450683594e+00
-1.204691290855407715e+00
-1.123923778533935547e+00
-1.087630391120910645e+00
-9.872218966484069824e-01
-7.369455695152282715e-01
-4.067164659500122070e-01
-1.819030642509460449e-01
-1.782985329627990723e-01
-3.042456209659576416e-01
-2.985691130161285400e-01
4.654486477375030518e-02
7.039562463760375977e-01
1.400019168853759766e+00
1.835340499877929688e+00
1.896770238876342773e+00
1.733259916305541992e+00
1.562280535697937012e+00
1.469435572624206543e+00
1.311225414276123047e+00
9.074311256408691406e-01
2.464914619922637939e-01
-3.954007029533386230e-01
-6.682706475257873535e-01
-4.157062470912933350e-01
1.236363649368286133e-01
5.032927393913269043e-01
3.738099932670593262e-01
-1.968627870082855225e-01
-8.228881359100341797e-01
-1.080347180366516113e+00
-8.993076086044311523e-01
-5.626906156539916992e-01
-4.829675257205963135e-01
-7.675849199295043945e-01
-1.145219206809997559e+00
-1.138126611709594727e+00
-5.397279262542724609e-01
4.071075916290283203e-01
1.099663734436035156e+00
1.087384700775146484e+00
3.741582036018371582e-01
-5.150396227836608887e-01
-9.939254522323608398e-01
-8.118887543678283691e-01
-2.927982807159423828e-01
-4.436612129211425781e-03
-3.502769470214843750e-01
-1.174954056739807129e+00
-1.932210445404052734e+00
-2.023590326309204102e+00
-1.313680887222290039e+00
-1.616182923316955566e-01
7.600981593132019043e-01
9.888914823532104492e-01
4.891071915626525879e-01
-2.920110225677490234e-01
-8.091440796852111816e-01
-6.841577887535095215e-01
2.142509818077087402e-02
9.546610713005065918e-01
1.613306999206542969e+00
1.690317392349243164e+00
1.139964699745178223e+00
2.693476080894470215e-01
-4.905496537685394287e-01
-7.299346923828125000e-01
-3.598481416702270508e-01
3.865920603275299072e-01
9.797899723052978516e-01
9.637143611907958984e-01
1.712547093629837036e-01
-1.060013651847839355e+00
-2.121503353118896484e+00
-2.403079271316528320e+00
-1.725574493408203125e+00
-3.724039494991302490e-01
1.011784553527832031e+00
1.858645558357238770e+00
1.890685319900512695e+00
1.269350647926330566e+00
3.565831184387207031e-01
-4.520693123340606689e-01
