1.354364275932312012e+00
1.393269658088684082e+00
1.202099323272705078e+00
8.104520440101623535e-01
2.804237306118011475e-01
-1.720990091562271118e-01
-4.156770706176757812e-01
-3.531233668327331543e-01
-1.376181840896606445e-01
5.751890689134597778e-02
1.663013361394405365e-02
-2.234388291835784912e-01
-5.372753739356994629e-01
-6.798521280288696289e-01
-6.207312345504760742e-01
-4.381048679351806641e-01
-3.798994123935699463e-01
-5.103467702865600586e-01
-7.704787254333496094e-01
-8.866608142852783203e-01
-7.402698397636413574e-01
-3.481648266315460205e-01
1.754555501975119114e-03
1.266331374645233154e-01
-1.540957391262054443e-02
-1.372367590665817261e-01
-1.144275302067399025e-03
4.870035648345947266e-01
1.006123185157775879e+00
1.159761190414428711e+00
6.353016495704650879e-01
-3.937832713127136230e-01
-1.484582781791687012e+00
-2.059085369110107422e+00
-1.909719228744506836e+00
-1.155184030532836914e+00
-2.577670812606811523e-01
4.489373564720153809e-01
7.987041473388671875e-01
9.455528259277343750e-01
1.019854426383972168e+00
1.119711518287658691e+00
1.127111196517944336e+00
9.902558326721191406e-01
6.903031468391418457e-01
4.112525582313537598e-01
2.666924297809600830e-01
3.182611167430877686e-01
3.934018611907958984e-01
3.399260640144348145e-01
3.097171895205974579e-02
-4.088114202022552490e-01
-7.980176210403442383e-01
-8.929924368858337402e-01
-6.497958302497863770e-01
-1.186994910240173340e-01
4.664829075336456299e-01
9.098514318466186523e-01
9.983420968055725098e-01
6.944225430488586426e-01
4.821213334798812866e-02
-6.719184517860412598e-01
-1.177993297576904297e+00
-1.182722926139831543e+00
-6.730627417564392090e-01
1.521886140108108521e-01
8.838382363319396973e-01
1.238639831542968750e+00
1.135655045509338379e+00
8.096892237663269043e-01
5.240780711174011230e-01
4.366554617881774902e-01
4.014117717742919922e-01
1.849911808967590332e-01
-3.740254640579223633e-01
-1.112235546112060547e+00
-1.684754729270935059e+00
-1.737391352653503418e+00
-1.233452558517456055e+00
-4.365029036998748779e-01
2.125300616025924683e-01
4.463436603546142578e-01
2.765331864356994629e-01
-5.873946473002433777e-03
-1.156480908393859863e-01
7.308104634284973145e-02
4.310103654861450195e-01
7.474406361579895020e-01
8.425680398941040039e-01
6.933545470237731934e-01
3.539625108242034912e-01
-9.138945490121841431e-02
-5.954808592796325684e-01
-1.087671875953674316e+00
-1.465435266494750977e+00
-1.588788151741027832e+00
-1.397465348243713379e+00
-9.575296044349670410e-01
-4.697631597518920898e-01
-1.260228604078292847e-01
-5.568806547671556473e-03
-1.258702855557203293e-02
2.227522619068622589e-02
2.186328768730163574e-01
5.567280650138854980e-01
9.006972312927246094e-01
1.100411415100097656e+00
1.072491049766540527e+00
8.217422366142272949e-01
4.051497578620910645e-01
-9.169459342956542969e-02
-5.697728395462036133e-01
-8.953573107719421387e-01
-9.528762102127075195e-01
-7.034241557121276855e-01
-2.554785311222076416e-01
1.952896565198898315e-01
4.673983156681060791e-01
5.376568436622619629e-01
5.162970423698425293e-01
5.432256460189819336e-01
6.004393696784973145e-01
5.169835686683654785e-01
9.787368029356002808e-02
-6.095936298370361328e-01
-1.259236812591552734e+00
-1.344218373298645020e+00
-5.928108692169189453e-01
7.989330291748046875e-01
2.169545888900756836e+00
2.810874223709106445e+00
2.371396064758300781e+00
1.111320137977600098e+00
-3.350438177585601807e-01
-1.343836903572082520e+00
-1.701003432273864746e+00
-1.578947305679321289e+00
-1.310729265213012695e+00
-1.032060027122497559e+00
-6.543729305267333984e-01
-1.411272864788770676e-02
8.003061413764953613e-01
1.430878162384033203e+00
1.434997558593750000e+00
6.896165609359741211e-01
-4.751794040203094482e-01
-1.398533344268798828e+00
-1.563614130020141602e+00
-9.032146334648132324e-01
1.144275292754173279e-01
8.545448184013366699e-01
8.857454061508178711e-01
2.615813314914703369e-01
-6.224094629287719727e-01
-1.292344570159912109e+00
-1.521962404251098633e+00
-1.349253177642822266e+00
-9.892641305923461914e-01
-6.063133478164672852e-01
-2.714983820915222168e-01
3.905792906880378723e-02
3.181848227977752686e-01
5.344528555870056152e-01
6.240114569664001465e-01
5.799187421798706055e-01
4.191861748695373535e-01
1.898734122514724731e-01
-8.238781988620758057e-02
-3.290935754776000977e-01
-4.423005580902099609e-01
-2.679129838943481445e-01
2.599793374538421631e-01
1.029237508773803711e+00
1.719616889953613281e+00
1.977689146995544434e+00
1.623879194259643555e+00
8.083923459053039551e-01
-7.712415605783462524e-02
-6.237063407897949219e-01
-6.658919453620910645e-01
-3.356540799140930176e-01
6.919051706790924072e-02
3.134551644325256348e-01
3.496142625808715820e-01
2.706592679023742676e-01
1.618005335330963135e-01
4.424531012773513794e-03
-2.703541219234466553e-01
-6.536100506782531738e-01
-9.746174216270446777e-01
-9.921630024909973145e-01
-5.523035526275634766e-01
2.636410295963287354e-01
1.204159021377563477e+00
1.988750457763671875e+00
2.498105525970458984e+00
2.749388456344604492e+00
2.804389953613281250e+00
2.599183320999145508e+00
2.005990982055664062e+00
9.486042261123657227e-01
-3.928678631782531738e-01
-1.639059901237487793e+00
-2.375744342803955078e+00
-2.473236560821533203e+00
-2.121715307235717773e+00
-1.729610323905944824e+00
-1.556061863899230957e+00
-1.575667142868041992e+00
-1.482370495796203613e+00
-1.039307117462158203e+00
-2.641750276088714600e-01
4.861644506454467773e-01
8.386012315750122070e-01
6.313348412513732910e-01
1.167160794138908386e-01
-2.975115776062011719e-01
