2.856960296630859375e-01
2.873041629791259766e-01
1.135757341980934143e-01
-1.357388198375701904e-01
-4.788497090339660645e-01
-8.239938020706176758e-01
-1.164527416229248047e+00
-1.389364480972290039e+00
-1.473968982696533203e+00
-1.313411474227905273e+00
-9.297895431518554688e-01
-3.266713619232177734e-01
3.267416656017303467e-01
8.907510638236999512e-01
1.151189923286437988e+00
1.062704086303710938e+00
6.398792266845703125e-01
1.090178489685058594e-01
-3.177819252014160156e-01
-4.010945558547973633e-01
-1.107758283615112305e-01
4.883598089218139648e-01
1.144908547401428223e+00
1.654995441436767578e+00
1.832385540008544922e+00
1.693675398826599121e+00
1.325762867927551270e+00
9.362405538558959961e-01
6.445387005805969238e-01
5.173041224479675293e-01
4.478721022605895996e-01
3.161616921424865723e-01
-6.991744041442871094e-03
-4.761321842670440674e-01
-9.444504380226135254e-01
-1.160475254058837891e+00
-9.913822412490844727e-01
-4.648337364196777344e-01
1.488084793090820312e-01
5.212264060974121094e-01
3.935283422470092773e-01
-2.200607061386108398e-01
-1.074367761611938477e+00
-1.777040958404541016e+00
-2.029883861541748047e+00
-1.738909721374511719e+00
-1.064833998680114746e+00
-2.936095893383026123e-01
2.873375713825225830e-01
5.154876708984375000e-01
3.690125942230224609e-01
-5.557081103324890137e-02
-5.901915431022644043e-01
-1.035402774810791016e+00
-1.190224647521972656e+00
-9.246089458465576172e-01
-2.376076132059097290e-01
6.779938936233520508e-01
1.500926971435546875e+00
1.884350538253784180e+00
1.665282249450683594e+00
9.353354573249816895e-01
5.867773294448852539e-02
-5.450812578201293945e-01
-5.709831714630126953e-01
-3.843402862548828125e-02
7.770146131515502930e-01
1.442666649818420410e+00
1.670450329780578613e+00
1.402321696281433105e+00
8.948404788970947266e-01
4.748438000679016113e-01
4.030836820602416992e-01
6.289466023445129395e-01
9.042311906814575195e-01
8.714381456375122070e-01
4.073110818862915039e-01
-3.492764830589294434e-01
-9.635919332504272461e-01
-1.075629711151123047e+00
-5.583763718605041504e-01
2.614023089408874512e-01
8.900399804115295410e-01
8.795234560966491699e-01
2.427938878536224365e-01
-6.529694795608520508e-01
-1.222956657409667969e+00
-1.189529180526733398e+00
-6.717674732208251953e-01
-2.193511128425598145e-01
-2.912210226058959961e-01
-1.023170113563537598e+00
-1.983240604400634766e+00
-2.591289997100830078e+00
-2.408692359924316406e+00
-1.585315465927124023e+00
-6.242478489875793457e-01
-1.431015133857727051e-01
-2.939432263374328613e-01
-7.876749038696289062e-01
-9.847808480262756348e-01
-5.034355521202087402e-01
6.283580660820007324e-01
1.854006767272949219e+00
2.606450080871582031e+00
2.540155887603759766e+00
1.850027918815612793e+00
9.364405870437622070e-01
2.345438450574874878e-01
-1.818452775478363037e-01
-4.100976586341857910e-01
-6.562974452972412109e-01
-8.678914904594421387e-01
-8.872858285903930664e-01
-4.853474199771881104e-01
2.578232884407043457e-01
1.060051441192626953e+00
1.461449146270751953e+00
1.266124010086059570e+00
5.660282969474792480e-01
-1.737334728240966797e-01
-5.329937934875488281e-01
-2.703256905078887939e-01
4.196504354476928711e-01
1.173074960708618164e+00
1.562182903289794922e+00
1.450573682785034180e+00
8.997691869735717773e-01
1.958393454551696777e-01
-4.582419097423553467e-01
-9.231951832771301270e-01
-1.254942059516906738e+00
-1.495145559310913086e+00
-1.705383062362670898e+00
-1.807301521301269531e+00
-1.732878446578979492e+00
-1.378284215927124023e+00
-7.782184481620788574e-01
-1.566627621650695801e-02
7.087053656578063965e-01
1.247891902923583984e+00
1.481477737426757812e+00
1.441493153572082520e+00
1.203308224678039551e+00
9.108011722564697266e-01
6.331130862236022949e-01
4.138723909854888916e-01
2.170247882604598999e-01
3.848230838775634766e-02
-1.348835825920104980e-01
-2.782952785491943359e-01
-4.185883104801177979e-01
-5.994066596031188965e-01
-8.911123275756835938e-01
-1.281939506530761719e+00
-1.668849468231201172e+00
-1.856544971466064453e+00
-1.690407276153564453e+00
-1.154086828231811523e+00
-4.314021468162536621e-01
1.824140548706054688e-01
4.314253628253936768e-01
2.524510920047760010e-01
-1.862754076719284058e-01
-5.864979028701782227e-01
-6.814049482345581055e-01
-3.941006064414978027e-01
1.520981192588806152e-01
7.000680565834045410e-01
1.036536097526550293e+00
1.074139833450317383e+00
9.137052893638610840e-01
7.253968715667724609e-01
6.806721687316894531e-01
8.057993650436401367e-01
1.030186295509338379e+00
1.190534710884094238e+00
1.207162618637084961e+00
1.080743074417114258e+00
9.564344882965087891e-01
9.413526058197021484e-01
1.075362205505371094e+00
1.192793130874633789e+00
1.099935293197631836e+00
6.357071995735168457e-01
-8.888155221939086914e-02
-8.156749010086059570e-01
-1.204660534858703613e+00
-1.184191346168518066e+00
-9.347271323204040527e-01
-8.850934505462646484e-01
-1.276228666305541992e+00
-2.028482437133789062e+00
-2.599270820617675781e+00
-2.432444810867309570e+00
-1.248484492301940918e+00
5.502963066101074219e-01
2.175387859344482422e+00
2.779485702514648438e+00
2.132080554962158203e+00
6.447197198867797852e-01
-7.454928755760192871e-01
-1.322264075279235840e+00
-8.932245969772338867e-01
-1.884576678276062012e-02
5.636315345764160156e-01
3.177244365215301514e-01
-5.778589248657226562e-01
-1.536063194274902344e+00
-1.831807374954223633e+00
-1.257938861846923828e+00
-8.034952729940414429e-02
1.010404348373413086e+00
1.533271670341491699e+00
1.332836270332336426e+00
7.752694487571716309e-01
2.706284523010253906e-01
