7.410057187080383301e-01
7.350490689277648926e-01
5.682632327079772949e-01
5.133705139160156250e-01
5.893405675888061523e-01
7.253351807594299316e-01
7.892086505889892578e-01
7.092064619064331055e-01
4.959588348865509033e-01
2.433973848819732666e-01
2.281850390136241913e-02
-1.430509388446807861e-01
-3.043383657932281494e-01
-4.828542172908782959e-01
-6.489069461822509766e-01
-7.023333907127380371e-01
-5.795350074768066406e-01
-3.181760907173156738e-01
-1.042869836091995239e-01
-1.586298495531082153e-01
-6.117925047874450684e-01
-1.360770940780639648e+00
-2.098202705383300781e+00
-2.433423995971679688e+00
-2.134492397308349609e+00
-1.258774995803833008e+00
-1.743920296430587769e-01
6.401094794273376465e-01
8.333794474601745605e-01
3.876396417617797852e-01
-3.953374624252319336e-01
-1.059273481369018555e+00
-1.273162603378295898e+00
-9.804625511169433594e-01
-3.991863727569580078e-01
1.732006967067718506e-01
5.557084679603576660e-01
7.762873768806457520e-01
9.786297678947448730e-01
1.254651188850402832e+00
1.540203213691711426e+00
1.664926052093505859e+00
1.516559958457946777e+00
1.172816157341003418e+00
8.668282628059387207e-01
8.043293952941894531e-01
9.752390384674072266e-01
1.119114756584167480e+00
9.198881387710571289e-01
2.663991749286651611e-01
-5.977715253829956055e-01
-1.203332424163818359e+00
-1.157328844070434570e+00
-4.370339214801788330e-01
5.784353613853454590e-01
1.326130867004394531e+00
1.423178195953369141e+00
8.623378872871398926e-01
-2.199373953044414520e-02
-8.164259195327758789e-01
-1.259508132934570312e+00
-1.343634128570556641e+00
-1.195268034934997559e+00
-9.509543180465698242e-01
-6.632028818130493164e-01
-3.744434118270874023e-01
-1.486410200595855713e-01
-9.173221886157989502e-02
-2.245194166898727417e-01
-4.308940172195434570e-01
-4.737817943096160889e-01
-1.930866986513137817e-01
3.650960624217987061e-01
9.055922031402587891e-01
1.104452252388000488e+00
8.140432834625244141e-01
2.168216109275817871e-01
-3.367791473865509033e-01
-5.481939315795898438e-01
-4.178810417652130127e-01
-1.803486645221710205e-01
-1.410348564386367798e-01
-3.955207467079162598e-01
-8.126686811447143555e-01
-1.113799571990966797e+00
-1.135885000228881836e+00
-8.731514215469360352e-01
-4.716740548610687256e-01
-2.969154715538024902e-02
4.057844877243041992e-01
8.347540497779846191e-01
1.134052157402038574e+00
1.128187179565429688e+00
6.797898411750793457e-01
-5.168528854846954346e-02
-6.623781323432922363e-01
-6.680598258972167969e-01
6.827223300933837891e-02
1.214329361915588379e+00
2.062462806701660156e+00
2.054031848907470703e+00
1.126171112060546875e+00
-1.512069553136825562e-01
-1.016843914985656738e+00
-9.908179640769958496e-01
-2.667657434940338135e-01
5.195104479789733887e-01
7.144299745559692383e-01
2.030755281448364258e-01
-5.908068418502807617e-01
-9.777133464813232422e-01
-6.117925047874450684e-01
3.072708547115325928e-01
1.113524675369262695e+00
1.230091452598571777e+00
5.174943804740905762e-01
-5.766941905021667480e-01
-1.414014101028442383e+00
-1.532963633537292480e+00
-9.925591349601745605e-01
-2.034420818090438843e-01
3.244076669216156006e-01
3.851653635501861572e-01
7.826105505228042603e-02
-2.657576799392700195e-01
-4.232878386974334717e-01
-3.432856202125549316e-01
-1.963857561349868774e-01
-1.216070502996444702e-01
-1.649530380964279175e-01
-1.754917055368423462e-01
8.156011812388896942e-03
4.850535988807678223e-01
1.127637386322021484e+00
1.701857209205627441e+00
1.922802686691284180e+00
1.686278343200683594e+00
1.063947081565856934e+00
3.385203182697296143e-01
-2.236946523189544678e-01
-4.546289145946502686e-01
-4.445484578609466553e-01
-4.085336923599243164e-01
-6.062940955162048340e-01
-1.098678946495056152e+00
-1.765272498130798340e+00
-2.310992240905761719e+00
-2.508477687835693359e+00
-2.259856700897216797e+00
-1.689485788345336914e+00
-9.756972789764404297e-01
-3.011309504508972168e-01
2.763879895210266113e-01
7.255184650421142578e-01
1.046260476112365723e+00
1.196092844009399414e+00
1.198383927345275879e+00
1.130020022392272949e+00
1.154304742813110352e+00
1.350690484046936035e+00
1.669966340065002441e+00
1.881656050682067871e+00
1.773703455924987793e+00
1.279210805892944336e+00
5.876910686492919922e-01
-2.923334576189517975e-02
-3.861733973026275635e-01
-5.615735054016113281e-01
-7.600669860839843750e-01
-1.121130824089050293e+00
-1.492916703224182129e+00
-1.547809362411499023e+00
-1.033797383308410645e+00
-1.052033826708793640e-01
7.143383026123046875e-01
8.306302428245544434e-01
7.926910370588302612e-02
-1.111233711242675781e+00
-1.929125905036926270e+00
-1.780118227005004883e+00
-7.153463959693908691e-01
5.529592633247375488e-01
1.181155443191528320e+00
8.111107945442199707e-01
-1.324206441640853882e-01
-7.744545340538024902e-01
-4.450983107089996338e-01
7.750959992408752441e-01
2.096919775009155273e+00
2.581789970397949219e+00
1.841884016990661621e+00
3.204671144485473633e-01
-1.023258686065673828e+00
-1.407415986061096191e+00
-7.542936205863952637e-01
2.956325113773345947e-01
8.902882337570190430e-01
5.750446319580078125e-01
-4.231961965560913086e-01
-1.420978784561157227e+00
-1.800829052925109863e+00
-1.424736142158508301e+00
-6.714505553245544434e-01
-9.209877997636795044e-02
-5.498434882611036301e-03
-3.029637634754180908e-01
-5.885158181190490723e-01
-4.951340556144714355e-01
5.305989459156990051e-02
8.190835118293762207e-01
1.422719955444335938e+00
1.586573362350463867e+00
1.259783029556274414e+00
6.102346181869506836e-01
-1.077693253755569458e-01
-6.679682135581970215e-01
-9.642421603202819824e-01
