1.729280948638916016e+00
1.757439017295837402e+00
-2.229485809803009033e-01
-1.896425724029541016e+00
-2.525585174560546875e+00
-1.868400454521179199e+00
-5.827378034591674805e-01
4.191084504127502441e-01
4.357174932956695557e-01
-3.384680747985839844e-01
-1.189923763275146484e+00
-1.293903350830078125e+00
-5.548769831657409668e-01
5.087633132934570312e-01
1.018041253089904785e+00
6.180244684219360352e-01
-4.176878631114959717e-01
-1.249747633934020996e+00
-1.313199281692504883e+00
-5.884696841239929199e-01
2.475001215934753418e-01
5.377388000488281250e-01
6.732016801834106445e-03
-8.848623633384704590e-01
-1.466140031814575195e+00
-1.218618988990783691e+00
-2.878972291946411133e-01
8.067716956138610840e-01
1.429626464843750000e+00
1.393784523010253906e+00
8.833608627319335938e-01
3.813519477844238281e-01
1.835651695728302002e-01
3.739137053489685059e-01
7.388671636581420898e-01
1.097581028938293457e+00
1.300399899482727051e+00
1.365383386611938477e+00
1.269634485244750977e+00
1.029061436653137207e+00
6.136269569396972656e-01
1.310916244983673096e-01
-2.780967354774475098e-01
-4.254515171051025391e-01
-3.002172112464904785e-01
-2.112340927124023438e-02
1.560652554035186768e-01
9.105318784713745117e-02
-1.978868246078491211e-01
-4.695875346660614014e-01
-4.837846159934997559e-01
-1.152611970901489258e-01
4.954756796360015869e-01
1.074749350547790527e+00
1.345865249633789062e+00
1.246646761894226074e+00
9.212381839752197266e-01
6.380596756935119629e-01
5.628008842468261719e-01
6.679956912994384766e-01
7.543592453002929688e-01
6.540328860282897949e-01
3.919306993484497070e-01
2.075906842947006226e-01
3.550634980201721191e-01
8.390696644783020020e-01
1.301631212234497070e+00
1.195864439010620117e+00
1.946213245391845703e-01
-1.493222475051879883e+00
-3.119790315628051758e+00
-3.844944477081298828e+00
-3.270022869110107422e+00
-1.766511201858520508e+00
-2.138148844242095947e-01
5.692646503448486328e-01
4.250426292419433594e-01
-1.198789626359939575e-01
-2.760093808174133301e-01
3.010328114032745361e-01
1.261127471923828125e+00
1.794919252395629883e+00
1.369144678115844727e+00
1.522478461265563965e-01
-1.011050105094909668e+00
-1.309529542922973633e+00
-5.496767759323120117e-01
6.146341562271118164e-01
1.266885876655578613e+00
8.840346932411193848e-01
-1.889438331127166748e-01
-1.123455524444580078e+00
-1.230398774147033691e+00
-6.062908172607421875e-01
4.654315114021301270e-02
-4.650212451815605164e-02
-9.709530472755432129e-01
-2.099431276321411133e+00
-2.490531921386718750e+00
-1.718930482864379883e+00
-1.134272590279579163e-01
1.418492317199707031e+00
2.168176174163818359e+00
2.000827789306640625e+00
1.419122219085693359e+00
9.586501121520996094e-01
8.372230529785156250e-01
7.796555757522583008e-01
4.800162613391876221e-01
-1.280919462442398071e-01
-6.901932954788208008e-01
-8.537747859954833984e-01
-5.048274397850036621e-01
4.773889482021331787e-02
4.780290126800537109e-01
6.647220849990844727e-01
8.581104874610900879e-01
1.249086976051330566e+00
1.720906734466552734e+00
1.714673399925231934e+00
7.716544866561889648e-01
-1.043352842330932617e+00
-2.884300708770751953e+00
-3.702944517135620117e+00
-2.911144018173217773e+00
-9.610393047332763672e-01
1.005529522895812988e+00
1.858800888061523438e+00
1.341825723648071289e+00
9.330712258815765381e-02
-8.359943032264709473e-01
-8.786964416503906250e-01
-2.277968227863311768e-01
3.829589486122131348e-01
4.451787173748016357e-01
2.975034713745117188e-02
-2.881447076797485352e-01
-8.120137453079223633e-02
5.569915771484375000e-01
1.021222233772277832e+00
8.005548715591430664e-01
-8.945262432098388672e-02
-1.036497712135314941e+00
-1.390321850776672363e+00
-9.751499891281127930e-01
-2.812376320362091064e-01
-4.973113536834716797e-04
-4.677867293357849121e-01
-1.346996307373046875e+00
-1.957731366157531738e+00
-1.831678509712219238e+00
-1.115874648094177246e+00
-3.989768028259277344e-01
-2.018417268991470337e-01
-5.270321965217590332e-01
-8.988673686981201172e-01
-8.007990121841430664e-01
-1.347292661666870117e-01
7.061582207679748535e-01
1.199516534805297852e+00
1.131908416748046875e+00
7.616211771965026855e-01
5.331898927688598633e-01
6.877480149269104004e-01
1.047570466995239258e+00
1.242163419723510742e+00
1.042603969573974609e+00
6.059980392456054688e-01
2.764692604541778564e-01
2.964825928211212158e-01
5.367137789726257324e-01
6.793392896652221680e-01
4.753648042678833008e-01
3.382509946823120117e-02
-3.532024621963500977e-01
-4.427253007888793945e-01
-3.505272269248962402e-01
-3.620678484439849854e-01
-6.984974145889282227e-01
-1.165559291839599609e+00
-1.355224847793579102e+00
-9.154135584831237793e-01
4.481226205825805664e-03
9.138720631599426270e-01
1.266509413719177246e+00
1.024685025215148926e+00
5.968121290206909180e-01
5.920007824897766113e-01
1.153382778167724609e+00
1.893898129463195801e+00
2.047566175460815430e+00
1.212725758552551270e+00
-4.190156757831573486e-01
-2.026442050933837891e+00
-2.871611356735229492e+00
-2.648344755172729492e+00
-1.761680841445922852e+00
-7.930870652198791504e-01
-2.068504840135574341e-01
4.885277897119522095e-02
1.764227151870727539e-01
3.914418518543243408e-01
5.684030652046203613e-01
5.893960595130920410e-01
4.014171063899993896e-01
3.036880791187286377e-01
5.175897479057312012e-01
1.084608793258666992e+00
1.557023286819458008e+00
1.491452455520629883e+00
6.631416082382202148e-01
-4.945047199726104736e-01
-1.346104264259338379e+00
-1.345990180969238281e+00
-6.615156531333923340e-01
1.320036947727203369e-01
3.040728569030761719e-01
