-6.992146372795104980e-01
-6.997355222702026367e-01
-1.202179193496704102e+00
-1.240637063980102539e+00
-7.397345304489135742e-01
-5.355733633041381836e-02
5.888561010360717773e-01
9.220873117446899414e-01
1.052840709686279297e+00
1.026818871498107910e+00
1.048909783363342285e+00
1.075638771057128906e+00
1.175940394401550293e+00
1.234532117843627930e+00
1.293480753898620605e+00
1.188838481903076172e+00
8.816959261894226074e-01
2.093895673751831055e-01
-6.721608638763427734e-01
-1.557106614112854004e+00
-1.977166891098022461e+00
-1.742277145385742188e+00
-8.354308605194091797e-01
2.629951238632202148e-01
1.088354825973510742e+00
1.211250901222229004e+00
7.372360229492187500e-01
-3.036162257194519043e-02
-5.784556865692138672e-01
-7.603155374526977539e-01
-6.369918584823608398e-01
-5.982350111007690430e-01
-8.155253529548645020e-01
-1.291973114013671875e+00
-1.637418746948242188e+00
-1.556030273437500000e+00
-8.786206245422363281e-01
9.084489196538925171e-02
9.446521997451782227e-01
1.232117056846618652e+00
9.172918796539306641e-01
1.998569369316101074e-01
-4.547712206840515137e-01
-7.800613045692443848e-01
-6.769937276840209961e-01
-3.853213191032409668e-01
-1.261572837829589844e-01
-9.483164548873901367e-02
-2.075818330049514771e-01
-3.330550193786621094e-01
-2.663401961326599121e-01
9.260781109333038330e-03
4.627945423126220703e-01
9.374797344207763672e-01
1.358614921569824219e+00
1.621427774429321289e+00
1.696101665496826172e+00
1.494837045669555664e+00
1.032721757888793945e+00
3.926848769187927246e-01
-1.445716917514801025e-01
-2.967547774314880371e-01
1.199309229850769043e-01
9.299795031547546387e-01
1.687497496604919434e+00
1.832017898559570312e+00
1.107768535614013672e+00
-2.680337429046630859e-01
-1.617356181144714355e+00
-2.234599590301513672e+00
-1.800930857658386230e+00
-6.657099723815917969e-01
3.685813546180725098e-01
5.207852125167846680e-01
-4.223182797431945801e-01
-1.946684241294860840e+00
-3.090137004852294922e+00
-3.054944992065429688e+00
-1.717051506042480469e+00
2.691279053688049316e-01
1.855760097503662109e+00
2.234229564666748047e+00
1.298510313034057617e+00
-3.067486584186553955e-01
-1.612263679504394531e+00
-1.882543206214904785e+00
-1.033911705017089844e+00
4.044726490974426270e-01
1.629358649253845215e+00
2.082594394683837891e+00
1.707552313804626465e+00
9.507290720939636230e-01
3.916599154472351074e-01
4.086008071899414062e-01
9.185947179794311523e-01
1.511616230010986328e+00
1.691033840179443359e+00
1.252795457839965820e+00
3.636961281299591064e-01
-4.993680119514465332e-01
-9.144188761711120605e-01
-7.282128334045410156e-01
-2.024932205677032471e-01
2.272964119911193848e-01
1.804698109626770020e-01
-3.651131689548492432e-01
-1.144748687744140625e+00
-1.743244767189025879e+00
-1.940318346023559570e+00
-1.764967560768127441e+00
-1.486387491226196289e+00
-1.307562232017517090e+00
-1.262525677680969238e+00
-1.141073942184448242e+00
-7.506461143493652344e-01
-4.340827465057373047e-02
7.358975410461425781e-01
1.260208129882812500e+00
1.269167304039001465e+00
7.994838356971740723e-01
8.257853984832763672e-02
-5.485929250717163086e-01
-9.062377810478210449e-01
-9.326196908950805664e-01
-7.040258049964904785e-01
-2.670385241508483887e-01
3.207522928714752197e-01
9.979584217071533203e-01
1.588636875152587891e+00
1.907255887985229492e+00
1.834370017051696777e+00
1.486057281494140625e+00
1.125176548957824707e+00
1.019940972328186035e+00
1.181723594665527344e+00
1.355622529983520508e+00
1.166832804679870605e+00
4.651512205600738525e-01
-5.199242830276489258e-01
-1.253559947013854980e+00
-1.282158136367797852e+00
-5.674346685409545898e-01
4.148262143135070801e-01
9.778892397880554199e-01
6.846812963485717773e-01
-3.275645971298217773e-01
-1.425029039382934570e+00
-1.909660339355468750e+00
-1.491836428642272949e+00
-4.987580776214599609e-01
3.757073581218719482e-01
5.366961956024169922e-01
-8.384037017822265625e-02
-1.027738571166992188e+00
-1.617528676986694336e+00
-1.466115474700927734e+00
-6.905928850173950195e-01
1.534873545169830322e-01
5.265647172927856445e-01
2.291561812162399292e-01
-4.198106229305267334e-01
-8.879251480102539062e-01
-7.465702295303344727e-01
-4.218364506959915161e-02
8.143018484115600586e-01
1.246708869934082031e+00
9.833085536956787109e-01
1.380010843276977539e-01
-7.757450342178344727e-01
-1.277123093605041504e+00
-1.101933121681213379e+00
-4.457160532474517822e-01
3.112534284591674805e-01
7.317596077919006348e-01
6.913875341415405273e-01
2.651433944702148438e-01
-2.392783761024475098e-01
-6.258901357650756836e-01
-7.360892891883850098e-01
-6.123997569084167480e-01
-2.412281632423400879e-01
2.912177145481109619e-01
9.623363018035888672e-01
1.563005805015563965e+00
1.930008769035339355e+00
1.847808241844177246e+00
1.396973252296447754e+00
7.487963438034057617e-01
2.593920230865478516e-01
2.562382817268371582e-02
1.628883183002471924e-02
-7.325948774814605713e-02
-3.206284344196319580e-01
-6.458891034126281738e-01
-6.138439178466796875e-01
-1.438744366168975830e-02
1.079715251922607422e+00
1.987863779067993164e+00
2.051709413528442383e+00
8.930388092994689941e-01
-9.613035917282104492e-01
-2.555334568023681641e+00
-2.843395233154296875e+00
-1.673611998558044434e+00
2.978937327861785889e-01
1.734848022460937500e+00
1.765987038612365723e+00
3.105467259883880615e-01
-1.595189213752746582e+00
-2.774893999099731445e+00
-2.426119565963745117e+00
-9.020414352416992188e-01
8.667625784873962402e-01
1.758000135421752930e+00
1.474728107452392578e+00
3.609462678432464600e-01
-6.608574390411376953e-01
