3.164821267127990723e-01
2.560732364654541016e-01
3.084311783313751221e-01
-1.548539251089096069e-01
-9.672037363052368164e-01
-1.505572795867919922e+00
-1.337563753128051758e+00
-3.501853942871093750e-01
8.800023198127746582e-01
1.650632143020629883e+00
1.386994957923889160e+00
2.714631259441375732e-01
-1.070165634155273438e+00
-1.763231873512268066e+00
-1.464509010314941406e+00
-3.556624352931976318e-01
8.148646354675292969e-01
1.455986022949218750e+00
1.311688899993896484e+00
7.638167142868041992e-01
3.106005787849426270e-01
3.759385347366333008e-01
8.433909416198730469e-01
1.353680133819580078e+00
1.405009508132934570e+00
8.823356628417968750e-01
-4.727292060852050781e-02
-8.834717869758605957e-01
-1.284657239913940430e+00
-1.105230212211608887e+00
-6.281242370605468750e-01
-2.063750326633453369e-01
-1.961043626070022583e-01
-5.820654034614562988e-01
-1.145494103431701660e+00
-1.458325028419494629e+00
-1.299315094947814941e+00
-6.641486287117004395e-01
9.042471647262573242e-02
6.049767732620239258e-01
6.285797357559204102e-01
3.180302679538726807e-01
1.808765530586242676e-02
1.426462233066558838e-01
7.667388319969177246e-01
1.663154959678649902e+00
2.326326608657836914e+00
2.397302389144897461e+00
1.781986355781555176e+00
7.878763675689697266e-01
-1.844069957733154297e-01
-7.988688945770263672e-01
-1.035077571868896484e+00
-1.033740043640136719e+00
-1.010340929031372070e+00
-1.005411386489868164e+00
-9.506922960281372070e-01
-6.989198923110961914e-01
-2.411637008190155029e-01
3.053589761257171631e-01
6.883332133293151855e-01
7.110862731933593750e-01
2.914248406887054443e-01
-4.320082664489746094e-01
-1.182981014251708984e+00
-1.600512981414794922e+00
-1.422182798385620117e+00
-5.897989273071289062e-01
6.402511596679687500e-01
1.790842056274414062e+00
2.340931892395019531e+00
2.022019147872924805e+00
9.627566933631896973e-01
-3.502120375633239746e-01
-1.359086751937866211e+00
-1.742786407470703125e+00
-1.569550633430480957e+00
-1.175080537796020508e+00
-8.806103467941284180e-01
-7.757487297058105469e-01
-7.192843556404113770e-01
-5.488017201423645020e-01
-2.693853080272674561e-01
-7.436412572860717773e-02
-1.326233148574829102e-01
-3.947364687919616699e-01
-5.623140335083007812e-01
-3.409891128540039062e-01
2.949290871620178223e-01
9.937530159950256348e-01
1.288806557655334473e+00
9.499765634536743164e-01
2.319447100162506104e-01
-3.166062235832214355e-01
-2.384041100740432739e-01
4.413987994194030762e-01
1.259956359863281250e+00
1.654835820198059082e+00
1.447274923324584961e+00
9.385887384414672852e-01
6.777724027633666992e-01
9.460178613662719727e-01
1.536988496780395508e+00
1.869073033332824707e+00
1.484770655632019043e+00
3.839994966983795166e-01
-9.286548495292663574e-01
-1.855259418487548828e+00
-2.082035303115844727e+00
-1.774084329605102539e+00
-1.324621677398681641e+00
-1.054641127586364746e+00
-9.823774099349975586e-01
-9.739662408828735352e-01
-9.343340396881103516e-01
-9.662152528762817383e-01
-1.194907903671264648e+00
-1.585322737693786621e+00
-1.830326795578002930e+00
-1.595940351486206055e+00
-8.065646290779113770e-01
1.792809665203094482e-01
8.195289373397827148e-01
7.794327139854431152e-01
2.425552010536193848e-01
-2.451269626617431641e-01
-2.005890607833862305e-01
3.633539080619812012e-01
9.561507701873779297e-01
1.014567852020263672e+00
4.299925863742828369e-01
-3.118745088577270508e-01
-4.694798290729522705e-01
3.482186794281005859e-01
1.835683465003967285e+00
3.163491487503051758e+00
3.556696653366088867e+00
2.818481206893920898e+00
1.401130795478820801e+00
1.829759031534194946e-02
-8.689533472061157227e-01
-1.253199338912963867e+00
-1.395933866500854492e+00
-1.435615658760070801e+00
-1.245504617691040039e+00
-6.002107858657836914e-01
4.428313374519348145e-01
1.433102607727050781e+00
1.737624406814575195e+00
1.060386300086975098e+00
-3.080962300300598145e-01
-1.592564225196838379e+00
-2.107722520828247070e+00
-1.681781888008117676e+00
-7.897477746009826660e-01
-1.055199503898620605e-01
-5.132969096302986145e-02
-4.811801910400390625e-01
-9.527083039283752441e-01
-1.070213794708251953e+00
-8.597701191902160645e-01
-5.965262651443481445e-01
-5.656104087829589844e-01
-6.939896345138549805e-01
-6.973741054534912109e-01
-2.760232686996459961e-01
4.850029945373535156e-01
1.228751420974731445e+00
1.487727761268615723e+00
1.144938707351684570e+00
4.030503630638122559e-01
-2.747689485549926758e-01
-6.163128614425659180e-01
-5.609135627746582031e-01
-3.128980696201324463e-01
3.305067121982574463e-02
4.558155238628387451e-01
1.079911708831787109e+00
1.808780193328857422e+00
2.416622400283813477e+00
2.522154808044433594e+00
2.042798757553100586e+00
1.165394067764282227e+00
4.050479531288146973e-01
8.034090697765350342e-02
2.350838929414749146e-01
4.545669257640838623e-01
3.703964948654174805e-01
-1.991843283176422119e-01
-9.330056905746459961e-01
-1.436235904693603516e+00
-1.384378194808959961e+00
-9.555537104606628418e-01
-4.981616437435150146e-01
-4.329325258731842041e-01
-7.297250628471374512e-01
-1.130325794219970703e+00
-1.163437128067016602e+00
-7.033749818801879883e-01
1.347427815198898315e-01
8.821033239364624023e-01
1.252408742904663086e+00
1.105735063552856445e+00
7.103254199028015137e-01
3.089421391487121582e-01
1.609388589859008789e-01
1.793344914913177490e-01
2.527745962142944336e-01
1.267648935317993164e-01
-1.982669234275817871e-01
-6.987655162811279297e-01
-1.105898141860961914e+00
-1.282171487808227539e+00
-1.042657971382141113e+00
-4.895856976509094238e-01
2.745702564716339111e-01
9.383537769317626953e-01
