3.143776655197143555e-01
3.412408828735351562e-01
3.388773202896118164e-01
1.887674331665039062e-01
-7.348054647445678711e-02
-3.424588441848754883e-01
-6.084414124488830566e-01
-7.977888584136962891e-01
-8.738815188407897949e-01
-7.185986042022705078e-01
-3.396513760089874268e-01
1.867504417896270752e-01
6.108036041259765625e-01
7.530322074890136719e-01
5.322917699813842773e-01
1.311424970626831055e-01
-2.170791029930114746e-01
-2.924278080463409424e-01
-1.150953769683837891e-01
1.900537312030792236e-01
4.251484274864196777e-01
5.541377067565917969e-01
6.003352999687194824e-01
6.401298642158508301e-01
6.050457954406738281e-01
4.012871980667114258e-01
-3.925800323486328125e-02
-5.428146719932556152e-01
-8.100844621658325195e-01
-5.485215783119201660e-01
2.052991688251495361e-01
1.091970682144165039e+00
1.556159138679504395e+00
1.269011259078979492e+00
3.035694956779479980e-01
-8.367546796798706055e-01
-1.594509720802307129e+00
-1.646450996398925781e+00
-1.106465578079223633e+00
-3.282168805599212646e-01
3.306876718997955322e-01
7.579655647277832031e-01
1.010716915130615234e+00
1.176390647888183594e+00
1.187171339988708496e+00
8.947640061378479004e-01
2.187919616699218750e-01
-6.686994433403015137e-01
-1.418074488639831543e+00
-1.699361801147460938e+00
-1.455312490463256836e+00
-9.214062094688415527e-01
-4.503919482231140137e-01
-2.338226437568664551e-01
-1.936124861240386963e-01
-9.365232288837432861e-02
1.955095827579498291e-01
5.496583580970764160e-01
6.683314442634582520e-01
3.496707081794738770e-01
-2.900210618972778320e-01
-8.518451452255249023e-01
-9.248074293136596680e-01
-4.143832921981811523e-01
3.742460608482360840e-01
9.285618066787719727e-01
9.165202379226684570e-01
4.087253510951995850e-01
-1.693845987319946289e-01
-3.833000063896179199e-01
-1.032959818840026855e-01
3.835206031799316406e-01
6.229592561721801758e-01
3.119282722473144531e-01
-4.438207447528839111e-01
-1.230396509170532227e+00
-1.580385923385620117e+00
-1.309519648551940918e+00
-5.825337767601013184e-01
1.866237819194793701e-01
6.416304111480712891e-01
6.418818235397338867e-01
3.380638360977172852e-01
6.080359220504760742e-03
-6.332427263259887695e-02
2.702436149120330811e-01
1.011140465736389160e+00
1.982091426849365234e+00
2.909679412841796875e+00
3.429322719573974609e+00
3.252784013748168945e+00
2.259303092956542969e+00
6.553447246551513672e-01
-1.115427732467651367e+00
-2.494112014770507812e+00
-3.120709657669067383e+00
-2.947645664215087891e+00
-2.281009435653686523e+00
-1.526201248168945312e+00
-1.000720620155334473e+00
-7.463557124137878418e-01
-6.360625028610229492e-01
-4.906504750251770020e-01
-2.884315550327301025e-01
-1.184516996145248413e-01
-1.169655025005340576e-01
-2.754817903041839600e-01
-4.567796885967254639e-01
-4.446138441562652588e-01
-1.572366654872894287e-01
3.212639689445495605e-01
7.450893521308898926e-01
9.272232651710510254e-01
8.250749111175537109e-01
5.998252034187316895e-01
4.389478266239166260e-01
4.514352381229400635e-01
5.495487451553344727e-01
5.810903310775756836e-01
4.272104501724243164e-01
1.486068964004516602e-01
-9.241139888763427734e-02
-1.291848421096801758e-01
4.086184501647949219e-02
2.824718654155731201e-01
3.952535390853881836e-01
2.935625612735748291e-01
3.303816914558410645e-02
-2.180511355400085449e-01
-3.394213318824768066e-01
-3.182362914085388184e-01
-2.480635941028594971e-01
-1.989086568355560303e-01
-1.601620465517044067e-01
-3.904312849044799805e-02
2.117362916469573975e-01
5.115894675254821777e-01
6.495059728622436523e-01
4.278004765510559082e-01
-1.852455139160156250e-01
-9.923862218856811523e-01
-1.670164942741394043e+00
-1.958914518356323242e+00
-1.806837439537048340e+00
-1.375215530395507812e+00
-8.836941123008728027e-01
-4.611452817916870117e-01
-6.817343831062316895e-02
4.060299992561340332e-01
1.012107133865356445e+00
1.630288839340209961e+00
2.032593727111816406e+00
2.002078056335449219e+00
1.509564042091369629e+00
7.258002758026123047e-01
-2.452057600021362305e-02
-4.508464336395263672e-01
-4.037585854530334473e-01
2.812132239341735840e-02
5.966548919677734375e-01
9.624222517013549805e-01
8.987153768539428711e-01
3.667779266834259033e-01
-3.827925324440002441e-01
-9.568455815315246582e-01
-9.653970599174499512e-01
-3.194520473480224609e-01
7.279827594757080078e-01
1.624537706375122070e+00
1.894415497779846191e+00
1.373295307159423828e+00
3.952124714851379395e-01
-4.921284317970275879e-01
-8.229309320449829102e-01
-6.056247949600219727e-01
-2.306639850139617920e-01
-2.469240427017211914e-01
-8.695346117019653320e-01
-1.887369990348815918e+00
-2.727312803268432617e+00
-2.951617717742919922e+00
-2.467897176742553711e+00
-1.645836114883422852e+00
-9.199540615081787109e-01
-5.527591705322265625e-01
-3.974540829658508301e-01
-1.963372230529785156e-01
2.357226312160491943e-01
7.313257455825805664e-01
1.022705912590026855e+00
9.221518635749816895e-01
6.437655687332153320e-01
5.720327496528625488e-01
1.050658345222473145e+00
1.940373420715332031e+00
2.761826515197753906e+00
2.899179220199584961e+00
2.172082424163818359e+00
8.758640885353088379e-01
-2.812382578849792480e-01
-7.778753042221069336e-01
-4.903275966644287109e-01
1.545700132846832275e-01
6.523671746253967285e-01
6.650389432907104492e-01
3.250441253185272217e-01
-7.388420403003692627e-02
-2.429569661617279053e-01
-2.436761260032653809e-01
-2.669594287872314453e-01
-5.401283502578735352e-01
-9.740346670150756836e-01
-1.338052511215209961e+00
-1.323774576187133789e+00
-9.173961877822875977e-01
-2.898897826671600342e-01
2.080947011709213257e-01
