8.100853562355041504e-01
8.378355503082275391e-01
4.721209704875946045e-01
3.818868696689605713e-01
6.900795102119445801e-01
1.210166096687316895e+00
1.540779352188110352e+00
1.378504991531372070e+00
7.526859045028686523e-01
5.029341205954551697e-02
-2.732138931751251221e-01
-1.488586980849504471e-02
5.872260928153991699e-01
1.031229376792907715e+00
8.837795853614807129e-01
1.042623445391654968e-01
-9.531244635581970215e-01
-1.776502966880798340e+00
-2.057374238967895508e+00
-1.839476943016052246e+00
-1.438783645629882812e+00
-1.160301446914672852e+00
-1.111416935920715332e+00
-1.178495287895202637e+00
-1.210533618927001953e+00
-1.157912373542785645e+00
-1.111478209495544434e+00
-1.151908993721008301e+00
-1.240121603012084961e+00
-1.195096373558044434e+00
-8.540691137313842773e-01
-2.132416069507598877e-01
5.169623494148254395e-01
1.068842172622680664e+00
1.284656643867492676e+00
1.230075120925903320e+00
1.088873744010925293e+00
1.004275441169738770e+00
9.505515694618225098e-01
8.042045235633850098e-01
4.845564961433410645e-01
9.390962123870849609e-02
-1.568223237991333008e-01
-1.086117103695869446e-01
1.625193953514099121e-01
3.931584656238555908e-01
3.010253608226776123e-01
-1.543719768524169922e-01
-7.392702698707580566e-01
-1.079256176948547363e+00
-9.461409449577331543e-01
-4.006932973861694336e-01
2.488329261541366577e-01
6.989620327949523926e-01
8.340987563133239746e-01
7.755966782569885254e-01
7.066805958747863770e-01
7.013511061668395996e-01
6.642283201217651367e-01
4.630546867847442627e-01
8.374067395925521851e-02
-2.985137403011322021e-01
-4.480462968349456787e-01
-2.507932186126708984e-01
1.783241331577301025e-01
5.861234664916992188e-01
7.724725008010864258e-01
7.378613352775573730e-01
6.441967487335205078e-01
6.437678933143615723e-01
7.068031430244445801e-01
6.321899890899658203e-01
2.147118151187896729e-01
-5.475916862487792969e-01
-1.406929016113281250e+00
-2.004079103469848633e+00
-2.114099740982055664e+00
-1.790163636207580566e+00
-1.308118700981140137e+00
-9.462634921073913574e-01
-7.978336215019226074e-01
-7.324092984199523926e-01
-5.410982966423034668e-01
-1.157789826393127441e-01
4.582765102386474609e-01
9.730335474014282227e-01
1.252189517021179199e+00
1.254088521003723145e+00
1.070679903030395508e+00
8.197029829025268555e-01
5.621712803840637207e-01
2.751741707324981689e-01
-7.687969505786895752e-02
-4.719371795654296875e-01
-7.958120703697204590e-01
-8.960313200950622559e-01
-6.545494198799133301e-01
-7.087634503841400146e-02
7.126839756965637207e-01
1.420038461685180664e+00
1.733315587043762207e+00
1.415811538696289062e+00
4.791044592857360840e-01
-7.619972229003906250e-01
-1.756777644157409668e+00
-1.990357160568237305e+00
-1.274610280990600586e+00
6.101368740200996399e-02
1.321473121643066406e+00
1.804926991462707520e+00
1.245573639869689941e+00
-3.840921819210052490e-02
-1.329130530357360840e+00
-1.997891902923583984e+00
-1.864102959632873535e+00
-1.276938080787658691e+00
-7.682456374168395996e-01
-6.550394892692565918e-01
-7.896862030029296875e-01
-7.613846659660339355e-01
-2.479140460491180420e-01
6.422364115715026855e-01
1.453056931495666504e+00
1.696805357933044434e+00
1.270015835762023926e+00
5.132255554199218750e-01
-1.954153180122375488e-02
-8.821255527436733246e-03
4.368359446525573730e-01
8.731205463409423828e-01
9.420366287231445312e-01
6.423589587211608887e-01
3.570770919322967529e-01
4.808197021484375000e-01
1.090405225753784180e+00
1.811052799224853516e+00
2.092169046401977539e+00
1.597749948501586914e+00
4.835150837898254395e-01
-7.372487187385559082e-01
-1.525771021842956543e+00
-1.701889872550964355e+00
-1.466288805007934570e+00
-1.201651096343994141e+00
-1.112152099609375000e+00
-1.118645548820495605e+00
-9.559423327445983887e-01
-4.886608123779296875e-01
1.526567339897155762e-01
6.269830465316772461e-01
6.805231571197509766e-01
3.396183550357818604e-01
-6.965116411447525024e-02
-1.924136430025100708e-01
1.034047231078147888e-01
5.854495763778686523e-01
8.536403179168701172e-01
6.046235561370849609e-01
-1.173717081546783447e-01
-9.818547964096069336e-01
-1.566140532493591309e+00
-1.647737145423889160e+00
-1.292620301246643066e+00
-7.997326254844665527e-01
-4.582765102386474609e-01
-4.105559587478637695e-01
-5.813452601432800293e-01
-7.977723479270935059e-01
-8.709765076637268066e-01
-7.099885940551757812e-01
-3.046396374702453613e-01
2.662304043769836426e-01
8.857398629188537598e-01
1.390266656875610352e+00
1.638303279876708984e+00
1.548926830291748047e+00
1.183212161064147949e+00
7.205250859260559082e-01
3.940773606300354004e-01
3.449478745460510254e-01
5.627226233482360840e-01
8.726917505264282227e-01
1.075274348258972168e+00
1.045870184898376465e+00
8.124744296073913574e-01
4.927039146423339844e-01
1.986007839441299438e-01
-5.145732685923576355e-02
-3.137059211730957031e-01
-6.422976851463317871e-01
-9.887770414352416992e-01
-1.200977206230163574e+00
-1.092794299125671387e+00
-5.856946110725402832e-01
2.246969938278198242e-01
1.069761037826538086e+00
1.648900985717773438e+00
1.762107133865356445e+00
1.424877882003784180e+00
8.436551094055175781e-01
3.157274425029754639e-01
6.615941971540451050e-02
1.393635869026184082e-01
3.652857542037963867e-01
4.585215449333190918e-01
1.737297326326370239e-01
-5.403631925582885742e-01
-1.476028919219970703e+00
-2.241395473480224609e+00
-2.462906837463378906e+00
-1.993481278419494629e+00
-1.009666204452514648e+00
5.574543774127960205e-02
7.389639616012573242e-01
7.965471744537353516e-01
3.247324824333190918e-01
-3.288368284702301025e-01
