-7.232068777084350586e-01
-7.416630983352661133e-01
2.803025245666503906e-01
1.391030550003051758e+00
2.043750762939453125e+00
1.958021879196166992e+00
1.367379188537597656e+00
7.484450340270996094e-01
4.991587996482849121e-01
5.813648700714111328e-01
6.650568246841430664e-01
4.029994010925292969e-01
-1.558706313371658325e-01
-6.230008602142333984e-01
-5.207719206809997559e-01
2.265443503856658936e-01
1.221844673156738281e+00
1.767642855644226074e+00
1.428325891494750977e+00
2.842338681221008301e-01
-1.071283578872680664e+00
-2.026979207992553711e+00
-2.320001840591430664e+00
-2.229504108428955078e+00
-2.204985380172729492e+00
-2.509211778640747070e+00
-2.890567541122436523e+00
-2.844236612319946289e+00
-1.964779257774353027e+00
-3.983724713325500488e-01
1.251565337181091309e+00
2.227638244628906250e+00
2.186106681823730469e+00
1.328849315643310547e+00
3.027832210063934326e-01
-3.423205018043518066e-01
-4.217642843723297119e-01
-2.458930909633636475e-01
-2.171076685190200806e-01
-5.487267374992370605e-01
-1.010988950729370117e+00
-1.196554183959960938e+00
-7.812267541885375977e-01
1.064202487468719482e-01
1.012521624565124512e+00
1.360629677772521973e+00
9.196447730064392090e-01
-1.223665177822113037e-01
-1.184240102767944336e+00
-1.726809501647949219e+00
-1.477108120918273926e+00
-6.403704285621643066e-01
3.342809677124023438e-01
9.423367977142333984e-01
9.797403216361999512e-01
5.271538496017456055e-01
-4.076855629682540894e-02
-3.569818735122680664e-01
-1.573309302330017090e-01
5.127803087234497070e-01
1.416035652160644531e+00
2.132109165191650391e+00
2.322895288467407227e+00
1.802391052246093750e+00
7.267884612083435059e-01
-5.225421190261840820e-01
-1.391958236694335938e+00
-1.485737085342407227e+00
-6.868838667869567871e-01
6.648408770561218262e-01
1.984808802604675293e+00
2.609944820404052734e+00
2.197805881500244141e+00
8.020410537719726562e-01
-1.060704588890075684e+00
-2.725053548812866211e+00
-3.578788518905639648e+00
-3.389383792877197266e+00
-2.284100055694580078e+00
-7.532638907432556152e-01
6.509422063827514648e-01
1.442269086837768555e+00
1.459202527999877930e+00
8.241490125656127930e-01
-5.381616950035095215e-02
-7.575915455818176270e-01
-9.893490672111511230e-01
-7.967124581336975098e-01
-4.468692243099212646e-01
-3.165208101272583008e-01
-5.399014949798583984e-01
-9.567050337791442871e-01
-1.118022084236145020e+00
-6.675635576248168945e-01
4.284284114837646484e-01
1.696730613708496094e+00
2.465888738632202148e+00
2.213423252105712891e+00
1.008405089378356934e+00
-5.383923053741455078e-01
-1.547216534614562988e+00
-1.464832544326782227e+00
-3.426520526409149170e-01
1.138757467269897461e+00
2.165119647979736328e+00
2.206845283508300781e+00
1.370950698852539062e+00
1.848682612180709839e-01
-7.111757993698120117e-01
-1.029481530189514160e+00
-8.667334318161010742e-01
-6.051048636436462402e-01
-5.319995284080505371e-01
-7.165628671646118164e-01
-9.547358751296997070e-01
-1.024819135665893555e+00
-7.876553535461425781e-01
-3.136765062808990479e-01
2.678001523017883301e-01
8.069671988487243652e-01
1.246812939643859863e+00
1.525548934936523438e+00
1.602485656738281250e+00
1.406756758689880371e+00
9.750701189041137695e-01
4.272867143154144287e-01
-2.022534608840942383e-04
-1.426455080509185791e-01
3.361845016479492188e-02
3.419044315814971924e-01
5.467741489410400391e-01
4.592967331409454346e-01
1.119121909141540527e-01
-3.306854069232940674e-01
-6.347155570983886719e-01
-7.012301087379455566e-01
-5.602273941040039062e-01
-3.764544725418090820e-01
-2.770109772682189941e-01
-3.283474743366241455e-01
-4.623638689517974854e-01
-5.955966711044311523e-01
-6.382930278778076172e-01
-5.822958946228027344e-01
-4.316841959953308105e-01
-2.271923869848251343e-01
2.536801993846893311e-02
2.967957854270935059e-01
5.621165633201599121e-01
7.373098731040954590e-01
7.501624822616577148e-01
5.391877889633178711e-01
1.525216549634933472e-01
-2.865521609783172607e-01
-5.708028674125671387e-01
-5.554653406143188477e-01
-2.148364484310150146e-01
2.675904631614685059e-01
6.178675889968872070e-01
5.824264287948608398e-01
1.423988640308380127e-01
-4.884940683841705322e-01
-9.303385615348815918e-01
-9.168047904968261719e-01
-4.357438087463378906e-01
2.195828855037689209e-01
6.854707002639770508e-01
7.472534775733947754e-01
5.114078521728515625e-01
2.685404121875762939e-01
2.778728008270263672e-01
5.077872276306152344e-01
6.882401704788208008e-01
5.074026584625244141e-01
-6.301373243331909180e-02
-7.174239158630371094e-01
-9.771144986152648926e-01
-5.883529186248779297e-01
2.748945951461791992e-01
1.045144319534301758e+00
1.165717840194702148e+00
4.456086158752441406e-01
-7.555372118949890137e-01
-1.785260915756225586e+00
-2.075124979019165039e+00
-1.515596747398376465e+00
-4.378095269203186035e-01
6.121600866317749023e-01
1.255960822105407715e+00
1.413738965988159180e+00
1.276550292968750000e+00
1.040300726890563965e+00
7.831655740737915039e-01
4.248868227005004883e-01
-9.850057959556579590e-02
-7.483881711959838867e-01
-1.326183319091796875e+00
-1.620058655738830566e+00
-1.491478681564331055e+00
-9.850425720214843750e-01
-2.582393884658813477e-01
4.432324469089508057e-01
9.067425131797790527e-01
9.572666287422180176e-01
5.681077241897583008e-01
-1.384586095809936523e-01
-8.431718945503234863e-01
-1.193474888801574707e+00
-9.402862787246704102e-01
-1.631143242120742798e-01
7.761901617050170898e-01
1.379920959472656250e+00
1.354652881622314453e+00
7.491233348846435547e-01
-4.814033210277557373e-02
-6.268227100372314453e-01
-7.812260389328002930e-01
