9.757252931594848633e-01
9.679926633834838867e-01
9.300846457481384277e-01
1.196681737899780273e+00
1.338411331176757812e+00
1.195575952529907227e+00
4.155199825763702393e-01
-6.638516187667846680e-01
-1.731119275093078613e+00
-2.070220232009887695e+00
-1.578315973281860352e+00
-3.206423521041870117e-01
9.021242856979370117e-01
1.566059589385986328e+00
1.204902887344360352e+00
2.255958318710327148e-01
-8.896578550338745117e-01
-1.425047874450683594e+00
-1.401924371719360352e+00
-1.043130993843078613e+00
-1.011620163917541504e+00
-1.392802476882934570e+00
-2.024194478988647461e+00
-2.166761159896850586e+00
-1.517501235008239746e+00
-9.032583236694335938e-02
1.300442099571228027e+00
1.976963520050048828e+00
1.482696294784545898e+00
3.014028966426849365e-01
-8.316045999526977539e-01
-1.063493371009826660e+00
-3.265503048896789551e-01
9.881607294082641602e-01
2.015655994415283203e+00
2.302505970001220703e+00
1.746518611907958984e+00
8.516934514045715332e-01
5.212205648422241211e-02
-3.050865530967712402e-01
-3.345626890659332275e-01
-1.812967061996459961e-01
-7.033776491880416870e-02
3.339651226997375488e-02
1.355026364326477051e-01
3.138650059700012207e-01
4.778799414634704590e-01
5.977879762649536133e-01
6.134037375450134277e-01
5.937118530273437500e-01
5.521098971366882324e-01
5.118858218193054199e-01
4.269070327281951904e-01
3.289628624916076660e-01
2.927316427230834961e-01
4.249178469181060791e-01
7.132170796394348145e-01
9.976922273635864258e-01
1.050397038459777832e+00
7.370551824569702148e-01
1.654555946588516235e-01
-4.125592708587646484e-01
-7.363494038581848145e-01
-7.810938358306884766e-01
-6.729857325553894043e-01
-6.221722960472106934e-01
-6.182030439376831055e-01
-5.543888807296752930e-01
-2.594056725502014160e-01
1.331743001937866211e-01
3.530549407005310059e-01
4.131114482879638672e-02
-7.285560369491577148e-01
-1.579864382743835449e+00
-1.859841465950012207e+00
-1.337966561317443848e+00
-2.231325507164001465e-01
7.130333185195922852e-01
9.270321726799011230e-01
2.770073413848876953e-01
-6.029491424560546875e-01
-1.049037814140319824e+00
-6.144276261329650879e-01
2.997435033321380615e-01
1.041293621063232422e+00
9.242697358131408691e-01
5.692616850137710571e-02
-1.069062590599060059e+00
-1.645381212234497070e+00
-1.471090316772460938e+00
-7.049722671508789062e-01
-7.822796702384948730e-03
3.473301231861114502e-01
2.791813015937805176e-01
1.932215988636016846e-01
1.731631159782409668e-01
2.236343473196029663e-01
-6.025964021682739258e-02
-6.866253018379211426e-01
-1.520269989967346191e+00
-1.944019794464111328e+00
-1.743129372596740723e+00
-9.305355548858642578e-01
-1.731443703174591064e-01
1.146098151803016663e-01
-2.891593575477600098e-01
-8.401904106140136719e-01
-1.069932818412780762e+00
-5.695715546607971191e-01
2.802352309226989746e-01
1.030974864959716797e+00
1.136010527610778809e+00
7.800948619842529297e-01
2.979906201362609863e-01
2.700634598731994629e-01
6.449024081230163574e-01
1.208664178848266602e+00
1.409948110580444336e+00
1.233945488929748535e+00
8.172435164451599121e-01
6.819561123847961426e-01
8.754742741584777832e-01
1.285313367843627930e+00
1.358455896377563477e+00
9.472749829292297363e-01
8.760372549295425415e-02
-6.664590835571289062e-01
-1.049993753433227539e+00
-9.504248499870300293e-01
-8.212378025054931641e-01
-9.417028427124023438e-01
-1.476913213729858398e+00
-1.988511681556701660e+00
-2.078388452529907227e+00
-1.387549638748168945e+00
-1.958261281251907349e-01
1.046310901641845703e+00
1.691938161849975586e+00
1.565264821052551270e+00
7.266027927398681641e-01
-3.319056630134582520e-01
-1.233428478240966797e+00
-1.593120336532592773e+00
-1.378077745437622070e+00
-6.292885541915893555e-01
3.091948032379150391e-01
1.115860223770141602e+00
1.385593771934509277e+00
1.031581640243530273e+00
1.831181645393371582e-01
-6.887679696083068848e-01
-1.198817968368530273e+00
-1.155818700790405273e+00
-8.089347481727600098e-01
-5.409479141235351562e-01
-6.706671714782714844e-01
-1.123866200447082520e+00
-1.576615571975708008e+00
-1.664480209350585938e+00
-1.320320248603820801e+00
-7.640967369079589844e-01
-3.093819916248321533e-01
-6.618802249431610107e-02
1.436600387096405029e-01
5.611559152603149414e-01
1.218883752822875977e+00
1.775454282760620117e+00
1.799745321273803711e+00
1.088384151458740234e+00
1.872707158327102661e-02
-7.325263619422912598e-01
-5.493313074111938477e-01
5.079948306083679199e-01
1.814693331718444824e+00
2.439919948577880859e+00
1.980321407318115234e+00
7.003965377807617188e-01
-4.427912533283233643e-01
-6.835457682609558105e-01
2.182699739933013916e-01
1.572943925857543945e+00
2.505358695983886719e+00
2.335460662841796875e+00
1.335144042968750000e+00
2.438060045242309570e-01
1.949477195739746094e-02
8.388388156890869141e-01
2.286944150924682617e+00
3.309570312500000000e+00
3.289252042770385742e+00
2.095169782638549805e+00
5.198364853858947754e-01
-6.650319099426269531e-01
-8.379970788955688477e-01
-3.214579522609710693e-01
3.133317530155181885e-01
2.626727223396301270e-01
-4.874005019664764404e-01
-1.591850876808166504e+00
-2.142275094985961914e+00
-1.782915592193603516e+00
-5.069253444671630859e-01
8.324908018112182617e-01
1.587110638618469238e+00
1.245432376861572266e+00
2.806135416030883789e-01
-7.146856784820556641e-01
-9.348163604736328125e-01
-4.710853099822998047e-01
2.956310212612152100e-01
4.310357570648193359e-01
-3.055117130279541016e-01
-1.800606489181518555e+00
-3.044131278991699219e+00
-3.352274894714355469e+00
-2.227128744125366211e+00
-2.651474475860595703e-01
