-9.715886712074279785e-01
-9.551783204078674316e-01
9.764684438705444336e-01
2.051008462905883789e+00
1.828607201576232910e+00
7.426315546035766602e-01
-1.865383982658386230e-01
-1.850271224975585938e-01
7.480039000511169434e-01
1.843898296356201172e+00
2.257392406463623047e+00
1.689041852951049805e+00
6.187235713005065918e-01
-1.911412477493286133e-01
-2.885348200798034668e-01
1.038950532674789429e-01
4.168092310428619385e-01
2.490513920783996582e-01
-2.282630205154418945e-01
-4.952982962131500244e-01
-1.625782847404479980e-01
5.915446281433105469e-01
1.168445110321044922e+00
1.016437292098999023e+00
1.452655196189880371e-01
-9.017264842987060547e-01
-1.461360454559326172e+00
-1.320524454116821289e+00
-8.246797919273376465e-01
-5.691912174224853516e-01
-8.346604108810424805e-01
-1.387608528137207031e+00
-1.696114778518676758e+00
-1.470917940139770508e+00
-9.281984567642211914e-01
-6.434140801429748535e-01
-1.013810276985168457e+00
-1.901878237724304199e+00
-2.682763814926147461e+00
-2.756395816802978516e+00
-2.008334636688232422e+00
-9.208081960678100586e-01
-1.589995920658111572e-01
-7.219552993774414062e-02
-4.307191967964172363e-01
-6.817198395729064941e-01
-4.149227440357208252e-01
2.862488925457000732e-01
9.465969204902648926e-01
1.087655186653137207e+00
6.343624591827392578e-01
-4.027473926544189453e-02
-3.884251713752746582e-01
-1.017935052514076233e-01
6.915280818939208984e-01
1.516387224197387695e+00
1.875676751136779785e+00
1.531329393386840820e+00
6.281892061233520508e-01
-4.072116315364837646e-01
-1.068264842033386230e+00
-1.007760167121887207e+00
-1.992821693420410156e-01
1.006773591041564941e+00
2.011525630950927734e+00
2.247674465179443359e+00
1.506656646728515625e+00
1.045783758163452148e-01
-1.258299350738525391e+00
-1.905146360397338867e+00
-1.602652430534362793e+00
-6.937881708145141602e-01
1.629684120416641235e-01
4.696642160415649414e-01
2.119938135147094727e-01
-2.061633467674255371e-01
-3.550404012203216553e-01
-1.507156044244766235e-01
9.506187587976455688e-02
-4.499420523643493652e-03
-5.337420105934143066e-01
-1.153625249862670898e+00
-1.383907437324523926e+00
-1.006941795349121094e+00
-2.604762911796569824e-01
3.849882185459136963e-01
6.415233612060546875e-01
6.566851139068603516e-01
8.378363251686096191e-01
1.418253540992736816e+00
2.136774063110351562e+00
2.379177808761596680e+00
1.678373813629150391e+00
1.844819486141204834e-01
-1.342728137969970703e+00
-2.033204555511474609e+00
-1.551460504531860352e+00
-3.392993211746215820e-01
7.063301801681518555e-01
9.067904353141784668e-01
2.574735879898071289e-01
-6.350343227386474609e-01
-1.079540491104125977e+00
-8.072881698608398438e-01
-9.722767770290374756e-02
5.524086952209472656e-01
8.474509716033935547e-01
8.699534535408020020e-01
8.679143190383911133e-01
9.364075660705566406e-01
8.993071317672729492e-01
5.239377617835998535e-01
-1.653213798999786377e-01
-7.863994836807250977e-01
-8.670059442520141602e-01
-2.449087798595428467e-01
7.316180467605590820e-01
1.428286075592041016e+00
1.388207912445068359e+00
6.726627349853515625e-01
-2.177570164203643799e-01
-7.480500340461730957e-01
-7.477868795394897461e-01
-4.641560316085815430e-01
-2.605705261230468750e-01
-2.552974522113800049e-01
-2.305070161819458008e-01
1.015225797891616821e-01
7.414981722831726074e-01
1.289248228073120117e+00
1.221231222152709961e+00
3.313467204570770264e-01
-1.023767232894897461e+00
-2.119114875793457031e+00
-2.335574865341186523e+00
-1.585570335388183594e+00
-3.392244577407836914e-01
7.114834785461425781e-01
1.118874311447143555e+00
8.954391479492187500e-01
4.160301089286804199e-01
8.947944641113281250e-02
1.196217536926269531e-01
4.400298297405242920e-01
8.480443954467773438e-01
1.124596834182739258e+00
1.124265789985656738e+00
7.699212431907653809e-01
1.105194687843322754e-01
-6.583620309829711914e-01
-1.187999963760375977e+00
-1.153071761131286621e+00
-4.491541385650634766e-01
6.474829912185668945e-01
1.622324705123901367e+00
2.007392406463623047e+00
1.721110463142395020e+00
1.089571475982666016e+00
6.231167316436767578e-01
6.048645377159118652e-01
9.207273721694946289e-01
1.155772924423217773e+00
9.823022484779357910e-01
4.072045087814331055e-01
-2.011723220348358154e-01
-4.441733956336975098e-01
-1.766448616981506348e-01
3.461256027221679688e-01
6.979753971099853516e-01
5.463396310806274414e-01
-1.106179952621459961e-01
-1.031720042228698730e+00
-1.879225850105285645e+00
-2.442418813705444336e+00
-2.630746603012084961e+00
-2.468680620193481445e+00
-1.999216794967651367e+00
-1.349352002143859863e+00
-6.973519921302795410e-01
-2.786230444908142090e-01
-2.056007981300354004e-01
-4.290425777435302734e-01
-7.215774655342102051e-01
-9.054422378540039062e-01
-9.469193220138549805e-01
-1.000203967094421387e+00
-1.151455283164978027e+00
-1.293570995330810547e+00
-1.085068583488464355e+00
-2.859880328178405762e-01
9.918736219406127930e-01
2.162053108215332031e+00
2.549459695816040039e+00
1.821087002754211426e+00
3.466427028179168701e-01
-1.049226760864257812e+00
-1.571459293365478516e+00
-1.045580029487609863e+00
5.476415157318115234e-02
9.449774026870727539e-01
1.175833582878112793e+00
8.608589768409729004e-01
5.527696013450622559e-01
6.669817566871643066e-01
1.177956700325012207e+00
1.594598293304443359e+00
1.448193311691284180e+00
6.389845609664916992e-01
-4.109995067119598389e-01
-1.140297174453735352e+00
-1.198585510253906250e+00
-7.225317955017089844e-01
-1.128132045269012451e-01
2.271501421928405762e-01
2.027231454849243164e-01
-7.259637117385864258e-02
-3.924661278724670410e-01
