5.456161499023437500e-01
5.204855203628540039e-01
6.441336870193481445e-01
5.310492515563964844e-01
2.707132101058959961e-01
6.675899028778076172e-03
-2.504349872469902039e-02
2.524846196174621582e-01
7.478188872337341309e-01
1.103157043457031250e+00
9.851061105728149414e-01
2.497315406799316406e-01
-8.015490174293518066e-01
-1.630599737167358398e+00
-1.709984064102172852e+00
-9.678947925567626953e-01
2.122954130172729492e-01
1.156559944152832031e+00
1.419857978820800781e+00
9.905279874801635742e-01
3.014033436775207520e-01
-2.025022506713867188e-01
-3.475611209869384766e-01
-3.723120391368865967e-01
-5.914102792739868164e-01
-1.112932682037353516e+00
-1.632927656173706055e+00
-1.719247460365295410e+00
-1.136154770851135254e+00
-1.407950520515441895e-01
7.057794332504272461e-01
8.895177841186523438e-01
3.582548201084136963e-01
-4.954603612422943115e-01
-1.100958943367004395e+00
-1.160625100135803223e+00
-7.838021516799926758e-01
-3.644600510597229004e-01
-1.989785879850387573e-01
-2.987148165702819824e-01
-4.243961572647094727e-01
-3.777289688587188721e-01
-1.819661557674407959e-01
-6.766432523727416992e-02
-2.096776962280273438e-01
-5.353141427040100098e-01
-7.296370267868041992e-01
-5.080439448356628418e-01
1.249154806137084961e-01
8.223536610603332520e-01
1.143998622894287109e+00
8.967015147209167480e-01
2.951009571552276611e-01
-1.910586357116699219e-01
-1.985818147659301758e-01
2.520975172519683838e-01
7.691294550895690918e-01
9.030463099479675293e-01
4.849024415016174316e-01
-2.295676469802856445e-01
-7.612297534942626953e-01
-7.479361891746520996e-01
-2.305756807327270508e-01
4.003279805183410645e-01
6.616144776344299316e-01
3.562073111534118652e-01
-2.977871596813201904e-01
-7.612091898918151855e-01
-5.496181249618530273e-01
4.716188311576843262e-01
1.928372979164123535e+00
3.144808053970336914e+00
3.466085433959960938e+00
2.660346984863281250e+00
1.024184942245483398e+00
-7.192852497100830078e-01
-1.844183206558227539e+00
-1.962026596069335938e+00
-1.260096669197082520e+00
-3.138377070426940918e-01
2.291863858699798584e-01
8.751893043518066406e-02
-5.634424686431884766e-01
-1.193346023559570312e+00
-1.345448851585388184e+00
-8.850312829017639160e-01
-1.225345209240913391e-01
4.685945212841033936e-01
5.132128596305847168e-01
1.001770794391632080e-02
-7.611919641494750977e-01
-1.381489753723144531e+00
-1.581550598144531250e+00
-1.266567468643188477e+00
-5.401799678802490234e-01
4.551700651645660400e-01
1.506794810295104980e+00
2.390384197235107422e+00
2.806493282318115234e+00
2.553866863250732422e+00
1.612257838249206543e+00
3.009363412857055664e-01
-8.944355249404907227e-01
-1.512746810913085938e+00
-1.456221938133239746e+00
-9.942622184753417969e-01
-6.292957067489624023e-01
-6.883060932159423828e-01
-1.136684179306030273e+00
-1.544688820838928223e+00
-1.451973915100097656e+00
-6.614019870758056641e-01
5.337705612182617188e-01
1.569505929946899414e+00
1.915472269058227539e+00
1.468574047088623047e+00
5.606703758239746094e-01
-2.153643965721130371e-01
-4.421436786651611328e-01
-7.866823673248291016e-02
5.001820325851440430e-01
8.418558239936828613e-01
7.014044523239135742e-01
2.594969868659973145e-01
-5.797300860285758972e-02
1.310686022043228149e-01
8.120874762535095215e-01
1.573334693908691406e+00
1.832626104354858398e+00
1.294584512710571289e+00
1.804015040397644043e-01
-8.356711864471435547e-01
-1.094134926795959473e+00
-4.005372524261474609e-01
7.694985866546630859e-01
1.587204933166503906e+00
1.428895473480224609e+00
3.658822476863861084e-01
-8.681974411010742188e-01
-1.371401071548461914e+00
-7.588790655136108398e-01
5.248853564262390137e-01
1.471925854682922363e+00
1.234381675720214844e+00
-2.456078231334686279e-01
-2.138762235641479492e+00
-3.272640705108642578e+00
-2.917965412139892578e+00
-1.269108295440673828e+00
7.098797559738159180e-01
1.950133442878723145e+00
1.939653396606445312e+00
9.556799530982971191e-01
-2.740562856197357178e-01
-1.112125158309936523e+00
-1.389562487602233887e+00
-1.320594668388366699e+00
-1.182130336761474609e+00
-1.004661202430725098e+00
-6.290019154548645020e-01
6.171122193336486816e-02
8.733100891113281250e-01
1.389408588409423828e+00
1.232573270797729492e+00
4.178398847579956055e-01
-6.543389558792114258e-01
-1.418292999267578125e+00
-1.561439514160156250e+00
-1.150705695152282715e+00
-5.562772154808044434e-01
-9.011454880237579346e-02
1.510545909404754639e-01
3.216330409049987793e-01
5.563825368881225586e-01
8.650544881820678711e-01
1.073840618133544922e+00
1.068888306617736816e+00
8.665155172348022461e-01
6.736913919448852539e-01
6.386885046958923340e-01
7.813529372215270996e-01
9.083408713340759277e-01
8.594364523887634277e-01
5.772079825401306152e-01
2.190205752849578857e-01
-7.550968229770660400e-02
-2.390232384204864502e-01
-3.936467766761779785e-01
-6.180390119552612305e-01
-9.087771773338317871e-01
-1.068376302719116211e+00
-9.737396240234375000e-01
-6.398659944534301758e-01
-3.414462804794311523e-01
-3.108134865760803223e-01
-6.199961900711059570e-01
-1.004074335098266602e+00
-1.169220089912414551e+00
-9.610943794250488281e-01
-6.141752004623413086e-01
-4.629303812980651855e-01
-7.322678565979003906e-01
-1.204881787300109863e+00
-1.475697636604309082e+00
-1.195082664489746094e+00
-5.097817182540893555e-01
1.156001091003417969e-01
1.683021783828735352e-01
-3.377749025821685791e-01
-9.019849300384521484e-01
-7.776354551315307617e-01
3.138796687126159668e-01
1.984843730926513672e+00
3.256970405578613281e+00
3.319897651672363281e+00
1.983060002326965332e+00
-7.187110185623168945e-02
