-9.818995594978332520e-01
-1.029794692993164062e+00
-4.128416776657104492e-01
-7.543575763702392578e-02
9.807261824607849121e-02
2.613302469253540039e-01
7.912356853485107422e-01
1.469078063964843750e+00
1.953223347663879395e+00
1.651103734970092773e+00
6.519262790679931641e-01
-6.023659110069274902e-01
-1.198226571083068848e+00
-7.967262268066406250e-01
4.498735368251800537e-01
1.615576028823852539e+00
2.028465509414672852e+00
1.387439250946044922e+00
2.857149541378021240e-01
-6.298139095306396484e-01
-8.152914643287658691e-01
-5.136551856994628906e-01
-1.331752240657806396e-01
-1.796742081642150879e-01
-5.425696969032287598e-01
-9.666973948478698730e-01
-1.029964685440063477e+00
-8.031121492385864258e-01
-4.519453644752502441e-01
-3.075429797172546387e-01
-2.639044523239135742e-01
-1.623383462429046631e-01
2.616956233978271484e-01
8.028236627578735352e-01
1.149259567260742188e+00
8.917108178138732910e-01
1.496152281761169434e-01
-7.113854885101318359e-01
-1.111154317855834961e+00
-9.372419118881225586e-01
-4.198943078517913818e-01
-1.504894495010375977e-01
-4.030519127845764160e-01
-1.120149850845336914e+00
-1.775462746620178223e+00
-1.967453360557556152e+00
-1.517796993255615234e+00
-7.228800058364868164e-01
6.907415390014648438e-02
5.321821570396423340e-01
6.499709486961364746e-01
4.562948048114776611e-01
8.241927623748779297e-02
-4.259334206581115723e-01
-8.925877809524536133e-01
-1.130781054496765137e+00
-9.345080256462097168e-01
-3.747331500053405762e-01
2.593860328197479248e-01
5.425711274147033691e-01
3.252951800823211670e-01
-1.837415397167205811e-01
-4.906115829944610596e-01
-2.772668600082397461e-01
3.529483377933502197e-01
8.866948485374450684e-01
8.508862257003784180e-01
1.972490698099136353e-01
-6.025325655937194824e-01
-9.559477567672729492e-01
-6.455571651458740234e-01
-3.642100095748901367e-02
2.271438837051391602e-01
-1.982890367507934570e-01
-1.021376252174377441e+00
-1.485443711280822754e+00
-9.966267943382263184e-01
3.941495716571807861e-01
1.950594425201416016e+00
2.834840297698974609e+00
2.687873363494873047e+00
1.907046079635620117e+00
1.216103315353393555e+00
1.109590172767639160e+00
1.414763212203979492e+00
1.571109533309936523e+00
1.102768659591674805e+00
1.454135775566101074e-01
-7.167775034904479980e-01
-8.436257839202880859e-01
-1.595280617475509644e-01
8.803645968437194824e-01
1.554712057113647461e+00
1.522102594375610352e+00
9.210809469223022461e-01
2.853015065193176270e-01
-3.257423639297485352e-02
1.343607902526855469e-02
1.204499006271362305e-01
1.028615385293960571e-01
-3.973901271820068359e-02
-5.882626771926879883e-02
1.004762351512908936e-01
2.788710296154022217e-01
7.408010959625244141e-02
-6.590560674667358398e-01
-1.723626852035522461e+00
-2.527676105499267578e+00
-2.633430004119873047e+00
-1.967890024185180664e+00
-1.015136361122131348e+00
-3.272284865379333496e-01
-2.541325390338897705e-01
-6.035448312759399414e-01
-9.778057336807250977e-01
-9.948980212211608887e-01
-6.844915747642517090e-01
-2.662360668182373047e-01
-3.267967700958251953e-02
2.459806203842163086e-02
4.779171943664550781e-02
2.453089654445648193e-01
5.620286464691162109e-01
8.331711888313293457e-01
8.367727994918823242e-01
6.152179241180419922e-01
3.485801815986633301e-01
3.045567572116851807e-01
5.121784210205078125e-01
8.327056765556335449e-01
9.800865650177001953e-01
8.271020054817199707e-01
3.998006582260131836e-01
-7.338431477546691895e-02
-3.859870433807373047e-01
-3.604983389377593994e-01
4.090636968612670898e-02
7.980160713195800781e-01
1.738565683364868164e+00
2.591522932052612305e+00
2.992358922958374023e+00
2.719272613525390625e+00
1.829098463058471680e+00
7.231960296630859375e-01
-9.982932358980178833e-02
-3.528902232646942139e-01
-1.794993281364440918e-01
-2.202877402305603027e-02
-2.500069439411163330e-01
-8.349097371101379395e-01
-1.344400405883789062e+00
-1.309625864028930664e+00
-6.268158555030822754e-01
2.847708463668823242e-01
8.205691576004028320e-01
6.366722583770751953e-01
-3.168467804789543152e-02
-6.197947263717651367e-01
-6.689246892929077148e-01
-2.824501693248748779e-01
3.679144382476806641e-02
-2.254576981067657471e-01
-1.011479973793029785e+00
-1.763026356697082520e+00
-1.760760545730590820e+00
-8.480837345123291016e-01
4.747250080108642578e-01
1.266693115234375000e+00
9.753512144088745117e-01
-2.573598027229309082e-01
-1.548224210739135742e+00
-2.071267604827880859e+00
-1.497853755950927734e+00
-3.571692109107971191e-01
5.646666288375854492e-01
6.319198608398437500e-01
-4.825478792190551758e-02
-9.833844900131225586e-01
-1.499795436859130859e+00
-1.399688482284545898e+00
-7.783522605895996094e-01
-7.658812403678894043e-02
4.674351811408996582e-01
6.421982049942016602e-01
5.091489553451538086e-01
2.082175016403198242e-02
-6.419517397880554199e-01
-1.322071313858032227e+00
-1.594310164451599121e+00
-1.303969621658325195e+00
-4.629672169685363770e-01
3.487975597381591797e-01
6.187532544136047363e-01
-3.745482861995697021e-02
-1.233533024787902832e+00
-2.335876226425170898e+00
-2.552868843078613281e+00
-1.798293232917785645e+00
-3.927213847637176514e-01
8.550359010696411133e-01
1.558006644248962402e+00
1.612699270248413086e+00
1.500938653945922852e+00
1.478693842887878418e+00
1.714096546173095703e+00
1.855812072753906250e+00
1.761703252792358398e+00
1.303672194480895996e+00
8.517149686813354492e-01
5.793457031250000000e-01
6.745977401733398438e-01
8.085259795188903809e-01
7.949814200401306152e-01
3.483884632587432861e-01
-3.245402872562408447e-01
-1.122700929641723633e+00
-1.739385366439819336e+00
