1.497155427932739258e+00
1.478696703910827637e+00
7.593176364898681641e-01
2.232131361961364746e-02
-5.635406970977783203e-01
-8.135240077972412109e-01
-8.488566279411315918e-01
-6.838143467903137207e-01
-4.846430718898773193e-01
-2.606925964355468750e-01
-2.299076616764068604e-01
-4.843598306179046631e-01
-1.185611963272094727e+00
-2.108275413513183594e+00
-2.922282218933105469e+00
-3.057394027709960938e+00
-2.304293632507324219e+00
-7.390423417091369629e-01
1.008768081665039062e+00
2.347236156463623047e+00
2.811354875564575195e+00
2.555644512176513672e+00
1.954750061035156250e+00
1.530846714973449707e+00
1.362936854362487793e+00
1.282289743423461914e+00
8.571902513504028320e-01
-1.007819175720214844e-02
-1.139140009880065918e+00
-1.948726058006286621e+00
-2.036652088165283203e+00
-1.263200163841247559e+00
-4.349192976951599121e-02
1.100456237792968750e+00
1.678547859191894531e+00
1.672957539558410645e+00
1.308049201965332031e+00
9.983265995979309082e-01
8.935075998306274414e-01
9.592517018318176270e-01
9.109634757041931152e-01
6.143238544464111328e-01
8.141595125198364258e-02
-3.934584856033325195e-01
-5.741842985153198242e-01
-3.528677225112915039e-01
3.208197653293609619e-02
2.479768991470336914e-01
1.997634768486022949e-03
-6.247256398200988770e-01
-1.276915550231933594e+00
-1.445578813552856445e+00
-9.159044027328491211e-01
1.077064797282218933e-01
9.936269521713256836e-01
1.134049415588378906e+00
3.097448647022247314e-01
-1.042564868927001953e+00
-2.112990617752075195e+00
-2.193546056747436523e+00
-1.206495761871337891e+00
2.520062327384948730e-01
1.279846191406250000e+00
1.337078332901000977e+00
6.049175858497619629e-01
-1.471177935600280762e-01
-1.840656846761703491e-01
5.986542701721191406e-01
1.548048019409179688e+00
1.740528225898742676e+00
7.419679760932922363e-01
-9.808766841888427734e-01
-2.300959348678588867e+00
-2.251759052276611328e+00
-7.406495809555053711e-01
1.296920537948608398e+00
2.560948133468627930e+00
2.256942272186279297e+00
6.812679767608642578e-01
-1.078253746032714844e+00
-1.896090507507324219e+00
-1.447378635406494141e+00
-2.944642007350921631e-01
5.723929405212402344e-01
5.766373276710510254e-01
-1.234122961759567261e-01
-7.890377640724182129e-01
-8.231369256973266602e-01
-1.652573347091674805e-01
6.381095647811889648e-01
1.005437374114990234e+00
6.977631449699401855e-01
2.901297062635421753e-02
-5.584271550178527832e-01
-7.889479398727416992e-01
-7.986108660697937012e-01
-7.856010198593139648e-01
-8.067140579223632812e-01
-5.839167833328247070e-01
8.575204014778137207e-02
1.087703108787536621e+00
1.794139742851257324e+00
1.573197841644287109e+00
2.255116999149322510e-01
-1.617794990539550781e+00
-2.943610191345214844e+00
-2.921112775802612305e+00
-1.613725066184997559e+00
1.904567480087280273e-01
1.444421768188476562e+00
1.705274224281311035e+00
1.259601831436157227e+00
8.879522085189819336e-01
1.038443326950073242e+00
1.554734110832214355e+00
1.730242013931274414e+00
1.075032711029052734e+00
-3.115452229976654053e-01
-1.645144224166870117e+00
-2.156553983688354492e+00
-1.585049986839294434e+00
-4.723256826400756836e-01
3.865986466407775879e-01
4.639849066734313965e-01
-3.156328201293945312e-02
-5.124570727348327637e-01
-4.593820273876190186e-01
3.768151998519897461e-02
4.834266901016235352e-01
3.532174229621887207e-01
-3.306953310966491699e-01
-1.091417789459228516e+00
-1.314753770828247070e+00
-8.605024814605712891e-01
-9.653672575950622559e-02
3.404648005962371826e-01
1.689647436141967773e-01
-3.746322691440582275e-01
-6.777286529541015625e-01
-3.498799800872802734e-01
4.990118145942687988e-01
1.286526083946228027e+00
1.491833686828613281e+00
1.022773504257202148e+00
3.103949129581451416e-01
-1.210032701492309570e-01
-5.392044782638549805e-02
2.441543638706207275e-01
3.374215364456176758e-01
1.987558603286743164e-02
-4.637058973312377930e-01
-6.586520671844482422e-01
-3.230538070201873779e-01
2.928544580936431885e-01
6.174489855766296387e-01
2.256419062614440918e-01
-7.788398265838623047e-01
-1.780194044113159180e+00
-2.105748414993286133e+00
-1.509952187538146973e+00
-3.678649365901947021e-01
6.497417688369750977e-01
1.048505067825317383e+00
8.705134987831115723e-01
5.311876535415649414e-01
4.661238193511962891e-01
7.080696821212768555e-01
9.548284411430358887e-01
8.122003078460693359e-01
2.429903745651245117e-01
-4.462819695472717285e-01
-7.715776562690734863e-01
-5.584077835083007812e-01
2.880990505218505859e-03
4.216728508472442627e-01
4.123657345771789551e-01
2.174302935600280762e-02
-3.129629194736480713e-01
-2.525590360164642334e-01
2.714147567749023438e-01
8.666837215423583984e-01
1.120691299438476562e+00
7.970270514488220215e-01
1.632820367813110352e-01
-3.653813600540161133e-01
-4.007151126861572266e-01
-3.373885154724121094e-02
4.075428843498229980e-01
4.549265801906585693e-01
3.161545842885971069e-02
-6.604992747306823730e-01
-1.105971217155456543e+00
-1.022636532783508301e+00
-3.502587676048278809e-01
5.338850021362304688e-01
1.280996203422546387e+00
1.571144819259643555e+00
1.478154420852661133e+00
1.138111114501953125e+00
8.463354706764221191e-01
6.540098786354064941e-01
6.121983528137207031e-01
5.586048960685729980e-01
4.754669070243835449e-01
2.548210322856903076e-01
-1.299387216567993164e-02
-3.508783876895904541e-01
-6.202587485313415527e-01
-8.379263281822204590e-01
-8.990230560302734375e-01
-9.021148681640625000e-01
-8.286316990852355957e-01
-8.158152103424072266e-01
-7.795097827911376953e-01
-7.191701531410217285e-01
-4.428723454475402832e-01
5.314022302627563477e-03
