-7.102583646774291992e-01
-7.036775946617126465e-01
-1.327111244201660156e+00
-1.530858516693115234e+00
-1.036947607994079590e+00
-2.805732190608978271e-02
1.122088789939880371e+00
1.865403771400451660e+00
1.990539431571960449e+00
1.545856356620788574e+00
9.663961529731750488e-01
5.847656130790710449e-01
5.930297374725341797e-01
7.539257407188415527e-01
7.772388458251953125e-01
3.710708320140838623e-01
-3.644391000270843506e-01
-1.178254485130310059e+00
-1.665890693664550781e+00
-1.707772612571716309e+00
-1.347567677497863770e+00
-9.025275111198425293e-01
-5.646663308143615723e-01
-4.636089801788330078e-01
-4.729444086551666260e-01
-5.234985947608947754e-01
-5.211520195007324219e-01
-5.524231791496276855e-01
-6.082827448844909668e-01
-6.843945980072021484e-01
-5.927746891975402832e-01
-2.522608339786529541e-01
3.616333603858947754e-01
1.006747722625732422e+00
1.446329355239868164e+00
1.467040777206420898e+00
1.167133569717407227e+00
7.707090973854064941e-01
6.133330464363098145e-01
7.882577180862426758e-01
1.209066510200500488e+00
1.547641873359680176e+00
1.576260328292846680e+00
1.204118251800537109e+00
6.478690505027770996e-01
1.809442192316055298e-01
5.483930930495262146e-02
2.413439750671386719e-01
5.465056300163269043e-01
6.423596143722534180e-01
3.634188473224639893e-01
-2.785837054252624512e-01
-1.016695261001586914e+00
-1.567996144294738770e+00
-1.717567205429077148e+00
-1.510657191276550293e+00
-1.132393479347229004e+00
-8.515142202377319336e-01
-7.827992439270019531e-01
-8.886519074440002441e-01
-9.673144221305847168e-01
-8.607985973358154297e-01
-5.158976316452026367e-01
-6.534805148839950562e-02
3.231183290481567383e-01
5.285999178886413574e-01
5.904790759086608887e-01
6.137411594390869141e-01
6.858229637145996094e-01
7.527524232864379883e-01
6.742429137229919434e-01
3.303111791610717773e-01
-2.294578701257705688e-01
-7.893289923667907715e-01
-1.086583495140075684e+00
-9.961369633674621582e-01
-6.204239130020141602e-01
-2.153271883726119995e-01
-1.152900885790586472e-02
-5.473728477954864502e-02
-2.166535407304763794e-01
-3.217409551143646240e-01
-3.227612376213073730e-01
-3.048555552959442139e-01
-3.842322528362274170e-01
-5.149283409118652344e-01
-4.776886403560638428e-01
-2.091545844450592995e-03
9.508371353149414062e-01
2.090729475021362305e+00
2.870008945465087891e+00
2.846083641052246094e+00
1.937434554100036621e+00
5.431387424468994141e-01
-7.363771796226501465e-01
-1.401998877525329590e+00
-1.359351754188537598e+00
-8.272318840026855469e-01
-1.671706289052963257e-01
4.202476739883422852e-01
8.793164491653442383e-01
1.243959546089172363e+00
1.419394373893737793e+00
1.264467000961303711e+00
6.870473027229309082e-01
-9.411956369876861572e-02
-6.572045087814331055e-01
-5.700737833976745605e-01
1.835969090461730957e-01
1.156573772430419922e+00
1.588758587837219238e+00
9.714465141296386719e-01
-6.450123190879821777e-01
-2.558011531829833984e+00
-3.901396036148071289e+00
-4.101215362548828125e+00
-3.266229391098022461e+00
-1.966767191886901855e+00
-8.696749210357666016e-01
-2.371098697185516357e-01
8.146826177835464478e-02
4.638640284538269043e-01
1.053986072540283203e+00
1.673185586929321289e+00
1.897797226905822754e+00
1.496424436569213867e+00
5.866020917892456055e-01
-3.382182419300079346e-01
-8.168251514434814453e-01
-6.661317944526672363e-01
-1.514075100421905518e-01
2.964893579483032227e-01
3.292399048805236816e-01
-3.693363815546035767e-02
-5.492603182792663574e-01
-8.617168664932250977e-01
-8.323842287063598633e-01
-4.899828732013702393e-01
-8.825303055346012115e-03
5.032973289489746094e-01
9.818531870841979980e-01
1.411028146743774414e+00
1.695172309875488281e+00
1.731901884078979492e+00
1.450563549995422363e+00
9.500209093093872070e-01
4.159625470638275146e-01
3.795390203595161438e-02
-1.727310717105865479e-01
-3.331169188022613525e-01
-5.935398936271667480e-01
-9.230348467826843262e-01
-1.118874907493591309e+00
-9.230858683586120605e-01
-3.009275197982788086e-01
4.756991267204284668e-01
9.350230097770690918e-01
7.510179877281188965e-01
-5.407411139458417892e-03
-8.533506989479064941e-01
-1.217381715774536133e+00
-8.203450441360473633e-01
9.881278127431869507e-02
9.359922409057617188e-01
1.139076232910156250e+00
5.795622467994689941e-01
-3.564299941062927246e-01
-1.061434030532836914e+00
-1.109743595123291016e+00
-5.483931303024291992e-01
1.963502317667007446e-01
6.270556449890136719e-01
5.486992001533508301e-01
1.346751451492309570e-01
-2.186940610408782959e-01
-2.475165873765945435e-01
3.188331797719001770e-02
3.301581442356109619e-01
3.783147335052490234e-01
9.008950740098953247e-02
-3.343412578105926514e-01
-6.383295655250549316e-01
-6.466447114944458008e-01
-4.464174807071685791e-01
-2.285396307706832886e-01
-1.899225562810897827e-01
-3.172007799148559570e-01
-4.930946826934814453e-01
-5.342624187469482422e-01
-4.233084619045257568e-01
-2.260399907827377319e-01
-1.068728864192962646e-01
-8.922228217124938965e-02
-1.256457865238189697e-01
-4.336131364107131958e-02
2.057877033948898315e-01
6.012428998947143555e-01
9.459908604621887207e-01
1.117395520210266113e+00
1.025877714157104492e+00
7.800445556640625000e-01
4.714650213718414307e-01
2.353754192590713501e-01
5.203357711434364319e-02
-6.407272070646286011e-02
-1.649770438671112061e-01
-1.794648319482803345e-01
-1.103928089141845703e-01
7.606084644794464111e-02
2.435885667800903320e-01
3.066410124301910400e-01
1.437555104494094849e-01
-1.524277776479721069e-01
-4.720771908760070801e-01
-5.860409140586853027e-01
-4.553448259830474854e-01
-9.682326763868331909e-02
