-9.169775247573852539e-02
-1.129416823387145996e-01
-1.657394766807556152e-01
4.141151905059814453e-03
1.451984643936157227e-01
1.422509551048278809e-02
-3.371348381042480469e-01
-6.677991151809692383e-01
-6.945567727088928223e-01
-4.153949916362762451e-01
-6.894589960575103760e-02
-1.355007290840148926e-02
-3.557862341403961182e-01
-9.052217006683349609e-01
-1.246230483055114746e+00
-1.129888653755187988e+00
-6.157695055007934570e-01
-9.110438823699951172e-02
1.180875897407531738e-01
-2.916777133941650391e-02
-1.781004965305328369e-01
6.917566061019897461e-02
8.448876142501831055e-01
1.771757125854492188e+00
2.254800319671630859e+00
1.861801743507385254e+00
7.446807622909545898e-01
-4.806684255599975586e-01
-1.094357252120971680e+00
-8.401573896408081055e-01
-3.061476349830627441e-02
6.692611575126647949e-01
8.371985554695129395e-01
5.575668215751647949e-01
3.725455999374389648e-01
7.151972651481628418e-01
1.534879803657531738e+00
2.204111099243164062e+00
2.053977012634277344e+00
8.804883956909179688e-01
-7.520070075988769531e-01
-1.925992965698242188e+00
-1.967328310012817383e+00
-1.000829935073852539e+00
2.139710485935211182e-01
8.030349016189575195e-01
4.874339997768402100e-01
-3.196903467178344727e-01
-8.470785617828369141e-01
-6.900527477264404297e-01
-7.933115959167480469e-02
2.688164114952087402e-01
-1.459996402263641357e-01
-1.219291925430297852e+00
-2.211590290069580078e+00
-2.389914035797119141e+00
-1.534690260887145996e+00
-1.766758114099502563e-01
8.896013498306274414e-01
1.137179374694824219e+00
7.235344648361206055e-01
2.053210735321044922e-01
9.946179389953613281e-02
4.072570502758026123e-01
7.622196078300476074e-01
7.612785100936889648e-01
4.326869845390319824e-01
1.277950406074523926e-01
2.292664647102355957e-01
6.577513217926025391e-01
9.551694989204406738e-01
5.938267111778259277e-01
-4.190666675567626953e-01
-1.508567452430725098e+00
-1.818886160850524902e+00
-9.594552516937255859e-01
7.217507362365722656e-01
2.224833011627197266e+00
2.662149906158447266e+00
1.765154361724853516e+00
1.418941020965576172e-01
-1.255748152732849121e+00
-1.660461425781250000e+00
-1.015215277671813965e+00
2.037295252084732056e-01
1.275251030921936035e+00
1.760020375251770020e+00
1.542744159698486328e+00
8.520576357841491699e-01
-4.166609048843383789e-02
-8.147007226943969727e-01
-1.251791954040527344e+00
-1.168496370315551758e+00
-6.426112055778503418e-01
5.326566100120544434e-02
4.194094538688659668e-01
1.482185423374176025e-01
-7.379515171051025391e-01
-1.720451474189758301e+00
-2.212116003036499023e+00
-1.845996379852294922e+00
-8.617423176765441895e-01
1.919686943292617798e-01
7.327748537063598633e-01
6.556141376495361328e-01
2.148953974246978760e-01
-1.351319998502731323e-01
-2.405588775873184204e-01
-1.859379410743713379e-01
-2.272493541240692139e-01
-3.445628583431243896e-01
-3.407434225082397461e-01
6.829077005386352539e-02
7.791082859039306641e-01
1.406060934066772461e+00
1.435792565345764160e+00
8.328372240066528320e-01
3.385967016220092773e-02
-2.030406296253204346e-01
4.543500840663909912e-01
1.713757157325744629e+00
2.671872615814208984e+00
2.610290527343750000e+00
1.401934027671813965e+00
-2.537854909896850586e-01
-1.507386207580566406e+00
-1.854574918746948242e+00
-1.582608938217163086e+00
-1.291880965232849121e+00
-1.462524056434631348e+00
-1.906268715858459473e+00
-2.115630626678466797e+00
-1.637095689773559570e+00
-6.689517498016357422e-01
2.111302614212036133e-01
3.933098912239074707e-01
-8.622229099273681641e-02
-7.083457708358764648e-01
-7.706203460693359375e-01
-1.355569958686828613e-01
8.022376298904418945e-01
1.335694909095764160e+00
1.229297757148742676e+00
7.954832911491394043e-01
7.534574866294860840e-01
1.405828952789306641e+00
2.435180187225341797e+00
2.937108516693115234e+00
2.290723323822021484e+00
5.519412159919738770e-01
-1.365998506546020508e+00
-2.488684415817260742e+00
-2.327811002731323242e+00
-1.340908527374267578e+00
-3.712487816810607910e-01
-1.316778212785720825e-01
-5.648103356361389160e-01
-1.146214365959167480e+00
-1.243767023086547852e+00
-7.894315719604492188e-01
-1.339936852455139160e-01
1.543332338333129883e-01
-7.843852043151855469e-02
-6.195408105850219727e-01
-9.666640162467956543e-01
-8.933553695678710938e-01
-4.391601383686065674e-01
5.717794597148895264e-02
4.208553135395050049e-01
6.169024705886840820e-01
8.231726288795471191e-01
1.046143770217895508e+00
1.216740369796752930e+00
1.139228343963623047e+00
8.592793941497802734e-01
5.275719165802001953e-01
3.932674527168273926e-01
4.100820422172546387e-01
3.830967545509338379e-01
3.892325237393379211e-02
-5.094029903411865234e-01
-8.899034857749938965e-01
-6.146047115325927734e-01
3.140528500080108643e-01
1.405618906021118164e+00
1.830367803573608398e+00
1.190690875053405762e+00
-2.385271489620208740e-01
-1.511020660400390625e+00
-1.826554536819458008e+00
-1.022183299064636230e+00
1.530256569385528564e-01
7.331764698028564453e-01
1.569054722785949707e-01
-1.174217820167541504e+00
-2.341892719268798828e+00
-2.515876531600952148e+00
-1.701681017875671387e+00
-5.674595832824707031e-01
2.457127720117568970e-02
-1.539635062217712402e-01
-6.618984341621398926e-01
-6.862567663192749023e-01
1.238765716552734375e-01
1.450084924697875977e+00
2.442822217941284180e+00
2.522407531738281250e+00
1.729794859886169434e+00
7.806255221366882324e-01
3.581602573394775391e-01
6.616562008857727051e-01
1.170786976814270020e+00
1.207571983337402344e+00
4.185349941253662109e-01
-8.206186890602111816e-01
-1.798959732055664062e+00
-1.922882318496704102e+00
