2.167196720838546753e-01
1.737954020500183105e-01
5.376368165016174316e-01
7.264268398284912109e-01
5.634586811065673828e-01
8.915163576602935791e-02
-4.024714231491088867e-01
-6.563100814819335938e-01
-5.733468532562255859e-01
-3.221649229526519775e-01
-1.269939690828323364e-01
-1.548433899879455566e-01
-3.663781583309173584e-01
-6.450793147087097168e-01
-8.587249517440795898e-01
-9.829042553901672363e-01
-1.003043651580810547e+00
-9.033814668655395508e-01
-6.057120561599731445e-01
-1.017018556594848633e-01
4.985290169715881348e-01
9.445292353630065918e-01
1.025618314743041992e+00
7.109876275062561035e-01
2.215852141380310059e-01
-1.416370272636413574e-01
-2.048444747924804688e-01
-6.809370219707489014e-02
6.634131073951721191e-03
-1.687854081392288208e-01
-4.911534786224365234e-01
-6.154375076293945312e-01
-2.133933007717132568e-01
7.218681573867797852e-01
1.792468786239624023e+00
2.407722711563110352e+00
2.165019512176513672e+00
1.119148254394531250e+00
-2.468812763690948486e-01
-1.302232623100280762e+00
-1.627467632293701172e+00
-1.177746772766113281e+00
-2.430237829685211182e-01
7.854472398757934570e-01
1.567119836807250977e+00
1.926329016685485840e+00
1.808938264846801758e+00
1.305545449256896973e+00
6.026382446289062500e-01
-2.045890688896179199e-02
-3.569472730159759521e-01
-3.784674704074859619e-01
-3.441655635833740234e-01
-6.085931062698364258e-01
-1.390672683715820312e+00
-2.490592479705810547e+00
-3.388853788375854492e+00
-3.507453203201293945e+00
-2.689446210861206055e+00
-1.296021580696105957e+00
-6.168192625045776367e-02
4.684385061264038086e-01
2.512480020523071289e-01
-1.739304661750793457e-01
-1.812153458595275879e-01
5.300993323326110840e-01
1.625217437744140625e+00
2.464421510696411133e+00
2.511204957962036133e+00
1.798090934753417969e+00
7.898082137107849121e-01
8.530667424201965332e-02
-1.212813854217529297e-01
-4.787948727607727051e-02
-1.578162759542465210e-01
-6.356599330902099609e-01
-1.289002180099487305e+00
-1.606553077697753906e+00
-1.278810501098632812e+00
-3.792894482612609863e-01
5.785400271415710449e-01
1.129298806190490723e+00
1.099522352218627930e+00
8.120775818824768066e-01
6.948988437652587891e-01
1.013364315032958984e+00
1.551243066787719727e+00
1.898204922676086426e+00
1.680366992950439453e+00
9.689077138900756836e-01
1.204705387353897095e-01
-3.917531371116638184e-01
-4.395935535430908203e-01
-2.012480050325393677e-01
-1.101983189582824707e-01
-4.005050659179687500e-01
-1.050332546234130859e+00
-1.696169853210449219e+00
-2.010211944580078125e+00
-1.791408777236938477e+00
-1.164074659347534180e+00
-3.389016687870025635e-01
4.110558032989501953e-01
9.668180942535400391e-01
1.223439216613769531e+00
1.182239055633544922e+00
8.240250349044799805e-01
2.924797534942626953e-01
-2.342830151319503784e-01
-4.846709370613098145e-01
-3.881817460060119629e-01
-4.750376939773559570e-02
1.815188229084014893e-01
2.489398419857025146e-02
-6.113070845603942871e-01
-1.424759626388549805e+00
-1.999016761779785156e+00
-1.950363397598266602e+00
-1.285382747650146484e+00
-2.887286841869354248e-01
5.617929697036743164e-01
9.899313449859619141e-01
9.564318656921386719e-01
7.169817686080932617e-01
5.107563734054565430e-01
4.932318031787872314e-01
5.795157551765441895e-01
6.608403921127319336e-01
6.288611292839050293e-01
5.405820608139038086e-01
4.538872838020324707e-01
4.267958402633666992e-01
3.781493902206420898e-01
2.500215172767639160e-01
1.932787895202636719e-02
-1.609195470809936523e-01
-1.232072561979293823e-01
2.502380609512329102e-01
8.387278318405151367e-01
1.385534644126892090e+00
1.577464938163757324e+00
1.300728082656860352e+00
6.437972784042358398e-01
-1.107734739780426025e-01
-7.277312874794006348e-01
-1.088442206382751465e+00
-1.263790726661682129e+00
-1.349239826202392578e+00
-1.394784212112426758e+00
-1.326113939285278320e+00
-1.074106216430664062e+00
-6.468045711517333984e-01
-2.185828089714050293e-01
-1.121163368225097656e-03
-1.284887790679931641e-01
-5.119026899337768555e-01
-9.036582112312316895e-01
-1.020453095436096191e+00
-7.401698827743530273e-01
-1.503178030252456665e-01
5.081997513771057129e-01
1.006692409515380859e+00
1.234326839447021484e+00
1.224452018737792969e+00
1.075953125953674316e+00
8.734441399574279785e-01
6.594448685646057129e-01
4.637707173824310303e-01
3.386958837509155273e-01
3.267347216606140137e-01
4.144225716590881348e-01
4.746500849723815918e-01
3.426403403282165527e-01
-8.699667453765869141e-02
-7.195264101028442383e-01
-1.302353024482727051e+00
-1.529340982437133789e+00
-1.279033541679382324e+00
-6.752616763114929199e-01
-5.664110183715820312e-02
2.725422382354736328e-01
1.963221430778503418e-01
-1.107177138328552246e-01
-3.676269650459289551e-01
-3.419882059097290039e-01
-5.308210849761962891e-02
3.181122541427612305e-01
5.297763347625732422e-01
5.133640170097351074e-01
3.561329841613769531e-01
2.739000320434570312e-01
3.651955127716064453e-01
5.824341773986816406e-01
6.890367269515991211e-01
4.869247078895568848e-01
-9.867817163467407227e-02
-8.685331940650939941e-01
-1.514849305152893066e+00
-1.713958978652954102e+00
-1.391303539276123047e+00
-6.984196305274963379e-01
-2.734225988388061523e-02
2.840530872344970703e-01
6.207305192947387695e-02
-4.986068904399871826e-01
-1.014682769775390625e+00
-1.043172359466552734e+00
-4.364310204982757568e-01
6.313196420669555664e-01
1.652779340744018555e+00
2.162382602691650391e+00
1.920860886573791504e+00
1.136214256286621094e+00
2.305499017238616943e-01
-3.472806811332702637e-01
-4.788524508476257324e-01
-3.101572394371032715e-01
