1.079418897628784180e+00
1.092836260795593262e+00
1.473409175872802734e+00
1.402742266654968262e+00
8.614048957824707031e-01
2.066095471382141113e-01
-3.525314033031463623e-01
-5.782544612884521484e-01
-5.518805384635925293e-01
-2.720865011215209961e-01
8.197993040084838867e-02
4.518491029739379883e-01
5.683900713920593262e-01
3.205451965332031250e-01
-3.793378472328186035e-01
-1.167568445205688477e+00
-1.606805562973022461e+00
-1.217602849006652832e+00
-1.192555874586105347e-01
1.152033925056457520e+00
1.697407841682434082e+00
1.092769384384155273e+00
-4.656127691268920898e-01
-2.011903762817382812e+00
-2.650363922119140625e+00
-1.989690065383911133e+00
-6.335201263427734375e-01
4.362355768680572510e-01
3.859536051750183105e-01
-6.844310164451599121e-01
-1.990958809852600098e+00
-2.472796916961669922e+00
-1.708120107650756836e+00
-2.315729856491088867e-02
1.633476376533508301e+00
2.517680406570434570e+00
2.403864145278930664e+00
1.740039110183715820e+00
1.062672138214111328e+00
6.839500665664672852e-01
4.136229455471038818e-01
-5.275812745094299316e-02
-8.803557157516479492e-01
-1.793161392211914062e+00
-2.341558456420898438e+00
-2.140766859054565430e+00
-1.212738752365112305e+00
1.146219372749328613e-01
1.343947410583496094e+00
2.123739242553710938e+00
2.278763771057128906e+00
1.844424962997436523e+00
9.603697061538696289e-01
-9.785243123769760132e-02
-9.632104635238647461e-01
-1.242621660232543945e+00
-7.442756295204162598e-01
3.602257966995239258e-01
1.530525088310241699e+00
2.122014760971069336e+00
1.766665339469909668e+00
6.042461991310119629e-01
-7.828752994537353516e-01
-1.742632746696472168e+00
-1.907615900039672852e+00
-1.383797764778137207e+00
-5.582054853439331055e-01
1.617641448974609375e-01
6.256071329116821289e-01
8.754196763038635254e-01
1.037154912948608398e+00
1.087666749954223633e+00
9.226937890052795410e-01
4.115344882011413574e-01
-3.677896857261657715e-01
-1.200267791748046875e+00
-1.755668878555297852e+00
-1.864417076110839844e+00
-1.502907514572143555e+00
-8.865853548049926758e-01
-2.389524430036544800e-01
1.868752539157867432e-01
3.083378672599792480e-01
9.843236207962036133e-02
-2.734995484352111816e-01
-6.238517165184020996e-01
-6.919041872024536133e-01
-4.130712747573852539e-01
1.538552492856979370e-01
6.945306658744812012e-01
9.606612920761108398e-01
7.916787862777709961e-01
3.778766393661499023e-01
-8.159458637237548828e-03
-5.036854743957519531e-02
2.457637190818786621e-01
7.126457691192626953e-01
9.907818436622619629e-01
9.211000204086303711e-01
4.715741276741027832e-01
-1.163159534335136414e-01
-6.499323844909667969e-01
-9.048200845718383789e-01
-8.615701794624328613e-01
-5.007809996604919434e-01
-4.197716712951660156e-03
4.332241117954254150e-01
4.573978483676910400e-01
-9.233823418617248535e-02
-1.179198861122131348e+00
-2.296233892440795898e+00
-2.841911792755126953e+00
-2.309283256530761719e+00
-8.279690146446228027e-01
1.000719904899597168e+00
2.281805992126464844e+00
2.553635120391845703e+00
1.927555918693542480e+00
1.130608320236206055e+00
8.015149831771850586e-01
1.165399789810180664e+00
1.746826529502868652e+00
1.916478872299194336e+00
1.269355773925781250e+00
9.162394702434539795e-02
-9.980646371841430664e-01
-1.393449068069458008e+00
-1.079917907714843750e+00
-4.710546135902404785e-01
-1.635448932647705078e-01
-3.348914384841918945e-01
-7.565400600433349609e-01
-9.216443300247192383e-01
-6.048793196678161621e-01
6.257563829421997070e-02
6.276003718376159668e-01
8.158406615257263184e-01
6.546997427940368652e-01
4.938337802886962891e-01
5.549951791763305664e-01
7.719272375106811523e-01
7.437539100646972656e-01
1.684156060218811035e-01
-9.118112325668334961e-01
-1.997860431671142578e+00
-2.525764465332031250e+00
-2.210290431976318359e+00
-1.293077468872070312e+00
-3.064141571521759033e-01
2.743555903434753418e-01
3.615955114364624023e-01
1.997717618942260742e-01
1.183512359857559204e-01
2.320272922515869141e-01
4.044381380081176758e-01
4.223051965236663818e-01
2.315741777420043945e-01
1.000834256410598755e-02
2.559408545494079590e-03
3.169679343700408936e-01
7.950249910354614258e-01
1.151261210441589355e+00
1.155236244201660156e+00
8.289654850959777832e-01
3.633167743682861328e-01
1.198503375053405762e-02
-1.398365944623947144e-01
-1.351874470710754395e-01
-1.412141323089599609e-01
-2.407163679599761963e-01
-4.716334044933319092e-01
-7.455551624298095703e-01
-1.008936405181884766e+00
-1.145402193069458008e+00
-1.099104523658752441e+00
-7.588704824447631836e-01
-1.512085795402526855e-01
6.459385156631469727e-01
1.354832053184509277e+00
1.760772705078125000e+00
1.683616042137145996e+00
1.238188028335571289e+00
6.129254698753356934e-01
1.226068437099456787e-01
-1.258412748575210571e-01
-7.804948091506958008e-02
1.081523001194000244e-01
3.658874034881591797e-01
5.465736389160156250e-01
6.438915729522705078e-01
5.499486923217773438e-01
3.126955330371856689e-01
-6.853175163269042969e-02
-3.851117491722106934e-01
-5.466322302818298340e-01
-4.267005920410156250e-01
-1.891324073076248169e-01
4.406708478927612305e-02
5.555883049964904785e-02
-6.472294777631759644e-02
-2.271739691495895386e-01
-1.911047995090484619e-01
-2.052044868469238281e-02
1.944525837898254395e-01
1.632117033004760742e-01
-1.043615937232971191e-01
-5.335623621940612793e-01
-7.673054337501525879e-01
-7.043027281761169434e-01
-3.172853589057922363e-01
5.704383552074432373e-02
2.448630630970001221e-01
8.838850259780883789e-02
-1.796447038650512695e-01
-4.143242537975311279e-01
-3.986329734325408936e-01
-2.684894800186157227e-01
