-5.418890118598937988e-01
-4.688623547554016113e-01
1.468518376350402832e-02
5.941804647445678711e-01
1.067056894302368164e+00
1.351639747619628906e+00
1.246335506439208984e+00
7.992635965347290039e-01
1.145947277545928955e-01
-3.970648646354675293e-01
-4.555150866508483887e-01
1.014409065246582031e-01
9.226076602935791016e-01
1.514568209648132324e+00
1.350178360939025879e+00
4.655915796756744385e-01
-7.060768008232116699e-01
-1.417674779891967773e+00
-1.337964057922363281e+00
-6.443753838539123535e-01
-9.477935731410980225e-02
-2.865204513072967529e-01
-1.328353166580200195e+00
-2.527745723724365234e+00
-3.009740829467773438e+00
-2.194448709487915039e+00
-3.983974158763885498e-01
1.490759134292602539e+00
2.461350679397583008e+00
2.166377305984497070e+00
9.670884609222412109e-01
-2.584022581577301025e-01
-8.541500568389892578e-01
-6.506928205490112305e-01
-5.164007097482681274e-02
4.670349359512329102e-01
6.205915212631225586e-01
5.216655731201171875e-01
3.864233493804931641e-01
3.726716637611389160e-01
4.031373262405395508e-01
3.692212104797363281e-01
2.317657768726348877e-01
1.251615285873413086e-01
1.696053445339202881e-01
3.662071526050567627e-01
5.343361496925354004e-01
5.065428018569946289e-01
2.724053263664245605e-01
3.091642260551452637e-02
1.414060592651367188e-03
2.223471403121948242e-01
4.855234026908874512e-01
5.013642311096191406e-01
1.503839492797851562e-01
-4.125637710094451904e-01
-8.724954128265380859e-01
-1.037464380264282227e+00
-9.660092592239379883e-01
-9.132632017135620117e-01
-1.031656861305236816e+00
-1.235679149627685547e+00
-1.218690276145935059e+00
-7.936241030693054199e-01
-6.570347398519515991e-02
5.270717740058898926e-01
5.931422710418701172e-01
5.030345916748046875e-02
-7.077565789222717285e-01
-1.157616615295410156e+00
-9.575330615043640137e-01
-2.748123705387115479e-01
4.519583582878112793e-01
7.776607275009155273e-01
6.721633076667785645e-01
3.993051350116729736e-01
3.488713800907135010e-01
5.894604325294494629e-01
9.301047325134277344e-01
1.004007220268249512e+00
7.159292697906494141e-01
2.118895351886749268e-01
-1.467684209346771240e-01
-2.371753007173538208e-01
-1.708634495735168457e-01
-3.070743978023529053e-01
-7.704972028732299805e-01
-1.402582526206970215e+00
-1.697817802429199219e+00
-1.330008864402770996e+00
-3.115633726119995117e-01
8.095719814300537109e-01
1.447746515274047852e+00
1.237858295440673828e+00
4.356785714626312256e-01
-4.140528142452239990e-01
-7.143955230712890625e-01
-3.606328964233398438e-01
3.725337684154510498e-01
9.028576612472534180e-01
8.944147229194641113e-01
2.985544800758361816e-01
-5.101379156112670898e-01
-1.161768317222595215e+00
-1.350874781608581543e+00
-1.115039110183715820e+00
-5.744243860244750977e-01
2.685838937759399414e-02
5.947213172912597656e-01
1.005107283592224121e+00
1.237165689468383789e+00
1.176313996315002441e+00
8.319503068923950195e-01
2.362417727708816528e-01
-3.559919297695159912e-01
-7.007623314857482910e-01
-5.411106348037719727e-01
7.668307423591613770e-02
9.042854309082031250e-01
1.426396369934082031e+00
1.246933460235595703e+00
1.979928016662597656e-01
-1.372059941291809082e+00
-2.842905044555664062e+00
-3.495279788970947266e+00
-3.029466390609741211e+00
-1.638563513755798340e+00
-3.532613813877105713e-02
1.062997937202453613e+00
1.246418356895446777e+00
7.390783429145812988e-01
1.203564107418060303e-01
7.479727268218994141e-03
5.467442274093627930e-01
1.406881093978881836e+00
1.940874099731445312e+00
1.714844703674316406e+00
7.336599230766296387e-01
-4.953340291976928711e-01
-1.357336044311523438e+00
-1.446946859359741211e+00
-8.340564370155334473e-01
8.261800557374954224e-02
8.070638179779052734e-01
1.059991955757141113e+00
8.389613032341003418e-01
3.640887141227722168e-01
-1.144222319126129150e-01
-4.202038049697875977e-01
-4.977651834487915039e-01
-3.684705197811126709e-01
-9.925532341003417969e-02
2.090828567743301392e-01
4.427810907363891602e-01
4.921088218688964844e-01
3.253503441810607910e-01
-5.343854427337646484e-03
-3.465121984481811523e-01
-5.607157945632934570e-01
-5.588017106056213379e-01
-3.955162167549133301e-01
-1.768607348203659058e-01
-5.110788345336914062e-02
-4.366320371627807617e-02
-1.012608408927917480e-01
-3.058961033821105957e-02
3.073568940162658691e-01
9.772920608520507812e-01
1.779905438423156738e+00
2.394518852233886719e+00
2.410299777984619141e+00
1.679544210433959961e+00
3.389855623245239258e-01
-1.079860687255859375e+00
-2.039975404739379883e+00
-2.172610759735107422e+00
-1.638550519943237305e+00
-8.775801062583923340e-01
-4.558944702148437500e-01
-5.285564064979553223e-01
-9.000659584999084473e-01
-1.033375263214111328e+00
-6.390234231948852539e-01
2.522314786911010742e-01
1.114380478858947754e+00
1.485634088516235352e+00
1.123125553131103516e+00
3.625082969665527344e-01
-3.200473785400390625e-01
-4.501434266567230225e-01
-5.361213907599449158e-02
6.312447190284729004e-01
1.172586917877197266e+00
1.462508201599121094e+00
1.502676606178283691e+00
1.503529667854309082e+00
1.427373051643371582e+00
1.241893768310546875e+00
8.090825080871582031e-01
3.374525904655456543e-01
7.397003471851348877e-02
3.498765826225280762e-01
1.010598421096801758e+00
1.665371537208557129e+00
1.657052516937255859e+00
7.821141481399536133e-01
-7.731522321701049805e-01
-2.257272005081176758e+00
-3.093184471130371094e+00
-2.977362394332885742e+00
-2.285041093826293945e+00
-1.476671934127807617e+00
-1.004733085632324219e+00
-7.599085569381713867e-01
-5.087473392486572266e-01
1.045735478401184082e-01
9.666667580604553223e-01
