-7.872609496116638184e-01
-7.533696889877319336e-01
-9.710417389869689941e-01
-8.924509286880493164e-01
-3.733136653900146484e-01
3.103682398796081543e-01
7.846441268920898438e-01
7.132321000099182129e-01
1.907140165567398071e-01
-4.653120934963226318e-01
-8.051478862762451172e-01
-6.961234807968139648e-01
-2.447229921817779541e-01
1.827749609947204590e-01
3.786783516407012939e-01
2.866811156272888184e-01
1.373885273933410645e-01
1.138464808464050293e-01
3.482437729835510254e-01
7.132670879364013672e-01
1.067767620086669922e+00
1.231182336807250977e+00
1.228596448898315430e+00
1.128130555152893066e+00
1.111706733703613281e+00
1.217897891998291016e+00
1.427528262138366699e+00
1.527105331420898438e+00
1.346953630447387695e+00
7.491905689239501953e-01
-1.302824020385742188e-01
-1.033699274063110352e+00
-1.582199573516845703e+00
-1.606923818588256836e+00
-1.141991615295410156e+00
-5.140869021415710449e-01
-3.026266396045684814e-02
9.664002805948257446e-02
-5.894561856985092163e-02
-3.600713908672332764e-01
-6.594708561897277832e-01
-9.967245459556579590e-01
-1.406754136085510254e+00
-1.872609257698059082e+00
-2.157410621643066406e+00
-2.030169486999511719e+00
-1.392769098281860352e+00
-4.980046749114990234e-01
2.668980360031127930e-01
5.903969407081604004e-01
5.573455095291137695e-01
5.204873085021972656e-01
8.494277000427246094e-01
1.511217355728149414e+00
2.075011730194091797e+00
1.950829625129699707e+00
9.094254374504089355e-01
-7.291628122329711914e-01
-2.218344926834106445e+00
-2.910291194915771484e+00
-2.620296955108642578e+00
-1.713268041610717773e+00
-7.322300076484680176e-01
-2.517545595765113831e-02
4.450232684612274170e-01
8.886527419090270996e-01
1.398776650428771973e+00
1.796468257904052734e+00
1.812591671943664551e+00
1.376246094703674316e+00
7.581884860992431641e-01
3.834873437881469727e-01
4.870898723602294922e-01
9.172742366790771484e-01
1.263439416885375977e+00
1.229039072990417480e+00
8.797664642333984375e-01
5.844409465789794922e-01
6.394028663635253906e-01
9.863408803939819336e-01
1.213543653488159180e+00
9.443889856338500977e-01
1.724641621112823486e-01
-6.593078374862670898e-01
-1.052451372146606445e+00
-8.547350764274597168e-01
-4.507317245006561279e-01
-4.012893736362457275e-01
-9.827622175216674805e-01
-1.856239676475524902e+00
-2.353816986083984375e+00
-1.974523425102233887e+00
-8.807785511016845703e-01
2.375962734222412109e-01
6.220284104347229004e-01
8.623772859573364258e-02
-9.125126600265502930e-01
-1.574092268943786621e+00
-1.433485746383666992e+00
-6.006331443786621094e-01
3.263625204563140869e-01
8.465744256973266602e-01
8.459857702255249023e-01
6.652201414108276367e-01
6.318995952606201172e-01
8.072631359100341797e-01
8.690596222877502441e-01
5.315866470336914062e-01
-2.067323029041290283e-01
-9.041198492050170898e-01
-1.088757514953613281e+00
-5.662124752998352051e-01
2.992102801799774170e-01
9.139172434806823730e-01
7.852782011032104492e-01
-3.973383456468582153e-02
-1.110080480575561523e+00
-1.776327848434448242e+00
-1.676634788513183594e+00
-7.954189181327819824e-01
5.001679062843322754e-01
1.789412736892700195e+00
2.663748741149902344e+00
2.929365396499633789e+00
2.505673646926879883e+00
1.548399567604064941e+00
3.152470588684082031e-01
-7.950850725173950195e-01
-1.504904747009277344e+00
-1.672721385955810547e+00
-1.431014180183410645e+00
-9.550993442535400391e-01
-4.297621846199035645e-01
1.220465302467346191e-01
6.463820934295654297e-01
1.069610118865966797e+00
1.192631363868713379e+00
9.620462656021118164e-01
5.176254510879516602e-01
2.743345797061920166e-01
5.462450981140136719e-01
1.333671331405639648e+00
2.134922504425048828e+00
2.331157207489013672e+00
1.554914832115173340e+00
7.723158597946166992e-02
-1.448188543319702148e+00
-2.383008003234863281e+00
-2.635999202728271484e+00
-2.577875852584838867e+00
-2.702159404754638672e+00
-3.052155017852783203e+00
-3.209974288940429688e+00
-2.623220682144165039e+00
-1.246084690093994141e+00
3.434761166572570801e-01
1.270732998847961426e+00
1.134874343872070312e+00
3.327184915542602539e-01
-1.695511639118194580e-01
3.137018084526062012e-01
1.613399744033813477e+00
2.736913681030273438e+00
2.708229064941406250e+00
1.371262073516845703e+00
-3.626558482646942139e-01
-1.228462457656860352e+00
-5.814574360847473145e-01
1.024794220924377441e+00
2.281434297561645508e+00
2.128779649734497070e+00
6.156357526779174805e-01
-1.174112915992736816e+00
-1.985283374786376953e+00
-1.393907666206359863e+00
-7.926446199417114258e-02
7.929648160934448242e-01
5.623243451118469238e-01
-4.125370681285858154e-01
-1.127246379852294922e+00
-8.381524085998535156e-01
2.699350118637084961e-01
1.251000523567199707e+00
1.207807540893554688e+00
9.601670503616333008e-02
-1.230012893676757812e+00
-1.685908079147338867e+00
-8.659950494766235352e-01
6.657304167747497559e-01
1.811972618103027344e+00
1.845103025436401367e+00
8.898772597312927246e-01
-2.302012443542480469e-01
-7.656375169754028320e-01
-5.798196792602539062e-01
-2.051353156566619873e-01
-2.289123237133026123e-01
-7.879047393798828125e-01
-1.405716061592102051e+00
-1.511226773262023926e+00
-9.221782088279724121e-01
-9.621071815490722656e-02
3.205937147140502930e-01
-1.428905129432678223e-02
-7.671293020248413086e-01
-1.276644110679626465e+00
-1.018262863159179688e+00
-1.090700328350067139e-01
8.913104534149169922e-01
1.347793340682983398e+00
1.116994023323059082e+00
5.046389698982238770e-01
5.758188664913177490e-02
2.327467128634452820e-02
3.191360533237457275e-01
5.869161486625671387e-01
6.474188566207885742e-01
