-1.489206701517105103e-01
-1.810550838708877563e-01
7.211773395538330078e-01
1.171265959739685059e+00
9.835414886474609375e-01
3.487686514854431152e-01
-1.670183837413787842e-01
-1.017678976058959961e-01
6.680015325546264648e-01
1.704226136207580566e+00
2.366164922714233398e+00
2.119880676269531250e+00
9.912998080253601074e-01
-5.496856570243835449e-01
-1.800020575523376465e+00
-2.365146636962890625e+00
-2.273777008056640625e+00
-1.966320037841796875e+00
-1.824704289436340332e+00
-1.957465887069702148e+00
-2.058382987976074219e+00
-1.767844676971435547e+00
-9.141791462898254395e-01
2.400574088096618652e-01
1.238269686698913574e+00
1.666298866271972656e+00
1.478355646133422852e+00
9.021701812744140625e-01
2.945488095283508301e-01
-1.647209525108337402e-01
-4.515959918498992920e-01
-6.436484456062316895e-01
-7.034316062927246094e-01
-5.407311320304870605e-01
-1.005389392375946045e-01
4.433885514736175537e-01
7.854634523391723633e-01
6.756585836410522461e-01
2.026031017303466797e-01
-2.490506172180175781e-01
-2.371503114700317383e-01
3.332703709602355957e-01
1.104230046272277832e+00
1.477365732192993164e+00
1.089950561523437500e+00
1.161529123783111572e-01
-8.171069025993347168e-01
-1.097287774085998535e+00
-5.887892246246337891e-01
2.657725811004638672e-01
7.914424538612365723e-01
6.106079816818237305e-01
-9.579593688249588013e-02
-7.652946710586547852e-01
-9.549617767333984375e-01
-6.850912570953369141e-01
-3.995973467826843262e-01
-5.124430060386657715e-01
-1.015004754066467285e+00
-1.405030131340026855e+00
-1.123772382736206055e+00
-2.119314670562744141e-02
1.399927377700805664e+00
2.343623161315917969e+00
2.240038633346557617e+00
1.210626959800720215e+00
-8.348494768142700195e-02
-8.686335682868957520e-01
-8.515427112579345703e-01
-2.899276018142700195e-01
2.189942300319671631e-01
3.012238740921020508e-01
-2.246906608343124390e-02
-3.582024574279785156e-01
-4.029462933540344238e-01
-1.163703203201293945e-01
1.981033980846405029e-01
2.824506163597106934e-01
6.659561395645141602e-02
-1.894475817680358887e-01
-2.437765896320343018e-01
-7.081195712089538574e-03
2.636549472808837891e-01
2.834019064903259277e-01
-1.263324618339538574e-01
-7.613756060600280762e-01
-1.290299177169799805e+00
-1.368490457534790039e+00
-9.937201738357543945e-01
-3.563661575317382812e-01
1.746251732110977173e-01
4.209367036819458008e-01
3.299628496170043945e-01
9.048932790756225586e-02
-1.523950845003128052e-01
-2.304128110408782959e-01
-1.533077657222747803e-01
8.604234457015991211e-02
3.664662241935729980e-01
6.485897302627563477e-01
8.244037628173828125e-01
9.326627254486083984e-01
9.785591959953308105e-01
1.070208787918090820e+00
1.157758951187133789e+00
1.180593609809875488e+00
9.349145293235778809e-01
3.981237411499023438e-01
-3.573698401451110840e-01
-9.915928840637207031e-01
-1.255225300788879395e+00
-9.967740774154663086e-01
-4.377312064170837402e-01
1.332497596740722656e-01
3.922924995422363281e-01
3.546345829963684082e-01
1.633369624614715576e-01
1.162509024143218994e-01
2.777871191501617432e-01
6.250526905059814453e-01
9.499494433403015137e-01
1.209156751632690430e+00
1.369290828704833984e+00
1.516829609870910645e+00
1.539687395095825195e+00
1.314976930618286133e+00
6.520776748657226562e-01
-3.305899500846862793e-01
-1.359861493110656738e+00
-1.985942363739013672e+00
-2.047583818435668945e+00
-1.640792846679687500e+00
-1.213893413543701172e+00
-1.080214142799377441e+00
-1.334112167358398438e+00
-1.630353689193725586e+00
-1.599250555038452148e+00
-9.800109863281250000e-01
3.317242860794067383e-02
1.076681137084960938e+00
1.713989973068237305e+00
1.839422345161437988e+00
1.535074114799499512e+00
1.081029772758483887e+00
6.092619299888610840e-01
1.996752619743347168e-01
-2.052084803581237793e-01
-5.412502884864807129e-01
-7.532324790954589844e-01
-7.312237620353698730e-01
-5.563582181930541992e-01
-3.644917607307434082e-01
-3.742260336875915527e-01
-6.123033761978149414e-01
-9.809818863868713379e-01
-1.204808473587036133e+00
-1.100213766098022461e+00
-5.764394998550415039e-01
2.177467942237854004e-01
1.067151546478271484e+00
1.674716472625732422e+00
1.860749959945678711e+00
1.539643287658691406e+00
8.669380545616149902e-01
1.306434571743011475e-01
-2.746878266334533691e-01
-1.348082572221755981e-01
4.929917454719543457e-01
1.203703641891479492e+00
1.540219187736511230e+00
1.246090412139892578e+00
5.312701463699340820e-01
-1.041484922170639038e-01
-1.788567900657653809e-01
3.508247733116149902e-01
1.069487571716308594e+00
1.358136773109436035e+00
8.952540159225463867e-01
-1.216142922639846802e-01
-1.094822287559509277e+00
-1.500808000564575195e+00
-1.252406954765319824e+00
-7.334150671958923340e-01
-4.256905615329742432e-01
-5.061968564987182617e-01
-7.200213074684143066e-01
-6.712477207183837891e-01
-2.471635192632675171e-01
2.122826874256134033e-01
1.735842823982238770e-01
-5.810363888740539551e-01
-1.676251530647277832e+00
-2.337502956390380859e+00
-2.010615348815917969e+00
-8.438034057617187500e-01
3.050322532653808594e-01
5.028502345085144043e-01
-5.578718781471252441e-01
-2.217313289642333984e+00
-3.303731679916381836e+00
-2.921184062957763672e+00
-1.153816819190979004e+00
1.022921562194824219e+00
2.369843006134033203e+00
2.287849426269531250e+00
1.124076843261718750e+00
-9.173223376274108887e-02
-4.784978032112121582e-01
1.702805310487747192e-01
1.271084547042846680e+00
2.028392076492309570e+00
1.956943392753601074e+00
1.235013961791992188e+00
3.912917077541351318e-01
-6.897088885307312012e-02
-8.576073497533798218e-02
9.030754864215850830e-02
