-2.314073562622070312e+00
-2.297624111175537109e+00
-1.852587819099426270e+00
-8.349629640579223633e-01
3.797644376754760742e-01
1.087703347206115723e+00
1.084168672561645508e+00
4.227919876575469971e-01
-2.951245605945587158e-01
-7.049394845962524414e-01
-5.459320545196533203e-01
-1.311391294002532959e-01
3.009570837020874023e-01
4.265297651290893555e-01
3.984766304492950439e-01
3.184215128421783447e-01
4.627680182456970215e-01
7.165080308914184570e-01
1.017948150634765625e+00
1.081793069839477539e+00
9.603974819183349609e-01
6.635786294937133789e-01
4.854486584663391113e-01
4.630506634712219238e-01
6.854912042617797852e-01
8.868085145950317383e-01
9.322431087493896484e-01
5.513248443603515625e-01
-1.476362347602844238e-01
-1.034672498703002930e+00
-1.650172233581542969e+00
-1.772905349731445312e+00
-1.232610225677490234e+00
-3.589997887611389160e-01
5.150874853134155273e-01
9.437800645828247070e-01
9.570660591125488281e-01
7.308368086814880371e-01
7.105946540832519531e-01
9.707608222961425781e-01
1.400315761566162109e+00
1.511955618858337402e+00
1.100365519523620605e+00
1.842300295829772949e-01
-7.129611372947692871e-01
-1.191882133483886719e+00
-1.037822008132934570e+00
-6.235571503639221191e-01
-3.784917593002319336e-01
-6.675267219543457031e-01
-1.270214200019836426e+00
-1.765987753868103027e+00
-1.650365471839904785e+00
-9.267228841781616211e-01
1.133387684822082520e-01
9.328280687332153320e-01
1.320978164672851562e+00
1.284657239913940430e+00
1.093965053558349609e+00
7.953199744224548340e-01
3.125768303871154785e-01
-5.687627792358398438e-01
-1.729160070419311523e+00
-2.781695365905761719e+00
-3.128410339355468750e+00
-2.526274204254150391e+00
-1.194530367851257324e+00
1.578156054019927979e-01
9.083760976791381836e-01
8.245425224304199219e-01
2.827444374561309814e-01
-1.500767022371292114e-01
-6.344538927078247070e-02
4.412041902542114258e-01
9.670969247817993164e-01
1.100908517837524414e+00
7.901555299758911133e-01
2.774929404258728027e-01
-8.400734513998031616e-02
-1.583652794361114502e-01
-4.067125916481018066e-02
6.869551539421081543e-02
1.106461286544799805e-01
2.007627785205841064e-01
5.058691501617431641e-01
1.036298871040344238e+00
1.584808230400085449e+00
1.873904705047607422e+00
1.763912200927734375e+00
1.383564233779907227e+00
1.005448818206787109e+00
8.540827035903930664e-01
9.109234213829040527e-01
9.839849472045898438e-01
8.392846584320068359e-01
4.435674250125885010e-01
-6.334587931632995605e-02
-4.225293397903442383e-01
-5.048092603683471680e-01
-3.300226628780364990e-01
-1.210247352719306946e-01
-8.458902686834335327e-02
-3.823347687721252441e-01
-9.655044674873352051e-01
-1.682816863059997559e+00
-2.227015495300292969e+00
-2.348042726516723633e+00
-1.858499169349670410e+00
-8.536875247955322266e-01
4.013279378414154053e-01
1.460817813873291016e+00
2.034832239151000977e+00
2.014931201934814453e+00
1.618368864059448242e+00
1.082904577255249023e+00
6.149500012397766113e-01
1.559375226497650146e-01
-3.603567481040954590e-01
-9.839301109313964844e-01
-1.509125351905822754e+00
-1.755349040031433105e+00
-1.620238423347473145e+00
-1.357633352279663086e+00
-1.271974086761474609e+00
-1.582233905792236328e+00
-2.040325164794921875e+00
-2.190250635147094727e+00
-1.573005199432373047e+00
-2.676751613616943359e-01
1.226858139038085938e+00
2.164690256118774414e+00
2.219015836715698242e+00
1.575845837593078613e+00
9.066588282585144043e-01
7.131938934326171875e-01
1.082585334777832031e+00
1.528328895568847656e+00
1.552949070930480957e+00
9.386258721351623535e-01
4.373195767402648926e-02
-6.350976824760437012e-01
-7.457589507102966309e-01
-4.591720700263977051e-01
-1.546290814876556396e-01
-1.752679198980331421e-01
-4.248539209365844727e-01
-5.956089496612548828e-01
-3.685596585273742676e-01
1.880998909473419189e-01
7.890981435775756836e-01
1.113055586814880371e+00
1.182379603385925293e+00
1.218703627586364746e+00
1.447846651077270508e+00
1.718739032745361328e+00
1.651566863059997559e+00
9.125881195068359375e-01
-3.160483837127685547e-01
-1.410408735275268555e+00
-1.654840350151062012e+00
-8.828902244567871094e-01
3.658827841281890869e-01
1.133239507675170898e+00
7.814757823944091797e-01
-5.523313283920288086e-01
-2.004515647888183594e+00
-2.648044109344482422e+00
-2.142781257629394531e+00
-9.764807224273681641e-01
-3.775734826922416687e-02
6.401293724775314331e-02
-5.594141483306884766e-01
-1.215426683425903320e+00
-1.218712210655212402e+00
-4.093723297119140625e-01
7.237120866775512695e-01
1.470303297042846680e+00
1.392790079116821289e+00
6.528829932212829590e-01
-2.066366672515869141e-01
-6.231005191802978516e-01
-4.393629431724548340e-01
1.275605857372283936e-01
6.199005246162414551e-01
7.202329635620117188e-01
3.059924244880676270e-01
-4.579614996910095215e-01
-1.343919277191162109e+00
-2.037358760833740234e+00
-2.341313838958740234e+00
-2.104434728622436523e+00
-1.438927292823791504e+00
-5.681410431861877441e-01
1.251562088727951050e-01
4.661178886890411377e-01
4.487968087196350098e-01
3.756867051124572754e-01
4.336344003677368164e-01
6.721463203430175781e-01
7.623848319053649902e-01
4.444465935230255127e-01
-3.835000097751617432e-01
-1.303594589233398438e+00
-1.819103717803955078e+00
-1.503266930580139160e+00
-5.508141517639160156e-01
5.474842786788940430e-01
1.123867034912109375e+00
1.029433131217956543e+00
4.858329892158508301e-01
1.207692027091979980e-01
2.424194812774658203e-01
8.616784811019897461e-01
1.473066210746765137e+00
1.711996078491210938e+00
1.362035870552062988e+00
7.374116778373718262e-01
