3.533244505524635315e-02
1.628346741199493408e-02
-1.099708080291748047e-01
-5.264931917190551758e-02
3.797068595886230469e-01
9.886935353279113770e-01
1.659088373184204102e+00
2.165723323822021484e+00
2.546126127243041992e+00
2.664404869079589844e+00
2.443801641464233398e+00
1.607580065727233887e+00
2.195422351360321045e-01
-1.446081757545471191e+00
-2.666722297668457031e+00
-2.930002689361572266e+00
-2.059654235839843750e+00
-6.604228615760803223e-01
4.388136565685272217e-01
4.674079120159149170e-01
-5.523002147674560547e-01
-2.023950815200805664e+00
-2.941343069076538086e+00
-2.730357170104980469e+00
-1.383708119392395020e+00
3.818209767341613770e-01
1.781207323074340820e+00
2.225276947021484375e+00
1.755588769912719727e+00
7.229753732681274414e-01
-3.395846188068389893e-01
-1.178791999816894531e+00
-1.715859174728393555e+00
-2.090274810791015625e+00
-2.314925193786621094e+00
-2.337206840515136719e+00
-1.955072164535522461e+00
-1.108919382095336914e+00
1.072690039873123169e-01
1.311706304550170898e+00
2.089628934860229492e+00
2.116245269775390625e+00
1.439793705940246582e+00
4.123508334159851074e-01
-4.117640852928161621e-01
-6.439642310142517090e-01
-2.259572744369506836e-01
4.986405372619628906e-01
1.052749872207641602e+00
1.093349814414978027e+00
6.336283683776855469e-01
-3.909109532833099365e-02
-5.827509760856628418e-01
-8.413082361221313477e-01
-8.860210180282592773e-01
-8.623951077461242676e-01
-8.156415224075317383e-01
-6.290011405944824219e-01
-1.940414905548095703e-01
4.308891296386718750e-01
9.416886568069458008e-01
1.021422624588012695e+00
5.597704648971557617e-01
-1.638756096363067627e-01
-7.069619297981262207e-01
-7.282580137252807617e-01
-3.076456189155578613e-01
1.996307075023651123e-01
3.943219482898712158e-01
2.508603036403656006e-01
6.095719337463378906e-02
2.646878361701965332e-01
9.666362404823303223e-01
1.899587035179138184e+00
2.497598648071289062e+00
2.410938978195190430e+00
1.636101245880126953e+00
5.933459997177124023e-01
-3.264771401882171631e-01
-9.025274515151977539e-01
-1.261824727058410645e+00
-1.512406349182128906e+00
-1.678503155708312988e+00
-1.533361673355102539e+00
-9.857865571975708008e-01
-1.416499018669128418e-01
5.338354706764221191e-01
6.722741723060607910e-01
1.554051786661148071e-01
-6.143732070922851562e-01
-1.147118210792541504e+00
-1.088471412658691406e+00
-6.302143335342407227e-01
-1.903706789016723633e-01
-2.160727679729461670e-01
-6.783240437507629395e-01
-1.268040776252746582e+00
-1.504720211029052734e+00
-1.262729406356811523e+00
-6.666740179061889648e-01
-9.154255688190460205e-02
3.162944614887237549e-01
5.628656744956970215e-01
8.723615407943725586e-01
1.271737456321716309e+00
1.684129476547241211e+00
1.858453512191772461e+00
1.759479999542236328e+00
1.461343526840209961e+00
1.209361076354980469e+00
1.033642649650573730e+00
8.571984767913818359e-01
4.637988805770874023e-01
-9.682708978652954102e-02
-6.064257025718688965e-01
-6.895966529846191406e-01
-2.834705114364624023e-01
3.796046972274780273e-01
7.854312658309936523e-01
6.664257049560546875e-01
1.083605885505676270e-01
-3.961575925350189209e-01
-4.767405092716217041e-01
-9.854987263679504395e-02
2.940696179866790771e-01
2.683496773242950439e-01
-2.965643405914306641e-01
-9.698551893234252930e-01
-1.194722175598144531e+00
-6.725573539733886719e-01
2.710802257061004639e-01
9.772379398345947266e-01
8.742025494575500488e-01
-2.114464342594146729e-02
-1.180008888244628906e+00
-1.887252092361450195e+00
-1.780424594879150391e+00
-9.798222184181213379e-01
4.414790868759155273e-02
8.743838071823120117e-01
1.332565069198608398e+00
1.472210049629211426e+00
1.373915672302246094e+00
1.068004488945007324e+00
5.867773890495300293e-01
8.532858639955520630e-02
-1.809492707252502441e-01
-6.588228791952133179e-02
2.942278385162353516e-01
4.916618168354034424e-01
1.871924400329589844e-01
-5.915032625198364258e-01
-1.343569278717041016e+00
-1.486309766769409180e+00
-7.845427989959716797e-01
3.351343870162963867e-01
1.115245938301086426e+00
9.537082910537719727e-01
-4.693749547004699707e-02
-1.227127194404602051e+00
-1.771159887313842773e+00
-1.402247428894042969e+00
-4.315683841705322266e-01
4.414458274841308594e-01
8.212645053863525391e-01
7.513267993927001953e-01
6.870762109756469727e-01
8.698510527610778809e-01
1.215965747833251953e+00
1.272425174713134766e+00
8.451286554336547852e-01
1.024454236030578613e-01
-3.537797629833221436e-01
-1.881549060344696045e-01
4.901306629180908203e-01
9.643454551696777344e-01
6.730148196220397949e-01
-4.788469076156616211e-01
-1.760983824729919434e+00
-2.353060722351074219e+00
-1.763187170028686523e+00
-4.531118571758270264e-01
7.227713465690612793e-01
9.186924695968627930e-01
1.467644572257995605e-01
-1.028505682945251465e+00
-1.709882140159606934e+00
-1.590850234031677246e+00
-8.482582569122314453e-01
-1.705612540245056152e-01
8.859814703464508057e-02
-1.294639706611633301e-01
-3.700259327888488770e-01
-3.853617906570434570e-01
-5.353271961212158203e-02
3.142415881156921387e-01
6.032881736755371094e-01
7.317750453948974609e-01
9.641228914260864258e-01
1.298791050910949707e+00
1.680591583251953125e+00
1.703593134880065918e+00
1.272724151611328125e+00
4.136719703674316406e-01
-3.958778977394104004e-01
-9.069954156875610352e-01
-9.509183764457702637e-01
-8.387777805328369141e-01
-7.110528945922851562e-01
-7.016018629074096680e-01
-5.172910690307617188e-01
-9.291688352823257446e-02
5.683558583259582520e-01
9.672804474830627441e-01
8.141989707946777344e-01
-4.122304916381835938e-02
-1.088311076164245605e+00
