7.502411007881164551e-01
7.459055185317993164e-01
9.388661980628967285e-01
9.876682162284851074e-01
7.930536866188049316e-01
4.409728646278381348e-01
4.321515560150146484e-03
-4.623749852180480957e-01
-1.015371084213256836e+00
-1.609321117401123047e+00
-2.106836318969726562e+00
-2.232405185699462891e+00
-1.867756128311157227e+00
-1.127458095550537109e+00
-4.329859614372253418e-01
-1.589779853820800781e-01
-4.254055619239807129e-01
-8.824433684349060059e-01
-1.017898440361022949e+00
-4.502126574516296387e-01
6.753810644149780273e-01
1.828730463981628418e+00
2.349369049072265625e+00
1.966665863990783691e+00
8.828915357589721680e-01
-2.943699061870574951e-01
-1.029734373092651367e+00
-1.071020245552062988e+00
-6.012964248657226562e-01
4.773263633251190186e-02
5.422767400741577148e-01
7.728883624076843262e-01
7.318882346153259277e-01
5.264326930046081543e-01
2.372936904430389404e-01
2.353407442569732666e-02
1.595616340637207031e-02
3.239092528820037842e-01
8.250290155410766602e-01
1.244095325469970703e+00
1.213538169860839844e+00
6.199262738227844238e-01
-3.318958878517150879e-01
-1.122641563415527344e+00
-1.324389696121215820e+00
-8.271037936210632324e-01
5.677938461303710938e-03
6.710091233253479004e-01
8.238476514816284180e-01
5.855299830436706543e-01
3.461547791957855225e-01
4.914824366569519043e-01
1.008589029312133789e+00
1.551019906997680664e+00
1.656946659088134766e+00
1.191996455192565918e+00
4.111743271350860596e-01
-1.714427173137664795e-01
-2.423480302095413208e-01
1.235321611166000366e-01
4.655662775039672852e-01
3.516283333301544189e-01
-3.378520905971527100e-01
-1.257390499114990234e+00
-1.894430160522460938e+00
-1.874324560165405273e+00
-1.253604769706726074e+00
-3.969884216785430908e-01
2.419387251138687134e-01
4.540583789348602295e-01
2.986477911472320557e-01
2.475696802139282227e-02
-1.902676820755004883e-01
-3.016517460346221924e-01
-3.992371559143066406e-01
-5.204592943191528320e-01
-6.159642338752746582e-01
-5.457696318626403809e-01
-2.548431754112243652e-01
1.706672161817550659e-01
4.901795387268066406e-01
4.936908483505249023e-01
1.249824464321136475e-01
-4.229847490787506104e-01
-8.420760631561279297e-01
-8.642584085464477539e-01
-4.604873657226562500e-01
1.615852713584899902e-01
6.501954793930053711e-01
7.469980716705322266e-01
4.144378006458282471e-01
-1.209743320941925049e-01
-5.351122617721557617e-01
-5.886744856834411621e-01
-2.993164062500000000e-01
9.055918455123901367e-02
2.528086900711059570e-01
6.450004875659942627e-03
-5.766485929489135742e-01
-1.193663835525512695e+00
-1.504665851593017578e+00
-1.316910982131958008e+00
-6.920391917228698730e-01
1.278489977121353149e-01
8.596764802932739258e-01
1.330592989921569824e+00
1.503980755805969238e+00
1.436691641807556152e+00
1.197601079940795898e+00
8.487216234207153320e-01
4.673897624015808105e-01
1.799666285514831543e-01
1.240165233612060547e-01
3.606880903244018555e-01
7.996965646743774414e-01
1.218701362609863281e+00
1.386990308761596680e+00
1.219106912612915039e+00
8.436790108680725098e-01
5.248327255249023438e-01
4.842893779277801514e-01
7.418649792671203613e-01
1.091267943382263184e+00
1.218330502510070801e+00
8.879922032356262207e-01
7.200101017951965332e-02
-1.042280435562133789e+00
-2.156818866729736328e+00
-2.988561153411865234e+00
-3.361528396606445312e+00
-3.226087570190429688e+00
-2.652318239212036133e+00
-1.798256874084472656e+00
-8.889313340187072754e-01
-1.616148203611373901e-01
1.997729241847991943e-01
1.442025899887084961e-01
-2.287283539772033691e-01
-7.051063776016235352e-01
-1.062498569488525391e+00
-1.159780383110046387e+00
-9.912872314453125000e-01
-6.548420786857604980e-01
-2.906665503978729248e-01
-3.524672240018844604e-03
1.691710948944091797e-01
2.623334825038909912e-01
3.449342548847198486e-01
4.839479029178619385e-01
7.030768394470214844e-01
9.756253361701965332e-01
1.239830374717712402e+00
1.444940805435180664e+00
1.583413600921630859e+00
1.686785578727722168e+00
1.770831108093261719e+00
1.775415658950805664e+00
1.556448698043823242e+00
9.689257740974426270e-01
1.029510796070098877e-02
-1.093826293945312500e+00
-1.935361862182617188e+00
-2.129188776016235352e+00
-1.546093106269836426e+00
-4.289399385452270508e-01
7.245078682899475098e-01
1.429719448089599609e+00
1.487743139266967773e+00
1.054726123809814453e+00
5.016672611236572266e-01
1.418930143117904663e-01
6.213617324829101562e-02
1.210214048624038696e-01
1.302486211061477661e-01
6.919622421264648438e-03
-1.701966524124145508e-01
-2.815867662429809570e-01
-2.823931574821472168e-01
-2.639535665512084961e-01
-3.462227582931518555e-01
-5.722826123237609863e-01
-8.289374113082885742e-01
-9.458190202713012695e-01
-8.029354810714721680e-01
-4.482921361923217773e-01
-3.785526752471923828e-02
2.461810111999511719e-01
3.337018489837646484e-01
2.551158070564270020e-01
1.228768453001976013e-01
2.557364106178283691e-02
3.352168202400207520e-02
1.562613546848297119e-01
3.755663633346557617e-01
5.778692960739135742e-01
6.007840037345886230e-01
2.710114419460296631e-01
-4.038664102554321289e-01
-1.182636380195617676e+00
-1.609878063201904297e+00
-1.320990085601806641e+00
-2.844164371490478516e-01
1.040904879570007324e+00
1.971193313598632812e+00
1.972063779830932617e+00
1.075432062149047852e+00
-1.642882227897644043e-01
-9.760973453521728516e-01
-9.376951456069946289e-01
-1.904070824384689331e-01
6.379341483116149902e-01
9.552663564682006836e-01
5.604170560836791992e-01
-2.004427909851074219e-01
-7.932894825935363770e-01
-8.472461700439453125e-01
-4.524216651916503906e-01
