-2.592320442199707031e-01
-2.459685355424880981e-01
1.260064244270324707e+00
2.269800662994384766e+00
2.465013027191162109e+00
1.911577820777893066e+00
1.054247140884399414e+00
3.854846656322479248e-01
2.282869517803192139e-01
5.141680240631103516e-01
9.140486717224121094e-01
1.003460407257080078e+00
5.900952816009521484e-01
-2.148494273424148560e-01
-1.018542170524597168e+00
-1.438276410102844238e+00
-1.288518309593200684e+00
-7.194895744323730469e-01
-5.298037827014923096e-02
3.853385746479034424e-01
4.838227629661560059e-01
3.002239167690277100e-01
-1.614168286323547363e-02
-3.921758234500885010e-01
-8.013308048248291016e-01
-1.210578083992004395e+00
-1.466382980346679688e+00
-1.379138350486755371e+00
-8.605100512504577637e-01
-1.032369658350944519e-01
4.880713224411010742e-01
5.103021860122680664e-01
-1.267923265695571899e-01
-1.125968337059020996e+00
-1.964218616485595703e+00
-2.259874582290649414e+00
-2.001663446426391602e+00
-1.518750667572021484e+00
-1.173719644546508789e+00
-1.082667350769042969e+00
-1.051992297172546387e+00
-8.078005313873291016e-01
-2.791646420955657959e-01
3.052130937576293945e-01
6.102324128150939941e-01
5.060523748397827148e-01
2.079152017831802368e-01
1.120637655258178711e-01
4.388717412948608398e-01
1.015952110290527344e+00
1.377832055091857910e+00
1.156664490699768066e+00
3.984509706497192383e-01
-4.233669638633728027e-01
-7.800967693328857422e-01
-4.978748857975006104e-01
7.046623528003692627e-02
3.385937809944152832e-01
-6.572020053863525391e-02
-9.677534103393554688e-01
-1.783117413520812988e+00
-1.926123499870300293e+00
-1.263073086738586426e+00
-1.668771803379058838e-01
7.453516721725463867e-01
1.083891868591308594e+00
8.906622529029846191e-01
5.672733783721923828e-01
5.012983083724975586e-01
8.177517056465148926e-01
1.289792776107788086e+00
1.570545554161071777e+00
1.395488977432250977e+00
7.669385671615600586e-01
-1.200109571218490601e-01
-9.417511224746704102e-01
-1.413962721824645996e+00
-1.334323406219482422e+00
-7.014973163604736328e-01
2.896534502506256104e-01
1.229173898696899414e+00
1.713377237319946289e+00
1.520746946334838867e+00
8.244628310203552246e-01
6.062454357743263245e-02
-3.039205968379974365e-01
-1.452568918466567993e-01
2.847112417221069336e-01
5.197116732597351074e-01
3.113662600517272949e-01
-2.097642421722412109e-01
-5.935843586921691895e-01
-5.066746473312377930e-01
1.140296459197998047e-02
5.113955736160278320e-01
5.504947900772094727e-01
3.516811132431030273e-02
-6.249042749404907227e-01
-8.927575349807739258e-01
-5.123379826545715332e-01
1.938101202249526978e-01
6.096875667572021484e-01
2.772822380065917969e-01
-6.542873382568359375e-01
-1.547300457954406738e+00
-1.703344583511352539e+00
-9.479727745056152344e-01
2.756268978118896484e-01
1.183890342712402344e+00
1.277009487152099609e+00
6.272726058959960938e-01
-1.748619675636291504e-01
-5.372590422630310059e-01
-2.451066672801971436e-01
4.062755107879638672e-01
9.455288052558898926e-01
1.059675335884094238e+00
8.300954699516296387e-01
5.436689853668212891e-01
4.556842148303985596e-01
5.419617295265197754e-01
5.917819142341613770e-01
3.673384487628936768e-01
-1.636559069156646729e-01
-8.403488397598266602e-01
-1.376082301139831543e+00
-1.541551232337951660e+00
-1.210566759109497070e+00
-4.252348542213439941e-01
6.394531726837158203e-01
1.646758794784545898e+00
2.204704523086547852e+00
2.004056215286254883e+00
1.048277616500854492e+00
-2.863838970661163330e-01
-1.377005815505981445e+00
-1.710709929466247559e+00
-1.176061868667602539e+00
-1.392864882946014404e-01
8.355391025543212891e-01
1.350335121154785156e+00
1.411805272102355957e+00
1.322111606597900391e+00
1.371497392654418945e+00
1.572571039199829102e+00
1.677957773208618164e+00
1.427388906478881836e+00
8.055426478385925293e-01
6.019836664199829102e-02
-5.152665376663208008e-01
-8.289086818695068359e-01
-1.028436422348022461e+00
-1.282870769500732422e+00
-1.536061048507690430e+00
-1.473582863807678223e+00
-8.081266283988952637e-01
3.858242034912109375e-01
1.568641662597656250e+00
2.056949853897094727e+00
1.510447382926940918e+00
2.530166208744049072e-01
-9.328198432922363281e-01
-1.332094907760620117e+00
-8.319703936576843262e-01
4.240182042121887207e-02
5.309729576110839844e-01
2.577064633369445801e-01
-5.371869802474975586e-01
-1.209580779075622559e+00
-1.296247601509094238e+00
-8.645720481872558594e-01
-4.684623479843139648e-01
-6.236727237701416016e-01
-1.382147073745727539e+00
-2.212727546691894531e+00
-2.439005613327026367e+00
-1.716087222099304199e+00
-3.471119999885559082e-01
9.726107120513916016e-01
1.585598826408386230e+00
1.328269124031066895e+00
5.131704807281494141e-01
-3.071088492870330811e-01
-7.604472637176513672e-01
-7.625807523727416992e-01
-4.906536340713500977e-01
-1.131384968757629395e-01
2.593718469142913818e-01
6.235903501510620117e-01
9.201377630233764648e-01
1.088635444641113281e+00
1.064535379409790039e+00
9.367970228195190430e-01
8.426970243453979492e-01
9.164900779724121094e-01
1.071817874908447266e+00
1.089611053466796875e+00
6.923578381538391113e-01
-1.686644554138183594e-01
-1.308723092079162598e+00
-2.324138879776000977e+00
-2.887183904647827148e+00
-2.825720310211181641e+00
-2.240909814834594727e+00
-1.327970743179321289e+00
-3.522429168224334717e-01
5.009512305259704590e-01
1.047766923904418945e+00
1.223356008529663086e+00
1.041628837585449219e+00
7.140418291091918945e-01
4.817992448806762695e-01
5.403963327407836914e-01
7.913748025894165039e-01
9.475123882293701172e-01
6.407964229583740234e-01
-2.062705010175704956e-01
