2.194573432207107544e-01
2.201163768768310547e-01
5.827152729034423828e-01
5.571009516716003418e-01
5.869770050048828125e-02
-4.794231355190277100e-01
-5.536300539970397949e-01
1.361118853092193604e-01
1.249654650688171387e+00
2.115665435791015625e+00
2.040755510330200195e+00
9.363073706626892090e-01
-7.307775616645812988e-01
-2.089392185211181641e+00
-2.537445306777954102e+00
-1.935662150382995605e+00
-7.395646572113037109e-01
4.749856591224670410e-01
1.222107172012329102e+00
1.417575836181640625e+00
1.148251771926879883e+00
6.360967755317687988e-01
-1.058843266218900681e-02
-6.493213176727294922e-01
-1.180500388145446777e+00
-1.427197694778442383e+00
-1.356593489646911621e+00
-1.033448576927185059e+00
-7.099082469940185547e-01
-5.628564357757568359e-01
-6.596461534500122070e-01
-8.153092861175537109e-01
-8.267325162887573242e-01
-5.352650284767150879e-01
-2.012241445481777191e-02
5.575402975082397461e-01
9.915781617164611816e-01
1.221536040306091309e+00
1.233530402183532715e+00
1.080679178237915039e+00
7.526574134826660156e-01
2.948065698146820068e-01
-2.140093594789505005e-01
-5.805624127388000488e-01
-6.679499745368957520e-01
-4.355316460132598877e-01
-4.740630090236663818e-02
2.933566868305206299e-01
4.297321736812591553e-01
3.943202495574951172e-01
2.894025146961212158e-01
2.066282033920288086e-01
9.481260180473327637e-02
-1.253916472196578979e-01
-4.577190279960632324e-01
-7.106112241744995117e-01
-6.371512413024902344e-01
-1.187134608626365662e-01
6.505954861640930176e-01
1.280014038085937500e+00
1.432338118553161621e+00
1.122241973876953125e+00
7.130276560783386230e-01
6.625019311904907227e-01
1.130457997322082520e+00
1.821254253387451172e+00
2.150066852569580078e+00
1.668974161148071289e+00
3.980547487735748291e-01
-1.157917618751525879e+00
-2.333365440368652344e+00
-2.712615728378295898e+00
-2.334551572799682617e+00
-1.585496902465820312e+00
-9.030043482780456543e-01
-5.360997915267944336e-01
-4.880344569683074951e-01
-6.382496356964111328e-01
-8.468109965324401855e-01
-9.963231682777404785e-01
-9.507182240486145020e-01
-5.975214838981628418e-01
6.107021123170852661e-02
7.919356822967529297e-01
1.213935256004333496e+00
1.015347242355346680e+00
2.463018745183944702e-01
-6.525725722312927246e-01
-1.082260847091674805e+00
-7.381587028503417969e-01
1.596612632274627686e-01
9.606915712356567383e-01
1.076285600662231445e+00
3.983623087406158447e-01
-5.745432972908020020e-01
-1.123691916465759277e+00
-8.142987489700317383e-01
1.581235229969024658e-01
1.156467676162719727e+00
1.547844290733337402e+00
1.181423068046569824e+00
4.171227216720581055e-01
-1.787731647491455078e-01
-3.118974268436431885e-01
-1.218328773975372314e-01
-3.119413740932941437e-02
-3.168182075023651123e-01
-8.782247900962829590e-01
-1.270128607749938965e+00
-1.070969462394714355e+00
-1.818925738334655762e-01
1.060293078422546387e+00
2.119180202484130859e+00
2.548956394195556641e+00
2.236224174499511719e+00
1.366039633750915527e+00
2.946747541427612305e-01
-6.506833434104919434e-01
-1.240208625793457031e+00
-1.394553661346435547e+00
-1.160290122032165527e+00
-7.242311835289001465e-01
-3.373360335826873779e-01
-2.195452153682708740e-01
-4.151895642280578613e-01
-7.638609409332275391e-01
-9.953565597534179688e-01
-9.363073706626892090e-01
-6.324061751365661621e-01
-3.216071426868438721e-01
-2.181832194328308105e-01
-3.266157805919647217e-01
-4.122898280620574951e-01
-1.906796544790267944e-01
4.227903783321380615e-01
1.210288524627685547e+00
1.783645629882812500e+00
1.869275689125061035e+00
1.494989991188049316e+00
9.608233571052551270e-01
5.885147452354431152e-01
4.933945834636688232e-01
5.247205495834350586e-01
4.460322260856628418e-01
1.403736174106597900e-01
-2.844817340373992920e-01
-6.390843987464904785e-01
-8.238327503204345703e-01
-9.510697126388549805e-01
-1.203786134719848633e+00
-1.659396290779113770e+00
-2.119443893432617188e+00
-2.244835615158081055e+00
-1.754955768585205078e+00
-7.050314545631408691e-01
5.522240996360778809e-01
1.512256622314453125e+00
1.863168716430664062e+00
1.580883741378784180e+00
9.494001269340515137e-01
2.962124943733215332e-01
-1.239857077598571777e-01
-2.808350920677185059e-01
-2.418204694986343384e-01
-1.640987396240234375e-01
-1.452504396438598633e-01
-2.778035700321197510e-01
-5.473033189773559570e-01
-8.985669016838073730e-01
-1.144824862480163574e+00
-1.125537157058715820e+00
-7.127640843391418457e-01
-2.416447270661592484e-03
8.081038594245910645e-01
1.431151866912841797e+00
1.751221299171447754e+00
1.770596742630004883e+00
1.664361000061035156e+00
1.511729359626770020e+00
1.333878874778747559e+00
1.007131218910217285e+00
5.261703729629516602e-01
-2.684453129768371582e-02
-3.855331838130950928e-01
-3.944081068038940430e-01
-3.286368399858474731e-02
4.189680218696594238e-01
6.682135462760925293e-01
4.806533157825469971e-01
-4.428688809275627136e-02
-6.766491532325744629e-01
-1.086127161979675293e+00
-1.176194667816162109e+00
-9.764204025268554688e-01
-7.085462808609008789e-01
-4.751174449920654297e-01
-3.408508598804473877e-01
-1.914265602827072144e-01
1.757416175678372383e-03
2.731024622917175293e-01
4.890010356903076172e-01
5.888223052024841309e-01
4.868042767047882080e-01
2.792094945907592773e-01
3.699361160397529602e-02
-8.664061874151229858e-02
-1.000409126281738281e-01
-1.098385080695152283e-02
1.766203157603740692e-02
-7.231767475605010986e-02
-3.444535732269287109e-01
-6.451035141944885254e-01
-8.350362777709960938e-01
-7.127640843391418457e-01
-3.213874697685241699e-01
2.097036838531494141e-01
5.674696564674377441e-01
