3.118627667427062988e-01
3.303027451038360596e-01
-1.747747212648391724e-01
-9.119762182235717773e-01
-1.517689943313598633e+00
-1.561399221420288086e+00
-8.982570171356201172e-01
1.852522939443588257e-01
1.060470819473266602e+00
1.178830027580261230e+00
4.252891242504119873e-01
-7.438209056854248047e-01
-1.609305620193481445e+00
-1.628769397735595703e+00
-8.106287717819213867e-01
3.351544439792633057e-01
1.135050892829895020e+00
1.224248766899108887e+00
7.416915893554687500e-01
2.157061696052551270e-01
1.550942957401275635e-01
7.149196863174438477e-01
1.581023097038269043e+00
2.198962211608886719e+00
2.114156484603881836e+00
1.271684169769287109e+00
3.228348493576049805e-02
-1.019451141357421875e+00
-1.413204550743103027e+00
-1.022585153579711914e+00
-1.257131099700927734e-01
7.753725647926330566e-01
1.220685601234436035e+00
1.025533318519592285e+00
3.418856859207153320e-01
-4.612331390380859375e-01
-1.022371768951416016e+00
-1.172442317008972168e+00
-9.821938276290893555e-01
-6.745500564575195312e-01
-4.653964936733245850e-01
-4.609271883964538574e-01
-6.310292482376098633e-01
-8.683843016624450684e-01
-1.029521465301513672e+00
-9.805577397346496582e-01
-6.147152781486511230e-01
6.650291383266448975e-02
8.990489244461059570e-01
1.530116200447082520e+00
1.581692457199096680e+00
8.679795265197753906e-01
-3.737702667713165283e-01
-1.540649175643920898e+00
-1.939900040626525879e+00
-1.247664332389831543e+00
2.648856043815612793e-01
1.817381262779235840e+00
2.617316961288452148e+00
2.317482471466064453e+00
1.257211685180664062e+00
1.621487289667129517e-01
-3.213163614273071289e-01
-8.809021115303039551e-02
4.641942083835601807e-01
7.419073581695556641e-01
4.675152897834777832e-01
-1.884467005729675293e-01
-7.330309748649597168e-01
-8.267667293548583984e-01
-5.046255588531494141e-01
-1.991518139839172363e-01
-3.244581222534179688e-01
-9.846130013465881348e-01
-1.784603118896484375e+00
-2.144770145416259766e+00
-1.624435305595397949e+00
-3.171468973159790039e-01
1.237626910209655762e+00
2.262597799301147461e+00
2.259136199951171875e+00
1.208795666694641113e+00
-3.134264349937438965e-01
-1.516976714134216309e+00
-1.724469542503356934e+00
-8.292092680931091309e-01
7.194787859916687012e-01
2.053336858749389648e+00
2.458155632019042969e+00
1.686557292938232422e+00
1.912135183811187744e-01
-1.265363812446594238e+00
-1.991384148597717285e+00
-1.879213929176330566e+00
-1.294666528701782227e+00
-8.282378911972045898e-01
-7.078748941421508789e-01
-7.391263246536254883e-01
-4.284487664699554443e-01
4.102941155433654785e-01
1.490452527999877930e+00
2.084764003753662109e+00
1.692278742790222168e+00
3.801409304141998291e-01
-1.074468851089477539e+00
-1.825667381286621094e+00
-1.467301249504089355e+00
-4.345557391643524170e-01
4.763147234916687012e-01
6.455643773078918457e-01
2.358902841806411743e-01
-8.964286744594573975e-02
3.433881998062133789e-01
1.482702493667602539e+00
2.635935783386230469e+00
2.881203174591064453e+00
1.927298307418823242e+00
2.602232694625854492e-01
-1.092108488082885742e+00
-1.456273078918457031e+00
-8.794909715652465820e-01
-1.493956893682479858e-01
-5.420297384262084961e-05
-6.383849382400512695e-01
-1.498782873153686523e+00
-1.868530750274658203e+00
-1.377476692199707031e+00
-4.042775630950927734e-01
3.643487095832824707e-01
3.733637332916259766e-01
-2.863471210002899170e-01
-1.130407571792602539e+00
-1.591686129570007324e+00
-1.537831306457519531e+00
-1.133030533790588379e+00
-6.809695959091186523e-01
-2.026841044425964355e-01
4.003630280494689941e-01
1.216256022453308105e+00
1.964026808738708496e+00
2.231322765350341797e+00
1.704919338226318359e+00
6.135209202766418457e-01
-4.686546921730041504e-01
-9.231327772140502930e-01
-6.662074327468872070e-01
-9.775595366954803467e-02
1.453550159931182861e-01
-1.556540727615356445e-01
-7.076788544654846191e-01
-8.581638336181640625e-01
-2.648036181926727295e-01
8.715497255325317383e-01
1.831666111946105957e+00
2.013993263244628906e+00
1.282509088516235352e+00
1.241605877876281738e-01
-8.449727296829223633e-01
-1.230575799942016602e+00
-1.132713913917541504e+00
-8.214405179023742676e-01
-5.079376697540283203e-01
-1.211435794830322266e-01
4.093538522720336914e-01
9.916200637817382812e-01
1.249429106712341309e+00
9.074481725692749023e-01
3.931140899658203125e-02
-7.964154481887817383e-01
-1.007929921150207520e+00
-3.895176351070404053e-01
5.987224578857421875e-01
1.231015205383300781e+00
1.028945326805114746e+00
2.169601321220397949e-01
-5.416504144668579102e-01
-6.728272438049316406e-01
-2.587834298610687256e-01
8.639526367187500000e-02
-2.574926018714904785e-01
-1.243265390396118164e+00
-2.140697002410888672e+00
-2.060088872909545898e+00
-7.887296080589294434e-01
9.575571417808532715e-01
1.959935426712036133e+00
1.467217803001403809e+00
-2.207350432872772217e-01
-1.904518723487854004e+00
-2.415720224380493164e+00
-1.468305468559265137e+00
1.225035488605499268e-01
1.143223524093627930e+00
9.217581748962402344e-01
-1.434889435768127441e-01
-9.737995266914367676e-01
-7.007312178611755371e-01
5.971044301986694336e-01
1.971599459648132324e+00
2.347594261169433594e+00
1.394683599472045898e+00
-2.252236604690551758e-01
-1.350669741630554199e+00
-1.192773580551147461e+00
1.256309747695922852e-01
1.714500546455383301e+00
2.597862482070922852e+00
2.365889787673950195e+00
1.344878554344177246e+00
2.306560873985290527e-01
-4.564637541770935059e-01
-6.619710922241210938e-01
-6.803891062736511230e-01
-7.978787422180175781e-01
-1.045292258262634277e+00
-1.216997861862182617e+00
-1.112440705299377441e+00
