-5.414773821830749512e-01
-5.475304126739501953e-01
-9.164482355117797852e-01
-1.172326564788818359e+00
-1.166263937950134277e+00
-8.919777274131774902e-01
-2.731944918632507324e-01
5.551422834396362305e-01
1.442268371582031250e+00
2.026971578598022461e+00
2.086834430694580078e+00
1.481873273849487305e+00
4.643142223358154297e-01
-6.005060672760009766e-01
-1.232194781303405762e+00
-1.259632468223571777e+00
-7.166131734848022461e-01
5.311965942382812500e-02
7.823691368103027344e-01
1.241245985031127930e+00
1.426452755928039551e+00
1.283505916595458984e+00
8.053677082061767578e-01
-8.691839873790740967e-02
-1.236072301864624023e+00
-2.321810007095336914e+00
-2.803919792175292969e+00
-2.364092588424682617e+00
-1.023222923278808594e+00
6.651189923286437988e-01
2.029230117797851562e+00
2.547355890274047852e+00
2.267068147659301758e+00
1.604358673095703125e+00
1.114406943321228027e+00
9.754360914230346680e-01
9.860141873359680176e-01
6.695851683616638184e-01
-2.140600681304931641e-01
-1.518070936203002930e+00
-2.678216457366943359e+00
-3.158196926116943359e+00
-2.711817979812622070e+00
-1.591077446937561035e+00
-2.753955125808715820e-01
7.682290673255920410e-01
1.372458577156066895e+00
1.587848663330078125e+00
1.574871659278869629e+00
1.390565633773803711e+00
1.037338733673095703e+00
5.131674408912658691e-01
-4.513949155807495117e-02
-4.415166974067687988e-01
-5.182558894157409668e-01
-3.111163973808288574e-01
-1.508927345275878906e-02
1.371610909700393677e-01
5.206069350242614746e-02
-1.786407828330993652e-01
-3.589222431182861328e-01
-3.404459953308105469e-01
-1.246264576911926270e-01
1.728029251098632812e-01
4.026753902435302734e-01
4.881821274757385254e-01
4.172597229480743408e-01
2.248712182044982910e-01
-6.284294277429580688e-02
-3.902154862880706787e-01
-6.878119111061096191e-01
-8.452444076538085938e-01
-8.282062411308288574e-01
-6.843580007553100586e-01
-5.796337127685546875e-01
-6.280131340026855469e-01
-8.356944322586059570e-01
-1.007075428962707520e+00
-9.433771371841430664e-01
-5.510237216949462891e-01
-1.259447634220123291e-02
3.928059041500091553e-01
4.310069084167480469e-01
1.919172406196594238e-01
-1.811534166336059570e-02
1.805731803178787231e-01
8.631251454353332520e-01
1.784631133079528809e+00
2.432544231414794922e+00
2.459656476974487305e+00
1.825302004814147949e+00
9.069387912750244141e-01
1.373242735862731934e-01
-1.924656033515930176e-01
-1.921227872371673584e-01
-1.376024782657623291e-01
-3.228144049644470215e-01
-7.284900546073913574e-01
-1.143905520439147949e+00
-1.246984362602233887e+00
-9.519889354705810547e-01
-3.812514543533325195e-01
1.208067759871482849e-01
3.243071138858795166e-01
1.548813581466674805e-01
-1.749601662158966064e-01
-4.303627014160156250e-01
-4.135410487651824951e-01
-1.839520931243896484e-01
8.978867530822753906e-02
1.385156810283660889e-01
-1.324823498725891113e-01
-6.873515248298645020e-01
-1.250562071800231934e+00
-1.550500154495239258e+00
-1.352639555931091309e+00
-7.128030061721801758e-01
1.258853077888488770e-01
7.296558022499084473e-01
7.926130294799804688e-01
2.204759716987609863e-01
-6.884681582450866699e-01
-1.476064682006835938e+00
-1.658618927001953125e+00
-1.085329294204711914e+00
6.750756502151489258e-02
1.285973072052001953e+00
2.074902534484863281e+00
2.094444274902343750e+00
1.393353581428527832e+00
2.648837566375732422e-01
-8.264253139495849609e-01
-1.523634910583496094e+00
-1.617257833480834961e+00
-1.164812088012695312e+00
-3.546689748764038086e-01
5.140015482902526855e-01
1.216204166412353516e+00
1.608236074447631836e+00
1.722299575805664062e+00
1.649568319320678711e+00
1.512181043624877930e+00
1.318171262741088867e+00
1.012307405471801758e+00
4.962868392467498779e-01
-2.004204392433166504e-01
-9.022311568260192871e-01
-1.306087136268615723e+00
-1.182984471321105957e+00
-5.127570033073425293e-01
4.221766293048858643e-01
1.179964661598205566e+00
1.369835972785949707e+00
8.795761466026306152e-01
-6.479358673095703125e-02
-1.021775960922241211e+00
-1.570770025253295898e+00
-1.541861176490783691e+00
-1.077821731567382812e+00
-5.477924346923828125e-01
-3.079006671905517578e-01
-5.212119817733764648e-01
-1.047134757041931152e+00
-1.554424047470092773e+00
-1.687896013259887695e+00
-1.313976287841796875e+00
-5.603775978088378906e-01
2.138554751873016357e-01
6.857997775077819824e-01
7.187047004699707031e-01
4.920677542686462402e-01
3.149197697639465332e-01
4.539632201194763184e-01
8.634158968925476074e-01
1.268998742103576660e+00
1.283441781997680664e+00
7.866020202636718750e-01
-3.280252963304519653e-02
-6.785237789154052734e-01
-7.554985284805297852e-01
-1.495118737220764160e-01
7.865636348724365234e-01
1.554598569869995117e+00
1.721336007118225098e+00
1.288732647895812988e+00
5.290087461471557617e-01
-1.181792318820953369e-01
-4.737003445625305176e-01
-5.666577816009521484e-01
-6.632973551750183105e-01
-8.722450733184814453e-01
-1.160583138465881348e+00
-1.240590333938598633e+00
-9.521374106407165527e-01
-2.661979198455810547e-01
5.152143239974975586e-01
1.108958721160888672e+00
1.273133039474487305e+00
1.102033138275146484e+00
7.576158046722412109e-01
5.027323961257934570e-01
3.638170957565307617e-01
3.413158655166625977e-01
2.981807589530944824e-01
2.804694473743438721e-01
3.046977221965789795e-01
4.880682229995727539e-01
7.289210557937622070e-01
9.085491895675659180e-01
7.654929161071777344e-01
2.694685161113739014e-01
-5.234082937240600586e-01
-1.274752140045166016e+00
-1.738910198211669922e+00
-1.686370372772216797e+00
-1.221958041191101074e+00
-5.033538937568664551e-01
