1.474481225013732910e+00
1.471700668334960938e+00
1.371128559112548828e+00
1.175755143165588379e+00
8.756125569343566895e-01
4.765242040157318115e-01
-1.490482538938522339e-01
-9.416114091873168945e-01
-1.767751097679138184e+00
-2.275018692016601562e+00
-2.266572237014770508e+00
-1.693672895431518555e+00
-8.953387737274169922e-01
-2.463152259588241577e-01
-8.750879764556884766e-02
-3.554388880729675293e-01
-8.001703619956970215e-01
-1.007190585136413574e+00
-8.432427048683166504e-01
-3.681874871253967285e-01
6.930402666330337524e-02
2.626837790012359619e-01
1.329420208930969238e-01
-6.122467666864395142e-02
-7.995408028364181519e-02
2.823050618171691895e-01
9.031033515930175781e-01
1.576679706573486328e+00
1.998956918716430664e+00
2.094859838485717773e+00
1.866014838218688965e+00
1.483399987220764160e+00
9.879889488220214844e-01
4.298843145370483398e-01
-2.476268112659454346e-01
-9.309613704681396484e-01
-1.476317405700683594e+00
-1.616919040679931641e+00
-1.300932645797729492e+00
-6.278808712959289551e-01
2.124763838946819305e-02
3.511893749237060547e-01
2.105352431535720825e-01
-1.523534357547760010e-01
-3.860250115394592285e-01
-1.494679600000381470e-01
4.875939786434173584e-01
1.190549850463867188e+00
1.438543796539306641e+00
1.010653138160705566e+00
3.011393733322620392e-02
-9.554092884063720703e-01
-1.435815811157226562e+00
-1.130216956138610840e+00
-2.664086818695068359e-01
7.029033899307250977e-01
1.261322855949401855e+00
1.229530096054077148e+00
6.977619528770446777e-01
1.741781830787658691e-02
-5.315057635307312012e-01
-7.427754998207092285e-01
-6.285628676414489746e-01
-2.345634400844573975e-01
2.715500593185424805e-01
7.292923927307128906e-01
8.953387737274169922e-01
6.502826809883117676e-01
1.059758756309747696e-02
-7.069954872131347656e-01
-1.111277699470520020e+00
-8.783931136131286621e-01
-9.055166691541671753e-02
8.476496338844299316e-01
1.350510478019714355e+00
1.105401873588562012e+00
2.118468284606933594e-01
-8.046297430992126465e-01
-1.405072212219238281e+00
-1.308959484100341797e+00
-7.074676752090454102e-01
-8.708909153938293457e-03
4.024460315704345703e-01
4.783079624176025391e-01
4.040723741054534912e-01
4.596834778785705566e-01
7.009622454643249512e-01
9.887759089469909668e-01
1.038196325302124023e+00
7.057363986968994141e-01
2.103778533637523651e-02
-7.878939509391784668e-01
-1.490954637527465820e+00
-1.900693058967590332e+00
-1.954677820205688477e+00
-1.626782178878784180e+00
-9.991111755371093750e-01
-2.293695807456970215e-01
3.827722668647766113e-01
5.587866902351379395e-01
1.550815254449844360e-01
-6.322877407073974609e-01
-1.379260301589965820e+00
-1.615712404251098633e+00
-1.170194029808044434e+00
-2.450561076402664185e-01
6.761471033096313477e-01
1.189657926559448242e+00
1.188608646392822266e+00
9.180029034614562988e-01
7.025886178016662598e-01
7.161765694618225098e-01
8.356879949569702148e-01
8.231492638587951660e-01
5.376964211463928223e-01
1.199835836887359619e-01
-1.416509300470352173e-01
-1.395523920655250549e-02
4.492957592010498047e-01
9.715679883956909180e-01
1.218512773513793945e+00
1.069569468498229980e+00
6.342813968658447266e-01
1.694040149450302124e-01
-1.620066910982131958e-01
-3.369718194007873535e-01
-4.438395798206329346e-01
-4.974046051502227783e-01
-4.246380031108856201e-01
-1.020411327481269836e-01
4.375964403152465820e-01
9.833722114562988281e-01
1.200255513191223145e+00
8.847936391830444336e-01
8.310187608003616333e-02
-8.910368084907531738e-01
-1.687272429466247559e+00
-2.075290918350219727e+00
-2.072877645492553711e+00
-1.808410167694091797e+00
-1.422490119934082031e+00
-9.351584315299987793e-01
-3.440018892288208008e-01
3.157766461372375488e-01
8.754027485847473145e-01
1.152986049652099609e+00
1.032110571861267090e+00
5.991834402084350586e-01
4.496105387806892395e-02
-4.113647937774658203e-01
-6.946141719818115234e-01
-8.223098516464233398e-01
-8.787078857421875000e-01
-8.645428419113159180e-01
-7.613999843597412109e-01
-5.383784174919128418e-01
-2.944240868091583252e-01
-1.698237210512161255e-01
-2.977292537689208984e-01
-6.050593256950378418e-01
-8.623918294906616211e-01
-7.407819032669067383e-01
-8.698415756225585938e-02
9.952288866043090820e-01
2.092813730239868164e+00
2.740263462066650391e+00
2.587385416030883789e+00
1.659834027290344238e+00
2.872366011142730713e-01
-9.533631801605224609e-01
-1.572640061378479004e+00
-1.294269800186157227e+00
-2.658840417861938477e-01
1.089715361595153809e+00
2.174446582794189453e+00
2.574636697769165039e+00
2.162170171737670898e+00
1.223811507225036621e+00
1.989408582448959351e-01
-4.776259362697601318e-01
-6.807113885879516602e-01
-5.223246812820434570e-01
-3.101630508899688721e-01
-2.351405322551727295e-01
-3.678202331066131592e-01
-5.774111151695251465e-01
-7.697941064834594727e-01
-8.610277771949768066e-01
-8.835345506668090820e-01
-7.883660793304443359e-01
-5.292498469352722168e-01
-9.286005049943923950e-03
6.590440273284912109e-01
1.239917755126953125e+00
1.355599403381347656e+00
8.734090924263000488e-01
-6.080497056245803833e-02
-9.364175200462341309e-01
-1.306283831596374512e+00
-9.714630246162414551e-01
-2.497253417968750000e-01
3.722796142101287842e-01
4.678153097629547119e-01
1.029854714870452881e-01
-3.520812392234802246e-01
-4.034952819347381592e-01
5.073201656341552734e-02
7.532681226730346680e-01
1.152671337127685547e+00
9.467003345489501953e-01
1.755422204732894897e-01
-6.746256351470947266e-01
-1.164003372192382812e+00
-1.050105571746826172e+00
-5.572652220726013184e-01
-1.652594096958637238e-02
2.478891164064407349e-01
