-2.149134635925292969e+00
-2.250210046768188477e+00
-8.772940039634704590e-01
9.203970432281494141e-01
2.435852050781250000e+00
2.868433713912963867e+00
2.115832328796386719e+00
5.641565322875976562e-01
-8.583216667175292969e-01
-1.526852250099182129e+00
-1.174525856971740723e+00
-2.474552392959594727e-01
7.435728311538696289e-01
1.298865437507629395e+00
1.452380895614624023e+00
1.341244935989379883e+00
1.252311229705810547e+00
1.113636374473571777e+00
8.489925861358642578e-01
2.740671634674072266e-01
-4.283269941806793213e-01
-1.045338034629821777e+00
-1.248502373695373535e+00
-1.100680947303771973e+00
-7.785085439682006836e-01
-6.589224934577941895e-01
-7.728592157363891602e-01
-9.926288723945617676e-01
-9.162623882293701172e-01
-4.383985996246337891e-01
3.269216120243072510e-01
8.677921891212463379e-01
8.504590988159179688e-01
1.785329729318618774e-01
-6.898719668388366699e-01
-1.232838273048400879e+00
-1.012172460556030273e+00
-1.657834798097610474e-01
8.809493780136108398e-01
1.505811691284179688e+00
1.459318399429321289e+00
7.868887782096862793e-01
-9.733396768569946289e-02
-8.935086727142333984e-01
-1.408915519714355469e+00
-1.737389206886291504e+00
-1.897083878517150879e+00
-1.873391628265380859e+00
-1.466135025024414062e+00
-6.517058610916137695e-01
4.139102101325988770e-01
1.244391798973083496e+00
1.423968791961669922e+00
7.671627998352050781e-01
-3.800411820411682129e-01
-1.426901221275329590e+00
-1.767853379249572754e+00
-1.261201858520507812e+00
-1.908367872238159180e-01
8.381123542785644531e-01
1.394066691398620605e+00
1.371334075927734375e+00
1.067613363265991211e+00
8.115896582603454590e-01
7.612324953079223633e-01
7.227201461791992188e-01
4.132124483585357666e-01
-3.226502537727355957e-01
-1.264823198318481445e+00
-1.982095122337341309e+00
-2.069455862045288086e+00
-1.489205121994018555e+00
-5.653157830238342285e-01
1.939776539802551270e-01
4.733913540840148926e-01
3.071626722812652588e-01
3.288195282220840454e-02
-2.349249273538589478e-02
2.142868936061859131e-01
5.143445730209350586e-01
5.642449259757995605e-01
2.496264874935150146e-01
-2.025168836116790771e-01
-3.669744133949279785e-01
6.106623634696006775e-02
1.007123708724975586e+00
2.006584167480468750e+00
2.490107059478759766e+00
2.138081789016723633e+00
1.109676837921142578e+00
-6.505611538887023926e-02
-7.846564054489135742e-01
-7.459281682968139648e-01
-5.784164369106292725e-02
8.466884493827819824e-01
1.523522734642028809e+00
1.715602636337280273e+00
1.453666687011718750e+00
8.984992504119873047e-01
2.254790365695953369e-01
-5.022462606430053711e-01
-1.236948013305664062e+00
-1.899568200111389160e+00
-2.289478540420532227e+00
-2.222036361694335938e+00
-1.623419284820556641e+00
-6.845755577087402344e-01
2.510892152786254883e-01
8.159554600715637207e-01
8.856538534164428711e-01
5.933459997177124023e-01
2.785763740539550781e-01
1.917882859706878662e-01
3.697296977043151855e-01
5.660617351531982422e-01
5.007506608963012695e-01
4.073262214660644531e-02
-6.137301921844482422e-01
-1.095447540283203125e+00
-1.072618484497070312e+00
-5.538474917411804199e-01
1.380941867828369141e-01
5.168887376785278320e-01
3.147978186607360840e-01
-3.696608245372772217e-01
-1.074206948280334473e+00
-1.319599628448486328e+00
-8.795998096466064453e-01
3.639560937881469727e-02
9.804233908653259277e-01
1.529439568519592285e+00
1.581107854843139648e+00
1.327092409133911133e+00
1.088847637176513672e+00
1.021804928779602051e+00
1.046225428581237793e+00
9.249781966209411621e-01
5.198230147361755371e-01
-9.453159570693969727e-02
-6.625821590423583984e-01
-9.750803709030151367e-01
-1.027847766876220703e+00
-1.029273390769958496e+00
-1.196419000625610352e+00
-1.544216632843017578e+00
-1.823564052581787109e+00
-1.691277980804443359e+00
-9.898823499679565430e-01
9.551423788070678711e-02
1.110563039779663086e+00
1.638484954833984375e+00
1.563644409179687500e+00
1.165587425231933594e+00
8.897114396095275879e-01
1.059964537620544434e+00
1.629409074783325195e+00
2.271300792694091797e+00
2.589645624160766602e+00
2.441773891448974609e+00
1.965209007263183594e+00
1.490868568420410156e+00
1.217812538146972656e+00
1.120838284492492676e+00
9.214291572570800781e-01
3.858235478401184082e-01
-5.466713309288024902e-01
-1.617449283599853516e+00
-2.491793632507324219e+00
-2.888520002365112305e+00
-2.842922210693359375e+00
-2.558877944946289062e+00
-2.342942714691162109e+00
-2.276625633239746094e+00
-2.275197982788085938e+00
-2.057120084762573242e+00
-1.491347312927246094e+00
-6.053630709648132324e-01
2.684322893619537354e-01
8.218147158622741699e-01
8.291318416595458984e-01
4.383222162723541260e-01
-6.664402782917022705e-02
-2.985748052597045898e-01
-1.715974211692810059e-01
2.104854881763458252e-01
4.755740761756896973e-01
4.177383780479431152e-01
-1.923567056655883789e-02
-5.230554938316345215e-01
-8.068718910217285156e-01
-6.311480402946472168e-01
-1.582582592964172363e-01
3.523904085159301758e-01
5.351401567459106445e-01
3.693591952323913574e-01
-2.456361055374145508e-02
-2.912673950195312500e-01
-3.246416449546813965e-01
-1.352263540029525757e-01
-3.886152803897857666e-02
-1.706338077783584595e-01
-5.687962770462036133e-01
-8.887685537338256836e-01
-8.703206777572631836e-01
-2.966278493404388428e-01
5.929239392280578613e-01
1.483566284179687500e+00
1.925509333610534668e+00
1.849409222602844238e+00
1.318563342094421387e+00
7.105301022529602051e-01
2.095404267311096191e-01
-1.294729113578796387e-02
-1.089197024703025818e-01
-1.337242722511291504e-01
-2.601346373558044434e-01
-4.165430068969726562e-01
