5.918392539024353027e-01
6.645147204399108887e-01
1.905710339546203613e+00
2.946297168731689453e+00
3.110501766204833984e+00
2.331791162490844727e+00
1.030714273452758789e+00
-8.855342864990234375e-03
-3.989939689636230469e-01
-2.226641178131103516e-01
-8.673220872879028320e-02
-4.077559113502502441e-01
-1.231505632400512695e+00
-2.025746107101440430e+00
-2.305279254913330078e+00
-1.869461297988891602e+00
-1.128938317298889160e+00
-5.934941768646240234e-01
-6.185719370841979980e-01
-9.709678888320922852e-01
-1.215866684913635254e+00
-9.353901743888854980e-01
-2.270231544971466064e-01
5.520628094673156738e-01
9.342418909072875977e-01
8.491702079772949219e-01
4.704250097274780273e-01
1.584600508213043213e-01
5.716949701309204102e-03
-4.628116637468338013e-02
-2.018247842788696289e-01
-4.257757067680358887e-01
-5.864087939262390137e-01
-4.840667247772216797e-01
-2.236215174198150635e-01
-6.080311536788940430e-02
-3.083656132221221924e-01
-8.995366692543029785e-01
-1.480521559715270996e+00
-1.535854339599609375e+00
-9.155868887901306152e-01
1.131391823291778564e-01
9.203046560287475586e-01
1.061434268951416016e+00
4.823449850082397461e-01
-3.831786513328552246e-01
-1.049425005912780762e+00
-1.223952770233154297e+00
-1.016186237335205078e+00
-6.622999310493469238e-01
-3.597540557384490967e-01
-8.004331588745117188e-02
2.277675867080688477e-01
5.426999330520629883e-01
6.831077933311462402e-01
5.483607053756713867e-01
2.423718720674514771e-01
1.101122498512268066e-01
4.226507544517517090e-01
1.135992288589477539e+00
1.817646503448486328e+00
1.982104301452636719e+00
1.464457154273986816e+00
6.140862107276916504e-01
2.128103002905845642e-02
5.852243304252624512e-02
5.596128702163696289e-01
9.600823521614074707e-01
7.753530740737915039e-01
2.050679922103881836e-02
-7.825007438659667969e-01
-1.048591732978820801e+00
-6.181703209877014160e-01
8.465248346328735352e-02
4.283015131950378418e-01
8.940565586090087891e-02
-6.440635323524475098e-01
-1.149602532386779785e+00
-9.796862602233886719e-01
-2.959315776824951172e-01
2.990350723266601562e-01
2.288025319576263428e-01
-5.067513585090637207e-01
-1.354342460632324219e+00
-1.596359014511108398e+00
-9.878991842269897461e-01
1.067600995302200317e-01
9.497491121292114258e-01
1.070748925209045410e+00
5.325344800949096680e-01
-1.180738285183906555e-01
-4.150956869125366211e-01
-2.707657217979431152e-01
-6.014406681060791016e-02
-1.394751667976379395e-01
-5.637863874435424805e-01
-9.262959957122802734e-01
-7.913876771926879883e-01
-1.986339688301086426e-03
1.053791522979736328e+00
1.794650793075561523e+00
1.746493697166442871e+00
9.387257099151611328e-01
-2.804298400878906250e-01
-1.398743152618408203e+00
-2.132413864135742188e+00
-2.339112758636474609e+00
-2.059818506240844727e+00
-1.303437352180480957e+00
-2.421081066131591797e-01
8.376626372337341309e-01
1.443678379058837891e+00
1.280907034873962402e+00
4.134286642074584961e-01
-5.327236652374267578e-01
-8.302794694900512695e-01
-3.580832481384277344e-02
1.520366191864013672e+00
3.007012844085693359e+00
3.508605480194091797e+00
2.755412578582763672e+00
1.172403335571289062e+00
-3.239496052265167236e-01
-1.077630162239074707e+00
-9.599413871765136719e-01
-4.493702650070190430e-01
-5.854031443595886230e-02
-5.376911163330078125e-02
-2.290585190057754517e-01
-3.135470449924468994e-01
-1.623972356319427490e-01
1.354181766510009766e-02
-4.008591175079345703e-03
-2.861108183860778809e-01
-5.381873250007629395e-01
-4.572321772575378418e-01
7.526516914367675781e-02
7.353696823120117188e-01
1.093833446502685547e+00
8.736760020256042480e-01
3.014120161533355713e-01
-1.527280807495117188e-01
-6.448164582252502441e-02
4.804215133190155029e-01
1.013355493545532227e+00
9.509081840515136719e-01
1.547835320234298706e-01
-1.001584053039550781e+00
-1.789443850517272949e+00
-1.718401432037353516e+00
-8.121243119239807129e-01
3.255311846733093262e-01
9.794929027557373047e-01
7.049008607864379883e-01
-3.618426024913787842e-01
-1.697485208511352539e+00
-2.664564132690429688e+00
-2.899726390838623047e+00
-2.362171649932861328e+00
-1.303931236267089844e+00
-4.010921716690063477e-02
1.124386906623840332e+00
1.975831270217895508e+00
2.347179889678955078e+00
2.174956083297729492e+00
1.512736082077026367e+00
5.840070247650146484e-01
-2.926546335220336914e-01
-8.104065656661987305e-01
-8.216009736061096191e-01
-3.873702883720397949e-01
2.567250728607177734e-01
8.238118290901184082e-01
1.096034049987792969e+00
9.885966777801513672e-01
5.592296123504638672e-01
-5.342528223991394043e-02
-6.603543758392333984e-01
-1.093681812286376953e+00
-1.211119890213012695e+00
-9.667671918869018555e-01
-4.060064554214477539e-01
2.801854908466339111e-01
8.481405377388000488e-01
1.048994779586791992e+00
8.109962940216064453e-01
2.516218125820159912e-01
-2.880089282989501953e-01
-4.688769280910491943e-01
-8.052188158035278320e-02
7.469219565391540527e-01
1.666585683822631836e+00
2.217653751373291016e+00
2.170645475387573242e+00
1.560804486274719238e+00
7.351295351982116699e-01
2.195747196674346924e-02
-3.598961532115936279e-01
-4.892821311950683594e-01
-5.082837343215942383e-01
-5.769078135490417480e-01
-6.494647264480590820e-01
-6.820255517959594727e-01
-6.305904984474182129e-01
-6.636546850204467773e-01
-9.158760309219360352e-01
-1.453649878501892090e+00
-2.004321336746215820e+00
-2.214383363723754883e+00
-1.749936342239379883e+00
-7.107295989990234375e-01
5.258160829544067383e-01
1.368067979812622070e+00
1.528793692588806152e+00
1.030092477798461914e+00
2.983185350894927979e-01
-3.096263110637664795e-01
