3.809568881988525391e-01
3.379150927066802979e-01
5.574221611022949219e-01
6.198329329490661621e-01
5.035530924797058105e-01
2.414007186889648438e-01
-2.373963594436645508e-02
-1.289088726043701172e-01
6.011626124382019043e-02
5.321842432022094727e-01
1.154445171356201172e+00
1.699198484420776367e+00
1.973141431808471680e+00
1.855911374092102051e+00
1.351024389266967773e+00
5.413619875907897949e-01
-4.012902379035949707e-01
-1.257987499237060547e+00
-1.778594017028808594e+00
-1.788062095642089844e+00
-1.272342681884765625e+00
-4.503184258937835693e-01
3.117268979549407959e-01
6.670968532562255859e-01
4.922795295715332031e-01
-5.543267726898193359e-02
-6.449693441390991211e-01
-1.003193378448486328e+00
-1.083131432533264160e+00
-1.061217546463012695e+00
-1.157263278961181641e+00
-1.431618094444274902e+00
-1.719999670982360840e+00
-1.758453488349914551e+00
-1.402257919311523438e+00
-7.517613172531127930e-01
-9.708306193351745605e-02
2.899142503738403320e-01
3.285135030746459961e-01
1.612815856933593750e-01
3.350079059600830078e-03
-1.746499538421630859e-02
6.113719940185546875e-02
1.338560581207275391e-01
1.510223746299743652e-01
1.932178437709808350e-01
3.707035779953002930e-01
7.014868855476379395e-01
1.018323898315429688e+00
1.073901295661926270e+00
6.977583765983581543e-01
-3.711020946502685547e-02
-8.516265153884887695e-01
-1.390238881111145020e+00
-1.436278104782104492e+00
-9.783098697662353516e-01
-2.022336721420288086e-01
6.490293741226196289e-01
1.333767890930175781e+00
1.680689334869384766e+00
1.566246628761291504e+00
9.859588742256164551e-01
7.227201014757156372e-02
-8.654087185859680176e-01
-1.480883121490478516e+00
-1.533952355384826660e+00
-1.073332190513610840e+00
-3.839241266250610352e-01
1.571748852729797363e-01
3.567411303520202637e-01
2.771018147468566895e-01
1.840228140354156494e-01
2.810732126235961914e-01
5.748851299285888672e-01
8.495419621467590332e-01
8.970693349838256836e-01
6.763783693313598633e-01
3.963063061237335205e-01
3.149304389953613281e-01
5.499989986419677734e-01
9.239355325698852539e-01
1.111503839492797852e+00
8.440495729446411133e-01
1.507989615201950073e-01
-6.825667023658752441e-01
-1.265729665756225586e+00
-1.385608434677124023e+00
-1.078326582908630371e+00
-5.900944471359252930e-01
-1.502456068992614746e-01
1.317611336708068848e-01
3.065243959426879883e-01
4.307399988174438477e-01
4.901067316532135010e-01
3.486817181110382080e-01
-1.080959141254425049e-01
-8.736159801483154297e-01
-1.722794532775878906e+00
-2.318558692932128906e+00
-2.346502304077148438e+00
-1.718835115432739258e+00
-6.167460680007934570e-01
5.424882173538208008e-01
1.314875721931457520e+00
1.412542462348937988e+00
8.738133907318115234e-01
3.282821178436279297e-02
-6.147493124008178711e-01
-6.848694682121276855e-01
-8.859223127365112305e-02
8.956927061080932617e-01
1.786605119705200195e+00
2.136970043182373047e+00
1.777846336364746094e+00
8.659119009971618652e-01
-2.123030722141265869e-01
-1.059354782104492188e+00
-1.418202161788940430e+00
-1.235256910324096680e+00
-6.039297580718994141e-01
2.936256527900695801e-01
1.232959985733032227e+00
1.960655927658081055e+00
2.246951818466186523e+00
1.976270437240600586e+00
1.231664896011352539e+00
2.892836928367614746e-01
-5.098569989204406738e-01
-9.342304468154907227e-01
-9.712700247764587402e-01
-7.764024734497070312e-01
-5.260676741600036621e-01
-2.824773192405700684e-01
-1.277279853820800781e-02
2.976647615432739258e-01
5.219610929489135742e-01
4.484002590179443359e-01
-4.849758744239807129e-02
-8.068147301673889160e-01
-1.413490891456604004e+00
-1.429604768753051758e+00
-7.389052510261535645e-01
3.374835252761840820e-01
1.194126486778259277e+00
1.363953709602355957e+00
8.046105504035949707e-01
-7.058671116828918457e-02
-7.450848221778869629e-01
-9.447624087333679199e-01
-8.198578953742980957e-01
-7.108691930770874023e-01
-8.347397446632385254e-01
-1.040450334548950195e+00
-9.807416200637817383e-01
-4.114362001419067383e-01
4.978879988193511963e-01
1.275342702865600586e+00
1.448832988739013672e+00
9.530620574951171875e-01
1.432352364063262939e-01
-4.357492923736572266e-01
-5.006536841392517090e-01
-1.554803699254989624e-01
2.241857796907424927e-01
4.150139689445495605e-01
5.066726207733154297e-01
8.389779329299926758e-01
1.567480802536010742e+00
2.449129104614257812e+00
2.866388797760009766e+00
2.328949213027954102e+00
8.517876267433166504e-01
-8.940758705139160156e-01
-2.042551517486572266e+00
-2.060145378112792969e+00
-1.179018020629882812e+00
-1.686829328536987305e-01
1.518282592296600342e-01
-4.532388448715209961e-01
-1.564944386482238770e+00
-2.385174512863159180e+00
-2.385866165161132812e+00
-1.597268104553222656e+00
-6.019595265388488770e-01
-1.555278897285461426e-02
-1.211045682430267334e-01
-6.534093022346496582e-01
-1.118570446968078613e+00
-1.107545375823974609e+00
-6.284382343292236328e-01
2.987146377563476562e-02
4.935423731803894043e-01
6.562660932540893555e-01
6.596033573150634766e-01
8.168184161186218262e-01
1.282387733459472656e+00
1.990632772445678711e+00
2.612628936767578125e+00
2.824501276016235352e+00
2.420097589492797852e+00
1.492273211479187012e+00
3.055019974708557129e-01
-7.508010864257812500e-01
-1.398124337196350098e+00
-1.483971476554870605e+00
-1.093764662742614746e+00
-4.188138246536254883e-01
2.472878396511077881e-01
6.926921606063842773e-01
7.752834558486938477e-01
5.275334715843200684e-01
4.698020219802856445e-02
-4.802372157573699951e-01
-9.204899668693542480e-01
-1.152744650840759277e+00
-1.169357299804687500e+00
-9.967128038406372070e-01
