-4.423036277294158936e-01
-4.081921875476837158e-01
-1.021654129028320312e+00
-1.014524221420288086e+00
-2.773562073707580566e-02
1.357262492179870605e+00
2.567055940628051758e+00
2.823248863220214844e+00
2.198671579360961914e+00
9.385025501251220703e-01
-1.975492984056472778e-01
-9.785625934600830078e-01
-1.208881497383117676e+00
-1.243172645568847656e+00
-1.111933708190917969e+00
-1.002637743949890137e+00
-7.117096781730651855e-01
-3.917455077171325684e-01
-2.874621748924255371e-02
7.545140385627746582e-02
2.370673418045043945e-02
-1.712871789932250977e-01
-1.686346530914306641e-01
-2.386641502380371094e-02
2.347964346408843994e-01
2.138350307941436768e-01
-1.182977631688117981e-01
-7.536441087722778320e-01
-1.239669561386108398e+00
-1.379495382308959961e+00
-1.025880932807922363e+00
-5.349469184875488281e-01
-1.445471644401550293e-01
-1.080244183540344238e-01
-1.852913349866867065e-01
-1.560894846916198730e-01
2.647277712821960449e-01
8.824278712272644043e-01
1.398259162902832031e+00
1.349142551422119141e+00
6.979317069053649902e-01
-3.426094949245452881e-01
-1.179007172584533691e+00
-1.393951416015625000e+00
-7.672746181488037109e-01
4.126853048801422119e-01
1.687927722930908203e+00
2.475369691848754883e+00
2.490586042404174805e+00
1.697551012039184570e+00
4.482667446136474609e-01
-8.082678914070129395e-01
-1.593536019325256348e+00
-1.705120205879211426e+00
-1.196629047393798828e+00
-4.141164124011993408e-01
2.477480173110961914e-01
4.874070584774017334e-01
2.722902894020080566e-01
-2.131873965263366699e-01
-6.775383353233337402e-01
-8.971061706542968750e-01
-8.157054781913757324e-01
-5.104248523712158203e-01
-1.312738060951232910e-01
2.238313257694244385e-01
4.876580536365509033e-01
6.578909158706665039e-01
6.875242590904235840e-01
5.652278661727905273e-01
2.488567531108856201e-01
-1.848393082618713379e-01
-6.533418893814086914e-01
-9.733214378356933594e-01
-1.061418056488037109e+00
-8.424195051193237305e-01
-4.450740516185760498e-01
-7.288577035069465637e-03
2.105317115783691406e-01
1.209103465080261230e-01
-2.918254137039184570e-01
-7.407399415969848633e-01
-9.443160295486450195e-01
-5.861060619354248047e-01
2.804457545280456543e-01
1.418804168701171875e+00
2.307560443878173828e+00
2.647632360458374023e+00
2.319229841232299805e+00
1.665119171142578125e+00
1.022513031959533691e+00
7.141739130020141602e-01
6.115068197250366211e-01
4.921254515647888184e-01
1.067602634429931641e-02
-7.714265584945678711e-01
-1.638136148452758789e+00
-2.107000112533569336e+00
-2.006081581115722656e+00
-1.330623507499694824e+00
-4.876093864440917969e-01
2.335680127143859863e-01
5.626884698867797852e-01
6.142521500587463379e-01
4.808366596698760986e-01
3.865801095962524414e-01
3.059817254543304443e-01
2.951306104660034180e-01
2.661029696464538574e-01
3.168533444404602051e-01
3.933706581592559814e-01
5.363593101501464844e-01
5.918231010437011719e-01
5.803858041763305664e-01
4.688032865524291992e-01
4.432152509689331055e-01
5.100817680358886719e-01
6.658246517181396484e-01
6.269083023071289062e-01
2.379096448421478271e-01
-5.861628055572509766e-01
-1.521439790725708008e+00
-2.187410831451416016e+00
-2.157114505767822266e+00
-1.425238609313964844e+00
-2.320246696472167969e-01
8.717672824859619141e-01
1.505082011222839355e+00
1.443923354148864746e+00
8.433117866516113281e-01
-6.701564788818359375e-02
-9.714536070823669434e-01
-1.726510286331176758e+00
-2.202324867248535156e+00
-2.382277488708496094e+00
-2.194907665252685547e+00
-1.657210946083068848e+00
-8.004308938980102539e-01
2.022559642791748047e-01
1.151035428047180176e+00
1.803206205368041992e+00
2.025200366973876953e+00
1.792306303977966309e+00
1.265796184539794922e+00
7.067376375198364258e-01
3.967656195163726807e-01
4.929692149162292480e-01
9.324369430541992188e-01
1.469048738479614258e+00
1.785543441772460938e+00
1.713633894920349121e+00
1.286401152610778809e+00
7.527639865875244141e-01
3.300185799598693848e-01
1.321588158607482910e-01
3.076539933681488037e-02
-9.875272959470748901e-02
-3.562042415142059326e-01
-6.057273149490356445e-01
-7.427034378051757812e-01
-6.762176156044006348e-01
-5.984893441200256348e-01
-6.672001481056213379e-01
-1.020739674568176270e+00
-1.414287924766540527e+00
-1.567391633987426758e+00
-1.159471750259399414e+00
-3.380682170391082764e-01
5.843407511711120605e-01
1.083976507186889648e+00
1.060030460357666016e+00
6.162353754043579102e-01
2.215526103973388672e-01
1.399636268615722656e-02
-1.569253206253051758e-02
-3.040001094341278076e-01
-9.655979871749877930e-01
-1.943093061447143555e+00
-2.614062786102294922e+00
-2.593292236328125000e+00
-1.670705795288085938e+00
-4.004575610160827637e-01
6.502427458763122559e-01
8.694351315498352051e-01
4.209147095680236816e-01
-3.456947207450866699e-01
-7.389472723007202148e-01
-6.604309678077697754e-01
-1.581123173236846924e-01
2.139808833599090576e-01
3.129637241363525391e-01
8.015662431716918945e-03
-2.837607860565185547e-01
-4.471406340599060059e-01
-2.266669124364852905e-01
1.230867579579353333e-01
6.051108837127685547e-01
9.343464374542236328e-01
1.211598396301269531e+00
1.191510319709777832e+00
9.542042016983032227e-01
3.001515269279479980e-01
-4.412227272987365723e-01
-1.119857788085937500e+00
-1.212519884109497070e+00
-7.740774750709533691e-01
1.811107248067855835e-01
1.059086084365844727e+00
1.689438104629516602e+00
1.781574010848999023e+00
1.667814612388610840e+00
1.343536615371704102e+00
1.036345005035400391e+00
4.287087619304656982e-01
-3.846527636051177979e-01
-1.472961425781250000e+00
-2.281565666198730469e+00
