8.839861303567886353e-02
9.372495114803314209e-02
-2.499035894870758057e-01
-5.380194783210754395e-01
-6.598429679870605469e-01
-7.299592494964599609e-01
-7.553551197052001953e-01
-8.127518892288208008e-01
-7.622672915458679199e-01
-5.682756304740905762e-01
-1.412106156349182129e-01
3.526867628097534180e-01
7.800254821777343750e-01
9.075176119804382324e-01
7.353063821792602539e-01
2.917709350585937500e-01
-1.941886544227600098e-01
-6.021304130554199219e-01
-7.643290758132934570e-01
-6.987909078598022461e-01
-3.952423632144927979e-01
-4.761368036270141602e-03
3.861078321933746338e-01
6.128175854682922363e-01
6.812122464179992676e-01
6.257025003433227539e-01
6.448154449462890625e-01
8.149621486663818359e-01
1.147987365722656250e+00
1.404574394226074219e+00
1.365820884704589844e+00
8.819378614425659180e-01
1.351665109395980835e-01
-5.521891117095947266e-01
-8.127188682556152344e-01
-6.064068078994750977e-01
-1.835588216781616211e-01
-2.482831478118896484e-02
-4.122266769409179688e-01
-1.272477984428405762e+00
-2.097050189971923828e+00
-2.316993951797485352e+00
-1.614934206008911133e+00
-2.236987054347991943e-01
1.238608121871948242e+00
2.075278759002685547e+00
1.964605927467346191e+00
1.090017318725585938e+00
1.745907962322235107e-02
-7.060001492500305176e-01
-8.633948564529418945e-01
-6.594137549400329590e-01
-4.920885562896728516e-01
-6.023318171501159668e-01
-8.622174263000488281e-01
-8.415454030036926270e-01
-1.575625240802764893e-01
1.195112109184265137e+00
2.693085432052612305e+00
3.565884590148925781e+00
3.223420858383178711e+00
1.711337089538574219e+00
-2.961369752883911133e-01
-1.798655390739440918e+00
-2.123310804367065430e+00
-1.263380289077758789e+00
4.854749143123626709e-02
8.904112577438354492e-01
6.593807339668273926e-01
-4.660126566886901855e-01
-1.761792421340942383e+00
-2.366084098815917969e+00
-1.942821025848388672e+00
-7.749210000038146973e-01
3.703523874282836914e-01
9.035548567771911621e-01
6.906135082244873047e-01
2.119581103324890137e-01
3.239730000495910645e-02
4.863769710063934326e-01
1.292553663253784180e+00
1.908741593360900879e+00
1.791711330413818359e+00
9.344965219497680664e-01
-2.888045012950897217e-01
-1.241299510002136230e+00
-1.597780823707580566e+00
-1.351477861404418945e+00
-8.831853270530700684e-01
-4.662936031818389893e-01
-2.385403811931610107e-01
-9.618215262889862061e-03
3.193037211894989014e-01
7.571715116500854492e-01
1.005486845970153809e+00
8.746407032012939453e-01
3.158886432647705078e-01
-2.880024313926696777e-01
-5.408800244331359863e-01
-1.449522674083709717e-01
6.562178730964660645e-01
1.365444421768188477e+00
1.357102155685424805e+00
4.876176118850708008e-01
-9.540525674819946289e-01
-2.195667505264282227e+00
-2.622284173965454102e+00
-1.930212497711181641e+00
-4.847937822341918945e-01
1.117685556411743164e+00
2.205469608306884766e+00
2.572277545928955078e+00
2.316861867904663086e+00
1.874428153038024902e+00
1.498852968215942383e+00
1.287240386009216309e+00
9.841420650482177734e-01
3.972730636596679688e-01
-5.996264219284057617e-01
-1.751194953918457031e+00
-2.720747470855712891e+00
-3.083389759063720703e+00
-2.728127241134643555e+00
-1.728746414184570312e+00
-4.777439832687377930e-01
6.693286299705505371e-01
1.348480463027954102e+00
1.468138933181762695e+00
1.029657006263732910e+00
2.754289209842681885e-01
-5.639005303382873535e-01
-1.167435407638549805e+00
-1.387717485427856445e+00
-1.147448062896728516e+00
-6.319323182106018066e-01
-6.531684100627899170e-02
2.491740733385086060e-01
2.235950678586959839e-01
-1.001577526330947876e-01
-4.520220756530761719e-01
-6.042546033859252930e-01
-3.835614919662475586e-01
1.299791038036346436e-01
7.642964720726013184e-01
1.252672791481018066e+00
1.460793614387512207e+00
1.338575363159179688e+00
1.006791353225708008e+00
5.984263420104980469e-01
2.863248586654663086e-01
1.518208980560302734e-01
2.363719344139099121e-01
4.520495831966400146e-01
6.637080907821655273e-01
6.798597574234008789e-01
3.980822563171386719e-01
-1.528013646602630615e-01
-7.504918575286865234e-01
-1.097258448600769043e+00
-9.512582421302795410e-01
-3.062830865383148193e-01
5.738911032676696777e-01
1.253473281860351562e+00
1.340599536895751953e+00
7.116279006004333496e-01
-4.137383699417114258e-01
-1.540353775024414062e+00
-2.159926414489746094e+00
-1.977216958999633789e+00
-1.102776646614074707e+00
2.993342280387878418e-02
8.381385803222656250e-01
9.445441961288452148e-01
3.192641735076904297e-01
-6.369671821594238281e-01
-1.398943543434143066e+00
-1.549038410186767578e+00
-1.107342481613159180e+00
-4.213014245033264160e-01
-8.984684944152832031e-03
-1.032516360282897949e-01
-5.844824910163879395e-01
-9.630641341209411621e-01
-8.652958869934082031e-01
-2.168359756469726562e-01
5.465464591979980469e-01
9.179723262786865234e-01
5.843481421470642090e-01
-1.664851605892181396e-01
-7.551819682121276855e-01
-5.924703478813171387e-01
3.159430623054504395e-01
1.484835028648376465e+00
2.127251386642456055e+00
1.888593435287475586e+00
9.488626718521118164e-01
4.989397525787353516e-02
-2.512431144714355469e-01
1.575066149234771729e-01
6.742672920227050781e-01
6.499246358871459961e-01
-2.606423497200012207e-01
-1.590101361274719238e+00
-2.571089506149291992e+00
-2.504627227783203125e+00
-1.501851320266723633e+00
-2.082768976688385010e-01
4.662781357765197754e-01
2.371724694967269897e-01
-5.614578723907470703e-01
-1.030525326728820801e+00
-6.196218132972717285e-01
6.594287753105163574e-01
1.995925545692443848e+00
2.582510709762573242e+00
1.946281433105468750e+00
4.917648434638977051e-01
