-7.123671770095825195e-01
-7.191032171249389648e-01
-1.077128529548645020e+00
-1.328356623649597168e+00
-1.317157268524169922e+00
-1.089901804924011230e+00
-4.901671111583709717e-01
3.688501119613647461e-01
1.403758049011230469e+00
2.185736894607543945e+00
2.481384515762329102e+00
2.083069324493408203e+00
1.285223126411437988e+00
4.040140211582183838e-01
-1.028518974781036377e-01
-2.080914974212646484e-01
2.662152051925659180e-02
2.588818073272705078e-01
4.124409556388854980e-01
4.066589176654815674e-01
4.129171967506408691e-01
3.939041197299957275e-01
3.927609026432037354e-01
2.874384522438049316e-01
1.982020735740661621e-01
1.582745313644409180e-01
2.847350835800170898e-01
3.592592477798461914e-01
1.688133180141448975e-01
-5.586438775062561035e-01
-1.639290332794189453e+00
-2.687739849090576172e+00
-3.103300809860229492e+00
-2.699882745742797852e+00
-1.640064239501953125e+00
-5.336905121803283691e-01
1.923114955425262451e-01
3.752761483192443848e-01
3.455407023429870605e-01
3.934495449066162109e-01
6.436051130294799805e-01
7.768186330795288086e-01
5.043235421180725098e-01
-2.507656216621398926e-01
-1.019829869270324707e+00
-1.222304344177246094e+00
-4.654176533222198486e-01
9.636004567146301270e-01
2.351794719696044922e+00
2.871155500411987305e+00
2.228094100952148438e+00
7.091285586357116699e-01
-9.185511469841003418e-01
-1.988412380218505859e+00
-2.164182186126708984e+00
-1.604495048522949219e+00
-6.600037813186645508e-01
2.630081772804260254e-01
9.123221635818481445e-01
1.104777812957763672e+00
7.946335673332214355e-01
4.984384775161743164e-02
-8.312633037567138672e-01
-1.443705677986145020e+00
-1.434064745903015137e+00
-7.781611084938049316e-01
1.947897970676422119e-01
9.637995958328247070e-01
1.176452636718750000e+00
8.559505343437194824e-01
3.627594709396362305e-01
1.011443138122558594e-01
2.368086427450180054e-01
6.336725950241088867e-01
1.025604367256164551e+00
1.268813848495483398e+00
1.403825998306274414e+00
1.542866468429565430e+00
1.640571832656860352e+00
1.481686949729919434e+00
8.222662806510925293e-01
-3.025658130645751953e-01
-1.528969287872314453e+00
-2.300666570663452148e+00
-2.283668518066406250e+00
-1.554950356483459473e+00
-6.151314377784729004e-01
5.562365055084228516e-03
2.471721172332763672e-02
-3.903275430202484131e-01
-8.613161444664001465e-01
-1.009397387504577637e+00
-7.425923347473144531e-01
-1.669633090496063232e-01
4.579917788505554199e-01
9.443964362144470215e-01
1.123890638351440430e+00
9.446036815643310547e-01
3.964055776596069336e-01
-3.262456953525543213e-01
-9.271221756935119629e-01
-1.040278673171997070e+00
-5.719771385192871094e-01
2.540940940380096436e-01
8.862094283103942871e-01
8.896651864051818848e-01
1.874274015426635742e-01
-7.454664111137390137e-01
-1.275514364242553711e+00
-9.626532793045043945e-01
2.784800529479980469e-02
1.126663565635681152e+00
1.664054870605468750e+00
1.402231216430664062e+00
5.544906258583068848e-01
-3.328677415847778320e-01
-8.496551513671875000e-01
-8.344721794128417969e-01
-4.302595555782318115e-01
2.039859294891357422e-01
9.048684239387512207e-01
1.554767489433288574e+00
1.895571351051330566e+00
1.669373750686645508e+00
7.529610395431518555e-01
-5.458781719207763672e-01
-1.623180508613586426e+00
-1.866904735565185547e+00
-1.179372072219848633e+00
-4.945522546768188477e-02
7.035480141639709473e-01
5.899714827537536621e-01
-2.196334600448608398e-01
-9.806323051452636719e-01
-1.026688337326049805e+00
-2.954164743423461914e-01
5.595297813415527344e-01
7.350499629974365234e-01
-4.976853728294372559e-02
-1.230621576309204102e+00
-1.813217043876647949e+00
-1.146300792694091797e+00
5.044654011726379395e-01
2.107788801193237305e+00
2.617544174194335938e+00
1.752162933349609375e+00
1.950770020484924316e-01
-9.633870124816894531e-01
-1.046183586120605469e+00
-2.838217318058013916e-01
4.778377711772918701e-01
4.918093085289001465e-01
-2.327177524566650391e-01
-1.002576351165771484e+00
-1.006335973739624023e+00
-8.122795820236206055e-02
1.162205576896667480e+00
1.736150264739990234e+00
1.120883464813232422e+00
-3.795762062072753906e-01
-1.764021158218383789e+00
-2.146605014801025391e+00
-1.294232249259948730e+00
1.522665917873382568e-01
1.287394046783447266e+00
1.487032890319824219e+00
9.048714637756347656e-01
1.357409805059432983e-01
-1.757139563560485840e-01
5.169624090194702148e-02
4.653642773628234863e-01
4.726821780204772949e-01
-1.224905252456665039e-01
-1.110254645347595215e+00
-1.867876172065734863e+00
-1.965516805648803711e+00
-1.276382446289062500e+00
-2.155461609363555908e-01
7.354298830032348633e-01
1.130336046218872070e+00
9.797391295433044434e-01
4.631005525588989258e-01
-2.744085341691970825e-02
-3.475960493087768555e-01
-4.186646342277526855e-01
-4.326472580432891846e-01
-4.483723938465118408e-01
-5.820407867431640625e-01
-7.166697978973388672e-01
-8.568234443664550781e-01
-8.874723315238952637e-01
-8.781638145446777344e-01
-7.239572405815124512e-01
-4.279448390007019043e-01
1.824745535850524902e-01
1.017395734786987305e+00
1.959738731384277344e+00
2.547173500061035156e+00
2.489975452423095703e+00
1.570362448692321777e+00
1.444660574197769165e-01
-1.302369952201843262e+00
-2.092394113540649414e+00
-2.059139251708984375e+00
-1.312966585159301758e+00
-4.555926322937011719e-01
1.535430550575256348e-01
3.009296655654907227e-01
3.214307427406311035e-01
4.486289620399475098e-01
8.920677304267883301e-01
1.321768283843994141e+00
1.446601390838623047e+00
9.395084977149963379e-01
5.409003049135208130e-02
-8.677517175674438477e-01
-1.298329591751098633e+00
