5.233995914459228516e-01
5.941383242607116699e-01
1.552636623382568359e-01
-3.811133503913879395e-01
-8.029517531394958496e-01
-7.838407754898071289e-01
-3.489143252372741699e-01
3.175456523895263672e-01
7.191555500030517578e-01
5.880788564682006836e-01
-1.259791254997253418e-01
-9.489473104476928711e-01
-1.378415822982788086e+00
-1.018007993698120117e+00
-9.253963828086853027e-02
8.542698025703430176e-01
1.107910990715026855e+00
4.726327657699584961e-01
-7.562878727912902832e-01
-1.781231403350830078e+00
-2.019752502441406250e+00
-1.315663099288940430e+00
-1.946969032287597656e-01
6.968808174133300781e-01
8.962774276733398438e-01
5.787334442138671875e-01
2.198423445224761963e-01
3.378683924674987793e-01
9.420718550682067871e-01
1.673472404479980469e+00
1.957688450813293457e+00
1.576594471931457520e+00
6.958056688308715820e-01
-1.505654603242874146e-01
-5.628465414047241211e-01
-4.142297506332397461e-01
1.546895317733287811e-02
3.870164453983306885e-01
4.343107640743255615e-01
1.771676838397979736e-01
-2.657991945743560791e-01
-7.069177031517028809e-01
-1.048284053802490234e+00
-1.179995894432067871e+00
-1.046377778053283691e+00
-6.254759430885314941e-01
-7.915478944778442383e-02
3.202579617500305176e-01
2.916046977043151855e-01
-1.830174028873443604e-01
-8.084441423416137695e-01
-1.095174312591552734e+00
-7.257114052772521973e-01
2.126593589782714844e-01
1.233827233314514160e+00
1.794582486152648926e+00
1.664307355880737305e+00
1.064668178558349609e+00
4.650686383247375488e-01
2.029373645782470703e-01
2.749776244163513184e-01
4.111672639846801758e-01
4.124510288238525391e-01
3.332014977931976318e-01
4.406384527683258057e-01
8.607434630393981934e-01
1.388477444648742676e+00
1.528191804885864258e+00
9.421305656433105469e-01
-2.558461129665374756e-01
-1.441426992416381836e+00
-1.982101082801818848e+00
-1.677954554557800293e+00
-1.017354607582092285e+00
-7.358136177062988281e-01
-1.277577519416809082e+00
-2.310183763504028320e+00
-3.010943174362182617e+00
-2.607429265975952148e+00
-1.095134258270263672e+00
7.956395149230957031e-01
2.007611751556396484e+00
2.001424074172973633e+00
1.005773425102233887e+00
-1.077257841825485229e-01
-6.037461757659912109e-01
-2.730286419391632080e-01
4.189435243606567383e-01
9.175149798393249512e-01
9.375805854797363281e-01
7.399604916572570801e-01
6.862877607345581055e-01
9.572109580039978027e-01
1.246431112289428711e+00
1.165346860885620117e+00
5.163191556930541992e-01
-3.422414660453796387e-01
-8.602731823921203613e-01
-5.975307226181030273e-01
2.801098823547363281e-01
1.235856533050537109e+00
1.615438342094421387e+00
1.236353516578674316e+00
3.318464756011962891e-01
-5.480495691299438477e-01
-1.079077959060668945e+00
-1.194486260414123535e+00
-1.138166666030883789e+00
-1.037087082862854004e+00
-9.069090485572814941e-01
-5.742006897926330566e-01
-5.194205045700073242e-02
5.014613270759582520e-01
7.330399751663208008e-01
4.940859973430633545e-01
-1.387137621641159058e-01
-7.813205718994140625e-01
-1.135287046432495117e+00
-1.066530704498291016e+00
-7.794836163520812988e-01
-5.040361285209655762e-01
-4.215921759605407715e-01
-4.545984268188476562e-01
-4.931364059448242188e-01
-4.111452996730804443e-01
-2.589456140995025635e-01
-7.007633149623870850e-02
1.082699447870254517e-01
3.567195534706115723e-01
6.847719550132751465e-01
1.053984165191650391e+00
1.287150025367736816e+00
1.289872884750366211e+00
1.067495107650756836e+00
8.127586841583251953e-01
6.688879132270812988e-01
6.723770499229431152e-01
6.572998762130737305e-01
4.818295836448669434e-01
1.288942694664001465e-01
-2.060872912406921387e-01
-3.378375768661499023e-01
-2.374257445335388184e-01
-1.290520429611206055e-01
-2.525352835655212402e-01
-6.359862089157104492e-01
-9.705991744995117188e-01
-8.578909039497375488e-01
-1.550521850585937500e-01
7.882399559020996094e-01
1.323400020599365234e+00
9.674084782600402832e-01
-1.781734824180603027e-01
-1.431417107582092285e+00
-2.000138998031616211e+00
-1.554144620895385742e+00
-4.967728555202484131e-01
3.581435084342956543e-01
3.811369538307189941e-01
-3.678322136402130127e-01
-1.240882635116577148e+00
-1.486247897148132324e+00
-8.870781660079956055e-01
1.330509781837463379e-01
8.107501864433288574e-01
7.101658582687377930e-01
-1.575994491577148438e-02
-7.121174931526184082e-01
-8.328565955162048340e-01
-2.736997008323669434e-01
5.162476897239685059e-01
1.039050817489624023e+00
1.062442779541015625e+00
8.447446227073669434e-01
7.133573293685913086e-01
8.031678199768066406e-01
7.872649431228637695e-01
3.059134483337402344e-01
-7.306221127510070801e-01
-1.772856593132019043e+00
-2.063948154449462891e+00
-1.055175423622131348e+00
9.562417268753051758e-01
3.059090137481689453e+00
4.114471912384033203e+00
3.649117469787597656e+00
1.985257863998413086e+00
1.599106192588806152e-01
-9.614464044570922852e-01
-1.058167457580566406e+00
-6.531733870506286621e-01
-4.405217468738555908e-01
-8.908631801605224609e-01
-1.697147250175476074e+00
-2.218141078948974609e+00
-1.804686307907104492e+00
-5.429514646530151367e-01
9.372829198837280273e-01
1.644361138343811035e+00
1.110710859298706055e+00
-4.840010106563568115e-01
-2.170857191085815430e+00
-3.011384010314941406e+00
-2.447529077529907227e+00
-8.723233938217163086e-01
8.610112667083740234e-01
1.730277776718139648e+00
1.390464544296264648e+00
1.039548516273498535e-01
-1.215793490409851074e+00
-1.820772767066955566e+00
-1.307880759239196777e+00
-5.817492306232452393e-02
1.300527334213256836e+00
2.035259008407592773e+00
1.966246128082275391e+00
1.235345840454101562e+00
