-3.222027719020843506e-01
-3.047575950622558594e-01
1.516941487789154053e-01
3.144072294235229492e-01
3.159750401973724365e-01
4.683907330036163330e-01
6.168246269226074219e-01
6.015461087226867676e-01
1.472259610891342163e-01
-4.894268512725830078e-01
-9.644527435302734375e-01
-8.034068942070007324e-01
-1.156423091888427734e-01
7.416318058967590332e-01
1.132915973663330078e+00
9.236263036727905273e-01
3.051441907882690430e-01
-9.159354865550994873e-02
3.909048438072204590e-02
7.119677066802978516e-01
1.404920458793640137e+00
1.724718809127807617e+00
1.421901226043701172e+00
7.381008863449096680e-01
-9.397210180759429932e-02
-8.114848136901855469e-01
-1.446643471717834473e+00
-1.925505876541137695e+00
-2.174052476882934570e+00
-1.917141914367675781e+00
-1.125059843063354492e+00
2.780801057815551758e-02
9.988214373588562012e-01
1.379734635353088379e+00
1.000766396522521973e+00
1.956933140754699707e-01
-6.069160699844360352e-01
-1.034544825553894043e+00
-1.100035667419433594e+00
-9.362109303474426270e-01
-7.095978856086730957e-01
-3.630425930023193359e-01
1.464094519615173340e-01
7.666008472442626953e-01
1.183071613311767578e+00
1.116142630577087402e+00
5.127464532852172852e-01
-2.605795562267303467e-01
-7.270786762237548828e-01
-6.242240071296691895e-01
-1.849474608898162842e-01
9.516730159521102905e-02
-1.251261830329895020e-01
-6.564775705337524414e-01
-9.104654788970947266e-01
-3.914906680583953857e-01
7.838985919952392578e-01
1.854231357574462891e+00
1.931507587432861328e+00
7.045368552207946777e-01
-1.220296382904052734e+00
-2.694274902343750000e+00
-2.791577816009521484e+00
-1.494772315025329590e+00
3.479257822036743164e-01
1.600211620330810547e+00
1.682060599327087402e+00
8.515815734863281250e-01
-3.282297402620315552e-02
-2.723596096038818359e-01
2.402130663394927979e-01
9.494566917419433594e-01
1.210365295410156250e+00
6.995789408683776855e-01
-3.025210201740264893e-01
-1.272714257240295410e+00
-1.736022233963012695e+00
-1.632983088493347168e+00
-1.138301968574523926e+00
-5.590394735336303711e-01
-2.103060483932495117e-02
3.975682258605957031e-01
7.128113508224487305e-01
8.342363238334655762e-01
7.729126811027526855e-01
5.664781928062438965e-01
4.257516264915466309e-01
4.413403868675231934e-01
6.137877106666564941e-01
6.872885823249816895e-01
4.835244417190551758e-01
-6.994271278381347656e-02
-7.112883329391479492e-01
-1.165814161300659180e+00
-1.198933243751525879e+00
-9.163212776184082031e-01
-5.080863237380981445e-01
-2.281007170677185059e-01
-8.407175540924072266e-02
-4.958061873912811279e-02
-3.728410601615905762e-02
-1.530826091766357422e-01
-4.456764757633209229e-01
-9.075165987014770508e-01
-1.223024606704711914e+00
-1.075785517692565918e+00
-2.668275833129882812e-01
9.223095178604125977e-01
1.968477964401245117e+00
2.279896020889282227e+00
1.716315865516662598e+00
5.499036312103271484e-01
-5.853366851806640625e-01
-1.219823718070983887e+00
-1.172320485115051270e+00
-6.913385987281799316e-01
-8.813273906707763672e-02
3.638206422328948975e-01
6.548447608947753906e-01
8.231899142265319824e-01
9.550713300704956055e-01
1.015609502792358398e+00
1.008096456527709961e+00
9.183350801467895508e-01
8.089573979377746582e-01
6.581627726554870605e-01
4.321090281009674072e-01
6.339704990386962891e-02
-3.623192310333251953e-01
-6.651563048362731934e-01
-6.347655057907104492e-01
-2.843450307846069336e-01
1.229026317596435547e-01
1.666242182254791260e-01
-3.933740556240081787e-01
-1.428713798522949219e+00
-2.455493688583374023e+00
-2.952705860137939453e+00
-2.689999341964721680e+00
-1.855645895004272461e+00
-8.869062066078186035e-01
-1.384876966476440430e-01
3.069063425064086914e-01
6.122960448265075684e-01
9.199514389038085938e-01
1.220706701278686523e+00
1.332781195640563965e+00
1.164173364639282227e+00
8.076148629188537598e-01
5.679787397384643555e-01
6.462425589561462402e-01
1.015649795532226562e+00
1.325149774551391602e+00
1.255831241607666016e+00
6.890667080879211426e-01
-6.795826554298400879e-02
-5.993121862411499023e-01
-5.611103773117065430e-01
-4.244685173034667969e-02
6.425486803054809570e-01
1.038125038146972656e+00
9.905703067779541016e-01
5.445088148117065430e-01
3.338545560836791992e-02
-3.168472051620483398e-01
-3.103544712066650391e-01
-3.681820631027221680e-02
3.983881771564483643e-01
6.947970986366271973e-01
6.835740208625793457e-01
1.836113035678863525e-01
-6.173945665359497070e-01
-1.423226714134216309e+00
-1.701991319656372070e+00
-1.273995161056518555e+00
-2.438016980886459351e-01
7.262169122695922852e-01
1.070559263229370117e+00
4.460602402687072754e-01
-7.149112224578857422e-01
-1.740708112716674805e+00
-1.873859405517578125e+00
-1.077064752578735352e+00
2.550783157348632812e-01
1.286954641342163086e+00
1.617824554443359375e+00
1.172757148742675781e+00
4.657116532325744629e-01
-1.684986352920532227e-01
-4.651193618774414062e-01
-6.195048093795776367e-01
-6.376461982727050781e-01
-5.542513132095336914e-01
-6.630767881870269775e-02
7.760380506515502930e-01
1.807794094085693359e+00
2.404896497726440430e+00
2.275937795639038086e+00
1.335150003433227539e+00
1.748424768447875977e-01
-7.189319133758544922e-01
-9.096922874450683594e-01
-6.437575817108154297e-01
-1.914925575256347656e-01
3.509411215782165527e-02
1.487138569355010986e-01
1.969492584466934204e-01
3.550761044025421143e-01
3.015706539154052734e-01
-1.351319700479507446e-01
-1.119863748550415039e+00
-2.131836175918579102e+00
-2.639308929443359375e+00
-2.073088407516479492e+00
-6.870058774948120117e-01
9.718371629714965820e-01
2.018801927566528320e+00
