5.193230509757995605e-02
1.024646610021591187e-01
1.056318998336791992e+00
1.625882387161254883e+00
1.609291553497314453e+00
1.138799309730529785e+00
6.784008741378784180e-01
5.477567911148071289e-01
7.611768841743469238e-01
9.175614714622497559e-01
6.319594383239746094e-01
-2.077584564685821533e-01
-1.196966409683227539e+00
-1.762499570846557617e+00
-1.484733343124389648e+00
-5.002223849296569824e-01
6.723552942276000977e-01
1.416731119155883789e+00
1.511035442352294922e+00
1.147564172744750977e+00
7.740700840950012207e-01
6.303213238716125488e-01
6.340653300285339355e-01
4.415169954299926758e-01
-1.391104459762573242e-01
-9.869742393493652344e-01
-1.682830452919006348e+00
-1.906362533569335938e+00
-1.663775682449340820e+00
-1.336081504821777344e+00
-1.301679372787475586e+00
-1.632038712501525879e+00
-1.963460326194763184e+00
-1.841375470161437988e+00
-1.116271018981933594e+00
-1.880971789360046387e-01
2.717593312263488770e-01
-1.802497208118438721e-01
-1.311386585235595703e+00
-2.307538509368896484e+00
-2.293158531188964844e+00
-1.000779271125793457e+00
9.886121749877929688e-01
2.568270683288574219e+00
2.845812797546386719e+00
1.722499132156372070e+00
-5.619734525680541992e-02
-1.428482294082641602e+00
-1.716232776641845703e+00
-1.005655527114868164e+00
2.992768585681915283e-02
6.871065497398376465e-01
7.171717286109924316e-01
4.036129117012023926e-01
2.047923803329467773e-01
3.182718157768249512e-01
5.037884712219238281e-01
3.397987782955169678e-01
-3.594036698341369629e-01
-1.273694992065429688e+00
-1.765524625778198242e+00
-1.330506563186645508e+00
-4.673407971858978271e-02
1.421068906784057617e+00
2.206413745880126953e+00
1.848484992980957031e+00
5.899173617362976074e-01
-7.465890645980834961e-01
-1.329709291458129883e+00
-8.260747790336608887e-01
3.835603296756744385e-01
1.531861543655395508e+00
1.962260007858276367e+00
1.573339700698852539e+00
7.854562401771545410e-01
2.185198813676834106e-01
1.968048214912414551e-01
5.769800543785095215e-01
8.601111173629760742e-01
6.321730017662048340e-01
-1.496950685977935791e-01
-1.072294831275939941e+00
-1.591011524200439453e+00
-1.368909835815429688e+00
-5.459749102592468262e-01
3.974491953849792480e-01
9.149870276451110840e-01
7.708379626274108887e-01
1.086756587028503418e-01
-6.529833078384399414e-01
-1.156913757324218750e+00
-1.281014680862426758e+00
-1.190290927886962891e+00
-1.107854366302490234e+00
-1.144718647003173828e+00
-1.169828176498413086e+00
-9.599376916885375977e-01
-3.618423640727996826e-01
5.138468146324157715e-01
1.356892108917236328e+00
1.800105333328247070e+00
1.681334257125854492e+00
1.117694258689880371e+00
4.690410494804382324e-01
9.670591354370117188e-02
1.807453632354736328e-01
5.995162725448608398e-01
1.033147335052490234e+00
1.130092620849609375e+00
7.255893349647521973e-01
-8.941917121410369873e-02
-9.961554408073425293e-01
-1.623653054237365723e+00
-1.709171891212463379e+00
-1.228318452835083008e+00
-3.834402561187744141e-01
4.934477508068084717e-01
1.100299119949340820e+00
1.288072824478149414e+00
1.104114770889282227e+00
7.329940795898437500e-01
3.798873126506805420e-01
1.737741529941558838e-01
1.239978671073913574e-01
1.710665673017501831e-01
2.422363758087158203e-01
3.101581335067749023e-01
3.630179464817047119e-01
3.785085976123809814e-01
2.826303243637084961e-01
1.386731863021850586e-02
-4.227501749992370605e-01
-8.775620460510253906e-01
-1.134239554405212402e+00
-1.008274197578430176e+00
-5.292723178863525391e-01
6.596542894840240479e-02
4.139319658279418945e-01
3.050324022769927979e-01
-1.958126723766326904e-01
-6.997979879379272461e-01
-7.787870168685913086e-01
-2.005974054336547852e-01
8.266295790672302246e-01
1.803849339485168457e+00
2.170975685119628906e+00
1.717145204544067383e+00
6.494859457015991211e-01
-4.657558500766754150e-01
-1.118875026702880859e+00
-1.069623589515686035e+00
-5.177955627441406250e-01
1.642479598522186279e-01
6.132398843765258789e-01
7.642200589179992676e-01
7.219027876853942871e-01
6.903176307678222656e-01
6.925482749938964844e-01
6.615962386131286621e-01
4.546837210655212402e-01
1.220727860927581787e-01
-1.821983158588409424e-01
-2.065509557723999023e-01
8.270865678787231445e-02
5.437972545623779297e-01
8.285352587699890137e-01
7.347341775894165039e-01
2.354915440082550049e-01
-3.956905603408813477e-01
-9.112690687179565430e-01
-1.148812174797058105e+00
-1.238132238388061523e+00
-1.323242068290710449e+00
-1.518821358680725098e+00
-1.667719960212707520e+00
-1.603086709976196289e+00
-1.197771072387695312e+00
-6.563168764114379883e-01
-2.647671103477478027e-01
-3.064753413200378418e-01
-6.792806386947631836e-01
-1.079617261886596680e+00
-1.088120102882385254e+00
-6.566461920738220215e-01
-4.209100827574729919e-02
2.269952595233917236e-01
-8.298033475875854492e-02
-8.207759261131286621e-01
-1.350936889648437500e+00
-1.140834808349609375e+00
-2.090957760810852051e-02
1.485302925109863281e+00
2.628032207489013672e+00
2.766184568405151367e+00
1.956839084625244141e+00
7.531530857086181641e-01
-1.870292425155639648e-02
2.917656302452087402e-02
7.718867063522338867e-01
1.539506554603576660e+00
1.760839223861694336e+00
1.179940462112426758e+00
1.500467360019683838e-01
-8.093274831771850586e-01
-1.205119132995605469e+00
-1.016406655311584473e+00
-4.691299200057983398e-01
1.180980261415243149e-02
2.514711916446685791e-01
2.209039926528930664e-01
1.319992542266845703e-01
7.083892822265625000e-02
8.032032847404479980e-02
-6.359457969665527344e-03
-2.612232565879821777e-01
-7.461742162704467773e-01
-1.301951169967651367e+00
