7.005862593650817871e-01
7.350639700889587402e-01
-4.759505391120910645e-02
-5.525413751602172852e-01
-4.857285916805267334e-01
9.938518702983856201e-02
6.982718706130981445e-01
8.140765428543090820e-01
2.540664672851562500e-01
-6.034718751907348633e-01
-1.156998515129089355e+00
-9.462303519248962402e-01
-9.490612149238586426e-02
8.356683254241943359e-01
1.166905641555786133e+00
6.648765802383422852e-01
-3.804773688316345215e-01
-1.305436849594116211e+00
-1.623740077018737793e+00
-1.280473232269287109e+00
-7.089286446571350098e-01
-4.120641350746154785e-01
-6.511621475219726562e-01
-1.214717388153076172e+00
-1.651707172393798828e+00
-1.527523517608642578e+00
-7.527326345443725586e-01
4.485079646110534668e-01
1.651813745498657227e+00
2.498881578445434570e+00
2.777836084365844727e+00
2.486028432846069336e+00
1.729164361953735352e+00
7.266403436660766602e-01
-2.550968825817108154e-01
-9.230122566223144531e-01
-1.086686372756958008e+00
-7.502180933952331543e-01
-1.689474582672119141e-01
2.689225077629089355e-01
2.442910671234130859e-01
-2.878997027873992920e-01
-1.050532102584838867e+00
-1.592548012733459473e+00
-1.549262166023254395e+00
-8.790570497512817383e-01
1.013161540031433105e-01
8.780109286308288574e-01
1.054723501205444336e+00
5.740911364555358887e-01
-2.158398628234863281e-01
-7.875467538833618164e-01
-7.261940240859985352e-01
-1.952877640724182129e-02
9.455709457397460938e-01
1.579237461090087891e+00
1.496396780014038086e+00
7.335402369499206543e-01
-2.152188122272491455e-01
-7.478635907173156738e-01
-5.000948905944824219e-01
3.594062328338623047e-01
1.279231429100036621e+00
1.623829364776611328e+00
1.145682215690612793e+00
8.798131346702575684e-02
-9.241563081741333008e-01
-1.340486645698547363e+00
-9.668491482734680176e-01
-1.107160374522209167e-01
7.166329622268676758e-01
1.065702080726623535e+00
8.816711306571960449e-01
4.062855541706085205e-01
5.321034789085388184e-02
6.445479393005371094e-02
4.649611115455627441e-01
9.966075420379638672e-01
1.360248804092407227e+00
1.273026466369628906e+00
6.781120896339416504e-01
-3.288438916206359863e-01
-1.424297690391540527e+00
-2.263242006301879883e+00
-2.512908935546875000e+00
-2.120895385742187500e+00
-1.264740705490112305e+00
-3.866976797580718994e-01
1.349181532859802246e-01
9.801191091537475586e-02
-3.199468553066253662e-01
-7.912778854370117188e-01
-9.646471142768859863e-01
-7.850126028060913086e-01
-3.893145918846130371e-01
-5.368349701166152954e-02
1.298029720783233643e-01
2.174689173698425293e-01
4.290221929550170898e-01
8.244660496711730957e-01
1.313155174255371094e+00
1.588691473007202148e+00
1.448996901512145996e+00
8.410762548446655273e-01
1.917120814323425293e-02
-7.074283957481384277e-01
-1.017031788825988770e+00
-8.164693117141723633e-01
-1.359302997589111328e-01
7.851553559303283691e-01
1.658469557762145996e+00
2.081454992294311523e+00
1.782920598983764648e+00
6.975051760673522949e-01
-7.743739485740661621e-01
-1.947436094284057617e+00
-2.074645757675170898e+00
-9.189587235450744629e-01
1.076133012771606445e+00
2.842756271362304688e+00
3.372119426727294922e+00
2.274515151977539062e+00
1.657125055789947510e-01
-1.760359287261962891e+00
-2.397266864776611328e+00
-1.517395615577697754e+00
1.754601001739501953e-01
1.451855063438415527e+00
1.462906837463378906e+00
2.100793868303298950e-01
-1.436495780944824219e+00
-2.441596984863281250e+00
-2.238839149475097656e+00
-1.124732017517089844e+00
8.363690972328186035e-02
5.965421199798583984e-01
2.406143993139266968e-01
-5.527752637863159180e-01
-1.058583617210388184e+00
-8.495441079139709473e-01
-1.618403196334838867e-02
8.911947607994079590e-01
1.306515932083129883e+00
9.694349765777587891e-01
8.593383431434631348e-02
-8.928459882736206055e-01
-1.525496482849121094e+00
-1.629570722579956055e+00
-1.259308576583862305e+00
-6.073175072669982910e-01
1.718043088912963867e-01
9.739652872085571289e-01
1.710458040237426758e+00
2.221742153167724609e+00
2.296560764312744141e+00
1.775658607482910156e+00
7.049940824508666992e-01
-6.048416495323181152e-01
-1.683738827705383301e+00
-2.125439167022705078e+00
-1.820051431655883789e+00
-1.015950560569763184e+00
-1.946785151958465576e-01
2.409397363662719727e-01
1.874155998229980469e-01
-8.968228101730346680e-02
-1.869035363197326660e-01
1.560870409011840820e-01
8.217225074768066406e-01
1.402803659439086914e+00
1.446543455123901367e+00
8.189997673034667969e-01
-2.200562059879302979e-01
-1.124740242958068848e+00
-1.446813941001892090e+00
-1.058115243911743164e+00
-2.473475933074951172e-01
5.545563697814941406e-01
9.852710962295532227e-01
9.939412474632263184e-01
7.193553447723388672e-01
3.975148200988769531e-01
1.279405653476715088e-01
-5.877426266670227051e-02
-2.243414223194122314e-01
-3.510440587997436523e-01
-4.412391185760498047e-01
-4.814806282520294189e-01
-5.612671375274658203e-01
-7.195106744766235352e-01
-9.464558362960815430e-01
-1.047599673271179199e+00
-8.583483099937438965e-01
-3.038799166679382324e-01
3.852281868457794189e-01
8.708879947662353516e-01
8.263286352157592773e-01
2.768792510032653809e-01
-4.879763424396514893e-01
-9.927131533622741699e-01
-9.942125082015991211e-01
-5.223329663276672363e-01
4.901501536369323730e-02
3.806945383548736572e-01
2.659310400485992432e-01
-1.670709997415542603e-01
-7.038506269454956055e-01
-1.076800465583801270e+00
-1.192763090133666992e+00
-9.805678129196166992e-01
-4.766732454299926758e-01
3.107925057411193848e-01
1.189600944519042969e+00
1.903996706008911133e+00
2.082178115844726562e+00
1.582193851470947266e+00
5.086354017257690430e-01
