-1.863969564437866211e-01
-2.118803262710571289e-01
-4.488592147827148438e-01
-3.638682961463928223e-01
-1.209567785263061523e-01
-1.127328574657440186e-01
-5.399445891380310059e-01
-1.280762195587158203e+00
-1.844240188598632812e+00
-1.809043765068054199e+00
-1.083227872848510742e+00
-1.022657528519630432e-01
5.440751314163208008e-01
4.521481096744537354e-01
-2.106410264968872070e-01
-8.922235965728759766e-01
-9.780973792076110840e-01
-3.132739663124084473e-01
7.604650855064392090e-01
1.574136257171630859e+00
1.670151114463806152e+00
1.039538145065307617e+00
1.778404116630554199e-01
-3.445756733417510986e-01
-1.878765225410461426e-01
4.874088764190673828e-01
1.244280695915222168e+00
1.611281514167785645e+00
1.455593585968017578e+00
9.583504199981689453e-01
5.177552700042724609e-01
4.029240906238555908e-01
6.563277840614318848e-01
1.031097888946533203e+00
1.241124868392944336e+00
1.090745687484741211e+00
6.356889009475708008e-01
6.950080394744873047e-02
-3.736305236816406250e-01
-6.070963740348815918e-01
-6.715332865715026855e-01
-7.130483984947204590e-01
-7.987511754035949707e-01
-9.082525968551635742e-01
-9.048959016799926758e-01
-7.060857415199279785e-01
-3.104616999626159668e-01
1.377014815807342529e-01
4.904631376266479492e-01
6.428090333938598633e-01
6.182522773742675781e-01
4.609206318855285645e-01
2.086529731750488281e-01
-1.633840799331665039e-01
-6.244353055953979492e-01
-1.024732708930969238e+00
-1.085030794143676758e+00
-5.985382199287414551e-01
3.826210498809814453e-01
1.418112754821777344e+00
1.899712085723876953e+00
1.401824355125427246e+00
4.079329967498779297e-02
-1.530235767364501953e+00
-2.465110778808593750e+00
-2.277218103408813477e+00
-1.144747495651245117e+00
1.943824887275695801e-01
9.644268155097961426e-01
8.651911616325378418e-01
2.635108232498168945e-01
-1.400919705629348755e-01
1.449597179889678955e-01
9.896947145462036133e-01
1.727921247482299805e+00
1.645631551742553711e+00
5.280027389526367188e-01
-1.139183521270751953e+00
-2.451123714447021484e+00
-2.654833793640136719e+00
-1.618124723434448242e+00
1.036410331726074219e-01
1.635752916336059570e+00
2.296832561492919922e+00
1.946612119674682617e+00
9.785977005958557129e-01
7.677637040615081787e-03
-4.916829168796539307e-01
-4.229602813720703125e-01
-2.876165509223937988e-02
3.172703683376312256e-01
3.695279657840728760e-01
1.291368901729583740e-01
-1.801619082689285278e-01
-3.088536262512207031e-01
-1.584416627883911133e-01
1.194509863853454590e-01
2.463852167129516602e-01
2.289772033691406250e-02
-4.665133953094482422e-01
-8.800619840621948242e-01
-8.367176055908203125e-01
-2.500166296958923340e-01
5.428793430328369141e-01
9.426425695419311523e-01
5.448469519615173340e-01
-5.025861263275146484e-01
-1.485803365707397461e+00
-1.585268735885620117e+00
-4.738080501556396484e-01
1.340240955352783203e+00
2.778927087783813477e+00
2.883803367614746094e+00
1.516626119613647461e+00
-5.242063999176025391e-01
-2.005287170410156250e+00
-2.125166177749633789e+00
-1.030708074569702148e+00
3.041514158248901367e-01
8.367608189582824707e-01
1.969514787197113037e-01
-1.052096366882324219e+00
-1.892691135406494141e+00
-1.608861684799194336e+00
-3.337905406951904297e-01
1.109235167503356934e+00
1.806030988693237305e+00
1.436356663703918457e+00
4.199633300304412842e-01
-4.388620853424072266e-01
-6.015639305114746094e-01
-1.432430744171142578e-01
3.593113124370574951e-01
3.402087688446044922e-01
-3.397630453109741211e-01
-1.289416193962097168e+00
-1.928073167800903320e+00
-1.893524885177612305e+00
-1.278940916061401367e+00
-4.899849295616149902e-01
6.304882466793060303e-02
2.399385571479797363e-01
1.998096108436584473e-01
2.133832871913909912e-01
4.292216897010803223e-01
7.701495289802551270e-01
9.936558008193969727e-01
8.800009489059448242e-01
3.812256455421447754e-01
-3.145703077316284180e-01
-8.556807637214660645e-01
-8.850834965705871582e-01
-2.454876005649566650e-01
8.954543471336364746e-01
2.057925701141357422e+00
2.648355007171630859e+00
2.277781724929809570e+00
1.023106336593627930e+00
-5.378098487854003906e-01
-1.626793026924133301e+00
-1.698056221008300781e+00
-7.998685836791992188e-01
4.404951930046081543e-01
1.184448719024658203e+00
9.089413285255432129e-01
-2.740993797779083252e-01
-1.678428292274475098e+00
-2.488187789916992188e+00
-2.224611282348632812e+00
-1.019965529441833496e+00
5.262379050254821777e-01
1.689584732055664062e+00
2.027594804763793945e+00
1.512253165245056152e+00
4.932083785533905029e-01
-5.502374172210693359e-01
-1.196083903312683105e+00
-1.250587582588195801e+00
-7.462427020072937012e-01
5.045697093009948730e-02
7.769711017608642578e-01
1.088306069374084473e+00
8.466303348541259766e-01
1.696961224079132080e-01
-5.931566953659057617e-01
-1.086439967155456543e+00
-1.107263922691345215e+00
-7.454329729080200195e-01
-2.508842945098876953e-01
9.389609843492507935e-02
1.885306686162948608e-01
6.812083721160888672e-02
-1.279721260070800781e-01
-3.373113274574279785e-01
-5.279573202133178711e-01
-7.046826481819152832e-01
-7.722183465957641602e-01
-6.302602291107177734e-01
-2.052072435617446899e-01
3.852172493934631348e-01
9.176394939422607422e-01
1.137299418449401855e+00
9.859577417373657227e-01
5.765352249145507812e-01
1.623486131429672241e-01
-1.056641042232513428e-01
-2.022008299827575684e-01
-2.497185468673706055e-01
-2.999495863914489746e-01
-3.303408622741699219e-01
-2.045606076717376709e-01
1.010220646858215332e-01
4.980232715606689453e-01
7.409603595733642578e-01
6.902793645858764648e-01
3.582857251167297363e-01
-8.771952241659164429e-03
