6.685816645622253418e-01
6.001266241073608398e-01
9.495149850845336914e-01
1.217461585998535156e+00
1.208973646163940430e+00
9.721120595932006836e-01
4.855660200119018555e-01
-1.064935922622680664e-01
-7.721997499465942383e-01
-1.296001553535461426e+00
-1.546023130416870117e+00
-1.310647964477539062e+00
-6.798446178436279297e-01
1.429101228713989258e-01
7.045904397964477539e-01
7.786997556686401367e-01
3.370299935340881348e-01
-2.172437906265258789e-01
-5.068698525428771973e-01
-2.869853079319000244e-01
1.795979440212249756e-01
4.654430747032165527e-01
1.382410824298858643e-01
-7.236384153366088867e-01
-1.692325592041015625e+00
-2.113323926925659180e+00
-1.715821266174316406e+00
-6.821562051773071289e-01
3.216500282287597656e-01
7.209742665290832520e-01
2.883446216583251953e-01
-5.968022942543029785e-01
-1.339386224746704102e+00
-1.417656898498535156e+00
-8.030174970626831055e-01
1.792963743209838867e-01
1.017466783523559570e+00
1.433790445327758789e+00
1.413217902183532715e+00
1.186827898025512695e+00
9.363187551498413086e-01
7.387784123420715332e-01
5.251030921936035156e-01
2.736272215843200684e-01
3.775236010551452637e-02
-5.337578058242797852e-02
4.619151353836059570e-02
2.522521317005157471e-01
3.831133842468261719e-01
3.266415596008300781e-01
1.446931362152099609e-01
3.188431262969970703e-02
1.541054546833038330e-01
4.637238681316375732e-01
7.171958684921264648e-01
6.181494593620300293e-01
9.349581599235534668e-02
-6.413816213607788086e-01
-1.151102781295776367e+00
-1.118743419647216797e+00
-5.124390125274658203e-01
3.169871568679809570e-01
9.330455660820007324e-01
1.016337394714355469e+00
6.285201311111450195e-01
4.408536106348037720e-02
-3.723919689655303955e-01
-5.022535920143127441e-01
-4.008688032627105713e-01
-3.101116716861724854e-01
-3.301445841789245605e-01
-4.653427004814147949e-01
-5.177784562110900879e-01
-3.863219618797302246e-01
-1.735539734363555908e-02
4.115592837333679199e-01
7.493951916694641113e-01
7.922117710113525391e-01
5.366644859313964844e-01
-1.045207679271697998e-02
-6.502498984336853027e-01
-1.228623867034912109e+00
-1.474764943122863770e+00
-1.297374367713928223e+00
-6.603801846504211426e-01
1.467644274234771729e-01
8.159353137016296387e-01
9.730352163314819336e-01
6.136392354965209961e-01
-7.742562890052795410e-02
-6.186155080795288086e-01
-7.512295246124267578e-01
-3.968982994556427002e-01
7.670602202415466309e-02
3.413156867027282715e-01
1.252776682376861572e-01
-3.685026466846466064e-01
-8.352650403976440430e-01
-8.597513437271118164e-01
-4.228196442127227783e-01
3.379578292369842529e-01
1.010771989822387695e+00
1.411119341850280762e+00
1.409745693206787109e+00
1.166902661323547363e+00
7.166036963462829590e-01
1.884717494249343872e-01
-4.347833395004272461e-01
-9.394224286079406738e-01
-1.162404060363769531e+00
-8.363417387008666992e-01
-5.537268519401550293e-02
9.378907680511474609e-01
1.600570440292358398e+00
1.644642710685729980e+00
9.763648509979248047e-01
-1.245158910751342773e-02
-9.364648461341857910e-01
-1.409871101379394531e+00
-1.461769104003906250e+00
-1.188698291778564453e+00
-8.365297913551330566e-01
-3.939345479011535645e-01
1.146390289068222046e-01
7.609211802482604980e-01
1.341501235961914062e+00
1.690340161323547363e+00
1.574766039848327637e+00
1.093435406684875488e+00
4.113235473632812500e-01
-1.423438787460327148e-01
-4.875105619430541992e-01
-6.020550131797790527e-01
-6.667990088462829590e-01
-6.991599798202514648e-01
-7.396951913833618164e-01
-7.031750082969665527e-01
-6.994995474815368652e-01
-8.120303153991699219e-01
-1.164597988128662109e+00
-1.561445832252502441e+00
-1.684420943260192871e+00
-1.123030900955200195e+00
1.330302655696868896e-01
1.726513385772705078e+00
2.927222967147827148e+00
3.209066867828369141e+00
2.461446285247802734e+00
1.204867959022521973e+00
1.227705478668212891e-01
-2.712632119655609131e-01
-6.727707386016845703e-02
2.547998428344726562e-01
1.050551980733871460e-01
-6.821010708808898926e-01
-1.812513828277587891e+00
-2.656458377838134766e+00
-2.751361370086669922e+00
-2.030869007110595703e+00
-9.162508249282836914e-01
2.107501029968261719e-02
3.453668355941772461e-01
3.441560268402099609e-02
-5.949753522872924805e-01
-1.060638427734375000e+00
-1.012792944908142090e+00
-3.851211667060852051e-01
5.781427621841430664e-01
1.478078365325927734e+00
1.973216295242309570e+00
1.957531690597534180e+00
1.612746953964233398e+00
1.254075288772583008e+00
1.123361587524414062e+00
1.173074483871459961e+00
1.134687900543212891e+00
7.041647434234619141e-01
-1.050917357206344604e-01
-9.273031949996948242e-01
-1.184576511383056641e+00
-5.900626182556152344e-01
6.262404322624206543e-01
1.694723010063171387e+00
1.891871690750122070e+00
9.881371259689331055e-01
-4.245588779449462891e-01
-1.417152523994445801e+00
-1.297935366630554199e+00
-2.800445556640625000e-01
7.442390918731689453e-01
7.363132238388061523e-01
-5.316507220268249512e-01
-2.348793983459472656e+00
-3.383957862854003906e+00
-2.804902315139770508e+00
-7.910740375518798828e-01
1.373146533966064453e+00
2.354215383529663086e+00
1.571321249008178711e+00
-1.986441612243652344e-01
-1.556301712989807129e+00
-1.324158430099487305e+00
3.958040475845336914e-01
2.472749233245849609e+00
3.362012624740600586e+00
2.397579669952392578e+00
4.648680984973907471e-02
-2.228054761886596680e+00
-3.185756683349609375e+00
-2.382767915725708008e+00
-5.809072852134704590e-01
1.089892864227294922e+00
1.681871771812438965e+00
1.185462474822998047e+00
1.316166520118713379e-01
-6.700127124786376953e-01
-9.162666201591491699e-01
