-2.960336208343505859e-01
-3.402872383594512939e-01
-3.656247258186340332e-02
4.583266377449035645e-01
9.126050472259521484e-01
9.848373532295227051e-01
7.179542779922485352e-01
3.397547006607055664e-01
2.847313880920410156e-01
6.262591481208801270e-01
1.159885644912719727e+00
1.322997570037841797e+00
8.130591511726379395e-01
-3.287793397903442383e-01
-1.507523059844970703e+00
-2.124733686447143555e+00
-1.800476908683776855e+00
-7.896720767021179199e-01
3.744531869888305664e-01
1.079613089561462402e+00
1.162515878677368164e+00
7.634486556053161621e-01
2.805256247520446777e-01
-1.106998920440673828e-01
-3.923650979995727539e-01
-7.409456968307495117e-01
-1.131730079650878906e+00
-1.410087108612060547e+00
-1.275980591773986816e+00
-6.943368315696716309e-01
1.074777245521545410e-01
6.277234554290771484e-01
5.500581264495849609e-01
-1.131456494331359863e-01
-8.950803279876708984e-01
-1.285264372825622559e+00
-9.938270449638366699e-01
-2.367630004882812500e-01
5.045242905616760254e-01
7.278257012367248535e-01
3.093371987342834473e-01
-5.254652500152587891e-01
-1.306730985641479492e+00
-1.672645926475524902e+00
-1.464784860610961914e+00
-7.811800837516784668e-01
1.833517849445343018e-01
1.168242454528808594e+00
1.917401194572448730e+00
2.153450727462768555e+00
1.713453173637390137e+00
6.620228290557861328e-01
-6.159164905548095703e-01
-1.552658319473266602e+00
-1.674906611442565918e+00
-9.040266275405883789e-01
3.813961744308471680e-01
1.562283277511596680e+00
2.154930114746093750e+00
2.053507804870605469e+00
1.496172189712524414e+00
8.084897994995117188e-01
1.370974481105804443e-01
-5.558494925498962402e-01
-1.319040060043334961e+00
-1.967578172683715820e+00
-2.137329578399658203e+00
-1.523851275444030762e+00
-2.536081373691558838e-01
1.094860792160034180e+00
1.762536644935607910e+00
1.370764851570129395e+00
1.834380030632019043e-01
-9.732537269592285156e-01
-1.319076180458068848e+00
-6.064738631248474121e-01
6.550704240798950195e-01
1.620130777359008789e+00
1.638905882835388184e+00
7.467320561408996582e-01
-4.711350202560424805e-01
-1.252780795097351074e+00
-1.232479929924011230e+00
-5.347759127616882324e-01
3.382817804813385010e-01
9.697782993316650391e-01
1.175365567207336426e+00
1.059965729713439941e+00
7.260597348213195801e-01
2.308011949062347412e-01
-4.656169414520263672e-01
-1.245077729225158691e+00
-1.861473560333251953e+00
-1.966706752777099609e+00
-1.441126704216003418e+00
-4.487742781639099121e-01
5.358868837356567383e-01
1.094200134277343750e+00
1.015224456787109375e+00
4.694577157497406006e-01
-2.296359837055206299e-01
-7.245842218399047852e-01
-8.491481542587280273e-01
-5.317472815513610840e-01
1.323990225791931152e-01
9.804990291595458984e-01
1.667677164077758789e+00
1.830004215240478516e+00
1.201679944992065430e+00
-4.582548141479492188e-02
-1.351618766784667969e+00
-1.940343379974365234e+00
-1.417221307754516602e+00
-3.719634562730789185e-02
1.295115232467651367e+00
1.669866085052490234e+00
7.542055845260620117e-01
-8.385542631149291992e-01
-2.005560159683227539e+00
-1.851054668426513672e+00
-4.018673300743103027e-01
1.456912040710449219e+00
2.553685665130615234e+00
2.308819293975830078e+00
1.058919072151184082e+00
-1.978491544723510742e-01
-6.205925941467285156e-01
-6.831213831901550293e-02
8.307622671127319336e-01
1.274610280990600586e+00
8.833034038543701172e-01
-3.400968015193939209e-02
-8.223532438278198242e-01
-1.008780479431152344e+00
-6.576133966445922852e-01
-2.110181003808975220e-01
-6.893528997898101807e-02
-2.458109408617019653e-01
-4.265569746494293213e-01
-3.085111379623413086e-01
8.119806647300720215e-02
4.061271846294403076e-01
3.523713350296020508e-01
-4.873821139335632324e-02
-3.901299536228179932e-01
-2.370734214782714844e-01
4.850720167160034180e-01
1.339644074440002441e+00
1.696104407310485840e+00
1.168499469757080078e+00
-4.274886846542358398e-02
-1.319242238998413086e+00
-1.996530771255493164e+00
-1.836854577064514160e+00
-1.059335947036743164e+00
-1.717788726091384888e-01
4.400139451026916504e-01
6.146835088729858398e-01
4.446767866611480713e-01
2.609803155064582825e-02
-5.176894664764404297e-01
-1.091125726699829102e+00
-1.443100929260253906e+00
-1.357065677642822266e+00
-7.302685976028442383e-01
1.459889113903045654e-01
8.016985654830932617e-01
7.816458344459533691e-01
1.318179517984390259e-01
-7.004787921905517578e-01
-1.032147288322448730e+00
-5.875717401504516602e-01
4.032610058784484863e-01
1.225088119506835938e+00
1.371093750000000000e+00
8.015969395637512207e-01
1.314164996147155762e-01
-5.847871303558349609e-03
6.694986820220947266e-01
1.672949910163879395e+00
2.266182422637939453e+00
1.857166171073913574e+00
6.388005018234252930e-01
-6.988428235054016113e-01
-1.290427446365356445e+00
-8.890504240989685059e-01
1.592208445072174072e-01
1.007259249687194824e+00
1.107550859451293945e+00
3.756292462348937988e-01
-6.172233819961547852e-01
-1.301332116127014160e+00
-1.306779861450195312e+00
-8.793847560882568359e-01
-4.351758658885955811e-01
-4.422981441020965576e-01
-9.106972217559814453e-01
-1.636142611503601074e+00
-2.145488977432250977e+00
-2.200870037078857422e+00
-1.668416261672973633e+00
-7.921684980392456055e-01
1.739371120929718018e-01
8.111639022827148438e-01
9.517119526863098145e-01
5.078136324882507324e-01
-1.880401968955993652e-01
-7.524218559265136719e-01
-6.884321570396423340e-01
5.570197105407714844e-02
1.247935533523559570e+00
2.213030338287353516e+00
2.470127820968627930e+00
1.791846990585327148e+00
5.998128652572631836e-01
-5.563200712203979492e-01
-1.105565309524536133e+00
