7.620483040809631348e-01
7.429010868072509766e-01
5.823087692260742188e-01
5.052114725112915039e-01
4.677171111106872559e-01
3.016678988933563232e-01
-3.901162743568420410e-02
-4.278909265995025635e-01
-5.377516746520996094e-01
-1.159961000084877014e-01
8.549621105194091797e-01
2.012649536132812500e+00
2.830434799194335938e+00
2.849376440048217773e+00
1.991011619567871094e+00
5.541541576385498047e-01
-8.969112038612365723e-01
-1.869487643241882324e+00
-2.117951631546020508e+00
-1.755219101905822754e+00
-1.106345653533935547e+00
-5.687069892883300781e-01
-4.018043577671051025e-01
-6.704739332199096680e-01
-1.206167817115783691e+00
-1.715337514877319336e+00
-1.887660264968872070e+00
-1.581825494766235352e+00
-8.998813629150390625e-01
-1.887458264827728271e-01
1.566008925437927246e-01
-8.566136658191680908e-02
-7.739433646202087402e-01
-1.455268859863281250e+00
-1.599090576171875000e+00
-9.373224973678588867e-01
3.442593514919281006e-01
1.662449359893798828e+00
2.353823661804199219e+00
2.036111354827880859e+00
8.214204311370849609e-01
-7.492546439170837402e-01
-1.990740895271301270e+00
-2.406822681427001953e+00
-1.889500141143798828e+00
-7.007316350936889648e-01
6.903857588768005371e-01
1.840381860733032227e+00
2.468394994735717773e+00
2.515502452850341797e+00
2.087221145629882812e+00
1.382334828376770020e+00
6.037886142730712891e-01
-7.105180621147155762e-02
-5.193333029747009277e-01
-6.524753570556640625e-01
-4.461904764175415039e-01
4.897198081016540527e-02
6.510289907455444336e-01
1.091595172882080078e+00
1.086475253105163574e+00
5.264369845390319824e-01
-4.336777925491333008e-01
-1.369114995002746582e+00
-1.830947637557983398e+00
-1.599158287048339844e+00
-8.884090781211853027e-01
-2.107292115688323975e-01
-7.109306752681732178e-02
-5.625051856040954590e-01
-1.293209433555603027e+00
-1.601252794265747070e+00
-1.065177917480468750e+00
1.894811540842056274e-01
1.498959779739379883e+00
2.140990257263183594e+00
1.811907768249511719e+00
8.890914916992187500e-01
1.222554445266723633e-01
1.231499910354614258e-01
8.723107576370239258e-01
1.770862102508544922e+00
2.040667772293090820e+00
1.327540993690490723e+00
-8.959639072418212891e-02
-1.469554424285888672e+00
-2.176440954208374023e+00
-2.051023960113525391e+00
-1.481914281845092773e+00
-1.009167194366455078e+00
-9.366531372070312500e-01
-1.105955243110656738e+00
-1.124148249626159668e+00
-6.894418597221374512e-01
1.008583083748817444e-01
8.460615873336791992e-01
1.092275857925415039e+00
6.962197422981262207e-01
-1.104764491319656372e-01
-8.374531865119934082e-01
-1.072868347167968750e+00
-6.809399127960205078e-01
1.070321798324584961e-01
8.623432517051696777e-01
1.150692462921142578e+00
7.783963680267333984e-01
-1.285241544246673584e-01
-1.122976660728454590e+00
-1.656404137611389160e+00
-1.325217247009277344e+00
-1.542663574218750000e-01
1.378031373023986816e+00
2.525015830993652344e+00
2.707734107971191406e+00
1.847768306732177734e+00
4.590986669063568115e-01
-6.752842664718627930e-01
-9.746204614639282227e-01
-4.240221083164215088e-01
4.765948057174682617e-01
1.080019593238830566e+00
1.052748560905456543e+00
5.443670153617858887e-01
5.067348480224609375e-03
-2.106887102127075195e-01
-1.016459614038467407e-01
3.732585906982421875e-02
-7.663822174072265625e-02
-4.481827616691589355e-01
-8.009642958641052246e-01
-8.386085033416748047e-01
-5.237566828727722168e-01
-1.248481720685958862e-01
1.047840714454650879e-02
-2.306969761848449707e-01
-6.295469999313354492e-01
-8.167916536331176758e-01
-6.155166029930114746e-01
-1.895546466112136841e-01
7.703478634357452393e-02
-4.839700460433959961e-02
-4.291604459285736084e-01
-6.173692345619201660e-01
-2.457880675792694092e-01
6.493910551071166992e-01
1.556115150451660156e+00
1.853586912155151367e+00
1.231932878494262695e+00
-2.623510360717773438e-02
-1.251059889793395996e+00
-1.778115987777709961e+00
-1.388578057289123535e+00
-3.511461019515991211e-01
7.584121227264404297e-01
1.464607715606689453e+00
1.553714513778686523e+00
1.129604578018188477e+00
4.193330705165863037e-01
-2.947889268398284912e-01
-7.846532464027404785e-01
-8.408589363098144531e-01
-4.138631820678710938e-01
3.566303253173828125e-01
1.064803481101989746e+00
1.289792299270629883e+00
8.129392862319946289e-01
-1.109576821327209473e-01
-9.328995943069458008e-01
-1.107416391372680664e+00
-5.733153223991394043e-01
2.260405719280242920e-01
5.753779411315917969e-01
9.870275855064392090e-02
-9.879640936851501465e-01
-1.921787500381469727e+00
-2.018432617187500000e+00
-1.114871501922607422e+00
2.046117186546325684e-01
1.099357128143310547e+00
1.006894588470458984e+00
1.260816454887390137e-01
-8.255723714828491211e-01
-1.075592398643493652e+00
-4.515951871871948242e-01
6.005952358245849609e-01
1.294191598892211914e+00
1.190812706947326660e+00
4.250187575817108154e-01
-3.387166559696197510e-01
-5.162457227706909180e-01
5.393409729003906250e-02
9.306707978248596191e-01
1.521018028259277344e+00
1.431591033935546875e+00
8.230061531066894531e-01
1.519690304994583130e-01
-9.795805066823959351e-02
1.515907049179077148e-01
6.545457243919372559e-01
9.700247049331665039e-01
8.865650892257690430e-01
4.360530674457550049e-01
-8.143919706344604492e-02
-4.390773177146911621e-01
-5.158283114433288574e-01
-4.090006351470947266e-01
-1.971826255321502686e-01
3.692977130413055420e-02
3.136985599994659424e-01
5.544084310531616211e-01
6.499403715133666992e-01
4.085037708282470703e-01
-1.846472024917602539e-01
-9.863933920860290527e-01
-1.629402756690979004e+00
-1.830539703369140625e+00
-1.483473896980285645e+00
