-2.825820446014404297e-01
-2.986384630203247070e-01
-3.663988113403320312e-01
-4.843823611736297607e-03
6.645219326019287109e-01
1.304310798645019531e+00
1.600610136985778809e+00
1.365872621536254883e+00
6.715486049652099609e-01
-2.564534246921539307e-01
-1.078705072402954102e+00
-1.526067256927490234e+00
-1.440641045570373535e+00
-9.050344228744506836e-01
-1.776168048381805420e-01
3.547565937042236328e-01
4.374992549419403076e-01
7.022184133529663086e-02
-3.963120877742767334e-01
-5.175464749336242676e-01
-2.621192671358585358e-02
8.612921833992004395e-01
1.562940120697021484e+00
1.448289036750793457e+00
3.617898225784301758e-01
-1.230200290679931641e+00
-2.426165580749511719e+00
-2.516837835311889648e+00
-1.431373834609985352e+00
1.361678838729858398e-01
1.228529334068298340e+00
1.219025373458862305e+00
2.686440944671630859e-01
-8.755705952644348145e-01
-1.386907219886779785e+00
-9.888295531272888184e-01
-5.709648504853248596e-02
6.698299050331115723e-01
7.150295972824096680e-01
1.662372201681137085e-01
-3.801111876964569092e-01
-3.453072309494018555e-01
4.251546263694763184e-01
1.494916915893554688e+00
2.197598934173583984e+00
2.058849334716796875e+00
1.159471273422241211e+00
1.385387778282165527e-02
-7.353230714797973633e-01
-7.642852663993835449e-01
-1.826405972242355347e-01
5.442401766777038574e-01
9.567507505416870117e-01
8.297902941703796387e-01
3.127278387546539307e-01
-2.470742613077163696e-01
-4.924002289772033691e-01
-3.142921328544616699e-01
1.429489552974700928e-01
5.531263351440429688e-01
6.726919412612915039e-01
4.633154869079589844e-01
1.425241231918334961e-01
-4.269462823867797852e-02
-3.075420856475830078e-03
4.637920856475830078e-02
-2.206702083349227905e-01
-9.726160168647766113e-01
-1.933113098144531250e+00
-2.497803211212158203e+00
-2.088148593902587891e+00
-6.687148809432983398e-01
1.134083032608032227e+00
2.316232442855834961e+00
2.194083213806152344e+00
8.695379495620727539e-01
-7.580038905143737793e-01
-1.635484933853149414e+00
-1.259518384933471680e+00
-5.810824036598205566e-02
9.844847917556762695e-01
1.047318935394287109e+00
1.139197051525115967e-01
-1.087535023689270020e+00
-1.652704596519470215e+00
-1.246194839477539062e+00
-2.982842326164245605e-01
3.610716760158538818e-01
2.342783510684967041e-01
-4.827012717723846436e-01
-1.076272368431091309e+00
-9.825868606567382812e-01
-2.454704195261001587e-01
5.073050260543823242e-01
6.575682759284973145e-01
1.250095367431640625e-01
-5.250281691551208496e-01
-5.973941683769226074e-01
1.421737968921661377e-01
1.216135501861572266e+00
1.861808776855468750e+00
1.661342740058898926e+00
9.398539662361145020e-01
4.598123729228973389e-01
7.613519430160522461e-01
1.607453346252441406e+00
2.133575916290283203e+00
1.511028528213500977e+00
-3.058636784553527832e-01
-2.467438697814941406e+00
-3.770882606506347656e+00
-3.546481132507324219e+00
-2.093475341796875000e+00
-4.435352683067321777e-01
4.461215138435363770e-01
3.241323828697204590e-01
-2.640523910522460938e-01
-5.466902256011962891e-01
-1.505237221717834473e-01
6.187416911125183105e-01
1.127328038215637207e+00
9.519753456115722656e-01
2.466230839490890503e-01
-4.407774806022644043e-01
-6.039566397666931152e-01
-1.857405900955200195e-01
4.610999524593353271e-01
8.758617639541625977e-01
8.669345974922180176e-01
5.591201782226562500e-01
2.289521396160125732e-01
2.201011776924133301e-02
-8.185146749019622803e-02
-1.693040728569030762e-01
-2.078073024749755859e-01
-8.674418926239013672e-02
2.452224493026733398e-01
6.148885488510131836e-01
7.327688932418823242e-01
4.262132644653320312e-01
-1.166782975196838379e-01
-4.510078728199005127e-01
-2.003824114799499512e-01
5.507429838180541992e-01
1.249408602714538574e+00
1.215317130088806152e+00
2.005194574594497681e-01
-1.381610631942749023e+00
-2.660211086273193359e+00
-2.925932645797729492e+00
-2.093934535980224609e+00
-7.661125659942626953e-01
2.521387934684753418e-01
4.960662126541137695e-01
1.408419609069824219e-01
-2.591046690940856934e-01
-2.360049188137054443e-01
1.920318305492401123e-01
6.058530807495117188e-01
5.422394871711730957e-01
-7.557065784931182861e-02
-8.919613361358642578e-01
-1.363756418228149414e+00
-1.196431279182434082e+00
-5.088194608688354492e-01
2.577099502086639404e-01
7.099812030792236328e-01
7.321868538856506348e-01
5.411564111709594727e-01
4.501902461051940918e-01
6.663121581077575684e-01
1.148626804351806641e+00
1.708082795143127441e+00
2.101267337799072266e+00
2.166965484619140625e+00
1.814301848411560059e+00
1.067585229873657227e+00
5.124938488006591797e-02
-9.508210420608520508e-01
-1.592288374900817871e+00
-1.579325795173645020e+00
-8.976730704307556152e-01
1.571468710899353027e-01
1.058939695358276367e+00
1.372690677642822266e+00
9.661843776702880859e-01
1.202110648155212402e-01
-6.911190748214721680e-01
-1.043712615966796875e+00
-8.292211294174194336e-01
-2.244814485311508179e-01
4.234067797660827637e-01
8.521005511283874512e-01
9.506351947784423828e-01
7.883520722389221191e-01
4.717020988464355469e-01
1.153539717197418213e-01
-2.225021719932556152e-01
-4.700041413307189941e-01
-5.875995755195617676e-01
-5.484609007835388184e-01
-4.198137819766998291e-01
-2.950626909732818604e-01
-2.730235159397125244e-01
-3.277554214000701904e-01
-3.479937911033630371e-01
-1.663469672203063965e-01
2.589419782161712646e-01
8.135541677474975586e-01
1.208147525787353516e+00
1.184108495712280273e+00
6.348085403442382812e-01
-2.508206963539123535e-01
-1.110720157623291016e+00
-1.544909358024597168e+00
-1.378454566001892090e+00
-7.040011882781982422e-01
