-3.613939881324768066e-01
-3.837360739707946777e-01
-1.124130010604858398e+00
-1.567438006401062012e+00
-1.796525478363037109e+00
-1.742215037345886230e+00
-1.495895743370056152e+00
-9.492600560188293457e-01
-2.264212369918823242e-01
6.033233404159545898e-01
1.191029787063598633e+00
1.357583045959472656e+00
9.162389039993286133e-01
7.710981369018554688e-02
-9.122384786605834961e-01
-1.615372657775878906e+00
-1.869446039199829102e+00
-1.587080240249633789e+00
-1.000973224639892578e+00
-3.045468628406524658e-01
1.981230974197387695e-01
4.188981950283050537e-01
3.017284572124481201e-01
8.214439451694488525e-02
1.661424338817596436e-02
4.572576582431793213e-01
1.435171365737915039e+00
2.709922313690185547e+00
3.646586894989013672e+00
3.707419157028198242e+00
2.684393405914306641e+00
1.052231431007385254e+00
-3.796251714229583740e-01
-8.583109378814697266e-01
-3.190796673297882080e-01
6.455446481704711914e-01
1.106218814849853516e+00
5.821175575256347656e-01
-6.419042944908142090e-01
-1.621842503547668457e+00
-1.523201704025268555e+00
-2.356291413307189941e-01
1.440958261489868164e+00
2.384761810302734375e+00
1.956446886062622070e+00
5.070561170578002930e-01
-8.833992481231689453e-01
-1.197315931320190430e+00
-2.271902114152908325e-01
1.284354209899902344e+00
2.239579200744628906e+00
1.972991824150085449e+00
7.278549075126647949e-01
-6.439825296401977539e-01
-1.317314743995666504e+00
-1.125671505928039551e+00
-5.049651861190795898e-01
-8.931085467338562012e-02
-9.230495989322662354e-02
-2.689273655414581299e-01
-1.572511941194534302e-01
3.341172635555267334e-01
8.728923797607421875e-01
8.756498694419860840e-01
1.319198012351989746e-01
-1.080211877822875977e+00
-2.052899122238159180e+00
-2.300504207611083984e+00
-1.773799180984497070e+00
-9.598034620285034180e-01
-3.118690848350524902e-01
-2.748507261276245117e-02
1.621565818786621094e-01
4.937812089920043945e-01
1.004081726074218750e+00
1.294257879257202148e+00
1.041575074195861816e+00
1.863014101982116699e-01
-7.594504356384277344e-01
-1.243269205093383789e+00
-9.361527562141418457e-01
-1.795071661472320557e-01
4.553077220916748047e-01
4.528614282608032227e-01
-6.041604280471801758e-02
-6.212604641914367676e-01
-6.654554009437561035e-01
-1.916935592889785767e-01
4.140897393226623535e-01
5.324199795722961426e-01
2.753210067749023438e-02
-8.096302747726440430e-01
-1.301920533180236816e+00
-1.116908788681030273e+00
-3.227491974830627441e-01
5.159609317779541016e-01
1.004610061645507812e+00
1.032794356346130371e+00
9.761711955070495605e-01
1.107507467269897461e+00
1.476520895957946777e+00
1.661200761795043945e+00
1.324197530746459961e+00
3.823292851448059082e-01
-6.686616539955139160e-01
-1.276101112365722656e+00
-1.069114923477172852e+00
-3.201620578765869141e-01
4.417734742164611816e-01
6.680729985237121582e-01
3.521943986415863037e-01
-1.861504763364791870e-01
-4.515065550804138184e-01
-3.397975564002990723e-01
-3.526762127876281738e-02
4.789099097251892090e-02
-1.991715133190155029e-01
-6.152567863464355469e-01
-7.931419610977172852e-01
-5.886844396591186523e-01
-1.474258899688720703e-01
7.942086458206176758e-02
-1.497797966003417969e-01
-7.370755672454833984e-01
-1.173090219497680664e+00
-1.037671327590942383e+00
-2.682166695594787598e-01
6.382229924201965332e-01
1.037536978721618652e+00
5.288472771644592285e-01
-6.488189101219177246e-01
-1.808632135391235352e+00
-2.198373317718505859e+00
-1.546528577804565430e+00
-1.945754885673522949e-01
1.096571803092956543e+00
1.666336655616760254e+00
1.317214369773864746e+00
4.080980420112609863e-01
-4.460127353668212891e-01
-7.812836170196533203e-01
-5.444267392158508301e-01
-7.301399111747741699e-02
2.068183422088623047e-01
5.993258953094482422e-02
-3.854580521583557129e-01
-8.014729619026184082e-01
-8.684951066970825195e-01
-5.644118785858154297e-01
-1.120319738984107971e-01
1.206947267055511475e-01
-3.756728768348693848e-02
-5.121459960937500000e-01
-9.338380694389343262e-01
-9.780344963073730469e-01
-4.713209271430969238e-01
3.762136697769165039e-01
1.229280233383178711e+00
1.690782070159912109e+00
1.667299866676330566e+00
1.235405921936035156e+00
7.211065292358398438e-01
3.202643692493438721e-01
1.721206903457641602e-01
1.282550990581512451e-01
6.927254796028137207e-02
-1.962945014238357544e-01
-5.968592166900634766e-01
-1.039713621139526367e+00
-1.226097345352172852e+00
-1.053462743759155273e+00
-4.538043737411499023e-01
2.649544477462768555e-01
8.085158467292785645e-01
7.932567596435546875e-01
2.800331711769104004e-01
-4.550558328628540039e-01
-7.438577413558959961e-01
-2.167494595050811768e-01
1.199650764465332031e+00
2.833611488342285156e+00
3.905812263488769531e+00
3.674598217010498047e+00
2.226293087005615234e+00
1.354213058948516846e-01
-1.563637971878051758e+00
-2.336816787719726562e+00
-2.107306718826293945e+00
-1.539705276489257812e+00
-1.146605491638183594e+00
-1.231523633003234863e+00
-1.361413121223449707e+00
-1.132526397705078125e+00
-2.383911609649658203e-01
8.493024706840515137e-01
1.538315773010253906e+00
1.200025320053100586e+00
4.235342144966125488e-02
-1.355449676513671875e+00
-2.042439460754394531e+00
-1.724057197570800781e+00
-5.509428977966308594e-01
6.387989521026611328e-01
1.305496454238891602e+00
1.144881010055541992e+00
5.867972373962402344e-01
-1.536875963211059570e-02
-2.888783812522888184e-01
-4.484654366970062256e-01
-6.186505556106567383e-01
-9.990900754928588867e-01
-1.237156748771667480e+00
-1.080676317214965820e+00
-2.212882637977600098e-01
9.922905564308166504e-01
2.137214422225952148e+00
2.568755626678466797e+00
