-3.074104785919189453e-01
-2.864620685577392578e-01
-6.091276407241821289e-01
-1.014980792999267578e+00
-1.276858806610107422e+00
-1.191388130187988281e+00
-6.544516682624816895e-01
1.734983921051025391e-01
9.663492441177368164e-01
1.330269932746887207e+00
1.084740519523620605e+00
3.284969925880432129e-01
-5.359160900115966797e-01
-1.074378252029418945e+00
-1.004742622375488281e+00
-4.077302217483520508e-01
3.885650336742401123e-01
9.546527862548828125e-01
1.056030988693237305e+00
7.100048065185546875e-01
1.968434453010559082e-01
-1.707250475883483887e-01
-1.629704833030700684e-01
2.215524315834045410e-01
8.418605923652648926e-01
1.447620391845703125e+00
1.835199117660522461e+00
1.854603528976440430e+00
1.489441037178039551e+00
7.990858554840087891e-01
-5.206614732742309570e-02
-8.934418559074401855e-01
-1.549083948135375977e+00
-1.929909706115722656e+00
-1.993160843849182129e+00
-1.772433280944824219e+00
-1.312393307685852051e+00
-7.175202965736389160e-01
-1.171403676271438599e-01
3.044884204864501953e-01
4.215906560420989990e-01
2.169225811958312988e-01
-1.321381628513336182e-01
-3.655303716659545898e-01
-2.673522830009460449e-01
1.402482837438583374e-01
6.134737133979797363e-01
8.147853612899780273e-01
5.883978009223937988e-01
7.687795162200927734e-02
-3.253895044326782227e-01
-2.629272639751434326e-01
3.336918354034423828e-01
1.143109321594238281e+00
1.657184720039367676e+00
1.477183222770690918e+00
5.767167806625366211e-01
-7.029071450233459473e-01
-1.841758131980895996e+00
-2.425138711929321289e+00
-2.294332265853881836e+00
-1.564781785011291504e+00
-5.081564784049987793e-01
5.523097515106201172e-01
1.330876827239990234e+00
1.633779168128967285e+00
1.434060692787170410e+00
9.072383642196655273e-01
3.790220916271209717e-01
1.522361934185028076e-01
3.079891800880432129e-01
6.305038928985595703e-01
7.534387111663818359e-01
4.554984569549560547e-01
-1.313198804855346680e-01
-5.698236227035522461e-01
-4.527770280838012695e-01
2.510285973548889160e-01
1.092257976531982422e+00
1.435378789901733398e+00
9.126638174057006836e-01
-2.667406797409057617e-01
-1.456118226051330566e+00
-2.015807390213012695e+00
-1.779961943626403809e+00
-1.121694207191467285e+00
-6.321889758110046387e-01
-6.170158386230468750e-01
-8.912938833236694336e-01
-9.649744629859924316e-01
-5.260096788406372070e-01
2.741487622261047363e-01
9.042670726776123047e-01
9.228276014328002930e-01
3.491941988468170166e-01
-2.998554706573486328e-01
-4.448150396347045898e-01
1.059853434562683105e-01
9.692071676254272461e-01
1.530809164047241211e+00
1.434914827346801758e+00
9.104238748550415039e-01
5.461053252220153809e-01
8.050034642219543457e-01
1.565402388572692871e+00
2.200963973999023438e+00
2.034593582153320312e+00
9.307346940040588379e-01
-5.775941610336303711e-01
-1.614315271377563477e+00
-1.626879930496215820e+00
-7.529987692832946777e-01
2.553893327713012695e-01
6.186289191246032715e-01
4.475776106119155884e-02
-1.063342690467834473e+00
-1.970973253250122070e+00
-2.107461929321289062e+00
-1.466850042343139648e+00
-5.098977088928222656e-01
1.753921508789062500e-01
3.150790631771087646e-01
4.605835676193237305e-02
-2.246026992797851562e-01
-1.935428977012634277e-01
1.521847695112228394e-01
5.127725005149841309e-01
5.453896522521972656e-01
9.020918607711791992e-02
-6.604673862457275391e-01
-1.292500972747802734e+00
-1.378286838531494141e+00
-7.831799983978271484e-01
2.562959790229797363e-01
1.201938390731811523e+00
1.559259772300720215e+00
1.161105990409851074e+00
3.470977544784545898e-01
-2.482586503028869629e-01
-6.581258773803710938e-02
9.481435418128967285e-01
2.281108856201171875e+00
3.118490219116210938e+00
2.897356510162353516e+00
1.655079960823059082e+00
2.587576210498809814e-02
-1.230774044990539551e+00
-1.722655415534973145e+00
-1.674117088317871094e+00
-1.649696230888366699e+00
-2.072235107421875000e+00
-2.831344127655029297e+00
-3.382913351058959961e+00
-3.172889232635498047e+00
-2.115023136138916016e+00
-6.565526127815246582e-01
5.482007265090942383e-01
1.150179147720336914e+00
1.314525604248046875e+00
1.520352482795715332e+00
2.075579166412353516e+00
2.819172382354736328e+00
3.226218461990356445e+00
2.873080253601074219e+00
1.822618722915649414e+00
6.297731995582580566e-01
-8.727703988552093506e-02
-1.243014931678771973e-01
1.533372998237609863e-01
1.407506167888641357e-01
-4.838984906673431396e-01
-1.467197179794311523e+00
-2.172422647476196289e+00
-2.101693630218505859e+00
-1.312123537063598633e+00
-3.904087543487548828e-01
9.338788688182830811e-03
-3.327193856239318848e-01
-1.040478587150573730e+00
-1.473868846893310547e+00
-1.241036415100097656e+00
-5.104326605796813965e-01
1.585845649242401123e-01
2.722496688365936279e-01
-1.840692758560180664e-01
-7.562143802642822266e-01
-8.699942231178283691e-01
-2.933795452117919922e-01
7.182489633560180664e-01
1.610241293907165527e+00
1.951539754867553711e+00
1.672654271125793457e+00
1.054087162017822266e+00
4.283159077167510986e-01
-3.876825422048568726e-02
-4.182463586330413818e-01
-8.275496959686279297e-01
-1.282718420028686523e+00
-1.628612756729125977e+00
-1.702975273132324219e+00
-1.457670211791992188e+00
-1.040226221084594727e+00
-6.451991796493530273e-01
-4.002141356468200684e-01
-2.607581019401550293e-01
-1.268461048603057861e-01
7.597567141056060791e-02
2.869575619697570801e-01
4.229175448417663574e-01
4.432177245616912842e-01
4.518139064311981201e-01
5.732855796813964844e-01
8.692016601562500000e-01
1.202851891517639160e+00
1.359275460243225098e+00
1.148128509521484375e+00
6.047100424766540527e-01
