-1.576104998588562012e+00
-1.637370109558105469e+00
-2.526371479034423828e+00
-2.451580047607421875e+00
-1.224603891372680664e+00
5.873351097106933594e-01
2.236903667449951172e+00
2.940562248229980469e+00
2.563682794570922852e+00
1.378362298011779785e+00
1.412260383367538452e-01
-6.040284633636474609e-01
-5.078972578048706055e-01
2.020424455404281616e-01
1.175446629524230957e+00
1.884066820144653320e+00
2.127130985260009766e+00
1.808230400085449219e+00
1.180093765258789062e+00
4.150066971778869629e-01
-2.243564426898956299e-01
-7.423982620239257812e-01
-1.089712500572204590e+00
-1.377367019653320312e+00
-1.503651142120361328e+00
-1.435304641723632812e+00
-1.009821176528930664e+00
-3.421316444873809814e-01
3.929668962955474854e-01
7.679717540740966797e-01
5.892958045005798340e-01
-1.766389012336730957e-01
-1.088939309120178223e+00
-1.693969368934631348e+00
-1.575469493865966797e+00
-8.482553362846374512e-01
1.243917942047119141e-01
7.672375440597534180e-01
8.784149885177612305e-01
5.408645272254943848e-01
2.131502032279968262e-01
1.575754731893539429e-01
4.152167439460754395e-01
6.010469794273376465e-01
4.154081940650939941e-01
-2.602452039718627930e-01
-1.050509452819824219e+00
-1.510447025299072266e+00
-1.282274842262268066e+00
-5.264272689819335938e-01
3.653227686882019043e-01
8.910354375839233398e-01
9.407267570495605469e-01
6.730266809463500977e-01
4.850472211837768555e-01
5.359063148498535156e-01
7.808990478515625000e-01
9.176275730133056641e-01
8.067024946212768555e-01
4.702931642532348633e-01
1.921864300966262817e-01
1.309829950332641602e-01
2.852699756622314453e-01
3.734750747680664062e-01
1.863422393798828125e-01
-3.152055740356445312e-01
-8.363109827041625977e-01
-1.054283380508422852e+00
-7.769836187362670898e-01
-1.864236593246459961e-01
3.732307553291320801e-01
5.591791272163391113e-01
3.453095257282257080e-01
-5.602735280990600586e-02
-2.924731969833374023e-01
-1.953266859054565430e-01
1.955440342426300049e-01
6.198611855506896973e-01
8.557630181312561035e-01
7.961161136627197266e-01
5.396391153335571289e-01
2.405394166707992554e-01
5.045939236879348755e-02
-7.336646318435668945e-03
7.647916674613952637e-03
-3.963506221771240234e-02
-2.504028379917144775e-01
-6.473112106323242188e-01
-1.094221353530883789e+00
-1.339067935943603516e+00
-1.109815597534179688e+00
-3.262681066989898682e-01
7.729265689849853516e-01
1.647794246673583984e+00
1.728934168815612793e+00
7.686775922775268555e-01
-9.252275824546813965e-01
-2.593291759490966797e+00
-3.439228534698486328e+00
-3.102417945861816406e+00
-1.879488468170166016e+00
-5.100719928741455078e-01
3.059693276882171631e-01
3.605563640594482422e-01
-9.556651115417480469e-03
-2.327720522880554199e-01
1.115438342094421387e-02
5.750588774681091309e-01
9.768745899200439453e-01
8.487069606781005859e-01
2.369128763675689697e-01
-3.922822475433349609e-01
-5.537898540496826172e-01
-1.106151342391967773e-01
5.729644894599914551e-01
9.552400708198547363e-01
7.339447736740112305e-01
1.579429060220718384e-01
-1.758589148521423340e-01
2.402075529098510742e-01
1.331412792205810547e+00
2.428239345550537109e+00
2.636110544204711914e+00
1.489743232727050781e+00
-6.932041645050048828e-01
-2.883985519409179688e+00
-3.952889919281005859e+00
-3.293399333953857422e+00
-1.209423065185546875e+00
1.300558805465698242e+00
3.081481933593750000e+00
3.472461700439453125e+00
2.561605215072631836e+00
1.061675548553466797e+00
-2.082625329494476318e-01
-7.542237043380737305e-01
-6.460461616516113281e-01
-3.138662874698638916e-01
-2.161319553852081299e-01
-4.846191406250000000e-01
-9.011685848236083984e-01
-1.074133038520812988e+00
-7.818638682365417480e-01
-1.386357545852661133e-01
4.622329473495483398e-01
6.428617238998413086e-01
3.033892214298248291e-01
-2.929532825946807861e-01
-7.134019136428833008e-01
-6.643959283828735352e-01
-2.057533115148544312e-01
3.093643188476562500e-01
5.032772421836853027e-01
2.490125596523284912e-01
-2.360730320215225220e-01
-5.857408046722412109e-01
-5.736715793609619141e-01
-3.091726601123809814e-01
-1.450207829475402832e-01
-4.119981527328491211e-01
-1.129895687103271484e+00
-1.985059976577758789e+00
-2.506813526153564453e+00
-2.411274909973144531e+00
-1.734143495559692383e+00
-8.082518577575683594e-01
2.582085132598876953e-02
5.810627341270446777e-01
9.177712202072143555e-01
1.154205203056335449e+00
1.374850988388061523e+00
1.515079617500305176e+00
1.524299740791320801e+00
1.402355909347534180e+00
1.284342527389526367e+00
1.242673397064208984e+00
1.250288009643554688e+00
1.087413549423217773e+00
6.208952069282531738e-01
-9.757173061370849609e-02
-6.691949367523193359e-01
-6.755270957946777344e-01
1.057111024856567383e-01
1.347554802894592285e+00
2.408061504364013672e+00
2.590775489807128906e+00
1.728913664817810059e+00
2.109570801258087158e-01
-1.114787220954895020e+00
-1.601070880889892578e+00
-1.071044206619262695e+00
-4.826548695564270020e-02
7.512966394424438477e-01
7.514506578445434570e-01
1.475712656974792480e-02
-9.895468950271606445e-01
-1.566770792007446289e+00
-1.402855873107910156e+00
-5.601654052734375000e-01
4.402105212211608887e-01
1.142675042152404785e+00
1.228363752365112305e+00
8.222482204437255859e-01
1.600668728351593018e-01
-3.816319108009338379e-01
-6.621721386909484863e-01
-5.863333940505981445e-01
-3.021420240402221680e-01
9.135943651199340820e-02
3.511915802955627441e-01
3.844388425350189209e-01
6.593959033489227295e-02
-4.459181129932403564e-01
-9.728651642799377441e-01
-1.158703446388244629e+00
-9.039734601974487305e-01
-2.217251062393188477e-01
