-1.714799404144287109e-01
-1.527514457702636719e-01
-8.446186780929565430e-02
-1.970524489879608154e-01
-2.921346426010131836e-01
-2.382974028587341309e-01
7.553267478942871094e-02
5.058309435844421387e-01
8.982580900192260742e-01
1.047034740447998047e+00
9.703899621963500977e-01
7.334818243980407715e-01
5.186386704444885254e-01
3.609619438648223877e-01
2.932019829750061035e-01
2.468919456005096436e-01
2.788436412811279297e-01
4.114143848419189453e-01
7.000665068626403809e-01
1.004775285720825195e+00
1.158379197120666504e+00
9.567114114761352539e-01
4.551924765110015869e-01
-1.366725713014602661e-01
-4.592636823654174805e-01
-3.695381283760070801e-01
4.088078439235687256e-02
3.799290060997009277e-01
3.221340179443359375e-01
-2.627178132534027100e-01
-1.121268749237060547e+00
-1.898988842964172363e+00
-2.291922092437744141e+00
-2.325505256652832031e+00
-2.186394453048706055e+00
-2.109980821609497070e+00
-2.087990283966064453e+00
-1.971777796745300293e+00
-1.561062812805175781e+00
-9.023533463478088379e-01
-2.310701459646224976e-01
1.120625138282775879e-01
2.604395896196365356e-02
-3.248255848884582520e-01
-5.519182085990905762e-01
-4.079012572765350342e-01
8.251142501831054688e-02
5.705302953720092773e-01
7.156714200973510742e-01
3.931055366992950439e-01
-1.405131220817565918e-01
-4.897860884666442871e-01
-3.521035313606262207e-01
2.145040631294250488e-01
9.048803448677062988e-01
1.349618673324584961e+00
1.426881074905395508e+00
1.266446828842163086e+00
1.153417348861694336e+00
1.236909866333007812e+00
1.457512378692626953e+00
1.566674232482910156e+00
1.377000689506530762e+00
8.744024634361267090e-01
2.643142938613891602e-01
-2.259163260459899902e-01
-4.744068980216979980e-01
-5.723752975463867188e-01
-6.920332908630371094e-01
-9.690289497375488281e-01
-1.355084419250488281e+00
-1.672773122787475586e+00
-1.696303844451904297e+00
-1.317297339439392090e+00
-5.705199837684631348e-01
3.606863915920257568e-01
1.257069826126098633e+00
1.909936428070068359e+00
2.197797775268554688e+00
2.071651458740234375e+00
1.581494331359863281e+00
8.249935507774353027e-01
-5.526496469974517822e-02
-9.368438124656677246e-01
-1.702328562736511230e+00
-2.253626108169555664e+00
-2.459227561950683594e+00
-2.194670200347900391e+00
-1.388854265213012695e+00
-1.621040701866149902e-01
1.153575062751770020e+00
2.074327707290649414e+00
2.221941709518432617e+00
1.539380311965942383e+00
4.136084318161010742e-01
-5.248639583587646484e-01
-7.278789281845092773e-01
-1.059753596782684326e-01
9.182913899421691895e-01
1.626695990562438965e+00
1.488182067871093750e+00
4.796418845653533936e-01
-8.522853851318359375e-01
-1.761690020561218262e+00
-1.745167851448059082e+00
-8.870574235916137695e-01
2.468620538711547852e-01
9.567111730575561523e-01
8.944926261901855469e-01
2.290641367435455322e-01
-4.662605524063110352e-01
-6.586216688156127930e-01
-1.681499481201171875e-01
6.930254697799682617e-01
1.395701408386230469e+00
1.507419347763061523e+00
1.007157206535339355e+00
2.158353030681610107e-01
-3.931565284729003906e-01
-5.614961385726928711e-01
-3.387980759143829346e-01
-6.768686324357986450e-02
-7.039037346839904785e-02
-4.772781431674957275e-01
-1.071869492530822754e+00
-1.482269406318664551e+00
-1.345979928970336914e+00
-5.995185375213623047e-01
5.329372286796569824e-01
1.572337269783020020e+00
2.096122503280639648e+00
1.875026702880859375e+00
1.065439939498901367e+00
4.778528213500976562e-02
-6.833255887031555176e-01
-8.537154793739318848e-01
-4.491145610809326172e-01
2.113245725631713867e-01
7.659664154052734375e-01
9.338877201080322266e-01
7.621443271636962891e-01
4.726316630840301514e-01
3.848233222961425781e-01
5.851588249206542969e-01
9.540736675262451172e-01
1.139612197875976562e+00
9.014825224876403809e-01
1.729621887207031250e-01
-7.730249762535095215e-01
-1.602571010589599609e+00
-1.999460458755493164e+00
-1.941596269607543945e+00
-1.540407419204711914e+00
-1.040799140930175781e+00
-5.345852971076965332e-01
-7.696215808391571045e-02
3.830493390560150146e-01
7.504221200942993164e-01
9.283929467201232910e-01
7.633033990859985352e-01
3.378534913063049316e-01
-1.559120267629623413e-01
-3.719331026077270508e-01
-1.835232377052307129e-01
3.436381816864013672e-01
8.214308619499206543e-01
9.285546541213989258e-01
4.820770025253295898e-01
-2.798582911491394043e-01
-9.876296520233154297e-01
-1.210711836814880371e+00
-8.664267659187316895e-01
-8.750838041305541992e-02
7.203694581985473633e-01
1.280876636505126953e+00
1.399801254272460938e+00
1.173131704330444336e+00
6.940107941627502441e-01
1.486324667930603027e-01
-4.286422431468963623e-01
-9.313805103302001953e-01
-1.352370619773864746e+00
-1.577031373977661133e+00
-1.625626325607299805e+00
-1.470061540603637695e+00
-1.232794642448425293e+00
-9.348226785659790039e-01
-6.777608990669250488e-01
-4.407503008842468262e-01
-3.259598314762115479e-01
-3.521254360675811768e-01
-6.251243352890014648e-01
-1.044247031211853027e+00
-1.489723801612854004e+00
-1.663981676101684570e+00
-1.451090931892395020e+00
-8.186008334159851074e-01
-5.110490322113037109e-02
5.987588167190551758e-01
8.749676346778869629e-01
8.596220016479492188e-01
7.104123830795288086e-01
7.228952646255493164e-01
9.282473325729370117e-01
1.265174031257629395e+00
1.449969172477722168e+00
1.378503441810607910e+00
1.024958133697509766e+00
6.464588642120361328e-01
4.140542149543762207e-01
4.757671952247619629e-01
6.646984219551086426e-01
7.950108051300048828e-01
5.933967828750610352e-01
5.997815728187561035e-02
-7.242734432220458984e-01
-1.455846905708312988e+00
