-9.150242209434509277e-01
-8.332937359809875488e-01
-6.657547950744628906e-01
-3.872910141944885254e-01
8.957409858703613281e-02
7.095448374748229980e-01
1.417811989784240723e+00
1.922801494598388672e+00
1.990695118904113770e+00
1.410909533500671387e+00
3.632057011127471924e-01
-7.818985581398010254e-01
-1.452087879180908203e+00
-1.383298158645629883e+00
-6.283811330795288086e-01
2.869042158126831055e-01
8.654345870018005371e-01
8.036158084869384766e-01
3.541989922523498535e-01
-3.091621398925781250e-02
1.097999811172485352e-01
7.332940101623535156e-01
1.467822313308715820e+00
1.737604737281799316e+00
1.351562857627868652e+00
5.030196309089660645e-01
-2.372216582298278809e-01
-5.102293491363525391e-01
-3.026834130287170410e-01
-7.848501205444335938e-02
-2.437376081943511963e-01
-9.260320663452148438e-01
-1.715142488479614258e+00
-2.118297576904296875e+00
-1.841837406158447266e+00
-1.180819034576416016e+00
-6.768688559532165527e-01
-8.067549467086791992e-01
-1.457777619361877441e+00
-2.107442378997802734e+00
-2.101902246475219727e+00
-1.288665652275085449e+00
-3.947538137435913086e-02
9.037137031555175781e-01
1.084005355834960938e+00
5.331933498382568359e-01
-2.006339132785797119e-01
-6.137189865112304688e-01
-5.258446335792541504e-01
-2.433397769927978516e-01
-1.175766885280609131e-01
-2.679811716079711914e-01
-3.673030734062194824e-01
-3.200799226760864258e-02
8.627209663391113281e-01
1.898910284042358398e+00
2.461237192153930664e+00
2.136770248413085938e+00
1.148768186569213867e+00
1.560681164264678955e-01
-1.617966145277023315e-01
3.063290715217590332e-01
1.074208140373229980e+00
1.359933257102966309e+00
7.394462227821350098e-01
-5.894855260848999023e-01
-1.892928123474121094e+00
-2.477434158325195312e+00
-2.096793889999389648e+00
-1.102923631668090820e+00
-7.671451568603515625e-02
5.532630681991577148e-01
7.819510698318481445e-01
8.517825603485107422e-01
9.907138347625732422e-01
1.160244464874267578e+00
1.152998089790344238e+00
7.923134565353393555e-01
1.569824814796447754e-01
-4.837877154350280762e-01
-8.513578176498413086e-01
-8.861922621726989746e-01
-7.351418137550354004e-01
-6.045021414756774902e-01
-5.457702875137329102e-01
-4.348948001861572266e-01
-1.023095995187759399e-01
4.547035992145538330e-01
1.012637734413146973e+00
1.234350442886352539e+00
9.035456180572509766e-01
7.279053330421447754e-02
-9.488453865051269531e-01
-1.762054204940795898e+00
-2.058877944946289062e+00
-1.721908569335937500e+00
-8.303818702697753906e-01
3.835396766662597656e-01
1.576647520065307617e+00
2.368045568466186523e+00
2.458316564559936523e+00
1.796767473220825195e+00
6.643030047416687012e-01
-4.061623513698577881e-01
-9.088759422302246094e-01
-6.609607934951782227e-01
6.051903963088989258e-02
6.996483802795410156e-01
7.794559597969055176e-01
2.363654524087905884e-01
-5.550020933151245117e-01
-1.042784452438354492e+00
-9.046033620834350586e-01
-2.569872438907623291e-01
4.263580441474914551e-01
6.688578724861145020e-01
3.036993443965911865e-01
-4.201204180717468262e-01
-1.039491415023803711e+00
-1.173090219497680664e+00
-7.518678903579711914e-01
-4.859894514083862305e-03
7.024913430213928223e-01
1.087676525115966797e+00
1.056126117706298828e+00
7.059751749038696289e-01
2.369188368320465088e-01
-1.363193094730377197e-01
-2.743000388145446777e-01
-1.664777398109436035e-01
4.453448578715324402e-02
1.283561587333679199e-01
-9.889535605907440186e-02
-6.197315454483032227e-01
-1.166173815727233887e+00
-1.347812891006469727e+00
-9.058904051780700684e-01
6.896033883094787598e-02
1.141844630241394043e+00
1.774048447608947754e+00
1.673549652099609375e+00
9.759134054183959961e-01
1.471531689167022705e-01
-3.630401790142059326e-01
-4.172478914260864258e-01
-2.598694860935211182e-01
-2.526741325855255127e-01
-5.555120110511779785e-01
-9.408063292503356934e-01
-9.794583320617675781e-01
-3.737318515777587891e-01
7.310325503349304199e-01
1.814098954200744629e+00
2.281953334808349609e+00
1.910693407058715820e+00
9.719058275222778320e-01
8.703410625457763672e-02
-2.323442697525024414e-01
1.241985559463500977e-01
7.782959342002868652e-01
1.194493532180786133e+00
1.002752423286437988e+00
2.771443128585815430e-01
-6.049571037292480469e-01
-1.186530709266662598e+00
-1.291131496429443359e+00
-1.045192599296569824e+00
-8.131852149963378906e-01
-8.590463399887084961e-01
-1.232892036437988281e+00
-1.676176071166992188e+00
-1.877519965171813965e+00
-1.608090877532958984e+00
-9.500772953033447266e-01
-1.655900329351425171e-01
3.850360810756683350e-01
5.567353963851928711e-01
4.165036082267761230e-01
2.762424051761627197e-01
3.657827079296112061e-01
7.330279350280761719e-01
1.067436695098876953e+00
9.843195676803588867e-01
2.020303606986999512e-01
-1.086297512054443359e+00
-2.343654870986938477e+00
-2.845881700515747070e+00
-2.237954854965209961e+00
-6.819584965705871582e-01
1.058429002761840820e+00
2.155170679092407227e+00
2.067966222763061523e+00
9.840865135192871094e-01
-4.400523304939270020e-01
-1.356434345245361328e+00
-1.361298680305480957e+00
-5.562325119972229004e-01
4.495747387409210205e-01
1.112350225448608398e+00
1.156389951705932617e+00
8.382048606872558594e-01
5.547068715095520020e-01
6.686248779296875000e-01
1.096463680267333984e+00
1.526771783828735352e+00
1.498222827911376953e+00
8.800982236862182617e-01
-1.846027523279190063e-01
-1.197622060775756836e+00
-1.758034586906433105e+00
-1.615786075592041016e+00
-9.537682533264160156e-01
-9.424686431884765625e-02
5.118545889854431152e-01
6.748886108398437500e-01
3.479385077953338623e-01
-2.169024348258972168e-01
