3.450075387954711914e-01
3.405034840106964111e-01
-1.659638583660125732e-01
-4.739284515380859375e-01
-7.164359688758850098e-01
-1.142045021057128906e+00
-1.797906160354614258e+00
-2.451960802078247070e+00
-2.671802759170532227e+00
-2.211871862411499023e+00
-1.219996333122253418e+00
-2.418088912963867188e-01
1.923855543136596680e-01
-8.777612447738647461e-02
-7.094275951385498047e-01
-1.083448886871337891e+00
-8.124467730522155762e-01
-2.444793283939361572e-02
7.949285507202148438e-01
1.177589178085327148e+00
1.088324308395385742e+00
9.011902213096618652e-01
1.093170404434204102e+00
1.788208484649658203e+00
2.663902759552001953e+00
3.173403024673461914e+00
3.011261940002441406e+00
2.316507816314697266e+00
1.566414117813110352e+00
1.150804877281188965e+00
1.097458839416503906e+00
1.067629456520080566e+00
7.176352143287658691e-01
-8.624643087387084961e-04
-7.454075217247009277e-01
-1.071589946746826172e+00
-7.602328062057495117e-01
-9.783297777175903320e-03
7.309934496879577637e-01
1.048130989074707031e+00
8.286472558975219727e-01
2.432469427585601807e-01
-3.992291092872619629e-01
-8.567883968353271484e-01
-1.007884025573730469e+00
-8.484352827072143555e-01
-4.498074054718017578e-01
8.439451456069946289e-03
2.616162300109863281e-01
5.932956933975219727e-02
-6.222758293151855469e-01
-1.473114013671875000e+00
-1.955416798591613770e+00
-1.661268234252929688e+00
-6.450300216674804688e-01
5.252793431282043457e-01
1.128474473953247070e+00
8.027285933494567871e-01
-1.624099165201187134e-01
-1.035400867462158203e+00
-1.201764345169067383e+00
-6.502146124839782715e-01
2.595279365777969360e-02
1.290136277675628662e-01
-5.316330194473266602e-01
-1.432570695877075195e+00
-1.722310781478881836e+00
-9.232398271560668945e-01
6.205029487609863281e-01
1.936758995056152344e+00
2.124924898147583008e+00
1.047227501869201660e+00
-5.431891679763793945e-01
-1.531515121459960938e+00
-1.237095117568969727e+00
1.229043155908584595e-01
1.626698970794677734e+00
2.327692270278930664e+00
1.894083857536315918e+00
7.668882608413696289e-01
-2.342014759778976440e-01
-4.931206107139587402e-01
2.882025390863418579e-02
8.865932822227478027e-01
1.521658539772033691e+00
1.631511688232421875e+00
1.275332689285278320e+00
7.390881776809692383e-01
3.041220307350158691e-01
1.145920157432556152e-01
1.577726602554321289e-01
3.155044317245483398e-01
4.137525260448455811e-01
2.862105965614318848e-01
-1.433069258928298950e-01
-7.620933651924133301e-01
-1.276340723037719727e+00
-1.349061965942382812e+00
-8.536341190338134766e-01
-1.996709220111370087e-02
6.470996141433715820e-01
6.974638700485229492e-01
6.046771630644798279e-02
-8.664512634277343750e-01
-1.494208455085754395e+00
-1.459236145019531250e+00
-8.960069417953491211e-01
-3.058917820453643799e-01
-1.544471681118011475e-01
-4.944738149642944336e-01
-9.405369758605957031e-01
-1.009220719337463379e+00
-5.521570444107055664e-01
8.483391255140304565e-02
3.188852369785308838e-01
-1.891909241676330566e-01
-1.225132226943969727e+00
-2.117299079895019531e+00
-2.201646566390991211e+00
-1.292105197906494141e+00
1.801801025867462158e-01
1.454898238182067871e+00
1.931886553764343262e+00
1.515533447265625000e+00
6.087320446968078613e-01
-2.002107501029968262e-01
-4.975317716598510742e-01
-2.339786589145660400e-01
3.363128602504730225e-01
8.482099771499633789e-01
1.024414539337158203e+00
7.601306438446044922e-01
1.425307095050811768e-01
-5.974712967872619629e-01
-1.144608736038208008e+00
-1.226063013076782227e+00
-7.390890121459960938e-01
1.471227407455444336e-01
1.051258921623229980e+00
1.555739879608154297e+00
1.465666651725769043e+00
9.135992527008056641e-01
2.926403880119323730e-01
-1.321196556091308594e-02
1.413595825433731079e-01
5.714359879493713379e-01
9.276359081268310547e-01
9.211812019348144531e-01
5.310760736465454102e-01
-3.036969900131225586e-02
-4.460048079490661621e-01
-5.219423174858093262e-01
-2.644438743591308594e-01
1.203275471925735474e-01
3.769508004188537598e-01
3.006363213062286377e-01
-1.454692631959915161e-01
-8.503163456916809082e-01
-1.568001627922058105e+00
-2.049249172210693359e+00
-2.111886978149414062e+00
-1.759927272796630859e+00
-1.145640850067138672e+00
-5.231056213378906250e-01
-7.027956843376159668e-02
1.613197028636932373e-01
2.786660790443420410e-01
3.985946774482727051e-01
5.764219164848327637e-01
7.172233462333679199e-01
6.955224275588989258e-01
4.151611924171447754e-01
-6.388545036315917969e-02
-6.002795696258544922e-01
-9.962597489356994629e-01
-1.125235319137573242e+00
-9.074360728263854980e-01
-3.674935996532440186e-01
4.027941823005676270e-01
1.163838863372802734e+00
1.614518165588378906e+00
1.466844558715820312e+00
6.997281312942504883e-01
-3.857123851776123047e-01
-1.210641860961914062e+00
-1.306349396705627441e+00
-5.983215570449829102e-01
4.244111776351928711e-01
1.052350997924804688e+00
7.912130951881408691e-01
-1.954004615545272827e-01
-1.202855587005615234e+00
-1.404967784881591797e+00
-5.145413875579833984e-01
1.032124638557434082e+00
2.283235549926757812e+00
2.482740163803100586e+00
1.523661971092224121e+00
6.632357835769653320e-02
-1.001285791397094727e+00
-1.115706443786621094e+00
-4.406005144119262695e-01
3.913944959640502930e-01
7.174329161643981934e-01
3.709679245948791504e-01
-3.234974443912506104e-01
-7.941458821296691895e-01
-7.215533256530761719e-01
-1.716959923505783081e-01
4.521712064743041992e-01
7.940629124641418457e-01
7.114441394805908203e-01
3.658377230167388916e-01
-2.201783657073974609e-02
-2.815290689468383789e-01
-4.226662814617156982e-01
-4.877088069915771484e-01
