7.266413569450378418e-01
7.268474698066711426e-01
7.422938346862792969e-01
3.779798746109008789e-01
-3.073356747627258301e-01
-9.802820682525634766e-01
-1.346199274063110352e+00
-1.314888238906860352e+00
-1.115056157112121582e+00
-9.942526817321777344e-01
-1.030872583389282227e+00
-9.893537759780883789e-01
-6.271413564682006836e-01
8.740395307540893555e-02
7.951470613479614258e-01
1.082900285720825195e+00
7.832990288734436035e-01
2.454748153686523438e-01
8.873343467712402344e-03
4.112228751182556152e-01
1.174314975738525391e+00
1.654947638511657715e+00
1.296021938323974609e+00
2.128307819366455078e-01
-9.036744832992553711e-01
-1.224148988723754883e+00
-5.361338853836059570e-01
6.345904469490051270e-01
1.348479628562927246e+00
1.094376206398010254e+00
1.406145393848419189e-01
-5.992289185523986816e-01
-4.099391400814056396e-01
6.822217702865600586e-01
1.798448443412780762e+00
1.965588450431823730e+00
8.056445121765136719e-01
-1.073566436767578125e+00
-2.618604898452758789e+00
-3.037981510162353516e+00
-2.416961669921875000e+00
-1.464492678642272949e+00
-9.519225358963012695e-01
-1.025900006294250488e+00
-1.270961284637451172e+00
-1.098043441772460938e+00
-3.927284479141235352e-01
4.678605794906616211e-01
9.197653532028198242e-01
8.415234088897705078e-01
6.203477978706359863e-01
8.719019889831542969e-01
1.756180047988891602e+00
2.799804925918579102e+00
3.133683919906616211e+00
2.264955997467041016e+00
4.720239639282226562e-01
-1.242691278457641602e+00
-1.913056850433349609e+00
-1.217586040496826172e+00
2.455042600631713867e-01
1.487318277359008789e+00
1.759882926940917969e+00
1.072956204414367676e+00
-3.924958407878875732e-03
-7.895174622535705566e-01
-1.032053232192993164e+00
-9.258922934532165527e-01
-8.708310723304748535e-01
-1.039528846740722656e+00
-1.306923866271972656e+00
-1.364048600196838379e+00
-1.059765338897705078e+00
-4.770092666149139404e-01
1.177114099264144897e-01
5.328804254531860352e-01
7.160193920135498047e-01
7.457135915756225586e-01
6.541461944580078125e-01
4.174263775348663330e-01
-1.174110174179077148e-02
-5.570417046546936035e-01
-1.036618947982788086e+00
-1.250403285026550293e+00
-1.141574740409851074e+00
-7.941702008247375488e-01
-3.419647216796875000e-01
1.865684986114501953e-01
8.427505493164062500e-01
1.623707294464111328e+00
2.300583600997924805e+00
2.475434303283691406e+00
1.833039045333862305e+00
4.706230759620666504e-01
-1.027855157852172852e+00
-1.874808549880981445e+00
-1.579816818237304688e+00
-3.066417276859283447e-01
1.193519473075866699e+00
2.046261072158813477e+00
1.823760867118835449e+00
7.832905650138854980e-01
-3.428812026977539062e-01
-8.860211372375488281e-01
-6.568735241889953613e-01
-2.274309098720550537e-02
4.442256689071655273e-01
3.826954960823059082e-01
-1.054374575614929199e-01
-6.090279221534729004e-01
-7.212399244308471680e-01
-3.723677694797515869e-01
1.706118285655975342e-01
4.821289181709289551e-01
3.267332315444946289e-01
-2.227172851562500000e-01
-7.977143526077270508e-01
-1.023544311523437500e+00
-7.135332822799682617e-01
-2.543746680021286011e-02
6.835721135139465332e-01
1.017817974090576172e+00
8.167151212692260742e-01
1.815391033887863159e-01
-5.424388051033020020e-01
-1.028993368148803711e+00
-1.093284964561462402e+00
-8.220962285995483398e-01
-4.109886884689331055e-01
-6.209871172904968262e-02
2.154124975204467773e-01
5.054122209548950195e-01
9.180622100830078125e-01
1.366954326629638672e+00
1.640202760696411133e+00
1.470859766006469727e+00
8.131827116012573242e-01
-1.463817358016967773e-01
-1.011740088462829590e+00
-1.490089178085327148e+00
-1.489641666412353516e+00
-1.204320430755615234e+00
-8.614738583564758301e-01
-6.156163215637207031e-01
-3.969450592994689941e-01
-1.104100942611694336e-01
2.963790893554687500e-01
6.662209630012512207e-01
8.174663186073303223e-01
6.138575673103332520e-01
1.466717422008514404e-01
-4.099649786949157715e-01
-8.571807146072387695e-01
-1.161825776100158691e+00
-1.334691524505615234e+00
-1.400255441665649414e+00
-1.230623483657836914e+00
-6.995337009429931641e-01
2.524139285087585449e-01
1.414872169494628906e+00
2.456521272659301758e+00
3.027091026306152344e+00
3.040112495422363281e+00
2.615448951721191406e+00
2.026038885116577148e+00
1.427780389785766602e+00
8.721357583999633789e-01
2.937228679656982422e-01
-2.722505331039428711e-01
-7.411437034606933594e-01
-9.918290376663208008e-01
-1.078409552574157715e+00
-1.161193490028381348e+00
-1.433523297309875488e+00
-1.850213170051574707e+00
-2.160695552825927734e+00
-2.011768817901611328e+00
-1.309321761131286621e+00
-2.936303019523620605e-01
5.133371353149414062e-01
7.100350856781005859e-01
2.301520854234695435e-01
-5.775418281555175781e-01
-1.266110420227050781e+00
-1.539388656616210938e+00
-1.433376312255859375e+00
-1.120261907577514648e+00
-7.374216914176940918e-01
-2.392446845769882202e-01
4.250760674476623535e-01
1.157174587249755859e+00
1.614587783813476562e+00
1.468012571334838867e+00
6.635864377021789551e-01
-4.045910239219665527e-01
-1.146464586257934570e+00
-1.156633496284484863e+00
-5.584207177162170410e-01
1.103416457772254944e-01
2.827015221118927002e-01
-1.777839362621307373e-01
-8.946926593780517578e-01
-1.262107610702514648e+00
-9.394200444221496582e-01
-8.913314342498779297e-02
7.572205662727355957e-01
1.137984275817871094e+00
9.862715601921081543e-01
6.382282972335815430e-01
5.073801875114440918e-01
7.386271357536315918e-01
1.116690635681152344e+00
1.274700403213500977e+00
1.009485721588134766e+00
4.220561981201171875e-01
-1.934477388858795166e-01
-6.114645004272460938e-01
