-6.390923261642456055e-01
-6.411554813385009766e-01
-1.505111932754516602e+00
-2.236680984497070312e+00
-2.403229475021362305e+00
-1.812288045883178711e+00
-6.126733422279357910e-01
6.681127548217773438e-01
1.458410739898681641e+00
1.400806069374084473e+00
6.396318674087524414e-01
-3.149659633636474609e-01
-8.017240166664123535e-01
-4.592595696449279785e-01
6.377116441726684570e-01
1.942528843879699707e+00
2.816270589828491211e+00
2.799818515777587891e+00
1.937106728553771973e+00
6.535100340843200684e-01
-4.122421145439147949e-01
-8.453264236450195312e-01
-5.864521265029907227e-01
-1.098455488681793213e-02
4.094870090484619141e-01
3.221536278724670410e-01
-2.155896425247192383e-01
-8.796464204788208008e-01
-1.220030188560485840e+00
-1.033116102218627930e+00
-3.838495612144470215e-01
3.844633698463439941e-01
9.770989418029785156e-01
1.229915380477905273e+00
1.237024307250976562e+00
1.119316577911376953e+00
9.740464687347412109e-01
7.232418656349182129e-01
2.974241375923156738e-01
-3.427773714065551758e-01
-1.054996013641357422e+00
-1.683843374252319336e+00
-2.071116685867309570e+00
-2.203293800354003906e+00
-2.059200763702392578e+00
-1.633845567703247070e+00
-8.468290567398071289e-01
2.384664416313171387e-01
1.393269181251525879e+00
2.156703472137451172e+00
2.173420906066894531e+00
1.397264242172241211e+00
3.046646118164062500e-01
-4.199934303760528564e-01
-2.438444793224334717e-01
7.447624206542968750e-01
1.929393529891967773e+00
2.487160444259643555e+00
2.026570796966552734e+00
7.771250009536743164e-01
-5.159595608711242676e-01
-1.202645778656005859e+00
-1.092092275619506836e+00
-5.823240876197814941e-01
-2.067537307739257812e-01
-2.484812885522842407e-01
-4.772958755493164062e-01
-4.650837779045104980e-01
4.592407867312431335e-02
8.014633059501647949e-01
1.245741128921508789e+00
8.888273239135742188e-01
-2.394472956657409668e-01
-1.627493619918823242e+00
-2.562560558319091797e+00
-2.637940406799316406e+00
-1.909721374511718750e+00
-8.209824562072753906e-01
1.878926903009414673e-01
8.719211220741271973e-01
1.242891788482666016e+00
1.353204607963562012e+00
1.211127161979675293e+00
7.666953802108764648e-01
9.502130746841430664e-02
-5.713329315185546875e-01
-9.155988097190856934e-01
-7.999947667121887207e-01
-3.726249337196350098e-01
-1.186126470565795898e-02
-2.821201086044311523e-02
-4.519703388214111328e-01
-9.956885576248168945e-01
-1.295042157173156738e+00
-1.158217549324035645e+00
-6.842431426048278809e-01
-1.198136806488037109e-01
3.508076369762420654e-01
7.294183373451232910e-01
1.110978841781616211e+00
1.507984519004821777e+00
1.763820171356201172e+00
1.658409833908081055e+00
1.117510557174682617e+00
3.218280673027038574e-01
-3.844684064388275146e-01
-7.374506592750549316e-01
-7.119336128234863281e-01
-4.963016510009765625e-01
-2.685930132865905762e-01
-3.966695070266723633e-02
3.388828337192535400e-01
9.368573427200317383e-01
1.574061274528503418e+00
1.825557351112365723e+00
1.332656621932983398e+00
9.845638275146484375e-02
-1.384791135787963867e+00
-2.417609453201293945e+00
-2.489355325698852539e+00
-1.630120992660522461e+00
-3.429545462131500244e-01
6.916711330413818359e-01
1.057441473007202148e+00
7.468579411506652832e-01
1.065346077084541321e-01
-4.804343879222869873e-01
-7.670015096664428711e-01
-7.512695193290710449e-01
-5.413829088211059570e-01
-3.079634010791778564e-01
-1.703916788101196289e-01
-2.337365448474884033e-01
-4.849097132682800293e-01
-8.099905252456665039e-01
-9.441671371459960938e-01
-6.776289939880371094e-01
1.202762126922607422e-02
7.891764640808105469e-01
1.165152788162231445e+00
7.613201737403869629e-01
-3.095029592514038086e-01
-1.487038612365722656e+00
-2.016057968139648438e+00
-1.502736091613769531e+00
-1.322460770606994629e-01
1.372833371162414551e+00
2.286489009857177734e+00
2.265177011489868164e+00
1.568921446800231934e+00
7.266455888748168945e-01
1.859610527753829956e-01
-3.000217676162719727e-02
-1.579152643680572510e-01
-4.577640891075134277e-01
-8.735313415527343750e-01
-1.133623719215393066e+00
-9.366846084594726562e-01
-3.050510585308074951e-01
4.573870301246643066e-01
9.133442044258117676e-01
8.738911151885986328e-01
4.502110779285430908e-01
-4.620194435119628906e-03
-2.512557804584503174e-01
-2.663661241531372070e-01
-2.740518748760223389e-01
-4.489834606647491455e-01
-7.990226149559020996e-01
-1.078791260719299316e+00
-1.033707857131958008e+00
-5.289165973663330078e-01
2.920200824737548828e-01
1.159070611000061035e+00
1.761277675628662109e+00
1.937134265899658203e+00
1.634703636169433594e+00
9.536473751068115234e-01
5.160339921712875366e-02
-8.021530508995056152e-01
-1.337972283363342285e+00
-1.326481819152832031e+00
-7.684577703475952148e-01
1.165524423122406006e-01
9.276518821716308594e-01
1.344465851783752441e+00
1.252495169639587402e+00
8.252402544021606445e-01
3.268790841102600098e-01
-3.527882695198059082e-02
-2.662815451622009277e-01
-4.758278727531433105e-01
-7.692027688026428223e-01
-1.096984386444091797e+00
-1.324495077133178711e+00
-1.320474386215209961e+00
-1.098417997360229492e+00
-7.662867307662963867e-01
-4.485598206520080566e-01
-1.538268327713012695e-01
1.820767521858215332e-01
6.117116212844848633e-01
1.047796487808227539e+00
1.302492499351501465e+00
1.206053495407104492e+00
7.738292813301086426e-01
2.139603495597839355e-01
-1.928966641426086426e-01
-2.992295622825622559e-01
-1.790638267993927002e-01
-5.519905686378479004e-02
-1.028164029121398926e-01
-3.043119907379150391e-01
-4.637107849121093750e-01
-3.661997914314270020e-01
4.032370448112487793e-02
6.015366315841674805e-01
