4.450933337211608887e-01
4.476408064365386963e-01
-1.951239705085754395e-01
-6.538828611373901367e-01
-7.287549376487731934e-01
-4.555715918540954590e-01
-8.535471558570861816e-02
6.323032081127166748e-02
-1.507238149642944336e-01
-5.878594517707824707e-01
-8.903427720069885254e-01
-7.464202642440795898e-01
-1.054314672946929932e-01
7.493237257003784180e-01
1.383975386619567871e+00
1.488831639289855957e+00
1.079723715782165527e+00
4.657955169677734375e-01
3.398574888706207275e-02
-1.865096390247344971e-02
2.099700272083282471e-01
4.264562129974365234e-01
3.751227259635925293e-01
9.927779436111450195e-03
-4.921194016933441162e-01
-8.852853775024414062e-01
-1.033988833427429199e+00
-9.816046953201293945e-01
-8.765451908111572266e-01
-8.254550695419311523e-01
-8.213703632354736328e-01
-7.754172086715698242e-01
-6.388900279998779297e-01
-4.584828317165374756e-01
-3.357751667499542236e-01
-2.965041995048522949e-01
-2.252553701400756836e-01
7.780504226684570312e-02
7.102543115615844727e-01
1.526523828506469727e+00
2.149046897888183594e+00
2.195129394531250000e+00
1.535444498062133789e+00
4.307682514190673828e-01
-6.131604909896850586e-01
-1.140760183334350586e+00
-1.033784389495849609e+00
-5.273086428642272949e-01
-1.869589090347290039e-02
2.450005412101745605e-01
2.855208814144134521e-01
3.063239455223083496e-01
4.281178712844848633e-01
5.569908618927001953e-01
4.443211853504180908e-01
-2.800606191158294678e-02
-6.700032353401184082e-01
-1.020123720169067383e+00
-7.032340764999389648e-01
2.537424564361572266e-01
1.310362696647644043e+00
1.750435352325439453e+00
1.155322074890136719e+00
-2.245080769062042236e-01
-1.605464696884155273e+00
-2.129751682281494141e+00
-1.458019137382507324e+00
4.303996264934539795e-02
1.525314331054687500e+00
2.252612590789794922e+00
2.009294748306274414e+00
1.182361125946044922e+00
3.621585369110107422e-01
-6.147117912769317627e-02
-1.523670107126235962e-01
-2.277707755565643311e-01
-5.432044863700866699e-01
-1.011115074157714844e+00
-1.314264178276062012e+00
-1.153398990631103516e+00
-5.665187239646911621e-01
1.086348518729209900e-01
4.401139616966247559e-01
2.701587975025177002e-01
-2.151220440864562988e-01
-5.944771766662597656e-01
-5.686002969741821289e-01
-1.167475283145904541e-01
4.750007987022399902e-01
8.910486698150634766e-01
9.589233994483947754e-01
7.584301233291625977e-01
4.551301598548889160e-01
1.826562732458114624e-01
-8.739835023880004883e-02
-4.253936111927032471e-01
-8.805000185966491699e-01
-1.365663170814514160e+00
-1.750045537948608398e+00
-1.896967172622680664e+00
-1.760882139205932617e+00
-1.317652106285095215e+00
-5.934302806854248047e-01
3.616724014282226562e-01
1.340194463729858398e+00
2.010180473327636719e+00
1.989182949066162109e+00
1.145565032958984375e+00
-2.484265267848968506e-01
-1.509925127029418945e+00
-1.932726979255676270e+00
-1.194840192794799805e+00
3.316660821437835693e-01
1.798810958862304688e+00
2.345102071762084961e+00
1.703143835067749023e+00
3.403678238391876221e-01
-7.947049140930175781e-01
-9.380120038986206055e-01
3.432565927505493164e-02
1.496059417724609375e+00
2.536309719085693359e+00
2.506643533706665039e+00
1.437177062034606934e+00
-8.599798381328582764e-02
-1.293040990829467773e+00
-1.730693459510803223e+00
-1.410381436347961426e+00
-7.154054641723632812e-01
-5.256110429763793945e-02
3.328533172607421875e-01
4.361853599548339844e-01
3.332255780696868896e-01
1.083452850580215454e-01
-1.980114877223968506e-01
-4.905636906623840332e-01
-6.325266957283020020e-01
-4.857916533946990967e-01
-7.904799282550811768e-02
3.799272477626800537e-01
5.620802044868469238e-01
2.703443169593811035e-01
-4.336397051811218262e-01
-1.207325100898742676e+00
-1.674967765808105469e+00
-1.640531659126281738e+00
-1.233682155609130859e+00
-7.654823064804077148e-01
-5.130661725997924805e-01
-5.007495880126953125e-01
-5.386877059936523438e-01
-3.840610682964324951e-01
2.167135477066040039e-02
5.095498561859130859e-01
7.938901185989379883e-01
7.038665413856506348e-01
2.915921211242675781e-01
-2.024362981319427490e-01
-5.504584312438964844e-01
-6.612859964370727539e-01
-6.048658490180969238e-01
-4.613355398178100586e-01
-2.171281576156616211e-01
2.404326200485229492e-01
9.521527886390686035e-01
1.748298883438110352e+00
2.249790430068969727e+00
2.101540803909301758e+00
1.256470680236816406e+00
1.155919283628463745e-01
-6.691136360168457031e-01
-5.970969796180725098e-01
2.993072867393493652e-01
1.422659277915954590e+00
1.963317871093750000e+00
1.442267298698425293e+00
6.275761127471923828e-02
-1.392127752304077148e+00
-2.060677289962768555e+00
-1.580585360527038574e+00
-3.364045619964599609e-01
7.874595522880554199e-01
1.009447813034057617e+00
1.653357446193695068e-01
-1.183333873748779297e+00
-2.140364885330200195e+00
-2.070471048355102539e+00
-1.008966803550720215e+00
3.903434276580810547e-01
1.294479131698608398e+00
1.228313922882080078e+00
3.291429877281188965e-01
-7.938575744628906250e-01
-1.483555436134338379e+00
-1.420320391654968262e+00
-7.590850591659545898e-01
5.087140202522277832e-02
5.680820941925048828e-01
6.136497855186462402e-01
2.979849874973297119e-01
-9.021475166082382202e-02
-2.802267670631408691e-01
-1.293188929557800293e-01
3.305901885032653809e-01
9.389003515243530273e-01
1.449915885925292969e+00
1.629246234893798828e+00
1.327683806419372559e+00
5.888624191284179688e-01
-3.433808386325836182e-01
-1.094764947891235352e+00
-1.355288267135620117e+00
-1.038797855377197266e+00
-3.634960651397705078e-01
2.840679883956909180e-01
5.526408553123474121e-01
3.473784923553466797e-01
