4.040731787681579590e-01
4.082420170307159424e-01
-3.341448679566383362e-02
-5.162086486816406250e-01
-6.612536907196044922e-01
-4.662453234195709229e-01
-1.036564335227012634e-01
5.813544988632202148e-02
-4.958289861679077148e-02
-3.062284290790557861e-01
-3.219495415687561035e-01
7.140076160430908203e-02
8.405936956405639648e-01
1.572032928466796875e+00
1.907145500183105469e+00
1.591409444808959961e+00
7.810616493225097656e-01
-2.319174408912658691e-01
-1.012483954429626465e+00
-1.338421702384948730e+00
-1.098858952522277832e+00
-4.708812832832336426e-01
3.030930161476135254e-01
8.328483104705810547e-01
8.744028806686401367e-01
3.189277648925781250e-01
-5.694884061813354492e-01
-1.380723476409912109e+00
-1.645281553268432617e+00
-1.249266862869262695e+00
-4.132279753684997559e-01
3.189176917076110840e-01
5.476384162902832031e-01
1.880481541156768799e-01
-3.801732659339904785e-01
-6.846514344215393066e-01
-4.212207794189453125e-01
2.458564937114715576e-01
8.961457014083862305e-01
1.090424776077270508e+00
7.459666132926940918e-01
8.547678589820861816e-02
-5.082174539566040039e-01
-8.413976430892944336e-01
-9.418550133705139160e-01
-9.895322918891906738e-01
-1.037467360496520996e+00
-9.773027896881103516e-01
-6.220339536666870117e-01
1.983702182769775391e-02
6.815363168716430664e-01
9.560061693191528320e-01
6.362911462783813477e-01
-9.935553371906280518e-02
-7.526681423187255859e-01
-8.677430152893066406e-01
-3.726498782634735107e-01
3.391640484333038330e-01
6.827271580696105957e-01
3.113053143024444580e-01
-6.329514980316162109e-01
-1.614418506622314453e+00
-2.092679977416992188e+00
-1.864681839942932129e+00
-1.160907149314880371e+00
-3.811242580413818359e-01
2.105557024478912354e-01
6.743481159210205078e-01
1.216665744781494141e+00
1.941818594932556152e+00
2.623297452926635742e+00
2.863850116729736328e+00
2.362244606018066406e+00
1.247126221656799316e+00
1.253318786621093750e-02
-7.211193442344665527e-01
-6.678032875061035156e-01
3.694489598274230957e-03
7.368284463882446289e-01
1.035911917686462402e+00
7.173505425453186035e-01
6.005406379699707031e-02
-4.955362677574157715e-01
-5.818033814430236816e-01
-1.913614124059677124e-01
4.497565627098083496e-01
9.811468124389648438e-01
1.199692487716674805e+00
1.028940439224243164e+00
5.672674179077148438e-01
-9.557688236236572266e-02
-7.991067767143249512e-01
-1.399912953376770020e+00
-1.675737977027893066e+00
-1.514011740684509277e+00
-9.208492636680603027e-01
-1.668796837329864502e-01
4.321681857109069824e-01
6.092481613159179688e-01
4.114981293678283691e-01
5.661711096763610840e-02
-1.577661335468292236e-01
-1.893891096115112305e-01
-1.876705288887023926e-01
-4.247645735740661621e-01
-9.084261655807495117e-01
-1.373145222663879395e+00
-1.329095005989074707e+00
-5.364158749580383301e-01
8.207701444625854492e-01
2.064375877380371094e+00
2.512219190597534180e+00
1.849498629570007324e+00
4.512933194637298584e-01
-9.306098222732543945e-01
-1.566301345825195312e+00
-1.280914545059204102e+00
-4.253533482551574707e-01
3.602533340454101562e-01
6.901887655258178711e-01
5.732060074806213379e-01
3.686114251613616943e-01
3.457346558570861816e-01
5.206011533737182617e-01
6.253885030746459961e-01
4.769357144832611084e-01
1.407520473003387451e-01
-3.325045108795166016e-02
2.200534343719482422e-01
8.524385094642639160e-01
1.419629454612731934e+00
1.459208965301513672e+00
8.293906450271606445e-01
-9.287104010581970215e-02
-7.178320884704589844e-01
-6.645500659942626953e-01
-1.037101671099662781e-01
4.015402793884277344e-01
3.283358812332153320e-01
-3.430752158164978027e-01
-1.111852526664733887e+00
-1.333891153335571289e+00
-7.698292136192321777e-01
2.004530727863311768e-01
8.288919925689697266e-01
5.741776823997497559e-01
-4.769365191459655762e-01
-1.654726028442382812e+00
-2.180716991424560547e+00
-1.725074768066406250e+00
-5.924289822578430176e-01
5.233202576637268066e-01
1.071834325790405273e+00
9.671827554702758789e-01
5.810512304306030273e-01
3.523720502853393555e-01
4.860683977603912354e-01
8.161079883575439453e-01
1.063920736312866211e+00
1.045758843421936035e+00
8.440269231796264648e-01
6.159992218017578125e-01
4.701100587844848633e-01
3.032641708850860596e-01
-6.062239408493041992e-03
-5.067836642265319824e-01
-1.005791902542114258e+00
-1.269341230392456055e+00
-1.106319904327392578e+00
-5.846467018127441406e-01
1.362745761871337891e-01
8.281828761100769043e-01
1.395023822784423828e+00
1.695666790008544922e+00
1.590251564979553223e+00
8.286522626876831055e-01
-6.114553213119506836e-01
-2.450768947601318359e+00
-3.937631607055664062e+00
-4.317994594573974609e+00
-3.171996593475341797e+00
-9.219338297843933105e-01
1.440822601318359375e+00
2.728673458099365234e+00
2.402785539627075195e+00
7.277747392654418945e-01
-1.255439162254333496e+00
-2.543556213378906250e+00
-2.587293148040771484e+00
-1.702532768249511719e+00
-5.803160071372985840e-01
4.157701134681701660e-02
-6.259520072489976883e-03
-5.050385594367980957e-01
-9.244177341461181641e-01
-1.007817625999450684e+00
-7.204015254974365234e-01
-3.794740438461303711e-01
-1.785887181758880615e-01
-2.157292664051055908e-01
-2.369077652692794800e-01
-2.388539910316467285e-02
6.381943821907043457e-01
1.578964710235595703e+00
2.502776145935058594e+00
2.894803047180175781e+00
2.510704994201660156e+00
1.322232961654663086e+00
-1.756606251001358032e-01
-1.385737299919128418e+00
-1.680220127105712891e+00
-9.889979362487792969e-01
3.384230434894561768e-01
1.464906930923461914e+00
1.760439038276672363e+00
9.448822736740112305e-01
-5.257989168167114258e-01
