1.783645033836364746e+00
1.810688376426696777e+00
3.538002073764801025e-01
-1.191894650459289551e+00
-2.335992813110351562e+00
-2.818368911743164062e+00
-2.658959388732910156e+00
-2.126386165618896484e+00
-1.539913415908813477e+00
-1.155433416366577148e+00
-1.045650243759155273e+00
-1.104403495788574219e+00
-1.088791489601135254e+00
-7.566587328910827637e-01
-3.054320812225341797e-03
1.036696672439575195e+00
2.025664091110229492e+00
2.586519241333007812e+00
2.544959783554077148e+00
2.046883106231689453e+00
1.485763907432556152e+00
1.224900722503662109e+00
1.341841697692871094e+00
1.547471523284912109e+00
1.392523050308227539e+00
6.244555711746215820e-01
-5.805665254592895508e-01
-1.674924254417419434e+00
-2.089324474334716797e+00
-1.612249493598937988e+00
-5.488551855087280273e-01
4.915484786033630371e-01
9.936534166336059570e-01
8.733779788017272949e-01
4.720033705234527588e-01
2.758341431617736816e-01
5.257963538169860840e-01
1.069362998008728027e+00
1.487233638763427734e+00
1.448516607284545898e+00
9.419857263565063477e-01
2.822694182395935059e-01
-1.724032461643218994e-01
-2.756544947624206543e-01
-2.106094956398010254e-01
-2.827735543251037598e-01
-6.700353622436523438e-01
-1.227545022964477539e+00
-1.615299940109252930e+00
-1.540806531906127930e+00
-1.022124171257019043e+00
-3.622612953186035156e-01
5.627457424998283386e-02
8.735422044992446899e-02
-9.406399726867675781e-02
-1.148404031991958618e-01
2.529266476631164551e-01
9.154005646705627441e-01
1.466279506683349609e+00
1.510682940483093262e+00
9.343639016151428223e-01
3.173206746578216553e-02
-7.258694171905517578e-01
-9.921551346778869629e-01
-8.008292913436889648e-01
-4.504507184028625488e-01
-2.717738449573516846e-01
-3.046496808528900146e-01
-3.301279246807098389e-01
-5.073790997266769409e-02
5.554332733154296875e-01
1.181218504905700684e+00
1.356266975402832031e+00
8.710385560989379883e-01
-3.839892148971557617e-02
-7.569940686225891113e-01
-7.540053129196166992e-01
5.664730817079544067e-02
1.181239128112792969e+00
1.908569812774658203e+00
1.756515026092529297e+00
8.357048034667968750e-01
-2.959756255149841309e-01
-1.006771802902221680e+00
-1.052440643310546875e+00
-6.273607611656188965e-01
-1.695442199707031250e-01
6.852421164512634277e-02
1.318206787109375000e-01
2.636834383010864258e-01
5.509087443351745605e-01
7.967810034751892090e-01
6.287379264831542969e-01
-1.008451506495475769e-01
-1.130147933959960938e+00
-1.852542281150817871e+00
-1.788240194320678711e+00
-9.366902112960815430e-01
1.354442387819290161e-01
7.092979550361633301e-01
4.022180438041687012e-01
-5.248829722404479980e-01
-1.408904671669006348e+00
-1.652405023574829102e+00
-1.183658003807067871e+00
-4.241612255573272705e-01
6.561303138732910156e-02
7.858287543058395386e-02
-1.332790702581405640e-01
-8.992499858140945435e-02
4.220058023929595947e-01
1.154185771942138672e+00
1.533550024032592773e+00
1.158441305160522461e+00
1.092000901699066162e-01
-1.047857165336608887e+00
-1.701777458190917969e+00
-1.616945385932922363e+00
-1.099153280258178711e+00
-6.881796717643737793e-01
-7.278662323951721191e-01
-1.068138837814331055e+00
-1.210355281829833984e+00
-6.992368102073669434e-01
4.864009618759155273e-01
1.918600678443908691e+00
2.983200311660766602e+00
3.302720546722412109e+00
2.902610301971435547e+00
2.116071701049804688e+00
1.277944684028625488e+00
5.290031433105468750e-01
-1.774019300937652588e-01
-8.753938674926757812e-01
-1.446490406990051270e+00
-1.644385457038879395e+00
-1.310731172561645508e+00
-5.639154314994812012e-01
1.894266605377197266e-01
4.933529794216156006e-01
1.394262909889221191e-01
-6.620383858680725098e-01
-1.380787849426269531e+00
-1.491813659667968750e+00
-7.922624945640563965e-01
4.409145414829254150e-01
1.594521403312683105e+00
2.044988393783569336e+00
1.496553301811218262e+00
1.262423992156982422e-01
-1.501644372940063477e+00
-2.732965946197509766e+00
-3.138802289962768555e+00
-2.707230806350708008e+00
-1.778995037078857422e+00
-8.405683636665344238e-01
-2.258361726999282837e-01
1.014679670333862305e-02
6.792452931404113770e-02
1.868208050727844238e-01
4.854624867439270020e-01
8.716249465942382812e-01
1.188421130180358887e+00
1.328190684318542480e+00
1.343624591827392578e+00
1.335639476776123047e+00
1.348298072814941406e+00
1.261252641677856445e+00
9.207611680030822754e-01
2.804391980171203613e-01
-4.481818079948425293e-01
-9.226632118225097656e-01
-8.821961879730224609e-01
-4.202224314212799072e-01
6.525678932666778564e-02
9.164407849311828613e-02
-5.020194053649902344e-01
-1.431537270545959473e+00
-2.091067314147949219e+00
-2.007821321487426758e+00
-1.134139418601989746e+00
5.943542718887329102e-02
9.614126682281494141e-01
1.189296722412109375e+00
8.725049495697021484e-01
4.566347002983093262e-01
3.852776288986206055e-01
7.138945460319519043e-01
1.144808888435363770e+00
1.240928053855895996e+00
8.402277231216430664e-01
1.463427543640136719e-01
-3.660318255424499512e-01
-3.526853322982788086e-01
2.032879590988159180e-01
9.348009228706359863e-01
1.400143027305603027e+00
1.328415274620056152e+00
8.146346807479858398e-01
1.824238151311874390e-01
-2.091075330972671509e-01
-2.301195263862609863e-01
1.671475172042846680e-02
2.400496900081634521e-01
2.090630233287811279e-01
-1.554194688796997070e-01
-6.954948306083679199e-01
-1.146520137786865234e+00
-1.229295849800109863e+00
-8.645438551902770996e-01
-1.761837005615234375e-01
4.950480163097381592e-01
8.193116188049316406e-01
6.087206006050109863e-01
-9.156703948974609375e-03
-7.051491737365722656e-01
-1.094807624816894531e+00
