-8.803400397300720215e-01
-8.655806183815002441e-01
5.580335855484008789e-01
1.946550011634826660e+00
2.550203800201416016e+00
1.987367987632751465e+00
6.172125935554504395e-01
-7.554851174354553223e-01
-1.360409975051879883e+00
-1.060913562774658203e+00
-3.307101130485534668e-01
8.834473043680191040e-02
-1.446283012628555298e-01
-7.816848754882812500e-01
-1.147280931472778320e+00
-7.736343145370483398e-01
2.785930931568145752e-01
1.397485017776489258e+00
1.954600572586059570e+00
1.691684961318969727e+00
9.035737514495849609e-01
6.546407938003540039e-02
-5.015381574630737305e-01
-8.565413355827331543e-01
-1.170444011688232422e+00
-1.478414773941040039e+00
-1.513300657272338867e+00
-1.017412066459655762e+00
-3.573336079716682434e-02
9.015257954597473145e-01
1.151659369468688965e+00
4.064140021800994873e-01
-9.508886933326721191e-01
-2.121756553649902344e+00
-2.408965110778808594e+00
-1.774450778961181641e+00
-7.862045168876647949e-01
-1.822683811187744141e-01
-2.291595935821533203e-01
-5.812673568725585938e-01
-5.728636384010314941e-01
1.371426582336425781e-01
1.287954568862915039e+00
2.174721002578735352e+00
2.260382175445556641e+00
1.581448316574096680e+00
7.431267499923706055e-01
3.906658887863159180e-01
7.244832515716552734e-01
1.338518023490905762e+00
1.608777999877929688e+00
1.186333417892456055e+00
2.777456641197204590e-01
-5.767477154731750488e-01
-9.376122951507568359e-01
-7.989159822463989258e-01
-5.111423730850219727e-01
-4.397462904453277588e-01
-6.460252404212951660e-01
-8.899442553520202637e-01
-8.858483433723449707e-01
-5.906597375869750977e-01
-2.329024076461791992e-01
-9.533603489398956299e-02
-2.571248114109039307e-01
-5.298565030097961426e-01
-6.494855880737304688e-01
-5.148146152496337891e-01
-2.765451371669769287e-01
-1.718167215585708618e-01
-3.105836212635040283e-01
-5.587397813796997070e-01
-6.852895617485046387e-01
-5.521016120910644531e-01
-2.409530133008956909e-01
6.348673999309539795e-02
2.314900159835815430e-01
3.002025783061981201e-01
3.531670570373535156e-01
3.958210945129394531e-01
2.780281305313110352e-01
-1.039515882730484009e-01
-6.432710886001586914e-01
-9.429793357849121094e-01
-6.108568310737609863e-01
4.289415478706359863e-01
1.718590974807739258e+00
2.537845373153686523e+00
2.342441797256469727e+00
1.222490429878234863e+00
-1.789492666721343994e-01
-1.048131465911865234e+00
-1.006042361259460449e+00
-2.783105969429016113e-01
4.903097152709960938e-01
8.008933067321777344e-01
5.928488969802856445e-01
2.485092729330062866e-01
1.307162940502166748e-01
3.006969094276428223e-01
4.196904301643371582e-01
1.547268629074096680e-01
-5.299271345138549805e-01
-1.212321281433105469e+00
-1.390846848487854004e+00
-8.416406512260437012e-01
9.406489133834838867e-02
7.982097864151000977e-01
7.559794783592224121e-01
1.299394853413105011e-02
-9.280080795288085938e-01
-1.394307255744934082e+00
-1.089584946632385254e+00
-2.083268910646438599e-01
6.540052294731140137e-01
9.958732128143310547e-01
6.520984768867492676e-01
-6.016763299703598022e-02
-6.660811305046081543e-01
-7.684791088104248047e-01
-3.524608612060546875e-01
3.295095860958099365e-01
8.585892915725708008e-01
9.888818860054016113e-01
6.919984221458435059e-01
2.346678972244262695e-01
-7.768121361732482910e-02
-8.686171844601631165e-03
3.734347820281982422e-01
8.183363080024719238e-01
9.684728980064392090e-01
6.775920391082763672e-01
3.545088320970535278e-02
-6.101506352424621582e-01
-9.733456373214721680e-01
-9.546315073966979980e-01
-7.633944749832153320e-01
-6.543583273887634277e-01
-7.683378458023071289e-01
-9.212285876274108887e-01
-8.293529152870178223e-01
-2.929288148880004883e-01
5.226533412933349609e-01
1.240004062652587891e+00
1.471211552619934082e+00
1.185909628868103027e+00
6.707419753074645996e-01
3.624181747436523438e-01
4.405937194824218750e-01
7.589454650878906250e-01
9.243358373641967773e-01
6.891736388206481934e-01
8.834473043680191040e-02
-5.547145009040832520e-01
-9.715095162391662598e-01
-1.098059296607971191e+00
-1.124117851257324219e+00
-1.195867061614990234e+00
-1.285129785537719727e+00
-1.163523316383361816e+00
-7.097944617271423340e-01
-6.871256977319717407e-02
3.544382154941558838e-01
2.801467180252075195e-01
-1.734409630298614502e-01
-4.422886073589324951e-01
2.888328768312931061e-02
1.323899745941162109e+00
2.821452379226684570e+00
3.593744993209838867e+00
3.033169031143188477e+00
1.373686313629150391e+00
-4.524577856063842773e-01
-1.428345680236816406e+00
-1.192053556442260742e+00
-2.476618438959121704e-01
4.343792200088500977e-01
1.788786500692367554e-01
-9.191806316375732422e-01
-2.093579292297363281e+00
-2.540599584579467773e+00
-2.006082057952880859e+00
-9.314683675765991211e-01
-4.378395900130271912e-02
2.266879081726074219e-01
3.502716496586799622e-02
-8.523748070001602173e-02
2.691301107406616211e-01
1.017694592475891113e+00
1.654186129570007324e+00
1.671417236328125000e+00
9.707327485084533691e-01
-4.886854812502861023e-02
-8.031531572341918945e-01
-9.298441410064697266e-01
-5.376952290534973145e-01
-5.338818207383155823e-02
9.914948046207427979e-02
-1.882003992795944214e-01
-7.000489830970764160e-01
-1.070517778396606445e+00
-1.073978066444396973e+00
-7.141728401184082031e-01
-2.009824961423873901e-01
2.458257377147674561e-01
4.785869121551513672e-01
4.998432993888854980e-01
3.639717996120452881e-01
1.717461049556732178e-01
-9.604223072528839111e-03
-1.056464537978172302e-01
-9.611284732818603516e-02
2.612913586199283600e-02
1.925081759691238403e-01
3.462463617324829102e-01
4.123460054397583008e-01
3.927138447761535645e-01
