-3.500841259956359863e-01
-3.852411806583404541e-01
-4.987381398677825928e-02
4.607385396957397461e-01
9.900482892990112305e-01
1.108372569084167480e+00
6.447814106941223145e-01
-4.030627608299255371e-01
-1.519264459609985352e+00
-2.185608148574829102e+00
-1.946901440620422363e+00
-9.730513691902160645e-01
2.640007138252258301e-01
1.045604348182678223e+00
1.109929084777832031e+00
5.784859657287597656e-01
7.389708608388900757e-02
3.729061037302017212e-02
6.362143754959106445e-01
1.446190476417541504e+00
1.981006741523742676e+00
1.827066898345947266e+00
1.110778093338012695e+00
1.668142676353454590e-01
-5.101012587547302246e-01
-7.609057426452636719e-01
-5.961887836456298828e-01
-2.895705699920654297e-01
1.266878843307495117e-02
1.549042761325836182e-01
1.507031321525573730e-01
-6.781153380870819092e-02
-4.290738701820373535e-01
-8.470638990402221680e-01
-1.025206327438354492e+00
-7.721745371818542480e-01
-2.551710605621337891e-02
8.675312995910644531e-01
1.443871498107910156e+00
1.276437163352966309e+00
4.115247726440429688e-01
-7.557795643806457520e-01
-1.619285464286804199e+00
-1.886302828788757324e+00
-1.645106434822082520e+00
-1.346462368965148926e+00
-1.308200836181640625e+00
-1.532250404357910156e+00
-1.619402408599853516e+00
-1.208813309669494629e+00
-2.445190101861953735e-01
8.299471139907836914e-01
1.438962697982788086e+00
1.234283566474914551e+00
4.369057714939117432e-01
-3.589898049831390381e-01
-5.546724200248718262e-01
-2.563774585723876953e-02
8.434785604476928711e-01
1.398733258247375488e+00
1.219902276992797852e+00
3.669800758361816406e-01
-6.566853523254394531e-01
-1.287219285964965820e+00
-1.240963339805603027e+00
-6.728004813194274902e-01
1.005597412586212158e-03
3.911216855049133301e-01
3.724094927310943604e-01
9.887326508760452271e-02
-1.568102985620498657e-01
-1.993690133094787598e-01
-2.641841769218444824e-02
2.184350490570068359e-01
3.554525971412658691e-01
3.088872432708740234e-01
1.336831152439117432e-01
-6.461143493652343750e-03
2.722370624542236328e-02
2.820488214492797852e-01
6.338847875595092773e-01
8.869109153747558594e-01
8.553978800773620605e-01
5.416572690010070801e-01
1.137546300888061523e-01
-1.367889493703842163e-01
-3.428240120410919189e-02
3.999850451946258545e-01
8.998571634292602539e-01
1.187656879425048828e+00
1.119337439537048340e+00
8.397430181503295898e-01
6.057575345039367676e-01
6.329598426818847656e-01
8.571485280990600586e-01
1.041517615318298340e+00
9.131310582160949707e-01
4.544682502746582031e-01
-1.334645748138427734e-01
-5.310683250427246094e-01
-6.290405988693237305e-01
-5.557236075401306152e-01
-6.185938715934753418e-01
-9.523496031761169434e-01
-1.417639970779418945e+00
-1.609195232391357422e+00
-1.235721349716186523e+00
-3.234960734844207764e-01
6.838272213935852051e-01
1.269721031188964844e+00
1.133705496788024902e+00
4.425735771656036377e-01
-3.905667662620544434e-01
-9.718325138092041016e-01
-1.250154376029968262e+00
-1.407299041748046875e+00
-1.643709421157836914e+00
-1.848545312881469727e+00
-1.676138877868652344e+00
-7.954409718513488770e-01
6.855362653732299805e-01
2.179678916931152344e+00
2.871004819869995117e+00
2.294298648834228516e+00
6.523323655128479004e-01
-1.212909936904907227e+00
-2.357268571853637695e+00
-2.270302295684814453e+00
-1.181168556213378906e+00
1.861632764339447021e-01
1.097838640213012695e+00
1.284737825393676758e+00
9.970116615295410156e-01
7.194205522537231445e-01
7.412445545196533203e-01
9.619114398956298828e-01
1.015517354011535645e+00
6.272552013397216797e-01
-1.158759444952011108e-01
-7.843167781829833984e-01
-8.940839767456054688e-01
-2.656785845756530762e-01
8.367494940757751465e-01
1.835638761520385742e+00
2.205502510070800781e+00
1.750250577926635742e+00
7.224410176277160645e-01
-3.828275501728057861e-01
-1.072873950004577637e+00
-1.138029694557189941e+00
-6.626769304275512695e-01
1.837849617004394531e-02
5.714826583862304688e-01
7.559463977813720703e-01
5.791435837745666504e-01
1.934415698051452637e-01
-1.099449396133422852e-01
-1.245781183242797852e-01
2.506530880928039551e-01
8.510628938674926758e-01
1.405967116355895996e+00
1.573677062988281250e+00
1.233631372451782227e+00
4.558441638946533203e-01
-4.267267286777496338e-01
-1.136514902114868164e+00
-1.503512620925903320e+00
-1.670080065727233887e+00
-1.808106660842895508e+00
-2.055905580520629883e+00
-2.213247776031494141e+00
-1.996512413024902344e+00
-1.140860319137573242e+00
1.434246748685836792e-01
1.318385362625122070e+00
1.616715192794799805e+00
7.029318213462829590e-01
-1.199528455734252930e+00
-3.169378280639648438e+00
-4.261198043823242188e+00
-3.871173858642578125e+00
-2.283745288848876953e+00
-2.849537730216979980e-01
1.136787652969360352e+00
1.579082727432250977e+00
1.187226057052612305e+00
6.472603678703308105e-01
4.429830312728881836e-01
7.354828119277954102e-01
1.109365105628967285e+00
1.170058846473693848e+00
6.680956482887268066e-01
-8.721727132797241211e-02
-6.958039402961730957e-01
-7.359028458595275879e-01
-2.919670045375823975e-01
3.788818717002868652e-01
8.129518032073974609e-01
8.941308259963989258e-01
6.211145520210266113e-01
2.733317017555236816e-01
-8.229053020477294922e-02
-3.504877090454101562e-01
-6.347802877426147461e-01
-7.894577980041503906e-01
-7.145426273345947266e-01
-1.693449318408966064e-01
7.272769808769226074e-01
1.755650639533996582e+00
2.399947643280029297e+00
2.428490161895751953e+00
1.753405094146728516e+00
7.496957182884216309e-01
-2.751729786396026611e-01
-9.751963615417480469e-01
-1.407287120819091797e+00
-1.620221495628356934e+00
