2.453103661537170410e-01
1.289964318275451660e-01
-5.180744528770446777e-01
-8.778723478317260742e-01
-7.103226780891418457e-01
-6.249387562274932861e-02
6.907164454460144043e-01
1.194604754447937012e+00
1.232929229736328125e+00
8.979165554046630859e-01
4.044006764888763428e-01
4.676321148872375488e-02
-1.131755113601684570e-02
2.808738350868225098e-01
7.252284288406372070e-01
9.853558540344238281e-01
6.544162034988403320e-01
-3.945252299308776855e-01
-1.862645149230957031e+00
-2.992202281951904297e+00
-3.044356346130371094e+00
-1.782013297080993652e+00
1.726318299770355225e-01
1.688159584999084473e+00
1.819695830345153809e+00
5.778433084487915039e-01
-1.050091743469238281e+00
-1.740507483482360840e+00
-8.904872536659240723e-01
8.965787887573242188e-01
2.181556940078735352e+00
1.836178898811340332e+00
-5.124664679169654846e-02
-2.122524261474609375e+00
-2.790425300598144531e+00
-1.458301424980163574e+00
9.283316731452941895e-01
2.596263408660888672e+00
2.298251867294311523e+00
3.405220210552215576e-01
-1.639894127845764160e+00
-1.921154022216796875e+00
-8.323860168457031250e-02
2.633714437484741211e+00
4.228497028350830078e+00
3.468459844589233398e+00
8.033602237701416016e-01
-1.964989423751831055e+00
-3.040332078933715820e+00
-1.904727578163146973e+00
4.070465564727783203e-01
2.198840379714965820e+00
2.401257991790771484e+00
1.266115307807922363e+00
-1.660701632499694824e-02
-3.725225329399108887e-01
3.059118688106536865e-01
1.153470396995544434e+00
1.114692687988281250e+00
-1.861874908208847046e-01
-2.148108482360839844e+00
-3.675461769104003906e+00
-3.972188472747802734e+00
-3.059232711791992188e+00
-1.629897713661193848e+00
-4.891013205051422119e-01
1.962184906005859375e-03
3.090626001358032227e-02
5.773729085922241211e-02
3.887613117694854736e-01
9.903790354728698730e-01
1.569168210029602051e+00
1.840086936950683594e+00
1.690527439117431641e+00
1.216333508491516113e+00
6.031771898269653320e-01
3.981735557317733765e-02
-3.565582633018493652e-01
-5.349590182304382324e-01
-5.292886495590209961e-01
-4.259772300720214844e-01
-3.291320800781250000e-01
-2.723845243453979492e-01
-2.095173001289367676e-01
-6.918528676033020020e-02
1.047745943069458008e-01
1.234360337257385254e-01
-2.519173622131347656e-01
-1.055663108825683594e+00
-1.980214834213256836e+00
-2.460318088531494141e+00
-2.042595863342285156e+00
-7.363669276237487793e-01
8.933991193771362305e-01
2.055675983428955078e+00
2.234698772430419922e+00
1.539472103118896484e+00
5.938727855682373047e-01
8.240988850593566895e-02
2.679331302642822266e-01
8.628478050231933594e-01
1.305730819702148438e+00
1.215468406677246094e+00
6.391188502311706543e-01
-5.495329201221466064e-02
-5.063138604164123535e-01
-6.186702251434326172e-01
-5.386235117912292480e-01
-4.393721520900726318e-01
-3.382870256900787354e-01
-1.376924961805343628e-01
1.933885961771011353e-01
4.797125458717346191e-01
4.469597041606903076e-01
-3.782173991203308105e-02
-7.746593952178955078e-01
-1.339721202850341797e+00
-1.370263576507568359e+00
-8.524804115295410156e-01
-9.812419116497039795e-02
5.036209225654602051e-01
8.060938715934753418e-01
9.332591295242309570e-01
1.092485904693603516e+00
1.264466524124145508e+00
1.194997549057006836e+00
6.042942404747009277e-01
-4.377637505531311035e-01
-1.476070165634155273e+00
-1.917601704597473145e+00
-1.535431146621704102e+00
-6.539616584777832031e-01
1.228624582290649414e-02
-6.587842106819152832e-02
-8.726000189781188965e-01
-1.804059743881225586e+00
-2.195028305053710938e+00
-1.754937648773193359e+00
-8.168656826019287109e-01
3.692480921745300293e-02
3.874348402023315430e-01
3.361405730247497559e-01
2.791986167430877686e-01
5.810704231262207031e-01
1.176997303962707520e+00
1.710891842842102051e+00
1.781441807746887207e+00
1.357868909835815430e+00
7.083237171173095703e-01
2.451592683792114258e-01
1.165614426136016846e-01
2.344177067279815674e-01
3.431442677974700928e-01
3.756985664367675781e-01
4.023699462413787842e-01
5.863244533538818359e-01
8.539497852325439453e-01
9.891824126243591309e-01
7.129337787628173828e-01
6.269502639770507812e-02
-6.749641895294189453e-01
-1.050559520721435547e+00
-9.108955860137939453e-01
-4.131023585796356201e-01
3.143846988677978516e-03
9.115391969680786133e-02
-1.193125844001770020e-01
-2.674261927604675293e-01
-1.151189804077148438e-01
3.307920396327972412e-01
6.931557655334472656e-01
6.637769937515258789e-01
1.568424105644226074e-01
-4.827805757522583008e-01
-8.786085247993469238e-01
-7.969903945922851562e-01
-4.510096311569213867e-01
-1.759059280157089233e-01
-2.783400416374206543e-01
-6.679427027702331543e-01
-1.083548069000244141e+00
-1.187915444374084473e+00
-9.517800807952880859e-01
-5.013946294784545898e-01
-1.116393208503723145e-01
1.581877768039703369e-01
3.323132395744323730e-01
5.805312395095825195e-01
8.947688341140747070e-01
1.227615714073181152e+00
1.398853540420532227e+00
1.384767889976501465e+00
1.174337625503540039e+00
8.892513513565063477e-01
5.452854633331298828e-01
2.259863317012786865e-01
-3.885272145271301270e-02
-8.720429986715316772e-02
1.223817467689514160e-01
5.684207081794738770e-01
9.648931622505187988e-01
1.075232267379760742e+00
7.522289156913757324e-01
2.266572415828704834e-01
-1.882503032684326172e-01
-2.069881856441497803e-01
2.680602669715881348e-02
1.684125363826751709e-01
-1.929225921630859375e-01
-1.029694199562072754e+00
-1.974953413009643555e+00
-2.410670042037963867e+00
-2.056977748870849609e+00
-1.035891175270080566e+00
9.199265390634536743e-02
8.725426197052001953e-01
1.113925933837890625e+00
