1.436337828636169434e-01
1.454403847455978394e-01
1.175505399703979492e+00
1.514927744865417480e+00
1.182540893554687500e+00
6.425176858901977539e-01
2.291063070297241211e-01
1.063771843910217285e-01
3.405073285102844238e-02
-1.544028371572494507e-01
-5.286852717399597168e-01
-7.985777854919433594e-01
-7.575522065162658691e-01
-3.172604739665985107e-01
2.004898190498352051e-01
4.913522005081176758e-01
3.440832793712615967e-01
8.625090122222900391e-04
-2.169225215911865234e-01
-1.638901233673095703e-02
4.237530529499053955e-01
7.464186549186706543e-01
5.271694660186767578e-01
-2.009906172752380371e-01
-1.104772329330444336e+00
-1.606314301490783691e+00
-1.456301927566528320e+00
-7.308916449546813965e-01
8.886188268661499023e-02
6.370143890380859375e-01
7.399321794509887695e-01
6.319116353988647461e-01
5.535328984260559082e-01
6.818156242370605469e-01
8.465279340744018555e-01
8.482350111007690430e-01
4.989812076091766357e-01
-5.953016877174377441e-02
-5.988742709159851074e-01
-8.285698890686035156e-01
-7.447305917739868164e-01
-4.712395966053009033e-01
-2.835240364074707031e-01
-2.547339498996734619e-01
-3.421308994293212891e-01
-3.042458295822143555e-01
-4.075458645820617676e-02
4.297931492328643799e-01
8.192904591560363770e-01
8.690508008003234863e-01
3.927211463451385498e-01
-4.653365015983581543e-01
-1.418933391571044922e+00
-2.067145109176635742e+00
-2.228573322296142578e+00
-1.895309925079345703e+00
-1.325911283493041992e+00
-7.480661273002624512e-01
-3.429403603076934814e-01
-5.747580528259277344e-02
1.938568949699401855e-01
5.298058986663818359e-01
8.991019725799560547e-01
1.229138612747192383e+00
1.398143768310546875e+00
1.429030895233154297e+00
1.349045276641845703e+00
1.220896244049072266e+00
9.644506573677062988e-01
5.147455334663391113e-01
-1.597257256507873535e-01
-8.443858027458190918e-01
-1.240713834762573242e+00
-1.076645970344543457e+00
-4.423287510871887207e-01
2.714352607727050781e-01
4.965715408325195312e-01
-3.060081601142883301e-02
-1.120248675346374512e+00
-2.113630056381225586e+00
-2.383156061172485352e+00
-1.681572198867797852e+00
-4.124633073806762695e-01
7.117139697074890137e-01
1.072110176086425781e+00
6.319203972816467285e-01
-1.427395641803741455e-01
-5.605344176292419434e-01
-2.693451642990112305e-01
5.890232920646667480e-01
1.435413599014282227e+00
1.739991426467895508e+00
1.295022368431091309e+00
3.716928958892822266e-01
-5.704805850982666016e-01
-1.113138675689697266e+00
-1.152468204498291016e+00
-7.914620041847229004e-01
-2.736108005046844482e-01
2.400889247655868530e-01
6.235594749450683594e-01
8.376282453536987305e-01
8.177565336227416992e-01
5.823272466659545898e-01
1.840791106224060059e-01
-2.104392945766448975e-01
-4.796681404113769531e-01
-5.400339961051940918e-01
-4.555225372314453125e-01
-2.936531603336334229e-01
-1.391631513833999634e-01
1.363545656204223633e-02
1.354206055402755737e-01
1.985014975070953369e-01
1.008458137512207031e-01
-1.593216657638549805e-01
-4.962854981422424316e-01
-6.729407906532287598e-01
-5.187459588050842285e-01
3.818333148956298828e-03
6.633692383766174316e-01
1.171814918518066406e+00
1.281297326087951660e+00
1.004761099815368652e+00
4.807717800140380859e-01
-8.567937463521957397e-02
-6.427561044692993164e-01
-1.179274797439575195e+00
-1.689941525459289551e+00
-1.967825531959533691e+00
-1.772095084190368652e+00
-9.309629201889038086e-01
3.472362160682678223e-01
1.575906991958618164e+00
2.128367424011230469e+00
1.700804114341735840e+00
4.208544194698333740e-01
-1.102047681808471680e+00
-2.200591325759887695e+00
-2.386274814605712891e+00
-1.665594220161437988e+00
-3.680751323699951172e-01
9.411799907684326172e-01
1.827813148498535156e+00
2.015261650085449219e+00
1.574730873107910156e+00
7.548912763595581055e-01
1.297020912170410156e-02
-2.985603809356689453e-01
9.274289011955261230e-03
7.124968171119689941e-01
1.391655921936035156e+00
1.548907995223999023e+00
1.066430687904357910e+00
1.837874650955200195e-01
-5.160410404205322266e-01
-6.299626827239990234e-01
-9.866479039192199707e-02
6.219111084938049316e-01
1.017253875732421875e+00
7.531630396842956543e-01
3.428924083709716797e-02
-7.117470502853393555e-01
-1.028805971145629883e+00
-8.837893605232238770e-01
-4.833354055881500244e-01
-1.895340383052825928e-01
-8.000737428665161133e-02
-8.160120248794555664e-02
1.545500755310058594e-02
1.577506661415100098e-01
1.955016851425170898e-01
-1.006781607866287231e-01
-6.049901843070983887e-01
-1.009475111961364746e+00
-8.905752897262573242e-01
-2.477112710475921631e-01
5.760164856910705566e-01
9.432372450828552246e-01
5.733294486999511719e-01
-3.710994422435760498e-01
-1.190230011940002441e+00
-1.308102369308471680e+00
-5.131999254226684570e-01
7.338910102844238281e-01
1.824137210845947266e+00
2.246072530746459961e+00
2.062570571899414062e+00
1.567356109619140625e+00
1.156398892402648926e+00
8.476775288581848145e-01
5.460454821586608887e-01
7.866066694259643555e-02
-3.711510896682739258e-01
-5.558984279632568359e-01
-2.164329737424850464e-01
4.386059641838073730e-01
1.008403897285461426e+00
9.828367233276367188e-01
3.379149436950683594e-01
-6.115901470184326172e-01
-1.225615739822387695e+00
-1.186345577239990234e+00
-5.011715292930603027e-01
3.469161391258239746e-01
9.629081487655639648e-01
1.079216361045837402e+00
8.378055095672607422e-01
3.662166595458984375e-01
-1.719241142272949219e-01
-8.488103151321411133e-01
-1.575106382369995117e+00
-2.208282232284545898e+00
-2.343102455139160156e+00
-1.785938739776611328e+00
-5.371868610382080078e-01
9.324889183044433594e-01
