7.188217639923095703e-01
7.750607132911682129e-01
1.377735018730163574e+00
1.399239420890808105e+00
6.042433381080627441e-01
-6.269464492797851562e-01
-1.884884476661682129e+00
-2.565365552902221680e+00
-2.544857025146484375e+00
-1.827212452888488770e+00
-8.757084608078002930e-01
2.562001347541809082e-03
4.172440767288208008e-01
4.112073183059692383e-01
4.586134105920791626e-02
-2.792876362800598145e-01
-3.756765425205230713e-01
-8.173286914825439453e-03
6.336795687675476074e-01
1.368495225906372070e+00
1.789984464645385742e+00
1.824873805046081543e+00
1.457285046577453613e+00
1.037474870681762695e+00
7.345818281173706055e-01
7.116227149963378906e-01
7.162933945655822754e-01
5.403503179550170898e-01
-1.017976105213165283e-01
-1.074061751365661621e+00
-2.131134033203125000e+00
-2.755338430404663086e+00
-2.703976154327392578e+00
-1.883397340774536133e+00
-6.730626821517944336e-01
4.995303452014923096e-01
1.113738179206848145e+00
1.056810617446899414e+00
4.556793570518493652e-01
-1.477627605199813843e-01
-3.017844259738922119e-01
3.054640889167785645e-01
1.434006571769714355e+00
2.588294982910156250e+00
3.095236539840698242e+00
2.675175905227661133e+00
1.428431510925292969e+00
-7.002183794975280762e-02
-1.290611624717712402e+00
-1.891807317733764648e+00
-1.989187002182006836e+00
-1.811960816383361816e+00
-1.575653433799743652e+00
-1.189528942108154297e+00
-5.189130902290344238e-01
4.903410673141479492e-01
1.529357194900512695e+00
2.172237634658813477e+00
2.094306468963623047e+00
1.440401077270507812e+00
6.826543807983398438e-01
3.557100892066955566e-01
5.810162425041198730e-01
1.026965260505676270e+00
1.123745441436767578e+00
5.760708451271057129e-01
-4.259920120239257812e-01
-1.308025240898132324e+00
-1.596384882926940918e+00
-1.265052914619445801e+00
-7.611330747604370117e-01
-6.094936132431030273e-01
-9.789189696311950684e-01
-1.540556907653808594e+00
-1.746754646301269531e+00
-1.308455348014831543e+00
-4.371649026870727539e-01
2.925298511981964111e-01
4.273063540458679199e-01
-3.294590115547180176e-02
-6.096422076225280762e-01
-7.788423299789428711e-01
-3.502289056777954102e-01
3.395203948020935059e-01
7.579687833786010742e-01
5.443240404129028320e-01
-1.560866534709930420e-01
-8.872147202491760254e-01
-1.172065138816833496e+00
-9.329158663749694824e-01
-4.289852380752563477e-01
-1.003592759370803833e-01
-1.358875632286071777e-01
-4.436327219009399414e-01
-6.623070240020751953e-01
-5.399107933044433594e-01
-1.491397619247436523e-02
6.579716205596923828e-01
1.181182265281677246e+00
1.274709224700927734e+00
9.233590960502624512e-01
2.634867727756500244e-01
-3.440483510494232178e-01
-5.692032575607299805e-01
-1.332066804170608521e-01
8.878175020217895508e-01
2.142107009887695312e+00
2.984623908996582031e+00
2.927494525909423828e+00
1.827223777770996094e+00
1.613362580537796021e-01
-1.321061849594116211e+00
-1.896720647811889648e+00
-1.417321920394897461e+00
-2.555826604366302490e-01
8.313450813293457031e-01
1.301884651184082031e+00
9.963121414184570312e-01
2.544582486152648926e-01
-5.174203515052795410e-01
-1.014610767364501953e+00
-1.274019718170166016e+00
-1.407153010368347168e+00
-1.536259293556213379e+00
-1.583092212677001953e+00
-1.488141655921936035e+00
-1.218123197555541992e+00
-9.280976057052612305e-01
-7.337647676467895508e-01
-6.924042701721191406e-01
-6.592005491256713867e-01
-5.136233568191528320e-01
-1.998831629753112793e-01
1.369688808917999268e-01
3.636991679668426514e-01
4.169932901859283447e-01
4.305846691131591797e-01
5.250735282897949219e-01
7.236043214797973633e-01
8.409017324447631836e-01
7.102133631706237793e-01
3.253513574600219727e-01
-4.212826490402221680e-02
-8.031690120697021484e-02
3.211244046688079834e-01
8.957660198211669922e-01
1.201358675956726074e+00
9.520548582077026367e-01
2.945280671119689941e-01
-2.970142960548400879e-01
-3.877148032188415527e-01
4.285421967506408691e-02
5.611354708671569824e-01
6.294075846672058105e-01
3.843539953231811523e-02
-8.899845480918884277e-01
-1.577893376350402832e+00
-1.622730255126953125e+00
-1.145746588706970215e+00
-6.207754611968994141e-01
-5.004579424858093262e-01
-7.784993052482604980e-01
-1.075364589691162109e+00
-9.308327436447143555e-01
-3.064608871936798096e-01
4.382459223270416260e-01
7.725297808647155762e-01
5.582384467124938965e-01
1.069787591695785522e-01
3.315323591232299805e-02
6.180536746978759766e-01
1.650588274002075195e+00
2.432455301284790039e+00
2.441020965576171875e+00
1.602464795112609863e+00
4.892592430114746094e-01
-2.681214809417724609e-01
-2.856410145759582520e-01
1.800604760646820068e-01
6.722891330718994141e-01
7.538229227066040039e-01
4.947283864021301270e-01
1.454171091318130493e-01
5.378168821334838867e-02
1.688434481620788574e-01
3.470339179039001465e-01
3.496156632900238037e-01
3.135351836681365967e-01
4.113360345363616943e-01
8.521355390548706055e-01
1.364884495735168457e+00
1.559698581695556641e+00
9.658903479576110840e-01
-3.051440715789794922e-01
-1.813147306442260742e+00
-2.765490770339965820e+00
-2.788707971572875977e+00
-1.856686472892761230e+00
-5.394957065582275391e-01
6.805739998817443848e-01
1.362505435943603516e+00
1.541533708572387695e+00
1.223140239715576172e+00
5.947905778884887695e-01
-3.676030039787292480e-01
-1.404759883880615234e+00
-2.290492773056030273e+00
-2.543906450271606445e+00
-2.074816465377807617e+00
-9.710001945495605469e-01
1.553526520729064941e-01
8.816120624542236328e-01
8.945739865303039551e-01
5.325106978416442871e-01
1.689504981040954590e-01
2.919859290122985840e-01
8.236781358718872070e-01
