-1.675195097923278809e-01
-1.924247145652770996e-01
4.126524925231933594e-01
7.082763314247131348e-01
7.184089422225952148e-01
5.280686616897583008e-01
2.909234762191772461e-01
4.248940944671630859e-02
-1.456542909145355225e-01
-2.308970987796783447e-01
-9.719169139862060547e-02
2.329412400722503662e-01
6.284065246582031250e-01
7.895408272743225098e-01
5.412563085556030273e-01
-8.018024265766143799e-02
-7.078499794006347656e-01
-9.482312798500061035e-01
-5.903477668762207031e-01
1.339804977178573608e-01
7.592888474464416504e-01
8.382537364959716797e-01
3.384023308753967285e-01
-3.943645060062408447e-01
-8.136451244354248047e-01
-6.321136951446533203e-01
3.373678028583526611e-02
6.841534376144409180e-01
8.389070034027099609e-01
3.062413930892944336e-01
-6.463716626167297363e-01
-1.514591574668884277e+00
-1.819303631782531738e+00
-1.406545877456665039e+00
-4.696193933486938477e-01
5.402470231056213379e-01
1.173080921173095703e+00
1.148042082786560059e+00
4.902185797691345215e-01
-5.125340819358825684e-01
-1.411661624908447266e+00
-1.816846132278442383e+00
-1.562853336334228516e+00
-7.974314093589782715e-01
1.135369241237640381e-01
7.920993566513061523e-01
1.049246072769165039e+00
9.411154985427856445e-01
6.416969299316406250e-01
2.607724666595458984e-01
-2.447735816240310669e-01
-9.566017389297485352e-01
-1.798437952995300293e+00
-2.422921895980834961e+00
-2.376057624816894531e+00
-1.407466053962707520e+00
2.318415343761444092e-01
1.856606721878051758e+00
2.695192575454711914e+00
2.410295486450195312e+00
1.306921720504760742e+00
1.823565959930419922e-01
-2.240754514932632446e-01
3.379249572753906250e-01
1.454864382743835449e+00
2.398656606674194336e+00
2.556402683258056641e+00
1.816399574279785156e+00
5.022209286689758301e-01
-8.478006124496459961e-01
-1.848647356033325195e+00
-2.325837373733520508e+00
-2.316341161727905273e+00
-1.876060366630554199e+00
-1.118576645851135254e+00
-2.103778719902038574e-01
5.150763988494873047e-01
7.319320440292358398e-01
2.592264413833618164e-01
-6.833470463752746582e-01
-1.595828294754028320e+00
-1.890211105346679688e+00
-1.322944641113281250e+00
-9.971638768911361694e-02
1.148584723472595215e+00
1.802306652069091797e+00
1.531190991401672363e+00
5.475172996520996094e-01
-6.015824079513549805e-01
-1.264989137649536133e+00
-1.111486673355102539e+00
-2.106292247772216797e-01
9.399631619453430176e-01
1.762477517127990723e+00
1.823072671890258789e+00
1.143127083778381348e+00
1.049457192420959473e-01
-6.876268386840820312e-01
-8.525070548057556152e-01
-3.831687569618225098e-01
2.791166007518768311e-01
6.428377032279968262e-01
4.632521271705627441e-01
1.746726036071777344e-02
-1.681988537311553955e-01
3.223388791084289551e-01
1.326244711875915527e+00
2.199871301651000977e+00
2.177213191986083984e+00
1.033113002777099609e+00
-7.282983064651489258e-01
-2.074780225753784180e+00
-2.205059289932250977e+00
-1.058651328086853027e+00
5.462229251861572266e-01
1.522962689399719238e+00
1.195385575294494629e+00
-1.940841972827911377e-01
-1.746313810348510742e+00
-2.484811067581176758e+00
-2.048647642135620117e+00
-7.955437302589416504e-01
4.851537644863128662e-01
1.191112160682678223e+00
1.180766701698303223e+00
7.574889659881591797e-01
2.718127369880676270e-01
-9.303788840770721436e-02
-3.805499970912933350e-01
-6.139450669288635254e-01
-6.962977647781372070e-01
-4.397686719894409180e-01
1.691925227642059326e-01
8.677146434783935547e-01
1.208677530288696289e+00
9.168611764907836914e-01
1.166378557682037354e-01
-6.894030570983886719e-01
-9.965631961822509766e-01
-6.544662117958068848e-01
5.847362801432609558e-03
4.505577087402343750e-01
3.498034477233886719e-01
-1.648474037647247314e-01
-6.336942911148071289e-01
-6.382258534431457520e-01
-1.317070424556732178e-01
5.492299795150756836e-01
9.730457067489624023e-01
9.466665387153625488e-01
6.439425945281982422e-01
4.106146097183227539e-01
4.806856811046600342e-01
7.830054163932800293e-01
1.058100700378417969e+00
1.074510574340820312e+00
8.389523029327392578e-01
5.247109532356262207e-01
3.083218932151794434e-01
1.678705513477325439e-01
-5.500649660825729370e-02
-5.058564543724060059e-01
-1.084098935127258301e+00
-1.497657060623168945e+00
-1.416835308074951172e+00
-7.979555726051330566e-01
8.313527703285217285e-02
7.153938412666320801e-01
7.397508621215820312e-01
1.249969899654388428e-01
-7.396373748779296875e-01
-1.357091546058654785e+00
-1.357846498489379883e+00
-7.919168472290039062e-01
-4.132121801376342773e-03
5.105434656143188477e-01
4.889634847640991211e-01
-3.777575492858886719e-02
-6.825737953186035156e-01
-1.027069449424743652e+00
-7.772313952445983887e-01
-2.459931373596191406e-02
9.010754227638244629e-01
1.525223255157470703e+00
1.598454475402832031e+00
1.126189589500427246e+00
4.434898495674133301e-01
-1.130900979042053223e-01
-3.081088662147521973e-01
-2.374579012393951416e-01
-1.136184111237525940e-01
-2.101409882307052612e-01
-5.647696852684020996e-01
-1.099218487739562988e+00
-1.584949016571044922e+00
-1.913191795349121094e+00
-1.993192315101623535e+00
-1.848826289176940918e+00
-1.410870671272277832e+00
-6.842684149742126465e-01
3.006855845451354980e-01
1.261032104492187500e+00
1.874405264854431152e+00
1.832831740379333496e+00
1.209545969963073730e+00
3.446124792098999023e-01
-2.008019089698791504e-01
-1.326453387737274170e-01
5.078930258750915527e-01
1.236929535865783691e+00
1.588494658470153809e+00
1.285002589225769043e+00
5.304122567176818848e-01
-3.034769296646118164e-01
-8.130873441696166992e-01
-9.426212906837463379e-01
-8.104833960533142090e-01
