1.297701597213745117e-01
1.124138534069061279e-01
5.897158384323120117e-02
1.575527191162109375e-01
4.368742406368255615e-01
6.663615107536315918e-01
6.659921407699584961e-01
2.764859795570373535e-01
-3.352432250976562500e-01
-9.025405049324035645e-01
-1.051785111427307129e+00
-6.928718686103820801e-01
5.447039753198623657e-02
7.670774459838867188e-01
1.108876943588256836e+00
8.940256237983703613e-01
3.293188214302062988e-01
-2.539960741996765137e-01
-5.021644234657287598e-01
-3.938242793083190918e-01
-1.352880597114562988e-01
-1.072388887405395508e-01
-4.611559212207794189e-01
-1.070344209671020508e+00
-1.488335251808166504e+00
-1.351844906806945801e+00
-5.855792760848999023e-01
4.027400612831115723e-01
1.036659955978393555e+00
8.864004611968994141e-01
5.763459205627441406e-02
-9.103719592094421387e-01
-1.334722876548767090e+00
-9.132477045059204102e-01
1.078142598271369934e-01
1.053528785705566406e+00
1.321261286735534668e+00
7.536729574203491211e-01
-2.451841831207275391e-01
-1.035134673118591309e+00
-1.158659219741821289e+00
-6.231218576431274414e-01
1.862739622592926025e-01
8.202334642410278320e-01
1.061805248260498047e+00
9.874386787414550781e-01
7.806253433227539062e-01
5.379318594932556152e-01
1.991843581199645996e-01
-2.795318961143493652e-01
-7.896543741226196289e-01
-1.026281714439392090e+00
-7.424219846725463867e-01
4.448438435792922974e-02
9.260052442550659180e-01
1.384322404861450195e+00
1.089515686035156250e+00
2.174871414899826050e-01
-7.074736952781677246e-01
-1.087996482849121094e+00
-7.215747833251953125e-01
1.570727527141571045e-01
9.713408350944519043e-01
1.270001888275146484e+00
8.903330564498901367e-01
8.853064477443695068e-02
-7.764699459075927734e-01
-1.355648994445800781e+00
-1.550053596496582031e+00
-1.344355702400207520e+00
-8.538206815719604492e-01
-1.435880064964294434e-01
6.086567640304565430e-01
1.249427676200866699e+00
1.557695865631103516e+00
1.504835367202758789e+00
1.150485754013061523e+00
7.423254251480102539e-01
4.009178876876831055e-01
1.710592806339263916e-01
-1.258404850959777832e-01
-5.715813040733337402e-01
-1.176022410392761230e+00
-1.681880116462707520e+00
-1.880648612976074219e+00
-1.617748141288757324e+00
-1.054786920547485352e+00
-3.967152237892150879e-01
9.220406413078308105e-02
3.960154652595520020e-01
5.201541185379028320e-01
5.643298625946044922e-01
4.498997032642364502e-01
1.723731905221939087e-01
-2.564705908298492432e-01
-5.424126386642456055e-01
-4.210297465324401855e-01
2.982241809368133545e-01
1.345422148704528809e+00
2.248255491256713867e+00
2.437685489654541016e+00
1.813302159309387207e+00
6.855237483978271484e-01
-2.283808588981628418e-01
-4.385644793510437012e-01
1.466000080108642578e-01
9.893298149108886719e-01
1.444594621658325195e+00
1.037132620811462402e+00
-5.920163542032241821e-02
-1.297303676605224609e+00
-1.960336089134216309e+00
-1.771439790725708008e+00
-8.816905617713928223e-01
1.147290319204330444e-01
7.401170134544372559e-01
7.671939134597778320e-01
4.495308399200439453e-01
1.288086324930191040e-01
9.296560287475585938e-02
2.352568507194519043e-01
2.966108322143554688e-01
-3.359681367874145508e-02
-7.146127820014953613e-01
-1.471716165542602539e+00
-1.847796559333801270e+00
-1.648377776145935059e+00
-9.671418070793151855e-01
-2.395233511924743652e-01
1.837771832942962646e-01
1.824977546930313110e-01
3.965222835540771484e-02
9.929603338241577148e-02
5.580612421035766602e-01
1.185387611389160156e+00
1.569118499755859375e+00
1.359690546989440918e+00
6.486483812332153320e-01
-1.493827104568481445e-01
-5.425613522529602051e-01
-4.263158142566680908e-01
-1.157816499471664429e-01
-1.394794434309005737e-01
-7.056167125701904297e-01
-1.501208186149597168e+00
-1.822010278701782227e+00
-1.159745216369628906e+00
3.677930831909179688e-01
1.961487770080566406e+00
2.683136940002441406e+00
2.098885774612426758e+00
6.289154887199401855e-01
-7.556116580963134766e-01
-1.216772317886352539e+00
-6.380046606063842773e-01
3.508927226066589355e-01
9.201909899711608887e-01
6.930452585220336914e-01
2.677708864212036133e-02
-3.478170633316040039e-01
5.713394284248352051e-02
1.026870489120483398e+00
1.831955194473266602e+00
1.772400856018066406e+00
7.833344936370849609e-01
-5.643396377563476562e-01
-1.462043762207031250e+00
-1.545448303222656250e+00
-1.068902730941772461e+00
-7.040937542915344238e-01
-8.792647123336791992e-01
-1.498020887374877930e+00
-1.963972568511962891e+00
-1.786071300506591797e+00
-9.127305746078491211e-01
1.294106841087341309e-01
7.689683437347412109e-01
7.463974952697753906e-01
4.053584933280944824e-01
2.569400072097778320e-01
6.343176960945129395e-01
1.271505475044250488e+00
1.621966838836669922e+00
1.166703462600708008e+00
-3.385198116302490234e-02
-1.495193600654602051e+00
-2.485451221466064453e+00
-2.636605024337768555e+00
-1.957373976707458496e+00
-8.912178277969360352e-01
1.719644665718078613e-01
9.144070148468017578e-01
1.302459597587585449e+00
1.274230480194091797e+00
8.858608007431030273e-01
1.565801203250885010e-01
-6.346471309661865234e-01
-1.199021339416503906e+00
-1.211098670959472656e+00
-7.454354763031005859e-01
-8.599993586540222168e-02
2.588959634304046631e-01
1.218813210725784302e-01
-3.734789490699768066e-01
-6.983337402343750000e-01
-5.125507116317749023e-01
2.586578726768493652e-01
1.153211951255798340e+00
1.702758193016052246e+00
1.564892292022705078e+00
9.595760703086853027e-01
2.727136313915252686e-01
-3.588080406188964844e-02
3.457945585250854492e-02
2.730737924575805664e-01
2.465772926807403564e-01
-1.534181088209152222e-01
