-9.289917945861816406e-01
-1.011325120925903320e+00
-3.165836036205291748e-01
7.777419090270996094e-01
1.886905074119567871e+00
2.385816097259521484e+00
2.000260114669799805e+00
7.518702745437622070e-01
-7.970989346504211426e-01
-2.062738895416259766e+00
-2.504334926605224609e+00
-2.092428684234619141e+00
-1.037321329116821289e+00
1.561896204948425293e-01
1.171317577362060547e+00
1.759929776191711426e+00
1.966597318649291992e+00
1.791489243507385254e+00
1.357649803161621094e+00
6.870830059051513672e-01
-2.734369039535522461e-02
-6.495649814605712891e-01
-9.647696018218994141e-01
-1.007125377655029297e+00
-8.757351040840148926e-01
-8.340535163879394531e-01
-9.222439527511596680e-01
-1.048790454864501953e+00
-8.798860907554626465e-01
-2.780726552009582520e-01
6.591314673423767090e-01
1.416025400161743164e+00
1.517064213752746582e+00
7.437110543251037598e-01
-4.863563776016235352e-01
-1.452677965164184570e+00
-1.447203159332275391e+00
-3.983539044857025146e-01
1.160225868225097656e+00
2.281679630279541016e+00
2.325084209442138672e+00
1.234961152076721191e+00
-3.606643676757812500e-01
-1.715185999870300293e+00
-2.348318815231323242e+00
-2.365895748138427734e+00
-2.131227254867553711e+00
-1.954102516174316406e+00
-1.739815115928649902e+00
-1.216133952140808105e+00
-2.201139032840728760e-01
9.359607100486755371e-01
1.660159707069396973e+00
1.455130577087402344e+00
4.311090111732482910e-01
-7.257033586502075195e-01
-1.138058423995971680e+00
-4.285544753074645996e-01
1.014832735061645508e+00
2.241821527481079102e+00
2.456911563873291016e+00
1.560159444808959961e+00
2.399740517139434814e-01
-5.884451866149902344e-01
-4.541655182838439941e-01
2.998553812503814697e-01
8.222584128379821777e-01
4.154903292655944824e-01
-8.929897546768188477e-01
-2.360474586486816406e+00
-3.064091205596923828e+00
-2.569893836975097656e+00
-1.215625405311584473e+00
1.817044168710708618e-01
9.320192337036132812e-01
9.303491115570068359e-01
6.086198091506958008e-01
5.048516988754272461e-01
7.812386155128479004e-01
1.144095778465270996e+00
1.134985804557800293e+00
6.013792753219604492e-01
-1.507623642683029175e-01
-5.580548048019409180e-01
-2.927292585372924805e-01
4.808454513549804688e-01
1.181581854820251465e+00
1.291169643402099609e+00
7.189029455184936523e-01
-9.838279336690902710e-02
-5.835535526275634766e-01
-4.263737499713897705e-01
1.560469567775726318e-01
6.655576825141906738e-01
6.993452310562133789e-01
3.156411349773406982e-01
-7.732176780700683594e-02
-3.489601612091064453e-02
4.849165678024291992e-01
1.100402593612670898e+00
1.236706256866455078e+00
6.202844977378845215e-01
-5.370130538940429688e-01
-1.613145232200622559e+00
-2.045212745666503906e+00
-1.648223161697387695e+00
-7.525342702865600586e-01
1.114233732223510742e-01
5.334001779556274414e-01
4.998537898063659668e-01
2.590078711509704590e-01
1.041508987545967102e-01
8.565955609083175659e-02
5.627113580703735352e-02
-1.845950931310653687e-01
-6.164717078208923340e-01
-1.001448392868041992e+00
-1.007265090942382812e+00
-5.176743865013122559e-01
2.747922539710998535e-01
9.240593910217285156e-01
1.049630165100097656e+00
5.521703958511352539e-01
-2.932121753692626953e-01
-1.050706386566162109e+00
-1.369504928588867188e+00
-1.199052572250366211e+00
-7.365108132362365723e-01
-2.609490752220153809e-01
9.100285172462463379e-02
3.703096210956573486e-01
7.276983261108398438e-01
1.221442580223083496e+00
1.724323987960815430e+00
1.973059415817260742e+00
1.751859784126281738e+00
1.062543749809265137e+00
1.603499054908752441e-01
-5.702760219573974609e-01
-8.432502746582031250e-01
-6.256811618804931641e-01
-1.691237390041351318e-01
1.572211682796478271e-01
5.905322730541229248e-02
-4.916397333145141602e-01
-1.269832491874694824e+00
-1.884066343307495117e+00
-2.013749837875366211e+00
-1.524353742599487305e+00
-5.671934485435485840e-01
5.527471899986267090e-01
1.475375175476074219e+00
2.003535747528076172e+00
2.112340688705444336e+00
1.990091800689697266e+00
1.845921993255615234e+00
1.858801603317260742e+00
2.011236667633056641e+00
2.191186904907226562e+00
2.182145118713378906e+00
1.871846437454223633e+00
1.218385457992553711e+00
3.604929149150848389e-01
-5.547239184379577637e-01
-1.329517364501953125e+00
-1.896802663803100586e+00
-2.210133552551269531e+00
-2.362555980682373047e+00
-2.411378622055053711e+00
-2.477746248245239258e+00
-2.554674386978149414e+00
-2.633460760116577148e+00
-2.558702468872070312e+00
-2.248892307281494141e+00
-1.618527650833129883e+00
-8.107061386108398438e-01
-6.318807601928710938e-03
5.044342279434204102e-01
6.485360860824584961e-01
4.649090170860290527e-01
2.504209876060485840e-01
2.009954154491424561e-01
4.435642361640930176e-01
7.740772962570190430e-01
9.772868156433105469e-01
8.177078962326049805e-01
4.083678126335144043e-01
-3.084936738014221191e-02
-1.326513737440109253e-01
1.687374114990234375e-01
7.800981402397155762e-01
1.318574070930480957e+00
1.575773596763610840e+00
1.444116473197937012e+00
1.158561110496520996e+00
8.709748983383178711e-01
7.138099670410156250e-01
4.894971847534179688e-01
6.393885612487792969e-02
-6.866093277931213379e-01
-1.497247695922851562e+00
-2.071349859237670898e+00
-2.042557001113891602e+00
-1.456750869750976562e+00
-5.194871425628662109e-01
3.025499284267425537e-01
8.081585168838500977e-01
9.153649806976318359e-01
8.860790729522705078e-01
8.452222943305969238e-01
9.061552882194519043e-01
8.685370087623596191e-01
6.466378569602966309e-01
1.357795298099517822e-01
-4.415952861309051514e-01
-9.295443296432495117e-01
-1.102988719940185547e+00
