-2.259025275707244873e-01
-2.109655290842056274e-01
-9.547889828681945801e-01
-1.615554928779602051e+00
-2.099906921386718750e+00
-2.244402647018432617e+00
-2.056196451187133789e+00
-1.497395277023315430e+00
-7.349005937576293945e-01
7.334855198860168457e-02
6.263321638107299805e-01
8.053010106086730957e-01
5.841940641403198242e-01
2.414291501045227051e-01
4.885972663760185242e-02
2.685123085975646973e-01
8.302615880966186523e-01
1.524753570556640625e+00
1.991731524467468262e+00
2.079781293869018555e+00
1.779075741767883301e+00
1.308638811111450195e+00
8.179975152015686035e-01
4.173320233821868896e-01
5.900116637349128723e-02
-2.337248027324676514e-01
-4.161920845508575439e-01
-3.495258986949920654e-01
-4.775910452008247375e-02
3.318766355514526367e-01
4.544386863708496094e-01
1.089222058653831482e-01
-6.575426459312438965e-01
-1.432930350303649902e+00
-1.721214532852172852e+00
-1.214221119880676270e+00
-6.882814317941665649e-02
1.203450798988342285e+00
2.007690429687500000e+00
2.056550264358520508e+00
1.491538405418395996e+00
7.567557692527770996e-01
2.662717401981353760e-01
1.577819287776947021e-01
2.748801708221435547e-01
3.555400073528289795e-01
2.755877077579498291e-01
1.062099561095237732e-01
2.539290674030780792e-02
9.913453459739685059e-02
2.343144118785858154e-01
2.266886830329895020e-01
-6.682343780994415283e-03
-3.806184530258178711e-01
-6.455930471420288086e-01
-6.504672169685363770e-01
-4.118289053440093994e-01
-1.723258495330810547e-01
-1.269645243883132935e-01
-3.283389210700988770e-01
-5.528263449668884277e-01
-5.663875937461853027e-01
-2.374983578920364380e-01
2.372625172138214111e-01
5.601376295089721680e-01
4.426070153713226318e-01
-7.150107622146606445e-02
-7.497196793556213379e-01
-1.215046644210815430e+00
-1.311233043670654297e+00
-1.039929866790771484e+00
-6.241309046745300293e-01
-1.834892928600311279e-01
1.891889423131942749e-01
5.441786050796508789e-01
7.854505181312561035e-01
8.111972212791442871e-01
4.446116983890533447e-01
-2.036935538053512573e-01
-8.503085970878601074e-01
-9.951581954956054688e-01
-4.184719622135162354e-01
7.727934122085571289e-01
1.971645236015319824e+00
2.590548038482666016e+00
2.265904188156127930e+00
1.269763231277465820e+00
1.497238129377365112e-01
-4.762938916683197021e-01
-5.120640993118286133e-01
-2.363977432250976562e-01
-2.278286218643188477e-01
-7.197277545928955078e-01
-1.569014310836791992e+00
-2.157571554183959961e+00
-2.011424779891967773e+00
-9.668172001838684082e-01
5.090766549110412598e-01
1.788431048393249512e+00
2.275023698806762695e+00
1.918265104293823242e+00
9.881613850593566895e-01
3.679220005869865417e-02
-6.213007569313049316e-01
-8.442158699035644531e-01
-8.177223205566406250e-01
-6.698853373527526855e-01
-5.542414784431457520e-01
-4.241322875022888184e-01
-3.067195713520050049e-01
-1.496845036745071411e-01
-2.562875300645828247e-02
1.059348061680793762e-01
2.009027004241943359e-01
2.808156609535217285e-01
1.998020857572555542e-01
-1.238199025392532349e-01
-7.762131690979003906e-01
-1.543346285820007324e+00
-2.104112863540649414e+00
-2.032336473464965820e+00
-1.226406574249267578e+00
1.088828966021537781e-01
1.384581685066223145e+00
2.085362911224365234e+00
1.930332541465759277e+00
1.154984116554260254e+00
2.154466211795806885e-01
-3.808542788028717041e-01
-4.795564413070678711e-01
-1.927266567945480347e-01
1.385210603475570679e-01
3.068374991416931152e-01
2.452027052640914917e-01
1.021219342947006226e-01
-1.249991357326507568e-02
-2.720106951892375946e-02
-4.520408809185028076e-03
2.936300449073314667e-02
5.011757835745811462e-02
8.993648737668991089e-02
9.201980382204055786e-02
-4.088022187352180481e-02
-4.254294633865356445e-01
-1.011156558990478516e+00
-1.572984457015991211e+00
-1.769523978233337402e+00
-1.396649122238159180e+00
-5.341157913208007812e-01
4.371432065963745117e-01
1.066462755203247070e+00
1.105731368064880371e+00
6.616306304931640625e-01
1.115558296442031860e-01
-1.674909740686416626e-01
-2.786930464208126068e-02
3.678826689720153809e-01
7.268817424774169922e-01
8.179975152015686035e-01
6.455537080764770508e-01
3.492507338523864746e-01
9.933107346296310425e-02
-9.516443312168121338e-02
-3.007840812206268311e-01
-6.097835302352905273e-01
-9.373362660408020020e-01
-1.119646310806274414e+00
-9.549855589866638184e-01
-4.678033590316772461e-01
1.584894657135009766e-01
5.825038552284240723e-01
6.296340227127075195e-01
3.006661534309387207e-01
-1.194174140691757202e-01
-3.763338923454284668e-01
-2.915074229240417480e-01
1.077036559581756592e-02
3.496437966823577881e-01
4.992103874683380127e-01
4.974022209644317627e-01
4.624575078487396240e-01
6.394609808921813965e-01
1.041856050491333008e+00
1.561152696609497070e+00
1.835404038429260254e+00
1.634579896926879883e+00
8.292788863182067871e-01
-3.161534667015075684e-01
-1.451012015342712402e+00
-2.106274843215942383e+00
-2.130409717559814453e+00
-1.553251862525939941e+00
-7.695308327674865723e-01
-1.148576959967613220e-01
8.793178200721740723e-02
-1.027508601546287537e-01
-5.297919511795043945e-01
-8.175258040428161621e-01
-8.052224516868591309e-01
-3.792426586151123047e-01
2.612010240554809570e-01
9.630436897277832031e-01
1.444093823432922363e+00
1.630531191825866699e+00
1.391028165817260742e+00
8.155997395515441895e-01
-6.474012136459350586e-02
-9.804177284240722656e-01
-1.738785147666931152e+00
-2.011660575866699219e+00
-1.744445443153381348e+00
-9.420925378799438477e-01
4.819149151444435120e-02
9.554572105407714844e-01
1.449832797050476074e+00
1.548888683319091797e+00
1.311822652816772461e+00
