2.535709142684936523e+00
2.592144489288330078e+00
1.875616192817687988e+00
9.129912853240966797e-01
1.409201771020889282e-01
-1.292717307806015015e-01
-8.944737911224365234e-02
-6.303381919860839844e-02
-3.866936564445495605e-01
-9.509524106979370117e-01
-1.479704856872558594e+00
-1.602666378021240234e+00
-1.355920791625976562e+00
-9.686061143875122070e-01
-8.363531827926635742e-01
-9.904199838638305664e-01
-1.246303558349609375e+00
-1.180482625961303711e+00
-6.879777908325195312e-01
9.808504581451416016e-02
7.146061658859252930e-01
9.302011132240295410e-01
7.263441085815429688e-01
4.690365195274353027e-01
3.759957551956176758e-01
5.046407580375671387e-01
5.190815925598144531e-01
1.952069103717803955e-01
-5.246820449829101562e-01
-1.238096475601196289e+00
-1.561454057693481445e+00
-1.231582045555114746e+00
-5.067905783653259277e-01
2.226222455501556396e-01
5.251641869544982910e-01
4.077510833740234375e-01
4.685964807868003845e-02
-2.159260958433151245e-01
-3.397979438304901123e-01
-3.579139113426208496e-01
-4.271007776260375977e-01
-4.150756597518920898e-01
-1.543713808059692383e-01
5.613444447517395020e-01
1.509897112846374512e+00
2.266101121902465820e+00
2.256016731262207031e+00
1.357684969902038574e+00
-1.430785655975341797e-01
-1.506868958473205566e+00
-2.176104307174682617e+00
-1.920340895652770996e+00
-1.109162449836730957e+00
-2.346339076757431030e-01
2.565888464450836182e-01
3.832242786884307861e-01
3.523136973381042480e-01
4.912833273410797119e-01
8.138866424560546875e-01
1.172628164291381836e+00
1.226931810379028320e+00
8.576048612594604492e-01
1.097808629274368286e-01
-6.618237495422363281e-01
-1.136577844619750977e+00
-1.042695164680480957e+00
-4.448636472225189209e-01
4.155575335025787354e-01
1.078546643257141113e+00
1.212931156158447266e+00
6.530735492706298828e-01
-3.547637164592742920e-01
-1.370122790336608887e+00
-1.843253135681152344e+00
-1.522199273109436035e+00
-4.747693836688995361e-01
8.406018614768981934e-01
1.948409318923950195e+00
2.500699043273925781e+00
2.521179676055908203e+00
2.207871675491333008e+00
1.834092736244201660e+00
1.478121995925903320e+00
1.098922967910766602e+00
5.532162785530090332e-01
-1.830011606216430664e-01
-1.046279668807983398e+00
-1.848585367202758789e+00
-2.440574645996093750e+00
-2.695585966110229492e+00
-2.598635435104370117e+00
-2.183734178543090820e+00
-1.604856729507446289e+00
-1.055880308151245117e+00
-7.342490553855895996e-01
-6.678525805473327637e-01
-6.878234148025512695e-01
-4.818418622016906738e-01
1.309660226106643677e-01
1.013507366180419922e+00
1.691306710243225098e+00
1.666818380355834961e+00
8.008307814598083496e-01
-4.809851646423339844e-01
-1.417395830154418945e+00
-1.426684260368347168e+00
-5.527768731117248535e-01
5.299254655838012695e-01
1.008306622505187988e+00
5.478532910346984863e-01
-4.146795272827148438e-01
-1.007495045661926270e+00
-5.907118916511535645e-01
6.907136440277099609e-01
2.006962537765502930e+00
2.436550378799438477e+00
1.714455127716064453e+00
4.174187779426574707e-01
-4.367397427558898926e-01
-2.108908295631408691e-01
8.984403610229492188e-01
1.969453930854797363e+00
2.099747896194458008e+00
1.031196117401123047e+00
-6.269947290420532227e-01
-1.914937615394592285e+00
-2.140809297561645508e+00
-1.346674680709838867e+00
-9.748768806457519531e-02
9.350423812866210938e-01
1.467331647872924805e+00
1.568631291389465332e+00
1.474925875663757324e+00
1.231032729148864746e+00
7.609602212905883789e-01
-1.332916319370269775e-03
-8.334232568740844727e-01
-1.373791456222534180e+00
-1.329479694366455078e+00
-8.313328027725219727e-01
-3.159713745117187500e-01
-2.853857278823852539e-01
-8.389192223548889160e-01
-1.663651108741760254e+00
-2.192665576934814453e+00
-2.105807304382324219e+00
-1.452042102813720703e+00
-6.307724714279174805e-01
4.282727837562561035e-02
4.723340868949890137e-01
8.270050287246704102e-01
1.189522266387939453e+00
1.463705658912658691e+00
1.362739562988281250e+00
7.922577857971191406e-01
-2.768853306770324707e-02
-5.644664764404296875e-01
-4.443647563457489014e-01
2.824856042861938477e-01
1.031559348106384277e+00
1.152646422386169434e+00
3.427410125732421875e-01
-1.023755192756652832e+00
-2.204524040222167969e+00
-2.521241426467895508e+00
-1.871449828147888184e+00
-6.803744435310363770e-01
3.694113790988922119e-01
8.622546195983886719e-01
7.870922088623046875e-01
4.857830107212066650e-01
2.846659123897552490e-01
3.456435203552246094e-01
6.053422689437866211e-01
9.788409471511840820e-01
1.392148733139038086e+00
1.799569368362426758e+00
2.027424812316894531e+00
1.831392884254455566e+00
1.015408754348754883e+00
-3.102752566337585449e-01
-1.712225675582885742e+00
-2.603751897811889648e+00
-2.622523069381713867e+00
-1.840516567230224609e+00
-7.297474145889282227e-01
1.794605553150177002e-01
6.117137670516967773e-01
6.667063832283020020e-01
6.252349615097045898e-01
6.649692654609680176e-01
7.131857872009277344e-01
5.650699138641357422e-01
1.400628387928009033e-01
-3.682684004306793213e-01
-5.850593447685241699e-01
-2.606264650821685791e-01
5.011446475982666016e-01
1.243468999862670898e+00
1.477888226509094238e+00
1.002377867698669434e+00
9.212106466293334961e-02
-7.195634245872497559e-01
-9.704533815383911133e-01
-6.252508163452148438e-01
-3.689524531364440918e-02
2.744353711605072021e-01
4.629629477858543396e-02
-5.930328369140625000e-01
-1.161318778991699219e+00
-1.230680942535400391e+00
-6.619431972503662109e-01
2.167758941650390625e-01
8.941690325736999512e-01
9.245131015777587891e-01
2.904658615589141846e-01
-6.878129243850708008e-01
