1.425645649433135986e-01
1.585398316383361816e-01
-6.908673048019409180e-02
-3.007280230522155762e-01
-3.852881491184234619e-01
-2.540568411350250244e-01
8.723663538694381714e-02
4.760794937610626221e-01
7.093517780303955078e-01
6.054289340972900391e-01
1.666529178619384766e-01
-4.457181394100189209e-01
-9.460532665252685547e-01
-1.134578108787536621e+00
-9.695561528205871582e-01
-6.242479681968688965e-01
-3.233944773674011230e-01
-2.410507947206497192e-01
-3.758368194103240967e-01
-6.263389587402343750e-01
-8.467724919319152832e-01
-9.483533501625061035e-01
-8.604058027267456055e-01
-5.254271626472473145e-01
1.260456442832946777e-01
1.065784096717834473e+00
2.095812082290649414e+00
2.832556009292602539e+00
2.889347553253173828e+00
2.100412130355834961e+00
6.957602500915527344e-01
-7.801113128662109375e-01
-1.729886531829833984e+00
-1.830087423324584961e+00
-1.173888921737670898e+00
-1.674056798219680786e-01
7.389185428619384766e-01
1.295376181602478027e+00
1.499290823936462402e+00
1.475704312324523926e+00
1.305956721305847168e+00
9.787565469741821289e-01
4.574277698993682861e-01
-1.845937222242355347e-01
-7.512972950935363770e-01
-1.010247111320495605e+00
-8.718226552009582520e-01
-4.513638615608215332e-01
-2.739213593304157257e-02
1.475829780101776123e-01
-3.512884676456451416e-02
-4.750758111476898193e-01
-9.684688448905944824e-01
-1.289144992828369141e+00
-1.305371165275573730e+00
-9.741145372390747070e-01
-3.929412364959716797e-01
2.425563186407089233e-01
6.331556439399719238e-01
5.346275568008422852e-01
-1.231182441115379333e-01
-1.070927977561950684e+00
-1.805204510688781738e+00
-1.781910657882690430e+00
-7.939119338989257812e-01
8.943218588829040527e-01
2.591630697250366211e+00
3.587031602859497070e+00
3.481979608535766602e+00
2.435056209564208984e+00
9.752018451690673828e-01
-2.740468084812164307e-01
-9.747836589813232422e-01
-1.119606494903564453e+00
-9.672978520393371582e-01
-7.604976892471313477e-01
-6.401395797729492188e-01
-5.777858495712280273e-01
-5.293582677841186523e-01
-4.499001502990722656e-01
-3.596943020820617676e-01
-2.376633733510971069e-01
-6.829214841127395630e-02
1.920795142650604248e-01
4.923056960105895996e-01
7.401313185691833496e-01
7.908590435981750488e-01
6.025015115737915039e-01
2.050855457782745361e-01
-2.575697302818298340e-01
-6.725082993507385254e-01
-9.461787343025207520e-01
-1.073771715164184570e+00
-1.043159484863281250e+00
-8.898889422416687012e-01
-6.438615322113037109e-01
-4.217970669269561768e-01
-3.244818150997161865e-01
-4.343012571334838867e-01
-6.645206809043884277e-01
-8.505362868309020996e-01
-7.833732366561889648e-01
-4.244317412376403809e-01
1.126632243394851685e-01
5.774095058441162109e-01
8.103890419006347656e-01
7.998503446578979492e-01
7.200995087623596191e-01
7.255361080169677734e-01
8.765065073966979980e-01
1.053238034248352051e+00
1.119146466255187988e+00
9.977428317070007324e-01
7.738801240921020508e-01
5.553284883499145508e-01
4.129730463027954102e-01
2.859237194061279297e-01
1.129559651017189026e-01
-1.067247763276100159e-01
-2.364924103021621704e-01
-1.598780751228332520e-01
1.141269281506538391e-01
3.557631969451904297e-01
2.956677973270416260e-01
-1.883993446826934814e-01
-8.880488872528076172e-01
-1.395577073097229004e+00
-1.342298269271850586e+00
-7.028278112411499023e-01
1.892775595188140869e-01
8.243987560272216797e-01
8.618276715278625488e-01
3.031117618083953857e-01
-5.364676713943481445e-01
-1.280990123748779297e+00
-1.689195632934570312e+00
-1.734361290931701660e+00
-1.492139577865600586e+00
-1.043201208114624023e+00
-4.404906332492828369e-01
2.096857577562332153e-01
7.080135345458984375e-01
8.292080163955688477e-01
4.986623227596282959e-01
-1.015809103846549988e-01
-5.966467261314392090e-01
-6.536474227905273438e-01
-2.186770588159561157e-01
4.517820477485656738e-01
9.769164919853210449e-01
1.144405841827392578e+00
1.036384582519531250e+00
9.332981705665588379e-01
1.032913565635681152e+00
1.274884343147277832e+00
1.361451864242553711e+00
1.030571579933166504e+00
2.699484527111053467e-01
-6.223660707473754883e-01
-1.266938567161560059e+00
-1.440199017524719238e+00
-1.229216814041137695e+00
-8.812739849090576172e-01
-6.107819080352783203e-01
-4.064491093158721924e-01
-1.332386881113052368e-01
3.146122694015502930e-01
8.072106838226318359e-01
1.070718884468078613e+00
8.374884128570556641e-01
1.173470765352249146e-01
-8.096362352371215820e-01
-1.495610594749450684e+00
-1.629811167716979980e+00
-1.139805555343627930e+00
-2.459855675697326660e-01
7.441878914833068848e-01
1.519364356994628906e+00
1.917282223701477051e+00
1.854092121124267578e+00
1.389471292495727539e+00
6.482526659965515137e-01
-1.176816299557685852e-01
-6.756865978240966797e-01
-8.499507904052734375e-01
-6.973912119865417480e-01
-4.069927632808685303e-01
-2.467801421880722046e-01
-3.001425266265869141e-01
-4.765813350677490234e-01
-5.071099996566772461e-01
-2.193461805582046509e-01
4.002179205417633057e-01
1.110866069793701172e+00
1.641144394874572754e+00
1.765140891075134277e+00
1.476206064224243164e+00
8.588166236877441406e-01
8.991311490535736084e-02
-7.085990309715270996e-01
-1.371279597282409668e+00
-1.775512218475341797e+00
-1.776348590850830078e+00
-1.393820643424987793e+00
-7.691544294357299805e-01
-2.072601914405822754e-01
8.117272704839706421e-02
3.604888543486595154e-02
-1.261292845010757446e-01
-1.630563884973526001e-01
8.414194732904434204e-02
4.739466905593872070e-01
7.565665841102600098e-01
6.896545290946960449e-01
3.251090943813323975e-01
-9.819348901510238647e-02
-2.458182871341705322e-01
