4.824228584766387939e-02
4.406733810901641846e-02
5.126551389694213867e-01
7.812615036964416504e-01
6.606528759002685547e-01
3.121003508567810059e-01
-1.240092217922210693e-01
-3.948891162872314453e-01
-5.293880701065063477e-01
-5.211904048919677734e-01
-4.744898676872253418e-01
-2.403044998645782471e-01
2.477274984121322632e-01
1.054454803466796875e+00
1.849034786224365234e+00
2.241956233978271484e+00
1.843114733695983887e+00
8.124201893806457520e-01
-3.469107151031494141e-01
-8.841388225555419922e-01
-5.291489362716674805e-01
4.382925033569335938e-01
1.152120351791381836e+00
9.425827860832214355e-01
-3.151093125343322754e-01
-1.889497995376586914e+00
-2.838305234909057617e+00
-2.512413501739501953e+00
-1.173559784889221191e+00
3.493956327438354492e-01
1.109933972358703613e+00
8.257225155830383301e-01
-1.283119767904281616e-01
-9.557269811630249023e-01
-1.177166223526000977e+00
-8.166522979736328125e-01
-3.752699196338653564e-01
-2.361389398574829102e-01
-4.390988945960998535e-01
-6.046636700630187988e-01
-4.073344171047210693e-01
1.885683536529541016e-01
8.188580274581909180e-01
1.110738277435302734e+00
9.305207729339599609e-01
5.284351110458374023e-01
2.112689614295959473e-01
9.489637613296508789e-02
-3.793820738792419434e-02
-4.430834650993347168e-01
-1.144651532173156738e+00
-1.784645080566406250e+00
-1.918319702148437500e+00
-1.377812623977661133e+00
-4.909932613372802734e-01
1.459134817123413086e-01
1.177515089511871338e-01
-4.670830667018890381e-01
-1.046716451644897461e+00
-1.036724090576171875e+00
-2.636141180992126465e-01
9.170060753822326660e-01
1.933730840682983398e+00
2.404121160507202148e+00
2.376275062561035156e+00
2.157137155532836914e+00
2.013960838317871094e+00
1.925648808479309082e+00
1.700018644332885742e+00
1.182831525802612305e+00
4.815478920936584473e-01
-1.681907325983047485e-01
-5.742098689079284668e-01
-8.013435602188110352e-01
-1.014061331748962402e+00
-1.307875752449035645e+00
-1.490749716758728027e+00
-1.289683222770690918e+00
-5.779546499252319336e-01
3.436525464057922363e-01
9.610284566879272461e-01
8.502488136291503906e-01
1.082895249128341675e-01
-7.641732096672058105e-01
-1.156824350357055664e+00
-9.110610485076904297e-01
-3.522978127002716064e-01
-9.757000207901000977e-02
-4.523094594478607178e-01
-1.240955114364624023e+00
-1.859970450401306152e+00
-1.857310771942138672e+00
-1.189354538917541504e+00
-3.207343518733978271e-01
2.583646178245544434e-01
3.040803670883178711e-01
2.812437713146209717e-02
-2.580664753913879395e-01
-3.415786027908325195e-01
-3.199136853218078613e-01
-3.006188869476318359e-01
-2.829922437667846680e-01
-1.562142372131347656e-02
6.320655345916748047e-01
1.511160492897033691e+00
2.073256731033325195e+00
1.841904759407043457e+00
7.321311235427856445e-01
-6.962658166885375977e-01
-1.686995863914489746e+00
-1.738683938980102539e+00
-1.059404611587524414e+00
-2.728483676910400391e-01
2.757632732391357422e-02
-1.468661725521087646e-01
-3.113404214382171631e-01
9.642615914344787598e-02
1.074579119682312012e+00
2.060740470886230469e+00
2.297817707061767578e+00
1.558903813362121582e+00
3.270874917507171631e-01
-4.869404435157775879e-01
-3.348988890647888184e-01
5.718373060226440430e-01
1.347855806350708008e+00
1.198622941970825195e+00
1.507490873336791992e-02
-1.461168527603149414e+00
-2.243272542953491211e+00
-1.797383546829223633e+00
-4.670113325119018555e-01
8.545659184455871582e-01
1.363618731498718262e+00
9.218023419380187988e-01
2.855107188224792480e-02
-6.285818815231323242e-01
-7.170429229736328125e-01
-4.020650982856750488e-01
-9.326201677322387695e-02
-2.844667434692382812e-02
-1.020564287900924683e-01
-4.527619481086730957e-02
2.545346021652221680e-01
5.906515717506408691e-01
6.226006150245666504e-01
1.828196644783020020e-01
-5.025252103805541992e-01
-9.881415367126464844e-01
-9.155166745185852051e-01
-3.434162437915802002e-01
3.331365585327148438e-01
6.250477433204650879e-01
3.585972785949707031e-01
-2.797301411628723145e-01
-8.315482139587402344e-01
-9.594497084617614746e-01
-5.781866312026977539e-01
5.463901162147521973e-02
6.025002598762512207e-01
7.468264698982238770e-01
4.196087121963500977e-01
-2.984189391136169434e-01
-1.097096204757690430e+00
-1.656696677207946777e+00
-1.641884565353393555e+00
-9.909582138061523438e-01
1.377654373645782471e-01
1.269877910614013672e+00
1.995942115783691406e+00
2.066922187805175781e+00
1.689518213272094727e+00
1.207431077957153320e+00
9.766716957092285156e-01
9.226890802383422852e-01
7.637999057769775391e-01
1.061083972454071045e-01
-9.983909726142883301e-01
-2.156760454177856445e+00
-2.663254737854003906e+00
-2.158419132232666016e+00
-7.130559682846069336e-01
9.828179478645324707e-01
2.230961799621582031e+00
2.506102561950683594e+00
1.904635190963745117e+00
7.803860306739807129e-01
-2.867429256439208984e-01
-9.863083958625793457e-01
-1.080006599426269531e+00
-6.202481985092163086e-01
3.594362437725067139e-01
1.534473896026611328e+00
2.560479640960693359e+00
2.902963161468505859e+00
2.384952068328857422e+00
1.109680175781250000e+00
-2.565678060054779053e-01
-1.108624219894409180e+00
-1.029805064201354980e+00
-3.391913175582885742e-01
3.834011554718017578e-01
4.518117904663085938e-01
-1.704607903957366943e-01
-1.108474493026733398e+00
-1.595331907272338867e+00
-1.313893556594848633e+00
-3.743664622306823730e-01
4.877968132495880127e-01
7.134816050529479980e-01
3.755754232406616211e-02
-1.052516698837280273e+00
-1.936385154724121094e+00
-1.996710062026977539e+00
-1.271502137184143066e+00
-9.243178367614746094e-02
8.898332118988037109e-01
