-1.193029999732971191e+00
-1.197871446609497070e+00
-8.307927250862121582e-01
-3.206492066383361816e-01
1.468895822763442993e-01
3.927868008613586426e-01
4.904872477054595947e-01
5.427265167236328125e-01
7.109184861183166504e-01
9.217151999473571777e-01
1.053063750267028809e+00
8.842423558235168457e-01
4.291945099830627441e-01
-1.854275166988372803e-01
-6.308892965316772461e-01
-7.398219108581542969e-01
-4.723318219184875488e-01
-9.164863824844360352e-02
1.728397458791732788e-01
1.447593420743942261e-01
-1.505690813064575195e-02
-7.765685021877288818e-02
2.247885018587112427e-01
8.142349720001220703e-01
1.431084036827087402e+00
1.622950792312622070e+00
1.211330652236938477e+00
2.803199291229248047e-01
-6.816276907920837402e-01
-1.233746647834777832e+00
-1.097750306129455566e+00
-4.925690889358520508e-01
1.639314889907836914e-01
3.638349473476409912e-01
-1.849433779716491699e-02
-8.158326745033264160e-01
-1.521570801734924316e+00
-1.753766655921936035e+00
-1.306658864021301270e+00
-4.106033444404602051e-01
5.670790076255798340e-01
1.145002841949462891e+00
1.111935734748840332e+00
4.471078813076019287e-01
-5.036560297012329102e-01
-1.330720782279968262e+00
-1.567903399467468262e+00
-1.079013824462890625e+00
1.452434924431145191e-03
1.133867502212524414e+00
1.789835453033447266e+00
1.583057165145874023e+00
6.628428697586059570e-01
-5.197296142578125000e-01
-1.328687429428100586e+00
-1.489956140518188477e+00
-1.086808562278747559e+00
-5.957403779029846191e-01
-3.506661951541900635e-01
-4.251761138439178467e-01
-4.493833482265472412e-01
-8.666194975376129150e-02
7.758423089981079102e-01
1.721861600875854492e+00
2.204215288162231445e+00
1.796371459960937500e+00
6.625523567199707031e-01
-6.655541062355041504e-01
-1.486470222473144531e+00
-1.505158305168151855e+00
-8.164136409759521484e-01
1.008958071470260620e-01
8.752372860908508301e-01
1.288697004318237305e+00
1.409588098526000977e+00
1.264635086059570312e+00
8.955713510513305664e-01
2.748975157737731934e-01
-3.921090066432952881e-01
-8.059561252593994141e-01
-6.231429576873779297e-01
9.934654831886291504e-02
9.534266591072082520e-01
1.273204445838928223e+00
7.446633577346801758e-01
-4.217870831489562988e-01
-1.452967405319213867e+00
-1.669573903083801270e+00
-8.893743157386779785e-01
2.850645482540130615e-01
9.965155720710754395e-01
6.520464420318603516e-01
-5.260235071182250977e-01
-1.778554916381835938e+00
-2.265362739562988281e+00
-1.779329538345336914e+00
-7.327049970626831055e-01
1.166305243968963623e-01
3.728884458541870117e-01
1.684824526309967041e-01
6.143799424171447754e-02
4.005331397056579590e-01
1.087292790412902832e+00
1.558026909828186035e+00
1.363787889480590820e+00
4.883086085319519043e-01
-5.108213424682617188e-01
-1.004746079444885254e+00
-6.848230361938476562e-01
1.393369138240814209e-01
8.926664590835571289e-01
1.106803774833679199e+00
8.253219127655029297e-01
4.159773588180541992e-01
2.974102497100830078e-01
5.130000114440917969e-01
8.100713491439819336e-01
8.213519454002380371e-01
4.601313769817352295e-01
-9.862032532691955566e-02
-5.318816304206848145e-01
-7.214727997779846191e-01
-7.493595480918884277e-01
-8.174303770065307617e-01
-9.248136878013610840e-01
-8.933442831039428711e-01
-4.734453558921813965e-01
2.901480793952941895e-01
1.038442492485046387e+00
1.235005378723144531e+00
6.351013779640197754e-01
-5.325110554695129395e-01
-1.594967126846313477e+00
-1.930818557739257812e+00
-1.323894381523132324e+00
-1.718714684247970581e-01
8.564524650573730469e-01
1.200485825538635254e+00
8.062465786933898926e-01
3.364807367324829102e-02
-5.742927789688110352e-01
-7.026879787445068359e-01
-3.457763195037841797e-01
2.259020358324050903e-01
7.538136839866638184e-01
1.084097385406494141e+00
1.241105556488037109e+00
1.271606683731079102e+00
1.222853302955627441e+00
1.063860177993774414e+00
7.891562581062316895e-01
3.900755941867828369e-01
-8.913108706474304199e-02
-6.233850717544555664e-01
-1.138031125068664551e+00
-1.541614413261413574e+00
-1.674318552017211914e+00
-1.443478226661682129e+00
-8.743174076080322266e-01
-2.127817124128341675e-01
2.287584990262985229e-01
2.131206095218658447e-01
-1.795693635940551758e-01
-6.206254363059997559e-01
-6.799331903457641602e-01
-1.822321563959121704e-01
6.920368075370788574e-01
1.443526625633239746e+00
1.631713747978210449e+00
1.120940804481506348e+00
2.387318760156631470e-01
-4.918912947177886963e-01
-6.393133997917175293e-01
-1.992740631103515625e-01
4.730580449104309082e-01
8.597930669784545898e-01
6.873890161514282227e-01
4.415402188897132874e-02
-6.381030678749084473e-01
-9.507154822349548340e-01
-7.287349700927734375e-01
-2.201891243457794189e-01
1.544422358274459839e-01
4.928595572710037231e-02
-4.788193702697753906e-01
-1.044591188430786133e+00
-1.120117783546447754e+00
-4.862751960754394531e-01
6.218842267990112305e-01
1.524911403656005859e+00
1.574729919433593750e+00
5.187613368034362793e-01
-1.197726249694824219e+00
-2.718183517456054688e+00
-3.192209720611572266e+00
-2.370518922805786133e+00
-6.829832792282104492e-01
9.565736055374145508e-01
1.805424928665161133e+00
1.650789022445678711e+00
9.552664160728454590e-01
3.823776841163635254e-01
3.764227032661437988e-01
7.793765664100646973e-01
1.082402944564819336e+00
7.717754840850830078e-01
-1.535223722457885742e-01
-1.233214020729064941e+00
-1.768339514732360840e+00
-1.408329248428344727e+00
-3.018643856048583984e-01
9.049637913703918457e-01
1.598307728767395020e+00
1.468024373054504395e+00
7.509088516235351562e-01
-1.011862978339195251e-01
-6.350045204162597656e-01
