4.198973178863525391e-01
3.844507932662963867e-01
1.261495232582092285e+00
2.087106227874755859e+00
2.481078863143920898e+00
2.361030817031860352e+00
1.753992319107055664e+00
8.857924938201904297e-01
-9.044713526964187622e-02
-9.181554317474365234e-01
-1.423548936843872070e+00
-1.398158311843872070e+00
-9.028869867324829102e-01
-1.670284867286682129e-01
3.229371905326843262e-01
2.375902086496353149e-01
-5.209144353866577148e-01
-1.590140104293823242e+00
-2.498108386993408203e+00
-2.811021327972412109e+00
-2.502893924713134766e+00
-1.776292204856872559e+00
-1.007310628890991211e+00
-3.841083049774169922e-01
1.144039630889892578e-02
2.670248150825500488e-01
3.846157193183898926e-01
4.041205048561096191e-01
3.250110745429992676e-01
2.818042635917663574e-01
3.457244932651519775e-01
5.337978005409240723e-01
6.362852454185485840e-01
4.614599943161010742e-01
-6.035959720611572266e-02
-6.464847326278686523e-01
-8.982685208320617676e-01
-5.157550573348999023e-01
3.408915102481842041e-01
1.181167125701904297e+00
1.436800241470336914e+00
9.546927213668823242e-01
5.312390625476837158e-02
-6.470724344253540039e-01
-7.528880834579467773e-01
-3.213959038257598877e-01
1.721879839897155762e-01
3.029317557811737061e-01
5.121558904647827148e-03
-3.505769371986389160e-01
-3.450000286102294922e-01
1.303243041038513184e-01
7.105492949485778809e-01
8.731001615524291992e-01
3.569813370704650879e-01
-5.631037950515747070e-01
-1.269986391067504883e+00
-1.241181850433349609e+00
-4.578423202037811279e-01
5.946892499923706055e-01
1.275622606277465820e+00
1.250602006912231445e+00
6.902287602424621582e-01
9.525650739669799805e-02
-9.231139719486236572e-02
1.984746754169464111e-01
6.714532375335693359e-01
9.108676314353942871e-01
7.049429416656494141e-01
1.645695418119430542e-01
-3.486336767673492432e-01
-4.996503591537475586e-01
-1.650537252426147461e-01
4.570797085762023926e-01
9.940733909606933594e-01
1.064870357513427734e+00
5.359041690826416016e-01
-4.145905077457427979e-01
-1.321308493614196777e+00
-1.733859658241271973e+00
-1.441951036453247070e+00
-6.988570690155029297e-01
-3.856915235519409180e-02
1.484909653663635254e-02
-6.076436638832092285e-01
-1.492173194885253906e+00
-1.946196794509887695e+00
-1.569667816162109375e+00
-5.127609968185424805e-01
5.394194126129150391e-01
9.454030990600585938e-01
5.315593481063842773e-01
-1.972582936286926270e-01
-5.469066500663757324e-01
-1.450709551572799683e-01
6.437180638313293457e-01
1.075230836868286133e+00
5.734331607818603516e-01
-6.474734544754028320e-01
-1.746449232101440430e+00
-1.785827040672302246e+00
-5.599777698516845703e-01
1.285551786422729492e+00
2.609403133392333984e+00
2.693011045455932617e+00
1.654660224914550781e+00
3.979409039020538330e-01
-2.065772712230682373e-01
1.156430840492248535e-01
8.130754232406616211e-01
1.123338937759399414e+00
6.379905939102172852e-01
-2.849602103233337402e-01
-9.473053216934204102e-01
-8.322854638099670410e-01
-1.320509612560272217e-01
5.035883784294128418e-01
4.205775856971740723e-01
-4.206234812736511230e-01
-1.497994542121887207e+00
-2.054009675979614258e+00
-1.749295234680175781e+00
-7.805716991424560547e-01
2.460342347621917725e-01
8.884320259094238281e-01
1.066792607307434082e+00
1.099961280822753906e+00
1.269073247909545898e+00
1.621598958969116211e+00
1.866804480552673340e+00
1.715319752693176270e+00
1.061285614967346191e+00
1.559518873691558838e-01
-6.421949863433837891e-01
-1.028503775596618652e+00
-9.938079118728637695e-01
-7.193683385848999023e-01
-5.101698040962219238e-01
-5.645831823348999023e-01
-9.438164234161376953e-01
-1.472900032997131348e+00
-1.846515297889709473e+00
-1.689957737922668457e+00
-8.243427276611328125e-01
6.047970652580261230e-01
2.045416593551635742e+00
2.827505111694335938e+00
2.521210432052612305e+00
1.301570296287536621e+00
-1.338491141796112061e-01
-9.591833353042602539e-01
-8.119499683380126953e-01
-2.999025583267211914e-02
5.712373852729797363e-01
3.295478820800781250e-01
-7.646847963333129883e-01
-2.030144691467285156e+00
-2.617195606231689453e+00
-2.138379812240600586e+00
-9.617694616317749023e-01
9.134602546691894531e-02
3.764435052871704102e-01
-1.111668348312377930e-01
-7.798721790313720703e-01
-9.650470018386840820e-01
-4.401895999908447266e-01
4.301991760730743408e-01
1.058986425399780273e+00
1.117520213127136230e+00
7.983223795890808105e-01
5.669888257980346680e-01
7.538857460021972656e-01
1.210284471511840820e+00
1.484041810035705566e+00
1.174179792404174805e+00
3.520324230194091797e-01
-5.027852654457092285e-01
-7.962888479232788086e-01
-3.119173347949981689e-01
6.966515183448791504e-01
1.633327364921569824e+00
2.032329559326171875e+00
1.755639910697937012e+00
1.083453655242919922e+00
3.913983106613159180e-01
-1.082587242126464844e-02
-1.033025681972503662e-01
-7.252089679241180420e-03
3.246748447418212891e-02
-1.172887384891510010e-01
-5.268673896789550781e-01
-1.042574644088745117e+00
-1.444785475730895996e+00
-1.428436040878295898e+00
-9.207385778427124023e-01
-8.488485962152481079e-02
5.801104903221130371e-01
6.572570800781250000e-01
6.515786051750183105e-03
-9.289822578430175781e-01
-1.488895535469055176e+00
-1.137028932571411133e+00
-3.993433713912963867e-02
1.097862362861633301e+00
1.357657670974731445e+00
4.183307588100433350e-01
-1.283709526062011719e+00
-2.657534837722778320e+00
-2.831629276275634766e+00
-1.609245538711547852e+00
2.626456022262573242e-01
1.771332502365112305e+00
2.167095422744750977e+00
1.550010204315185547e+00
5.233561992645263672e-01
-1.662704795598983765e-01
-2.985132932662963867e-01
