-5.520353913307189941e-01
-6.108820438385009766e-01
-6.144792437553405762e-01
-6.078696250915527344e-01
-5.948657989501953125e-01
-4.126729369163513184e-01
4.678048193454742432e-02
7.590144872665405273e-01
1.408798336982727051e+00
1.631982207298278809e+00
1.194518804550170898e+00
2.918347716331481934e-01
-6.002362966537475586e-01
-9.350364208221435547e-01
-5.274844765663146973e-01
3.865974545478820801e-01
1.241901993751525879e+00
1.586484193801879883e+00
1.306482672691345215e+00
7.190048098564147949e-01
2.439627647399902344e-01
1.405183672904968262e-01
2.844116091728210449e-01
3.540399074554443359e-01
7.707521319389343262e-02
-4.743516147136688232e-01
-9.553040266036987305e-01
-9.635028839111328125e-01
-4.083499610424041748e-01
4.013200700283050537e-01
8.865648508071899414e-01
6.213092803955078125e-01
-3.852194547653198242e-01
-1.608905315399169922e+00
-2.341258049011230469e+00
-2.109639644622802734e+00
-1.016824245452880859e+00
3.153783679008483887e-01
1.106043338775634766e+00
9.152676463127136230e-01
-1.003387123346328735e-01
-1.280770659446716309e+00
-1.898887753486633301e+00
-1.602800130844116211e+00
-6.096047163009643555e-01
4.839047789573669434e-01
1.108904838562011719e+00
1.077717542648315430e+00
6.356594562530517578e-01
2.191198468208312988e-01
1.213268935680389404e-01
3.126806318759918213e-01
5.389968156814575195e-01
5.712656974792480469e-01
4.170075953006744385e-01
2.884658277034759521e-01
4.145065546035766602e-01
8.085711598396301270e-01
1.249279499053955078e+00
1.417699337005615234e+00
1.155964732170104980e+00
5.527771711349487305e-01
-1.051400899887084961e-01
-5.711871385574340820e-01
-7.640942335128784180e-01
-8.038382530212402344e-01
-8.308310508728027344e-01
-9.019449949264526367e-01
-9.129260778427124023e-01
-7.389414310455322266e-01
-3.324028551578521729e-01
1.732109785079956055e-01
5.710278749465942383e-01
6.643863320350646973e-01
4.306463897228240967e-01
-1.533016562461853027e-02
-4.332192838191986084e-01
-6.265357136726379395e-01
-4.825691580772399902e-01
-8.833588659763336182e-02
3.454523384571075439e-01
5.192625522613525391e-01
2.635554671287536621e-01
-3.772292435169219971e-01
-1.047993898391723633e+00
-1.299147367477416992e+00
-8.170628547668457031e-01
2.610013484954833984e-01
1.396947622299194336e+00
1.872033953666687012e+00
1.295321702957153320e+00
-1.637624204158782959e-01
-1.777010798454284668e+00
-2.746360778808593750e+00
-2.628876686096191406e+00
-1.629884481430053711e+00
-3.565981984138488770e-01
5.624557137489318848e-01
9.146320223808288574e-01
8.757981061935424805e-01
8.122066259384155273e-01
8.853456377983093262e-01
1.010010480880737305e+00
9.517580866813659668e-01
6.441987752914428711e-01
2.223753482103347778e-01
-5.758780986070632935e-02
-1.196051090955734253e-01
-9.835751354694366455e-02
-2.436901628971099854e-01
-6.058925986289978027e-01
-9.838847517967224121e-01
-1.040435314178466797e+00
-6.784799098968505859e-01
-1.518527716398239136e-01
5.148360133171081543e-02
-3.238521516323089600e-01
-1.053180456161499023e+00
-1.479005217552185059e+00
-1.034356594085693359e+00
3.066277503967285156e-01
1.877614736557006836e+00
2.771841049194335938e+00
2.440022706985473633e+00
1.113450050354003906e+00
-3.992319703102111816e-01
-1.263447761535644531e+00
-1.210943341255187988e+00
-6.165610551834106445e-01
-1.378940045833587646e-01
-1.407322883605957031e-01
-4.606072902679443359e-01
-5.830203890800476074e-01
-1.402927637100219727e-01
7.702053189277648926e-01
1.632829666137695312e+00
1.914707660675048828e+00
1.438710212707519531e+00
4.846206307411193848e-01
-4.574940204620361328e-01
-1.008236169815063477e+00
-1.073113560676574707e+00
-7.747950553894042969e-01
-2.812251448631286621e-01
2.695428133010864258e-01
7.230219841003417969e-01
8.452261090278625488e-01
4.197889268398284912e-01
-5.585846900939941406e-01
-1.713708639144897461e+00
-2.429755926132202148e+00
-2.197210311889648438e+00
-1.026510119438171387e+00
5.079415440559387207e-01
1.573957324028015137e+00
1.650614142417907715e+00
8.367660641670227051e-01
-2.220069915056228638e-01
-8.488111495971679688e-01
-7.658393383026123047e-01
-2.650264799594879150e-01
1.420870423316955566e-01
1.216603815555572510e-01
-1.898759901523590088e-01
-3.917913436889648438e-01
-1.354689300060272217e-01
5.249966382980346680e-01
1.230066776275634766e+00
1.539570212364196777e+00
1.303524851799011230e+00
6.565213203430175781e-01
-8.157292008399963379e-02
-7.069642543792724609e-01
-1.138672590255737305e+00
-1.393348932266235352e+00
-1.373945951461791992e+00
-9.672667980194091797e-01
-1.194948852062225342e-01
9.046866893768310547e-01
1.665449380874633789e+00
1.727588176727294922e+00
1.076369166374206543e+00
1.102908551692962646e-01
-5.060287714004516602e-01
-3.797889947891235352e-01
4.131435751914978027e-01
1.285072326660156250e+00
1.641445040702819824e+00
1.215985894203186035e+00
3.474857509136199951e-01
-3.596527576446533203e-01
-3.681173324584960938e-01
3.178040981292724609e-01
1.256176471710205078e+00
1.752866506576538086e+00
1.416507601737976074e+00
2.931180000305175781e-01
-1.052548885345458984e+00
-1.964902520179748535e+00
-1.948904156684875488e+00
-1.034504175186157227e+00
3.623262941837310791e-01
1.545931339263916016e+00
2.007119655609130859e+00
1.566242456436157227e+00
5.566521286964416504e-01
-4.888724088668823242e-01
-1.040227174758911133e+00
-9.869573116302490234e-01
-5.665212869644165039e-01
-2.877067029476165771e-01
-4.453220963478088379e-01
-1.007743597030639648e+00
-1.516089200973510742e+00
-1.520532011985778809e+00
-7.994063496589660645e-01
3.533096313476562500e-01
