-5.899341702461242676e-01
-6.092283129692077637e-01
4.340676665306091309e-01
1.420486569404602051e+00
1.779105663299560547e+00
1.406556606292724609e+00
3.778150081634521484e-01
-7.435204386711120605e-01
-1.490947127342224121e+00
-1.377853393554687500e+00
-4.753282070159912109e-01
8.845401406288146973e-01
1.918474674224853516e+00
2.101386785507202148e+00
1.211762070655822754e+00
-1.805284619331359863e-01
-1.291903018951416016e+00
-1.351812720298767090e+00
-4.184010028839111328e-01
8.605023622512817383e-01
1.417524337768554688e+00
7.791547775268554688e-01
-7.754321098327636719e-01
-2.119261264801025391e+00
-2.286972045898437500e+00
-9.711591005325317383e-01
9.899193048477172852e-01
2.367943286895751953e+00
2.179226160049438477e+00
5.568951964378356934e-01
-1.545975565910339355e+00
-2.823989152908325195e+00
-2.652083635330200195e+00
-1.237545371055603027e+00
4.583176374435424805e-01
1.576476693153381348e+00
1.706531047821044922e+00
1.149767160415649414e+00
4.120568335056304932e-01
-5.062419176101684570e-02
-1.923693418502807617e-01
-1.327367126941680908e-01
-9.060156345367431641e-02
-1.146492362022399902e-01
-2.424567341804504395e-01
-4.430440068244934082e-01
-7.443093657493591309e-01
-1.051017403602600098e+00
-1.208867311477661133e+00
-9.873422384262084961e-01
-3.479664623737335205e-01
5.373293161392211914e-01
1.274900436401367188e+00
1.556770801544189453e+00
1.300180912017822266e+00
7.374540567398071289e-01
1.839690059423446655e-01
-1.300957202911376953e-01
-2.031684070825576782e-01
-1.346085369586944580e-01
-1.292214076966047287e-02
1.699873805046081543e-01
4.155057370662689209e-01
6.350967288017272949e-01
6.422154903411865234e-01
3.194472193717956543e-01
-2.397323250770568848e-01
-7.407734394073486328e-01
-8.980258703231811523e-01
-6.778640747070312500e-01
-3.344855010509490967e-01
-2.029073834419250488e-01
-3.861862719058990479e-01
-6.575375795364379883e-01
-6.500425934791564941e-01
-2.359268665313720703e-01
3.074746727943420410e-01
4.655929207801818848e-01
-4.146298766136169434e-02
-9.671589136123657227e-01
-1.624310970306396484e+00
-1.426971912384033203e+00
-3.616039752960205078e-01
9.117177128791809082e-01
1.567299604415893555e+00
1.229314208030700684e+00
3.115269839763641357e-01
-3.381544351577758789e-01
-9.789016842842102051e-02
8.584724068641662598e-01
1.696965098381042480e+00
1.534725427627563477e+00
1.870718151330947876e-01
-1.674327492713928223e+00
-2.952784061431884766e+00
-2.935634851455688477e+00
-1.735677957534790039e+00
-1.728900969028472900e-01
8.872733116149902344e-01
1.084500908851623535e+00
7.103961706161499023e-01
2.940809726715087891e-01
1.390586048364639282e-01
1.035873591899871826e-01
-1.443488150835037231e-01
-7.495883107185363770e-01
-1.460755825042724609e+00
-1.838145852088928223e+00
-1.623219251632690430e+00
-9.822183847427368164e-01
-3.715954422950744629e-01
-1.706350743770599365e-01
-3.836110532283782959e-01
-6.600147485733032227e-01
-6.169179677963256836e-01
-1.518301665782928467e-01
4.751167893409729004e-01
8.909264206886291504e-01
9.035744667053222656e-01
6.673365831375122070e-01
5.040747523307800293e-01
6.583282947540283203e-01
1.059581279754638672e+00
1.432064890861511230e+00
1.465516209602355957e+00
1.093938350677490234e+00
4.662415385246276855e-01
-1.159796118736267090e-01
-4.542803764343261719e-01
-4.653164148330688477e-01
-2.447529137134552002e-01
1.099884510040283203e-01
4.568576514720916748e-01
7.303963899612426758e-01
8.250442147254943848e-01
7.403967380523681641e-01
4.742043018341064453e-01
1.585499644279479980e-01
-1.346737444400787354e-01
-3.039651513099670410e-01
-3.875877559185028076e-01
-3.634371161460876465e-01
-2.693620920181274414e-01
-3.261721134185791016e-02
2.797792553901672363e-01
5.929790139198303223e-01
6.578567028045654297e-01
3.878113627433776855e-01
-2.251063287258148193e-01
-8.813667297363281250e-01
-1.345225095748901367e+00
-1.418759942054748535e+00
-1.269796848297119141e+00
-1.083008885383605957e+00
-1.091060161590576172e+00
-1.166806459426879883e+00
-1.150589466094970703e+00
-7.967084646224975586e-01
-2.577769756317138672e-01
2.216344177722930908e-01
2.378380298614501953e-01
-1.955479234457015991e-01
-8.768647313117980957e-01
-1.274799346923828125e+00
-1.167961239814758301e+00
-5.025488138198852539e-01
3.189569711685180664e-01
1.032302856445312500e+00
1.373805165290832520e+00
1.472977042198181152e+00
1.350016832351684570e+00
1.138473510742187500e+00
7.117679119110107422e-01
1.976566314697265625e-01
-2.946359217166900635e-01
-3.420137166976928711e-01
1.593562960624694824e-01
1.184355497360229492e+00
2.166405439376831055e+00
2.679657697677612305e+00
2.369018077850341797e+00
1.558699250221252441e+00
6.839067935943603516e-01
3.696001172065734863e-01
6.601588726043701172e-01
1.388060808181762695e+00
1.933433055877685547e+00
2.009550809860229492e+00
1.428514838218688965e+00
5.776019096374511719e-01
-2.268492579460144043e-01
-5.059182643890380859e-01
-2.548328042030334473e-01
4.754703640937805176e-01
1.177881717681884766e+00
1.533683657646179199e+00
1.151316404342651367e+00
2.271413207054138184e-01
-9.293334484100341797e-01
-1.611721277236938477e+00
-1.565302610397338867e+00
-7.693282961845397949e-01
8.393639326095581055e-02
4.462497830390930176e-01
-1.177162379026412964e-01
-1.179861664772033691e+00
-2.151333808898925781e+00
-2.298323154449462891e+00
-1.710913062095642090e+00
-8.298734426498413086e-01
-5.086799860000610352e-01
-9.153599739074707031e-01
-1.761152744293212891e+00
-2.076404571533203125e+00
-1.347673892974853516e+00
4.790531098842620850e-01
2.510821580886840820e+00
