1.191258788108825684e+00
1.149256467819213867e+00
8.490339517593383789e-01
4.301774501800537109e-02
-9.599671363830566406e-01
-1.620855093002319336e+00
-1.784337162971496582e+00
-1.464049220085144043e+00
-1.017644047737121582e+00
-5.966802835464477539e-01
-3.362602591514587402e-01
-1.171443015336990356e-01
-1.891869306564331055e-02
-7.077920436859130859e-02
-4.356138706207275391e-01
-9.429835081100463867e-01
-1.356280684471130371e+00
-1.266494154930114746e+00
-6.609826683998107910e-01
2.313880175352096558e-01
8.269778490066528320e-01
8.308638334274291992e-01
2.567584514617919922e-01
-3.396052420139312744e-01
-4.703536629676818848e-01
1.308333277702331543e-01
1.095585107803344727e+00
1.890946388244628906e+00
2.006834983825683594e+00
1.519093275070190430e+00
8.078589439392089844e-01
4.561771750450134277e-01
6.194263696670532227e-01
1.125704407691955566e+00
1.446130275726318359e+00
1.297374963760375977e+00
6.791863441467285156e-01
4.504555463790893555e-02
-2.042838782072067261e-01
1.436406970024108887e-01
7.935537695884704590e-01
1.298662424087524414e+00
1.206745266914367676e+00
5.286340117454528809e-01
-4.117988646030426025e-01
-1.029686093330383301e+00
-1.010220170021057129e+00
-3.832113146781921387e-01
3.363152444362640381e-01
6.063411235809326172e-01
9.054791927337646484e-02
-9.638183116912841797e-01
-1.980594754219055176e+00
-2.302086114883422852e+00
-1.759968519210815430e+00
-6.967066526412963867e-01
1.485574096441268921e-01
2.759155631065368652e-01
-2.999653816223144531e-01
-9.392989873886108398e-01
-9.435553550720214844e-01
-1.652401685714721680e-02
1.363598585128784180e+00
2.328857660293579102e+00
2.157626152038574219e+00
9.081659317016601562e-01
-6.641086935997009277e-01
-1.562070965766906738e+00
-1.332266688346862793e+00
-3.230677247047424316e-01
5.403163433074951172e-01
5.231790542602539062e-01
-4.110347032546997070e-01
-1.524892568588256836e+00
-1.919399976730346680e+00
-1.165992617607116699e+00
3.299823999404907227e-01
1.673585176467895508e+00
2.073316097259521484e+00
1.401318788528442383e+00
1.728238165378570557e-01
-8.391693830490112305e-01
-1.163552045822143555e+00
-8.285366892814636230e-01
-2.342724800109863281e-01
2.390882819890975952e-01
4.467802643775939941e-01
4.925129115581512451e-01
5.127918124198913574e-01
5.507627725601196289e-01
5.427647233009338379e-01
4.590558111667633057e-01
3.554228544235229492e-01
3.253994882106781006e-01
3.643885254859924316e-01
3.428364992141723633e-01
1.088846325874328613e-01
-3.303333520889282227e-01
-7.638630867004394531e-01
-9.044379591941833496e-01
-6.366840600967407227e-01
-1.326513886451721191e-01
2.556617259979248047e-01
2.763451635837554932e-01
-1.722083985805511475e-02
-3.036639094352722168e-01
-2.722191810607910156e-01
1.125544905662536621e-01
5.523426532745361328e-01
6.496115922927856445e-01
2.229880839586257935e-01
-5.308406352996826172e-01
-1.179479360580444336e+00
-1.349644899368286133e+00
-9.751878976821899414e-01
-2.875948250293731689e-01
3.794489502906799316e-01
8.190004229545593262e-01
1.007631659507751465e+00
1.015772819519042969e+00
8.668934702873229980e-01
5.330382585525512695e-01
9.043216705322265625e-03
-5.725138783454895020e-01
-9.923000931739807129e-01
-1.068749070167541504e+00
-8.131611347198486328e-01
-3.968018591403961182e-01
-2.251094579696655273e-02
2.597982883453369141e-01
5.284977555274963379e-01
8.701053857803344727e-01
1.169105052947998047e+00
1.156560063362121582e+00
5.838556289672851562e-01
-4.586275219917297363e-01
-1.517120718955993652e+00
-1.965306997299194336e+00
-1.475355148315429688e+00
-2.555496692657470703e-01
9.705651998519897461e-01
1.453163504600524902e+00
8.374340534210205078e-01
-5.412180423736572266e-01
-1.935537219047546387e+00
-2.575493335723876953e+00
-2.174483299255371094e+00
-9.636956453323364258e-01
4.346329271793365479e-01
1.457226991653442383e+00
1.772553205490112305e+00
1.438926815986633301e+00
6.741711497306823730e-01
-1.919049620628356934e-01
-9.338600635528564453e-01
-1.338907361030578613e+00
-1.335086703300476074e+00
-8.872737288475036621e-01
-1.487841904163360596e-01
6.838613748550415039e-01
1.303738951683044434e+00
1.546011447906494141e+00
1.329037785530090332e+00
8.396344184875488281e-01
3.205721676349639893e-01
1.176846325397491455e-01
3.626168966293334961e-01
1.026202201843261719e+00
1.730662822723388672e+00
2.055833101272583008e+00
1.606189131736755371e+00
4.446388781070709229e-01
-1.032516241073608398e+00
-2.097397804260253906e+00
-2.278397083282470703e+00
-1.489461541175842285e+00
-2.954962849617004395e-01
6.138522028923034668e-01
6.817132830619812012e-01
2.557563781738281250e-02
-8.588008284568786621e-01
-1.272170662879943848e+00
-9.926620721817016602e-01
-1.944773495197296143e-01
5.453934073448181152e-01
9.128624200820922852e-01
8.761993050575256348e-01
8.497924804687500000e-01
1.075207710266113281e+00
1.567760825157165527e+00
1.852452039718627930e+00
1.545405268669128418e+00
4.620142579078674316e-01
-9.737794399261474609e-01
-2.228930711746215820e+00
-2.772218465805053711e+00
-2.627259492874145508e+00
-2.034735202789306641e+00
-1.455905437469482422e+00
-1.001824140548706055e+00
-6.699152588844299316e-01
-2.108976691961288452e-01
3.468655645847320557e-01
9.401679039001464844e-01
1.273417592048645020e+00
1.307995676994323730e+00
1.025692224502563477e+00
6.649106740951538086e-01
2.684695720672607422e-01
-5.318660289049148560e-02
-3.873503804206848145e-01
-5.931091308593750000e-01
-6.169161200523376465e-01
-2.792601585388183594e-01
2.732462286949157715e-01
8.841344118118286133e-01
1.196030378341674805e+00
