1.515463292598724365e-01
1.478787064552307129e-01
5.936656594276428223e-01
7.831785082817077637e-01
5.957975387573242188e-01
2.978467047214508057e-01
2.092882692813873291e-01
5.484986901283264160e-01
1.111297011375427246e+00
1.512588858604431152e+00
1.342708349227905273e+00
5.883583426475524902e-01
-4.748333692550659180e-01
-1.353889584541320801e+00
-1.784105777740478516e+00
-1.751319408416748047e+00
-1.539075136184692383e+00
-1.358175516128540039e+00
-1.275998234748840332e+00
-1.071528673171997070e+00
-5.581072568893432617e-01
3.341606855392456055e-01
1.332987546920776367e+00
2.074278831481933594e+00
2.207647323608398438e+00
1.730409741401672363e+00
8.804011940956115723e-01
9.838750958442687988e-02
-3.504179716110229492e-01
-4.213822484016418457e-01
-3.860508203506469727e-01
-5.137971639633178711e-01
-9.486628770828247070e-01
-1.481900930404663086e+00
-1.762287378311157227e+00
-1.454784750938415527e+00
-5.845454931259155273e-01
5.036503672599792480e-01
1.243744850158691406e+00
1.267208099365234375e+00
5.445125699043273926e-01
-5.272610783576965332e-01
-1.466539144515991211e+00
-1.911923766136169434e+00
-1.870758414268493652e+00
-1.536905527114868164e+00
-1.146923303604125977e+00
-7.236354351043701172e-01
-1.807064414024353027e-01
5.740297436714172363e-01
1.398139715194702148e+00
2.007004499435424805e+00
2.093950271606445312e+00
1.631314277648925781e+00
8.630687594413757324e-01
2.185432165861129761e-01
-1.668074727058410645e-02
1.955073773860931396e-01
6.137428879737854004e-01
9.712824821472167969e-01
1.088732481002807617e+00
9.759205579757690430e-01
6.923289895057678223e-01
3.072874844074249268e-01
-1.618595570325851440e-01
-6.257848739624023438e-01
-9.398106932640075684e-01
-9.265231490135192871e-01
-5.645161867141723633e-01
-2.212244272232055664e-02
3.849045634269714355e-01
4.449397027492523193e-01
1.718955636024475098e-01
-1.849684715270996094e-01
-3.852488994598388672e-01
-3.768973946571350098e-01
-3.506249785423278809e-01
-5.082449913024902344e-01
-8.488115668296813965e-01
-1.083346128463745117e+00
-8.743418455123901367e-01
-1.316072791814804077e-01
8.050748109817504883e-01
1.364207029342651367e+00
1.129824399948120117e+00
1.767391562461853027e-01
-9.632146358489990234e-01
-1.633358597755432129e+00
-1.502286195755004883e+00
-7.326033115386962891e-01
1.727990508079528809e-01
7.414385676383972168e-01
7.870478034019470215e-01
4.251519441604614258e-01
-1.294789314270019531e-01
-7.214927673339843750e-01
-1.279570102691650391e+00
-1.700665354728698730e+00
-1.809146523475646973e+00
-1.453172206878662109e+00
-6.890643239021301270e-01
1.704687476158142090e-01
7.215814590454101562e-01
7.666115164756774902e-01
4.695570468902587891e-01
2.266798317432403564e-01
3.233085870742797852e-01
6.889551281929016113e-01
9.532835483551025391e-01
8.176953792572021484e-01
3.649880290031433105e-01
5.487097799777984619e-02
3.259733021259307861e-01
1.161539554595947266e+00
1.979994893074035645e+00
2.047166347503662109e+00
1.062185764312744141e+00
-5.157314538955688477e-01
-1.739706158638000488e+00
-1.845898389816284180e+00
-8.259775638580322266e-01
5.832586884498596191e-01
1.459142208099365234e+00
1.392092704772949219e+00
7.323428392410278320e-01
2.259018421173095703e-01
3.275066316127777100e-01
8.077190518379211426e-01
9.337697029113769531e-01
1.339730918407440186e-01
-1.475108861923217773e+00
-3.070204496383666992e+00
-3.707230806350708008e+00
-2.978839397430419922e+00
-1.311552047729492188e+00
3.846423923969268799e-01
1.327550292015075684e+00
1.353420495986938477e+00
8.588379621505737305e-01
4.165485501289367676e-01
3.154670000076293945e-01
4.734109044075012207e-01
6.113027334213256836e-01
5.743049383163452148e-01
3.955326080322265625e-01
2.004107236862182617e-01
-7.232844829559326172e-03
-3.235268294811248779e-01
-8.220748901367187500e-01
-1.342318296432495117e+00
-1.564952254295349121e+00
-1.196338653564453125e+00
-2.853699028491973877e-01
7.905770540237426758e-01
1.495738863945007324e+00
1.533524632453918457e+00
9.727286100387573242e-01
2.176377773284912109e-01
-3.286342620849609375e-01
-4.285230338573455811e-01
-1.298592090606689453e-01
4.188069105148315430e-01
1.003890752792358398e+00
1.446237802505493164e+00
1.502966523170471191e+00
9.935040473937988281e-01
-1.223348826169967651e-01
-1.521176099777221680e+00
-2.652734518051147461e+00
-2.950747489929199219e+00
-2.281756877899169922e+00
-1.004122495651245117e+00
1.758508533239364624e-01
7.587185502052307129e-01
7.082375884056091309e-01
4.874085187911987305e-01
5.553007721900939941e-01
1.022698163986206055e+00
1.473534822463989258e+00
1.417219161987304688e+00
6.762224435806274414e-01
-2.913310229778289795e-01
-7.847409248352050781e-01
-3.135158419609069824e-01
8.832650184631347656e-01
2.057183504104614258e+00
2.378725528717041016e+00
1.629395008087158203e+00
2.434904426336288452e-01
-9.335868358612060547e-01
-1.347189664840698242e+00
-9.740082025527954102e-01
-3.287063837051391602e-01
1.087391972541809082e-01
1.585507690906524658e-01
1.085317879915237427e-01
2.857214212417602539e-01
8.254550695419311523e-01
1.435436487197875977e+00
1.732983589172363281e+00
1.444365024566650391e+00
7.072836160659790039e-01
-1.616946458816528320e-01
-7.884234189987182617e-01
-1.078541517257690430e+00
-1.078405857086181641e+00
-9.828332066535949707e-01
-8.555049896240234375e-01
-7.556710243225097656e-01
-6.575042009353637695e-01
-6.406509876251220703e-01
-6.959288120269775391e-01
-8.029762506484985352e-01
-7.734750509262084961e-01
-5.089842081069946289e-01
1.042249798774719238e-02
5.493267178535461426e-01
