6.033142209053039551e-01
6.608910560607910156e-01
7.801219224929809570e-01
8.913477659225463867e-01
7.758956551551818848e-01
4.277991950511932373e-01
-1.236560419201850891e-01
-5.773101449012756348e-01
-7.589408159255981445e-01
-5.355942249298095703e-01
-1.340477168560028076e-01
1.909782290458679199e-01
1.264901310205459595e-01
-2.865419089794158936e-01
-8.849337697029113770e-01
-1.321981072425842285e+00
-1.517931342124938965e+00
-1.524395108222961426e+00
-1.613693952560424805e+00
-1.833212018013000488e+00
-2.061083078384399414e+00
-1.896108984947204590e+00
-1.139554858207702637e+00
1.443399637937545776e-01
1.431118488311767578e+00
2.211489200592041016e+00
2.184440851211547852e+00
1.622941970825195312e+00
1.032107830047607422e+00
9.102417230606079102e-01
1.243322491645812988e+00
1.664458990097045898e+00
1.624383926391601562e+00
9.586201906204223633e-01
-8.800610899925231934e-02
-9.164568185806274414e-01
-1.126130104064941406e+00
-6.828677654266357422e-01
-2.068392187356948853e-02
4.017951190471649170e-01
3.332298994064331055e-01
-4.365500807762145996e-02
-4.028392732143402100e-01
-4.704597890377044678e-01
-2.861938774585723877e-01
-4.131812229752540588e-02
6.523390859365463257e-02
5.777576193213462830e-02
8.054796606302261353e-02
2.879838347434997559e-01
6.510463356971740723e-01
1.010031700134277344e+00
1.175403594970703125e+00
1.083767890930175781e+00
7.774867415428161621e-01
3.351193070411682129e-01
-2.220041155815124512e-01
-8.795141577720642090e-01
-1.529317498207092285e+00
-1.934244990348815918e+00
-1.829681754112243652e+00
-1.152233600616455078e+00
-1.441410779953002930e-01
7.230920195579528809e-01
1.075663328170776367e+00
8.606699109077453613e-01
4.066180586814880371e-01
1.130654737353324890e-01
1.742222607135772705e-01
3.753435611724853516e-01
3.462070822715759277e-01
-1.676590889692306519e-01
-9.961595535278320312e-01
-1.724273324012756348e+00
-1.927930474281311035e+00
-1.562381863594055176e+00
-8.771275281906127930e-01
-2.634216845035552979e-01
1.579635143280029297e-01
4.834866523742675781e-01
9.464883208274841309e-01
1.508931875228881836e+00
1.916693449020385742e+00
1.785082101821899414e+00
1.080685138702392578e+00
1.108777523040771484e-01
-5.403674244880676270e-01
-5.776581764221191406e-01
-1.133140772581100464e-01
2.861938774585723877e-01
1.942598074674606323e-01
-4.512674808502197266e-01
-1.138411164283752441e+00
-1.337742567062377930e+00
-7.898175120353698730e-01
1.195789203047752380e-01
8.122416734695434570e-01
8.259149789810180664e-01
3.332298994064331055e-01
-1.574165821075439453e-01
-6.607916206121444702e-02
6.321523785591125488e-01
1.548907518386840820e+00
2.026726007461547852e+00
1.810638666152954102e+00
1.047571063041687012e+00
2.988727092742919922e-01
-9.079048037528991699e-02
-7.517810165882110596e-02
-5.961543694138526917e-02
-3.551071286201477051e-01
-1.060150384902954102e+00
-1.808550357818603516e+00
-2.217107534408569336e+00
-1.995501279830932617e+00
-1.304727792739868164e+00
-4.346109628677368164e-01
2.317494153976440430e-01
5.941655635833740234e-01
6.211640238761901855e-01
4.352076053619384766e-01
2.655099518597126007e-02
-5.125237107276916504e-01
-1.096943974494934082e+00
-1.428980588912963867e+00
-1.325859308242797852e+00
-6.865471005439758301e-01
2.239929437637329102e-01
1.076061129570007324e+00
1.506843566894531250e+00
1.489590406417846680e+00
1.159691810607910156e+00
8.379971385002136230e-01
6.545267701148986816e-01
6.470686197280883789e-01
6.451792716979980469e-01
5.801442265510559082e-01
3.853374719619750977e-01
1.452846676111221313e-01
-1.362354457378387451e-01
-4.048281013965606689e-01
-6.771001219749450684e-01
-8.411295413970947266e-01
-8.275060057640075684e-01
-5.531457662582397461e-01
-1.427488923072814941e-01
2.236946225166320801e-01
3.134906888008117676e-01
1.161481738090515137e-01
-2.364729046821594238e-01
-4.711558818817138672e-01
-4.665318131446838379e-01
-2.566099166870117188e-01
-6.443837285041809082e-02
-2.769457735121250153e-02
-1.418041884899139404e-01
-2.059939652681350708e-01
-7.353730499744415283e-02
2.456712871789932251e-01
5.040214061737060547e-01
4.523116350173950195e-01
1.198275294154882431e-02
-5.746749043464660645e-01
-9.225724935531616211e-01
-7.417373657226562500e-01
-7.945410162210464478e-02
7.124019861221313477e-01
1.191314339637756348e+00
1.127223968505859375e+00
6.309590339660644531e-01
5.389752611517906189e-02
-2.627255916595458984e-01
-2.331913262605667114e-01
-3.967732936143875122e-02
8.750889450311660767e-03
-2.387600690126419067e-01
-6.702883243560791016e-01
-9.199373126029968262e-01
-6.646201610565185547e-01
1.785977035760879517e-01
1.274447798728942871e+00
2.071375370025634766e+00
2.034830570220947266e+00
1.058857679367065430e+00
-4.958174526691436768e-01
-1.874082684516906738e+00
-2.429117679595947266e+00
-1.912218570709228516e+00
-7.309976220130920410e-01
3.909062445163726807e-01
7.600843906402587891e-01
2.679960131645202637e-01
-6.518915891647338867e-01
-1.204241752624511719e+00
-9.065126180648803711e-01
1.938123255968093872e-01
1.405114531517028809e+00
1.993214011192321777e+00
1.553332686424255371e+00
4.314288198947906494e-01
-6.663603782653808594e-01
-1.015252351760864258e+00
-5.303735136985778809e-01
3.479970395565032959e-01
8.186556696891784668e-01
4.572339951992034912e-01
-6.575597524642944336e-01
-1.819787383079528809e+00
-2.353293180465698242e+00
-1.857177495956420898e+00
-6.258378028869628906e-01
7.642609477043151855e-01
1.628013610839843750e+00
1.751023292541503906e+00
1.232234716415405273e+00
5.379311442375183105e-01
-2.461187727749347687e-02
