4.031215608119964600e-01
3.880683183670043945e-01
-2.327767014503479004e-02
-3.214385211467742920e-01
-3.025355935096740723e-01
-3.057479858398437500e-02
4.046705961227416992e-01
8.175630569458007812e-01
1.152252316474914551e+00
1.283952951431274414e+00
1.141395807266235352e+00
5.853861570358276367e-01
-3.145266175270080566e-01
-1.348828673362731934e+00
-2.077468395233154297e+00
-2.190831422805786133e+00
-1.597203254699707031e+00
-6.266871690750122070e-01
2.611039578914642334e-01
6.428287029266357422e-01
4.726227223873138428e-01
-2.032621949911117554e-02
-4.099693894386291504e-01
-4.198463857173919678e-01
3.197902441024780273e-02
7.452718019485473633e-01
1.432383656501770020e+00
1.761138439178466797e+00
1.537114858627319336e+00
7.093329429626464844e-01
-5.153827667236328125e-01
-1.764024019241333008e+00
-2.583095550537109375e+00
-2.706742763519287109e+00
-2.174715757369995117e+00
-1.345837950706481934e+00
-6.383579373359680176e-01
-2.705452442169189453e-01
-1.173613965511322021e-01
1.292071640491485596e-01
6.720148324966430664e-01
1.395053029060363770e+00
1.931671380996704102e+00
1.970076918601989746e+00
1.519681930541992188e+00
9.373643398284912109e-01
6.232416629791259766e-01
7.052269577980041504e-01
9.040741920471191406e-01
8.065374493598937988e-01
2.095561325550079346e-01
-6.277821660041809082e-01
-1.197422623634338379e+00
-1.095308661460876465e+00
-4.002643227577209473e-01
4.287478923797607422e-01
8.402422666549682617e-01
6.560026407241821289e-01
9.463255107402801514e-02
-3.814895451068878174e-01
-5.184096693992614746e-01
-3.484004139900207520e-01
-1.623674929141998291e-01
-1.246784552931785583e-01
-2.298250943422317505e-01
-2.886390089988708496e-01
-2.679306268692016602e-01
-2.689357101917266846e-01
-5.057594180107116699e-01
-9.196412563323974609e-01
-1.218604803085327148e+00
-9.588130712509155273e-01
-6.052887439727783203e-02
1.129458665847778320e+00
1.888705968856811523e+00
1.745622277259826660e+00
7.213429212570190430e-01
-5.443775653839111328e-01
-1.388017416000366211e+00
-1.468265056610107422e+00
-1.078061223030090332e+00
-6.798641681671142578e-01
-5.904135107994079590e-01
-5.846493244171142578e-01
-2.858192324638366699e-01
5.397325754165649414e-01
1.540286898612976074e+00
2.143341779708862305e+00
1.884534716606140137e+00
9.687061309814453125e-01
-5.215754732489585876e-03
-3.832340240478515625e-01
-1.366308331489562988e-01
2.678857147693634033e-01
1.534592509269714355e-01
-5.974481105804443359e-01
-1.530616402626037598e+00
-1.823918581008911133e+00
-1.134656310081481934e+00
2.089457660913467407e-01
1.265974044799804688e+00
1.358705520629882812e+00
4.675640761852264404e-01
-5.954779386520385742e-01
-9.644073247909545898e-01
-2.533562183380126953e-01
1.013166189193725586e+00
1.962922811508178711e+00
1.916044235229492188e+00
1.019612789154052734e+00
-5.442237854003906250e-02
-5.327124595642089844e-01
-2.618830204010009766e-01
3.681333065032958984e-01
6.687793731689453125e-01
3.572942018508911133e-01
-3.665672540664672852e-01
-9.007944464683532715e-01
-8.729768991470336914e-01
-3.154407143592834473e-01
2.707454264163970947e-01
4.433101415634155273e-01
5.192377418279647827e-02
-5.596259236335754395e-01
-9.492638111114501953e-01
-8.155794739723205566e-01
-3.129740953445434570e-01
1.809378862380981445e-01
2.489387094974517822e-01
-1.877610683441162109e-01
-9.214190244674682617e-01
-1.526657104492187500e+00
-1.710044860839843750e+00
-1.390559196472167969e+00
-7.841854095458984375e-01
-1.639725565910339355e-01
2.514867186546325684e-01
4.796318411827087402e-01
6.543101072311401367e-01
9.295496344566345215e-01
1.266702651977539062e+00
1.469190120697021484e+00
1.285287499427795410e+00
6.863931417465209961e-01
-6.367495656013488770e-02
-5.034601688385009766e-01
-3.317850232124328613e-01
3.279724717140197754e-01
9.227299690246582031e-01
8.525066971778869629e-01
-4.802149534225463867e-02
-1.277314186096191406e+00
-1.937522888183593750e+00
-1.371502637863159180e+00
3.079431653022766113e-01
2.186790466308593750e+00
3.156186580657958984e+00
2.653747081756591797e+00
1.086766481399536133e+00
-5.104231834411621094e-01
-1.198019862174987793e+00
-8.283066749572753906e-01
-1.682352833449840546e-02
3.773261606693267822e-01
2.329608798027038574e-02
-7.153608798980712891e-01
-1.102406263351440430e+00
-7.916835546493530273e-01
-8.755642175674438477e-02
2.450965046882629395e-01
-2.302213460206985474e-01
-1.247942328453063965e+00
-1.909122347831726074e+00
-1.518596410751342773e+00
-1.355986595153808594e-01
1.268993496894836426e+00
1.629474282264709473e+00
5.280277729034423828e-01
-1.299619078636169434e+00
-2.584562063217163086e+00
-2.331421613693237305e+00
-6.861710548400878906e-01
1.303387999534606934e+00
2.319193601608276367e+00
1.833219289779663086e+00
2.598896026611328125e-01
-1.298134326934814453e+00
-2.026511907577514648e+00
-1.742021083831787109e+00
-9.980659484863281250e-01
-3.579047322273254395e-01
-9.693449735641479492e-02
6.399518251419067383e-02
4.168867170810699463e-01
1.079862475395202637e+00
1.703268766403198242e+00
1.943064451217651367e+00
1.602194786071777344e+00
9.668418765068054199e-01
3.926096558570861816e-01
2.006999254226684570e-01
2.820881009101867676e-01
4.321545064449310303e-01
3.686148524284362793e-01
1.253750026226043701e-01
-2.261909842491149902e-01
-5.080391168594360352e-01
-7.687401175498962402e-01
-9.835987091064453125e-01
-1.165086030960083008e+00
-1.088228583335876465e+00
-6.718935370445251465e-01
7.562837004661560059e-02
7.613872289657592773e-01
1.037220239639282227e+00
6.484967470169067383e-01
-1.551869511604309082e-01
