4.676944911479949951e-01
4.701848626136779785e-01
8.865773677825927734e-03
-3.151832520961761475e-01
-3.193671107292175293e-01
-1.126650646328926086e-01
4.711810126900672913e-02
-8.566927909851074219e-02
-4.598248600959777832e-01
-7.952300310134887695e-01
-7.370546460151672363e-01
-2.090928107500076294e-01
5.380229949951171875e-01
1.030123233795166016e+00
9.664689898490905762e-01
3.998563885688781738e-01
-2.275216579437255859e-01
-4.609206318855285645e-01
-1.179446801543235779e-01
5.093337297439575195e-01
9.090905189514160156e-01
6.705115437507629395e-01
-1.507181674242019653e-01
-1.094175934791564941e+00
-1.546529650688171387e+00
-1.202358365058898926e+00
-2.279201298952102661e-01
7.861650586128234863e-01
1.246288776397705078e+00
8.668535351753234863e-01
-1.279062181711196899e-01
-1.212818026542663574e+00
-1.845674872398376465e+00
-1.799752116203308105e+00
-1.183929443359375000e+00
-3.427767157554626465e-01
4.316337108612060547e-01
9.908747673034667969e-01
1.360547661781311035e+00
1.558981657028198242e+00
1.563862800598144531e+00
1.292510271072387695e+00
7.801881432533264160e-01
2.185562700033187866e-01
-7.341657578945159912e-02
9.712505340576171875e-02
6.442130208015441895e-01
1.155140638351440430e+00
1.176557898521423340e+00
5.067437291145324707e-01
-5.798614621162414551e-01
-1.508078098297119141e+00
-1.750143647193908691e+00
-1.232641458511352539e+00
-3.745540678501129150e-01
1.709401011466979980e-01
1.215308345854282379e-02
-7.291850447654724121e-01
-1.493335008621215820e+00
-1.720757126808166504e+00
-1.238917231559753418e+00
-3.853125274181365967e-01
2.914747893810272217e-01
4.309363961219787598e-01
1.217300668358802795e-01
-2.376824319362640381e-01
-2.660728394985198975e-01
9.134735912084579468e-02
5.803595781326293945e-01
8.878723978996276855e-01
9.283162951469421387e-01
8.809989690780639648e-01
9.865913391113281250e-01
1.271292209625244141e+00
1.485863924026489258e+00
1.307950735092163086e+00
6.633391976356506348e-01
-1.475304663181304932e-01
-6.243895888328552246e-01
-4.420933127403259277e-01
2.874901592731475830e-01
1.066582560539245605e+00
1.353176116943359375e+00
9.260251522064208984e-01
6.973080802708864212e-03
-9.355881810188293457e-01
-1.509273529052734375e+00
-1.606896638870239258e+00
-1.373696923255920410e+00
-1.018169403076171875e+00
-6.636380553245544434e-01
-3.467613458633422852e-01
-1.111708283424377441e-01
-5.000695213675498962e-02
-2.273224294185638428e-01
-5.545591711997985840e-01
-7.818815708160400391e-01
-6.613469123840332031e-01
-1.782120168209075928e-01
3.851132988929748535e-01
6.251865029335021973e-01
3.541328907012939453e-01
-2.135754972696304321e-01
-5.755780339241027832e-01
-3.421790301799774170e-01
4.331279397010803223e-01
1.238518714904785156e+00
1.480783462524414062e+00
9.437566995620727539e-01
-1.633693277835845947e-02
-7.259973287582397461e-01
-6.995992064476013184e-01
-1.793077960610389709e-02
7.454223632812500000e-01
9.516263008117675781e-01
3.884005844593048096e-01
-6.050641536712646484e-01
-1.403880357742309570e+00
-1.570736289024353027e+00
-1.117087483406066895e+00
-4.231663942337036133e-01
1.184427589178085327e-01
3.708682954311370850e-01
4.607214033603668213e-01
5.360307097434997559e-01
5.646203160285949707e-01
3.475582599639892578e-01
-2.315062880516052246e-01
-9.879859089851379395e-01
-1.458071231842041016e+00
-1.215607166290283203e+00
-2.077978104352951050e-01
1.125554800033569336e+00
2.116628885269165039e+00
2.296833276748657227e+00
1.705316662788391113e+00
8.192373514175415039e-01
1.997289508581161499e-01
1.011096686124801636e-01
3.459644317626953125e-01
5.207895040512084961e-01
3.311217129230499268e-01
-1.714381724596023560e-01
-6.431172490119934082e-01
-7.221122980117797852e-01
-3.089074790477752686e-01
3.481559753417968750e-01
8.102719783782958984e-01
7.304800152778625488e-01
6.295695900917053223e-02
-9.075962901115417480e-01
-1.735799074172973633e+00
-2.052177667617797852e+00
-1.754825592041015625e+00
-1.042873978614807129e+00
-2.965551614761352539e-01
1.364731490612030029e-01
1.195385307073593140e-01
-2.074989676475524902e-01
-5.377241373062133789e-01
-5.834476351737976074e-01
-2.627855241298675537e-01
2.748389840126037598e-01
7.501042485237121582e-01
9.447528123855590820e-01
8.045939207077026367e-01
4.430894851684570312e-01
1.295000687241554260e-02
-3.691748082637786865e-01
-6.527799963951110840e-01
-7.756057977676391602e-01
-6.635384559631347656e-01
-2.779270708560943604e-01
2.474447488784790039e-01
6.112403273582458496e-01
4.798475801944732666e-01
-2.119816541671752930e-01
-1.133125662803649902e+00
-1.653915166854858398e+00
-1.282747983932495117e+00
-3.705694526433944702e-02
1.449803113937377930e+00
2.328311681747436523e+00
2.102981567382812500e+00
1.046759009361267090e+00
1.773154735565185547e-02
-1.180442944169044495e-01
8.360723853111267090e-01
2.257485151290893555e+00
3.104714393615722656e+00
2.700773715972900391e+00
1.200266480445861816e+00
-4.912037253379821777e-01
-1.414240360260009766e+00
-1.202756762504577637e+00
-3.473590314388275146e-01
2.577051520347595215e-01
-3.157809376716613770e-02
-1.102244853973388672e+00
-2.249017715454101562e+00
-2.696291208267211914e+00
-2.214351654052734375e+00
-1.210825681686401367e+00
-4.110133051872253418e-01
-2.493374496698379517e-01
-6.127345561981201172e-01
-9.273201227188110352e-01
-6.834615468978881836e-01
2.204489707946777344e-01
1.355766177177429199e+00
2.127088546752929688e+00
2.122805118560791016e+00
1.406769275665283203e+00
3.713663518428802490e-01
-4.810429513454437256e-01
-8.755201101303100586e-01
-7.978200316429138184e-01
