-5.348173975944519043e-01
-6.246293783187866211e-01
9.753326177597045898e-01
1.758187770843505859e+00
1.470098972320556641e+00
4.441142678260803223e-01
-4.481009840965270996e-01
-5.996236205101013184e-01
1.167848110198974609e-01
1.117803454399108887e+00
1.762320637702941895e+00
1.645025014877319336e+00
1.018730640411376953e+00
3.639859557151794434e-01
1.258264780044555664e-01
2.129254937171936035e-01
2.558509707450866699e-01
-1.823875308036804199e-01
-1.056019067764282227e+00
-1.952624082565307617e+00
-2.235142230987548828e+00
-1.650889515876770020e+00
-3.979438543319702148e-01
8.687101602554321289e-01
1.600290298461914062e+00
1.569172978401184082e+00
1.062896847724914551e+00
5.000747442245483398e-01
2.123067378997802734e-01
1.541595458984375000e-01
1.181237101554870605e-01
-1.102211698889732361e-01
-4.741817414760589600e-01
-7.860723137855529785e-01
-8.543512821197509766e-01
-7.501089572906494141e-01
-7.110087871551513672e-01
-9.995979070663452148e-01
-1.593473792076110840e+00
-2.187543869018554688e+00
-2.346782922744750977e+00
-1.860288619995117188e+00
-9.171196222305297852e-01
-3.357507288455963135e-02
2.910808026790618896e-01
-7.034832239151000977e-02
-7.700440883636474609e-01
-1.196326851844787598e+00
-9.114577174186706543e-01
4.870456457138061523e-02
1.134796500205993652e+00
1.666741847991943359e+00
1.234907150268554688e+00
3.514224663376808167e-02
-1.298286437988281250e+00
-2.023901939392089844e+00
-1.803952693939208984e+00
-8.118073344230651855e-01
3.486642837524414062e-01
1.136114954948425293e+00
1.307332158088684082e+00
1.096044301986694336e+00
8.594171404838562012e-01
8.775855898857116699e-01
1.038038253784179688e+00
1.073009014129638672e+00
6.990309953689575195e-01
1.025593280792236328e-02
-6.794828772544860840e-01
-9.094390869140625000e-01
-5.621901154518127441e-01
1.822518706321716309e-01
7.915425300598144531e-01
8.974931240081787109e-01
3.703359365463256836e-01
-4.344834685325622559e-01
-1.110236167907714844e+00
-1.284288525581359863e+00
-1.018321633338928223e+00
-5.186889171600341797e-01
-1.347897201776504517e-01
8.931227028369903564e-02
2.211877107620239258e-01
5.408934950828552246e-01
1.088688850402832031e+00
1.819298744201660156e+00
2.401510238647460938e+00
2.645642518997192383e+00
2.372454643249511719e+00
1.703237652778625488e+00
7.132137417793273926e-01
-3.757095932960510254e-01
-1.495831370353698730e+00
-2.405535936355590820e+00
-2.954416036605834961e+00
-2.861519336700439453e+00
-2.153825759887695312e+00
-9.817149043083190918e-01
1.128802895545959473e-01
7.115812301635742188e-01
4.946823120117187500e-01
-2.792388796806335449e-01
-1.150666832923889160e+00
-1.443328142166137695e+00
-9.279346466064453125e-01
2.999478578567504883e-01
1.592305898666381836e+00
2.387647867202758789e+00
2.253161191940307617e+00
1.387055277824401855e+00
2.086366713047027588e-01
-6.196344494819641113e-01
-8.273797631263732910e-01
-3.759022653102874756e-01
3.048590719699859619e-01
8.608888387680053711e-01
9.364206790924072266e-01
5.826447010040283203e-01
-9.415827691555023193e-02
-7.680465579032897949e-01
-1.307365417480468750e+00
-1.508671998977661133e+00
-1.379336237907409668e+00
-8.345146775245666504e-01
-2.165355905890464783e-02
9.225369095802307129e-01
1.604801774024963379e+00
1.789878726005554199e+00
1.304772138595581055e+00
4.412084221839904785e-01
-3.901653289794921875e-01
-6.251942515373229980e-01
-1.275336146354675293e-01
9.312959313392639160e-01
1.924034595489501953e+00
2.361710071563720703e+00
1.980715274810791016e+00
1.104541659355163574e+00
2.168966978788375854e-01
-1.795985400676727295e-01
-8.639738708734512329e-02
2.048858702182769775e-01
1.717227697372436523e-01
-3.660491704940795898e-01
-1.267415165901184082e+00
-1.994436621665954590e+00
-2.154348134994506836e+00
-1.618072032928466797e+00
-7.578591108322143555e-01
-4.415833950042724609e-02
1.314900815486907959e-01
-1.740716695785522461e-01
-6.671437025070190430e-01
-9.343395233154296875e-01
-8.347380161285400391e-01
-4.367042779922485352e-01
-6.249845027923583984e-03
3.267877697944641113e-01
5.529946684837341309e-01
8.217542171478271484e-01
1.166114568710327148e+00
1.497931241989135742e+00
1.585191845893859863e+00
1.313353538513183594e+00
7.541809678077697754e-01
2.004787325859069824e-01
-7.393671572208404541e-02
2.883478999137878418e-02
3.359569609165191650e-01
5.657203197479248047e-01
5.358678698539733887e-01
2.974517345428466797e-01
6.460820138454437256e-02
1.060825586318969727e-02
1.072890162467956543e-01
1.416239142417907715e-01
-7.263839244842529297e-02
-5.192294120788574219e-01
-9.163489341735839844e-01
-9.587771892547607422e-01
-5.416965484619140625e-01
5.398571491241455078e-02
3.802159428596496582e-01
8.877816796302795410e-02
-7.192629575729370117e-01
-1.597333908081054688e+00
-1.986480236053466797e+00
-1.703502178192138672e+00
-1.000760674476623535e+00
-4.712624847888946533e-01
-4.950783252716064453e-01
-1.037998914718627930e+00
-1.542550086975097656e+00
-1.463661313056945801e+00
-5.785018205642700195e-01
6.813384294509887695e-01
1.636136293411254883e+00
1.700571894645690918e+00
9.315596818923950195e-01
-1.537293791770935059e-01
-8.028189539909362793e-01
-7.021260857582092285e-01
7.317662239074707031e-03
7.392875552177429199e-01
1.091654062271118164e+00
9.644846916198730469e-01
7.417240142822265625e-01
7.390853166580200195e-01
1.078020572662353516e+00
1.393289327621459961e+00
1.321015000343322754e+00
6.339511275291442871e-01
-3.481603562831878662e-01
-1.165523648262023926e+00
-1.353489041328430176e+00
-9.674066901206970215e-01
-3.213763535022735596e-01
