5.351889133453369141e-01
5.987223982810974121e-01
-8.861455321311950684e-01
-2.018152475357055664e+00
-2.403259038925170898e+00
-2.063299417495727539e+00
-1.329698443412780762e+00
-6.908332109451293945e-01
-4.512158930301666260e-01
-6.590404510498046875e-01
-1.067749500274658203e+00
-1.378603935241699219e+00
-1.346068382263183594e+00
-9.400672316551208496e-01
-2.580246329307556152e-01
4.770291447639465332e-01
1.105006217956542969e+00
1.522543668746948242e+00
1.777199268341064453e+00
1.942806720733642578e+00
2.111491918563842773e+00
2.234517812728881836e+00
2.200181245803833008e+00
1.847709059715270996e+00
1.184875249862670898e+00
3.817464709281921387e-01
-2.245481312274932861e-01
-3.996545076370239258e-01
-1.341915428638458252e-01
2.555523514747619629e-01
3.863203525543212891e-01
2.024614810943603516e-02
-6.688698530197143555e-01
-1.248765468597412109e+00
-1.250726342201232910e+00
-5.860785245895385742e-01
4.180421829223632812e-01
1.155290365219116211e+00
1.207145214080810547e+00
5.845392942428588867e-01
-2.008420228958129883e-01
-5.398582816123962402e-01
-7.976131141185760498e-02
9.538212418556213379e-01
1.935356616973876953e+00
2.172845840454101562e+00
1.398752689361572266e+00
-1.200026273727416992e-01
-1.671398639678955078e+00
-2.569144487380981445e+00
-2.466247558593750000e+00
-1.554432153701782227e+00
-3.382417559623718262e-01
6.379860639572143555e-01
1.149125576019287109e+00
1.293005704879760742e+00
1.387167215347290039e+00
1.633399963378906250e+00
2.004096746444702148e+00
2.213110923767089844e+00
1.987104892730712891e+00
1.238714933395385742e+00
2.050619125366210938e-01
-7.431960105895996094e-01
-1.297759652137756348e+00
-1.436251759529113770e+00
-1.345708608627319336e+00
-1.267736196517944336e+00
-1.249726057052612305e+00
-1.156157970428466797e+00
-7.958781719207763672e-01
-2.014282345771789551e-01
3.378700613975524902e-01
4.254570305347442627e-01
-8.798316121101379395e-02
-9.307264089584350586e-01
-1.500225305557250977e+00
-1.285683393478393555e+00
-2.445147037506103516e-01
1.089991331100463867e+00
1.951503753662109375e+00
1.839625120162963867e+00
8.808223009109497070e-01
-2.904138565063476562e-01
-9.754284024238586426e-01
-9.222052693367004395e-01
-4.414966106414794922e-01
-1.214376688003540039e-01
-3.145169913768768311e-01
-8.580131530761718750e-01
-1.190052032470703125e+00
-8.319569230079650879e-01
2.148271054029464722e-01
1.414424300193786621e+00
2.075295209884643555e+00
1.840469241142272949e+00
9.347844123840332031e-01
-1.697301864624023438e-02
-4.566402733325958252e-01
-2.712848186492919922e-01
1.726849973201751709e-01
3.499916493892669678e-01
-1.335233449935913086e-02
-7.500098943710327148e-01
-1.397463679313659668e+00
-1.541222095489501953e+00
-1.094256639480590820e+00
-3.232121169567108154e-01
3.634315133094787598e-01
6.806842088699340820e-01
5.943796634674072266e-01
2.633180022239685059e-01
-1.200671195983886719e-01
-4.437874555587768555e-01
-6.924325823783874512e-01
-8.785482048988342285e-01
-9.888709783554077148e-01
-9.890613555908203125e-01
-8.639202117919921875e-01
-6.288769245147705078e-01
-3.161151409149169922e-01
7.874920964241027832e-02
5.653661489486694336e-01
1.108690500259399414e+00
1.556342363357543945e+00
1.665106534957885742e+00
1.229728937149047852e+00
2.721790075302124023e-01
-8.911899924278259277e-01
-1.748767495155334473e+00
-1.882877826690673828e+00
-1.231806993484497070e+00
-1.792620420455932617e-01
6.621811389923095703e-01
8.197091817855834961e-01
2.893717885017395020e-01
-4.713689088821411133e-01
-8.447012901306152344e-01
-5.062413215637207031e-01
3.165100514888763428e-01
9.704166650772094727e-01
8.551048040390014648e-01
-1.181527972221374512e-01
-1.386433482170104980e+00
-2.087827920913696289e+00
-1.668294429779052734e+00
-3.260639309883117676e-01
1.091164350509643555e+00
1.646688103675842285e+00
1.012775778770446777e+00
-2.852339446544647217e-01
-1.217325329780578613e+00
-1.023881793022155762e+00
2.114935666322708130e-01
1.590297222137451172e+00
2.079453945159912109e+00
1.297807574272155762e+00
-1.745814234018325806e-01
-1.227124214172363281e+00
-1.093438982963562012e+00
2.323003113269805908e-02
1.076518297195434570e+00
9.808506369590759277e-01
-5.026714205741882324e-01
-2.493185043334960938e+00
-3.588397026062011719e+00
-2.873000144958496094e+00
-6.253897547721862793e-01
1.854815125465393066e+00
3.138643980026245117e+00
2.640386581420898438e+00
9.436182975769042969e-01
-7.015635371208190918e-01
-1.302048325538635254e+00
-7.530120611190795898e-01
2.417373657226562500e-01
8.270782828330993652e-01
6.334184408187866211e-01
-4.272581636905670166e-02
-6.472909450531005859e-01
-8.576625585556030273e-01
-8.104499578475952148e-01
-8.223966360092163086e-01
-9.859479069709777832e-01
-9.897619485855102539e-01
-4.288265109062194824e-01
7.621711492538452148e-01
2.065384864807128906e+00
2.707194328308105469e+00
2.221940040588378906e+00
9.120384454727172852e-01
-3.278929591178894043e-01
-6.054721474647521973e-01
2.750796079635620117e-01
1.675430655479431152e+00
2.543062925338745117e+00
2.194334268569946289e+00
7.597917318344116211e-01
-8.971586227416992188e-01
-1.830996036529541016e+00
-1.600741624832153320e+00
-5.222151279449462891e-01
6.778874397277832031e-01
1.342070579528808594e+00
1.280070662498474121e+00
7.115336060523986816e-01
2.859306335449218750e-02
-5.294687747955322266e-01
-8.987424969673156738e-01
-1.124189257621765137e+00
-1.189393758773803711e+00
-1.058424830436706543e+00
-7.214674353599548340e-01
-3.245801329612731934e-01
-4.553687572479248047e-02
-1.152449846267700195e-02
-1.341108828783035278e-01
