3.603199124336242676e-02
5.948963761329650879e-02
-4.841605126857757568e-01
-9.998230934143066406e-01
-1.261935591697692871e+00
-1.201803922653198242e+00
-8.674105405807495117e-01
-4.724566340446472168e-01
-1.783169656991958618e-01
-5.718529224395751953e-02
2.670595049858093262e-02
2.242753803730010986e-01
6.164612770080566406e-01
1.031736373901367188e+00
1.198142051696777344e+00
8.681961894035339355e-01
9.469568729400634766e-02
-8.178852796554565430e-01
-1.425513029098510742e+00
-1.485517978668212891e+00
-1.049445390701293945e+00
-4.527786076068878174e-01
-1.295614242553710938e-02
1.332762837409973145e-01
1.149929165840148926e-01
1.110555827617645264e-01
2.082688808441162109e-01
2.975578308105468750e-01
2.566328942775726318e-01
8.206024765968322754e-02
-2.206251025199890137e-02
1.611031740903854370e-01
6.720645427703857422e-01
1.259192347526550293e+00
1.573412418365478516e+00
1.432681202888488770e+00
1.025711297988891602e+00
7.813500165939331055e-01
1.049265861511230469e+00
1.788079261779785156e+00
2.564356327056884766e+00
2.842384338378906250e+00
2.373070955276489258e+00
1.358200192451477051e+00
2.798995375633239746e-01
-4.512753486633300781e-01
-7.571605443954467773e-01
-8.420549035072326660e-01
-9.443855285644531250e-01
-1.090012073516845703e+00
-1.115353226661682129e+00
-8.582853078842163086e-01
-3.968303501605987549e-01
-1.680707931518554688e-02
-1.185858249664306641e-02
-3.996488451957702637e-01
-9.272540807723999023e-01
-1.256633281707763672e+00
-1.295328140258789062e+00
-1.242424964904785156e+00
-1.430829286575317383e+00
-1.944497108459472656e+00
-2.518581867218017578e+00
-2.654107332229614258e+00
-2.069661617279052734e+00
-9.181543588638305664e-01
2.188596576452255249e-01
7.863717675209045410e-01
5.886547565460205078e-01
-2.397910133004188538e-02
-4.981508553028106689e-01
-4.160517752170562744e-01
1.656532883644104004e-01
8.902328610420227051e-01
1.335685491561889648e+00
1.387145042419433594e+00
1.184265255928039551e+00
1.022703647613525391e+00
1.035674333572387695e+00
1.218572616577148438e+00
1.424872040748596191e+00
1.605810403823852539e+00
1.733950018882751465e+00
1.833973884582519531e+00
1.792228817939758301e+00
1.510443568229675293e+00
9.172506928443908691e-01
1.864428818225860596e-01
-4.515247046947479248e-01
-7.721770405769348145e-01
-8.373051285743713379e-01
-8.353145122528076172e-01
-9.970332980155944824e-01
-1.267202615737915039e+00
-1.430982589721679688e+00
-1.203719377517700195e+00
-6.308401823043823242e-01
-1.339599490165710449e-02
1.781403571367263794e-01
-2.157634049654006958e-01
-1.002862691879272461e+00
-1.634229898452758789e+00
-1.706280827522277832e+00
-1.113531708717346191e+00
-1.927924752235412598e-01
6.853635311126708984e-01
1.273831367492675781e+00
1.668653726577758789e+00
1.994410753250122070e+00
2.303526878356933594e+00
2.372463226318359375e+00
2.018218517303466797e+00
1.201580166816711426e+00
2.334785163402557373e-01
-5.569493770599365234e-01
-9.724801778793334961e-01
-1.208514928817749023e+00
-1.538008451461791992e+00
-2.124066829681396484e+00
-2.702644586563110352e+00
-2.877286195755004883e+00
-2.358587741851806641e+00
-1.381009101867675781e+00
-4.774272143840789795e-01
-1.999056339263916016e-01
-5.700447559356689453e-01
-1.144856810569763184e+00
-1.242137551307678223e+00
-5.754302740097045898e-01
6.290807127952575684e-01
1.705146670341491699e+00
2.157546043395996094e+00
1.906488656997680664e+00
1.379113316535949707e+00
1.014870524406433105e+00
9.927268624305725098e-01
1.043561220169067383e+00
8.474701642990112305e-01
2.882238924503326416e-01
-3.174397349357604980e-01
-5.699322223663330078e-01
-2.662797272205352783e-01
3.085406422615051270e-01
6.656913757324218750e-01
4.341210126876831055e-01
-2.425521910190582275e-01
-8.670550584793090820e-01
-8.900623917579650879e-01
-2.086808085441589355e-01
8.073354959487915039e-01
1.497771143913269043e+00
1.420699596405029297e+00
5.595549345016479492e-01
-6.455132961273193359e-01
-1.659721493721008301e+00
-2.086685895919799805e+00
-1.864553332328796387e+00
-1.141854524612426758e+00
-2.015214860439300537e-01
6.884913444519042969e-01
1.258772015571594238e+00
1.330849647521972656e+00
8.631587028503417969e-01
6.735900044441223145e-02
-6.670926213264465332e-01
-9.353379011154174805e-01
-6.018865108489990234e-01
1.062910556793212891e-01
6.982305049896240234e-01
7.609490156173706055e-01
2.293581366539001465e-01
-5.371203422546386719e-01
-1.000013232231140137e+00
-7.898938059806823730e-01
4.283874481916427612e-02
1.061360239982604980e+00
1.714763641357421875e+00
1.655942678451538086e+00
9.233065843582153320e-01
-1.246076226234436035e-01
-1.013172388076782227e+00
-1.407963275909423828e+00
-1.229379653930664062e+00
-6.706252098083496094e-01
-5.507084727287292480e-02
2.958264052867889404e-01
2.318706512451171875e-01
-1.989095062017440796e-01
-7.566004991531372070e-01
-1.179468750953674316e+00
-1.285229563713073730e+00
-1.091974735260009766e+00
-7.261564731597900391e-01
-3.409115076065063477e-01
4.357272386550903320e-02
4.846730232238769531e-01
1.054850220680236816e+00
1.648800969123840332e+00
2.037399053573608398e+00
1.944904088973999023e+00
1.323208093643188477e+00
3.801454305648803711e-01
-4.572918117046356201e-01
-8.734679222106933594e-01
-8.043946027755737305e-01
-5.316624641418457031e-01
-3.867985010147094727e-01
-5.643578171730041504e-01
-9.080073833465576172e-01
-1.112673401832580566e+00
-8.992520570755004883e-01
-3.056259751319885254e-01
4.114492535591125488e-01
8.925098180770874023e-01
1.001144170761108398e+00
8.165937662124633789e-01
6.161290407180786133e-01
