-8.434777855873107910e-01
-8.580417633056640625e-01
-4.063761830329895020e-01
3.545830249786376953e-01
1.241687536239624023e+00
1.889740228652954102e+00
2.072205543518066406e+00
1.717520117759704590e+00
1.068549036979675293e+00
4.200592041015625000e-01
7.256831228733062744e-02
5.122065544128417969e-02
2.311421036720275879e-01
3.148026764392852783e-01
1.404998004436492920e-01
-3.283430933952331543e-01
-8.590915203094482422e-01
-1.207847833633422852e+00
-1.164703607559204102e+00
-8.222971558570861816e-01
-4.227277338504791260e-01
-3.194944262504577637e-01
-6.196799874305725098e-01
-1.194724321365356445e+00
-1.629088640213012695e+00
-1.606593012809753418e+00
-1.026419878005981445e+00
-2.045084238052368164e-01
4.448986649513244629e-01
5.884852409362792969e-01
3.071630597114562988e-01
-8.957433700561523438e-02
-2.166027426719665527e-01
-1.875713467597961426e-02
2.960054874420166016e-01
3.470960259437561035e-01
1.712530851364135742e-02
-5.287510752677917480e-01
-8.646895289421081543e-01
-7.502593398094177246e-01
-2.388922125101089478e-01
2.540386319160461426e-01
3.879202306270599365e-01
8.602364361286163330e-02
-2.893521785736083984e-01
-3.178485035896301270e-01
2.272491455078125000e-01
1.077401995658874512e+00
1.733799934387207031e+00
1.729313850402832031e+00
1.051516056060791016e+00
4.540099203586578369e-02
-7.310980558395385742e-01
-9.656297564506530762e-01
-6.441847681999206543e-01
-7.382585853338241577e-02
4.551633596420288086e-01
7.414254546165466309e-01
7.997398376464843750e-01
6.558055877685546875e-01
3.592370152473449707e-01
-1.140572354197502136e-01
-6.980103850364685059e-01
-1.300000786781311035e+00
-1.738678693771362305e+00
-1.935658216476440430e+00
-1.850432515144348145e+00
-1.560031175613403320e+00
-1.091490030288696289e+00
-4.996810555458068848e-01
1.881221532821655273e-01
8.271538615226745605e-01
1.275102138519287109e+00
1.400429964065551758e+00
1.271438837051391602e+00
1.046558022499084473e+00
9.167154431343078613e-01
8.655378222465515137e-01
7.345774769783020020e-01
3.031751513481140137e-01
-4.109650850296020508e-01
-1.158000946044921875e+00
-1.535676002502441406e+00
-1.352296829223632812e+00
-7.255903482437133789e-01
-5.767515301704406738e-02
3.342171907424926758e-01
4.012445807456970215e-01
4.236734509468078613e-01
6.658194065093994141e-01
1.155608177185058594e+00
1.568336725234985352e+00
1.555868268013000488e+00
1.021764516830444336e+00
3.111246228218078613e-01
-9.613029658794403076e-02
8.530126512050628662e-02
6.388747692108154297e-01
1.058621168136596680e+00
9.010140895843505859e-01
1.870964467525482178e-01
-6.820847392082214355e-01
-1.209735631942749023e+00
-1.242056608200073242e+00
-9.846151471138000488e-01
-7.929265499114990234e-01
-7.745324373245239258e-01
-7.470932006835937500e-01
-4.390410184860229492e-01
1.142146885395050049e-01
5.391432642936706543e-01
3.761401474475860596e-01
-4.090799987316131592e-01
-1.301771879196166992e+00
-1.503313779830932617e+00
-6.002805233001708984e-01
1.074859380722045898e+00
2.555149316787719727e+00
2.956166267395019531e+00
2.074752330780029297e+00
5.715184211730957031e-01
-5.871661901473999023e-01
-8.102356195449829102e-01
-3.154712915420532227e-01
1.956339776515960693e-01
1.383669376373291016e-01
-4.168241918087005615e-01
-8.905731439590454102e-01
-7.059224843978881836e-01
1.204504519701004028e-01
9.960505962371826172e-01
1.194658279418945312e+00
5.136172175407409668e-01
-5.895090699195861816e-01
-1.318183302879333496e+00
-1.224672198295593262e+00
-4.904247522354125977e-01
2.294388115406036377e-01
4.310087263584136963e-01
1.332281231880187988e-01
-1.442005336284637451e-01
7.194785773754119873e-02
7.958196401596069336e-01
1.487852096557617188e+00
1.542703390121459961e+00
7.559802532196044922e-01
-4.456492662429809570e-01
-1.369637012481689453e+00
-1.526876688003540039e+00
-1.006378173828125000e+00
-2.843674421310424805e-01
1.417705416679382324e-01
1.560536026954650879e-01
-2.809756994247436523e-02
-9.109318256378173828e-02
4.666864871978759766e-02
2.560552954673767090e-01
3.303893208503723145e-01
2.655858397483825684e-01
1.931285262107849121e-01
2.618778944015502930e-01
3.867321312427520752e-01
3.645544052124023438e-01
3.117924928665161133e-02
-4.681951403617858887e-01
-7.938708066940307617e-01
-6.286288499832153320e-01
-2.368837594985961914e-02
6.674129366874694824e-01
1.011037111282348633e+00
9.168868064880371094e-01
6.471095681190490723e-01
6.189947128295898438e-01
9.325814843177795410e-01
1.294198393821716309e+00
1.184786319732666016e+00
4.163510799407958984e-01
-6.928616762161254883e-01
-1.426170110702514648e+00
-1.309399485588073730e+00
-4.690691828727722168e-01
3.171665072441101074e-01
2.679850161075592041e-01
-8.474718332290649414e-01
-2.395539283752441406e+00
-3.373865604400634766e+00
-3.062491893768310547e+00
-1.637581586837768555e+00
2.118119597434997559e-02
8.808461427688598633e-01
5.472418665885925293e-01
-5.841374397277832031e-01
-1.580469369888305664e+00
-1.746033906936645508e+00
-9.823973178863525391e-01
1.394980549812316895e-01
9.496456384658813477e-01
1.078838348388671875e+00
7.490219473838806152e-01
4.407280683517456055e-01
5.863844156265258789e-01
1.157204747200012207e+00
1.795992016792297363e+00
1.976246118545532227e+00
1.436596155166625977e+00
2.398025989532470703e-01
-1.163968324661254883e+00
-2.254756927490234375e+00
-2.568465232849121094e+00
-1.996541857719421387e+00
-7.214269638061523438e-01
7.415426969528198242e-01
1.858740091323852539e+00
2.202189683914184570e+00
1.745035648345947266e+00
7.536479830741882324e-01
-2.642847895622253418e-01
