1.015937209129333496e+00
1.067655086517333984e+00
9.946762323379516602e-01
7.397288084030151367e-01
3.798381686210632324e-01
-3.000539541244506836e-02
-4.228813052177429199e-01
-7.576259970664978027e-01
-9.653971791267395020e-01
-9.894143342971801758e-01
-7.745428085327148438e-01
-3.431704044342041016e-01
1.906763613224029541e-01
5.976890921592712402e-01
6.331023573875427246e-01
1.603539884090423584e-01
-6.974488496780395508e-01
-1.557749390602111816e+00
-1.933634757995605469e+00
-1.530929923057556152e+00
-4.730527400970458984e-01
7.060629725456237793e-01
1.362412452697753906e+00
1.157311916351318359e+00
2.971726357936859131e-01
-5.908528566360473633e-01
-9.050752520561218262e-01
-4.939814209938049316e-01
2.307097613811492920e-01
6.410979628562927246e-01
3.953266143798828125e-01
-2.503551244735717773e-01
-6.538034677505493164e-01
-3.013688325881958008e-01
6.953149437904357910e-01
1.635710358619689941e+00
1.710319399833679199e+00
6.731355786323547363e-01
-9.409373998641967773e-01
-2.133243322372436523e+00
-2.202261924743652344e+00
-1.220193624496459961e+00
1.686513423919677734e-04
5.876780152320861816e-01
2.415269911289215088e-01
-5.156722068786621094e-01
-8.421203494071960449e-01
-2.379951775074005127e-01
9.751542806625366211e-01
1.947410583496093750e+00
1.928517341613769531e+00
9.293956756591796875e-01
-3.230274021625518799e-01
-8.889899253845214844e-01
-4.015209972858428955e-01
7.085536718368530273e-01
1.489788889884948730e+00
1.250895977020263672e+00
1.237013936042785645e-02
-1.469187974929809570e+00
-2.332657098770141602e+00
-2.151587724685668945e+00
-1.233078479766845703e+00
-2.493938207626342773e-01
2.188280820846557617e-01
1.142703294754028320e-01
-2.318649291992187500e-01
-3.818162679672241211e-01
-2.037594616413116455e-01
1.431386768817901611e-01
3.453823328018188477e-01
2.882114350795745850e-01
7.564288377761840820e-02
-1.776134222745895386e-02
1.534074246883392334e-01
5.671855211257934570e-01
1.016305804252624512e+00
1.345337271690368652e+00
1.484165787696838379e+00
1.510485291481018066e+00
1.469230890274047852e+00
1.372210741043090820e+00
1.136255025863647461e+00
7.497723102569580078e-01
2.640551030635833740e-01
-1.419721096754074097e-01
-3.280410766601562500e-01
-2.218930274248123169e-01
6.445868313312530518e-02
3.354103267192840576e-01
3.386737108230590820e-01
-6.147205829620361328e-02
-8.588983416557312012e-01
-1.810039043426513672e+00
-2.555583953857421875e+00
-2.714835882186889648e+00
-2.141272544860839844e+00
-9.906606078147888184e-01
2.681007385253906250e-01
1.134057164192199707e+00
1.308629035949707031e+00
9.048469066619873047e-01
3.145692348480224609e-01
-3.159040212631225586e-02
1.275889575481414795e-02
2.838287353515625000e-01
4.515551924705505371e-01
3.427120447158813477e-01
6.526267528533935547e-02
-6.825891137123107910e-02
1.524413824081420898e-01
6.452713012695312500e-01
1.046555280685424805e+00
1.001904964447021484e+00
4.469422698020935059e-01
-3.001151382923126221e-01
-7.564874291419982910e-01
-6.130408048629760742e-01
4.362398386001586914e-02
7.946138381958007812e-01
1.189298391342163086e+00
1.036754965782165527e+00
5.088199377059936523e-01
-2.847865223884582520e-02
-2.703312635421752930e-01
-1.679449379444122314e-01
1.038766801357269287e-01
2.976344823837280273e-01
2.907964587211608887e-01
1.263586282730102539e-01
-1.982440054416656494e-02
3.885626792907714844e-04
2.399930953979492188e-01
5.836133360862731934e-01
8.325812816619873047e-01
7.632940411567687988e-01
2.847812175750732422e-01
-5.161453485488891602e-01
-1.326125621795654297e+00
-1.777562975883483887e+00
-1.598136425018310547e+00
-8.446485996246337891e-01
1.444707065820693970e-01
8.720306158065795898e-01
1.033911824226379395e+00
6.414512395858764648e-01
4.842516779899597168e-02
-3.791951537132263184e-01
-4.622732996940612793e-01
-3.689585626125335693e-01
-3.702775239944458008e-01
-6.492101550102233887e-01
-1.060079813003540039e+00
-1.309412479400634766e+00
-1.125057816505432129e+00
-5.563132166862487793e-01
1.485653370618820190e-01
6.665799617767333984e-01
9.280030727386474609e-01
1.034367561340332031e+00
1.176794528961181641e+00
1.313715219497680664e+00
1.249181747436523438e+00
7.288178205490112305e-01
-1.715422868728637695e-01
-1.089176535606384277e+00
-1.484697461128234863e+00
-1.137976169586181641e+00
-2.409280240535736084e-01
6.139451861381530762e-01
9.633989930152893066e-01
7.034758329391479492e-01
2.343743145465850830e-01
-3.461033105850219727e-03
1.930201947689056396e-01
5.201264619827270508e-01
5.570267438888549805e-01
6.890267133712768555e-02
-6.236790418624877930e-01
-9.718288779258728027e-01
-5.495384335517883301e-01
4.130303263664245605e-01
1.220324039459228516e+00
1.071833133697509766e+00
-2.013014853000640869e-01
-2.041138887405395508e+00
-3.359064340591430664e+00
-3.364910125732421875e+00
-1.991236686706542969e+00
-6.872144341468811035e-02
1.331401228904724121e+00
1.465179204940795898e+00
4.773635864257812500e-01
-8.802178502082824707e-01
-1.671647787094116211e+00
-1.518209338188171387e+00
-6.801337599754333496e-01
6.502203643321990967e-02
1.109841167926788330e-01
-6.681892871856689453e-01
-1.717189788818359375e+00
-2.287515163421630859e+00
-1.818305253982543945e+00
-4.306338429450988770e-01
1.241146564483642578e+00
2.309722661972045898e+00
2.279650449752807617e+00
1.237556934356689453e+00
-8.841419219970703125e-02
-8.789011240005493164e-01
-6.061559915542602539e-01
5.482058525085449219e-01
1.915430545806884766e+00
2.641209363937377930e+00
2.295310258865356445e+00
9.894351959228515625e-01
-6.341969966888427734e-01
