9.573711454868316650e-02
1.763262897729873657e-01
-4.007118344306945801e-01
-9.274021983146667480e-01
-1.408975601196289062e+00
-1.670958638191223145e+00
-1.722559690475463867e+00
-1.416495084762573242e+00
-8.568390011787414551e-01
-9.617302566766738892e-02
5.436909198760986328e-01
9.007570743560791016e-01
7.795736193656921387e-01
3.496012091636657715e-01
-1.957243680953979492e-01
-4.706756770610809326e-01
-3.615887761116027832e-01
1.679349839687347412e-01
8.173344731330871582e-01
1.352307081222534180e+00
1.492016792297363281e+00
1.261147141456604004e+00
7.367997765541076660e-01
1.991026848554611206e-01
-2.145230472087860107e-01
-3.757013976573944092e-01
-3.989137113094329834e-01
-3.833843469619750977e-01
-5.211324691772460938e-01
-8.145555257797241211e-01
-1.214994907379150391e+00
-1.488475084304809570e+00
-1.466788411140441895e+00
-1.010715842247009277e+00
-2.096735388040542603e-01
7.704739570617675781e-01
1.660224318504333496e+00
2.305536985397338867e+00
2.623153209686279297e+00
2.682655096054077148e+00
2.558420419692993164e+00
2.337031602859497070e+00
2.031512022018432617e+00
1.649762392044067383e+00
1.182737469673156738e+00
6.480372548103332520e-01
6.429697573184967041e-02
-5.409664511680603027e-01
-1.121273875236511230e+00
-1.595109939575195312e+00
-1.835733175277709961e+00
-1.737544059753417969e+00
-1.263326644897460938e+00
-5.463063716888427734e-01
1.749640703201293945e-01
5.950739979743957520e-01
5.586208701133728027e-01
8.898048102855682373e-02
-5.269082784652709961e-01
-9.587333202362060547e-01
-9.177031517028808594e-01
-4.173854589462280273e-01
3.264433741569519043e-01
8.890964388847351074e-01
9.865227341651916504e-01
5.114879012107849121e-01
-2.624733448028564453e-01
-9.635283350944519043e-01
-1.183064460754394531e+00
-8.516080379486083984e-01
-1.241803541779518127e-01
5.632524490356445312e-01
9.151421785354614258e-01
7.687303423881530762e-01
3.278056085109710693e-01
-1.823200732469558716e-01
-4.914359748363494873e-01
-6.157798171043395996e-01
-5.916956663131713867e-01
-5.710443258285522461e-01
-4.839164912700653076e-01
-3.073722422122955322e-01
5.557874590158462524e-02
4.274114370346069336e-01
6.539765596389770508e-01
5.182990431785583496e-01
1.576910614967346191e-01
-2.051509469747543335e-01
-1.982853412628173828e-01
1.709863692522048950e-01
6.966959238052368164e-01
8.708971142768859863e-01
4.920898377895355225e-01
-3.707973957061767578e-01
-1.151297330856323242e+00
-1.403417825698852539e+00
-8.864809870719909668e-01
1.858073659241199493e-02
8.125939369201660156e-01
9.879938960075378418e-01
5.993785858154296875e-01
-6.565920263528823853e-02
-5.081641077995300293e-01
-6.169785261154174805e-01
-4.672973752021789551e-01
-4.082313179969787598e-01
-5.000452399253845215e-01
-6.775702834129333496e-01
-6.103308796882629395e-01
-2.344115227460861206e-01
3.775540292263031006e-01
8.387486338615417480e-01
9.671246409416198730e-01
7.037794589996337891e-01
3.333089947700500488e-01
1.918011531233787537e-02
-1.257060468196868896e-01
-2.819803953170776367e-01
-4.925802350044250488e-01
-7.363638877868652344e-01
-7.129335999488830566e-01
-2.882466316223144531e-01
5.117603540420532227e-01
1.270464658737182617e+00
1.631726503372192383e+00
1.390394926071166992e+00
8.064366579055786133e-01
2.305428087711334229e-01
-2.691754885017871857e-02
-7.170747965574264526e-02
-1.488093584775924683e-01
-5.193343162536621094e-01
-1.068038225173950195e+00
-1.517790079116821289e+00
-1.555768966674804688e+00
-1.237008452415466309e+00
-8.301393985748291016e-01
-6.636756062507629395e-01
-7.079751491546630859e-01
-6.684706211090087891e-01
-1.898940354585647583e-01
6.661821007728576660e-01
1.409574985504150391e+00
1.379333615303039551e+00
3.500370979309082031e-01
-1.221588134765625000e+00
-2.370161056518554688e+00
-2.301504850387573242e+00
-9.507779479026794434e-01
9.060425162315368652e-01
2.172638416290283203e+00
2.167189598083496094e+00
1.042755365371704102e+00
-3.759738504886627197e-01
-1.236736059188842773e+00
-1.206767082214355469e+00
-6.297289729118347168e-01
-9.699035435914993286e-02
1.291388459503650665e-02
-1.542037725448608398e-01
-2.141961157321929932e-01
1.196032762527465820e-01
6.652557849884033203e-01
1.003850221633911133e+00
7.504765391349792480e-01
1.008045859634876251e-02
-7.783748507499694824e-01
-1.038069248199462891e+00
-6.074974536895751953e-01
2.905896604061126709e-01
1.076429486274719238e+00
1.366419792175292969e+00
1.028533697128295898e+00
3.670921623706817627e-01
-3.088434636592864990e-01
-6.842724084854125977e-01
-7.327675819396972656e-01
-4.131898283958435059e-01
1.567647457122802734e-01
9.544287323951721191e-01
1.726210355758666992e+00
2.265705585479736328e+00
2.257096290588378906e+00
1.734710693359375000e+00
8.595089316368103027e-01
1.001507192850112915e-01
-3.382675051689147949e-01
-3.790797293186187744e-01
-3.759738504886627197e-01
-5.308859944343566895e-01
-9.784583449363708496e-01
-1.369089722633361816e+00
-1.420745253562927246e+00
-8.655027151107788086e-01
-1.852624816820025444e-03
7.794101238250732422e-01
9.280015826225280762e-01
4.302993416786193848e-01
-5.089814066886901855e-01
-1.263817071914672852e+00
-1.521658778190612793e+00
-1.111847281455993652e+00
-4.176579117774963379e-01
2.399694025516510010e-01
4.351488649845123291e-01
2.064041942358016968e-01
-3.876344859600067139e-01
-9.594417214393615723e-01
-1.366964697837829590e+00
-1.355957865715026855e+00
-1.021940588951110840e+00
-3.484024405479431152e-01
3.826214969158172607e-01
1.088744044303894043e+00
1.501606941223144531e+00
1.671013116836547852e+00
1.533918857574462891e+00
