1.142754405736923218e-01
7.886974513530731201e-02
-9.840192645788192749e-02
-4.021763429045677185e-02
2.034537792205810547e-01
4.156051278114318848e-01
3.287068009376525879e-01
-5.776810646057128906e-02
-5.152416229248046875e-01
-6.966946125030517578e-01
-4.928234219551086426e-01
-6.989654898643493652e-02
2.011539936065673828e-01
1.198764294385910034e-01
-2.270925343036651611e-01
-4.743888378143310547e-01
-3.440327048301696777e-01
1.657018810510635376e-01
7.106859683990478516e-01
9.314162135124206543e-01
6.935954093933105469e-01
2.543413937091827393e-01
1.375347375869750977e-03
1.808972358703613281e-01
6.363909244537353516e-01
9.636757373809814453e-01
7.712335586547851562e-01
3.741379082202911377e-02
-8.881593942642211914e-01
-1.452041387557983398e+00
-1.296334505081176758e+00
-4.426971971988677979e-01
6.712703108787536621e-01
1.478313207626342773e+00
1.541641116142272949e+00
8.215219974517822266e-01
-3.563838601112365723e-01
-1.429012537002563477e+00
-1.930738925933837891e+00
-1.696183085441589355e+00
-9.881923794746398926e-01
-2.905130088329315186e-01
-3.012675046920776367e-02
-2.392066121101379395e-01
-5.534775853157043457e-01
-4.377654194831848145e-01
3.469169139862060547e-01
1.518120765686035156e+00
2.358171701431274414e+00
2.233635187149047852e+00
1.058284997940063477e+00
-5.357173085212707520e-01
-1.611065745353698730e+00
-1.527276277542114258e+00
-4.147234261035919189e-01
9.670378565788269043e-01
1.752391457557678223e+00
1.604811906814575195e+00
8.529238700866699219e-01
1.747709512710571289e-01
-7.768874987959861755e-03
1.986558586359024048e-01
3.136416077613830566e-01
1.356029510498046875e-02
-5.582318902015686035e-01
-8.713017702102661133e-01
-5.267810821533203125e-01
3.648473620414733887e-01
1.177294492721557617e+00
1.283349752426147461e+00
5.435577034950256348e-01
-5.287716984748840332e-01
-1.206034898757934570e+00
-1.099469184875488281e+00
-4.931796789169311523e-01
-4.476249217987060547e-02
-2.413085401058197021e-01
-9.371704459190368652e-01
-1.507381200790405273e+00
-1.351571083068847656e+00
-4.615226387977600098e-01
5.685237050056457520e-01
9.593417048454284668e-01
4.090107083320617676e-01
-6.923118233680725098e-01
-1.497433304786682129e+00
-1.359591960906982422e+00
-2.419733405113220215e-01
1.237523317337036133e+00
2.273529767990112305e+00
2.309884309768676758e+00
1.329168319702148438e+00
-2.943774461746215820e-01
-1.989966392517089844e+00
-3.248567104339599609e+00
-3.659769535064697266e+00
-3.047471046447753906e+00
-1.523491263389587402e+00
3.678315877914428711e-01
1.841572284698486328e+00
2.190036296844482422e+00
1.299890279769897461e+00
-2.452616393566131592e-01
-1.410969376564025879e+00
-1.443420767784118652e+00
-3.415885865688323975e-01
1.053526401519775391e+00
1.708429932594299316e+00
1.078488826751708984e+00
-4.183866381645202637e-01
-1.749565601348876953e+00
-1.919194102287292480e+00
-7.085496187210083008e-01
1.276745557785034180e+00
2.970165252685546875e+00
3.598701715469360352e+00
3.009907484054565430e+00
1.701221346855163574e+00
3.380879163742065430e-01
-5.494342446327209473e-01
-8.226950764656066895e-01
-5.640948414802551270e-01
-3.817033767700195312e-02
4.925270676612854004e-01
7.054563164710998535e-01
4.053181707859039307e-01
-4.373263418674468994e-01
-1.493872046470642090e+00
-2.288097620010375977e+00
-2.377673864364624023e+00
-1.751402258872985840e+00
-7.622067928314208984e-01
1.460175216197967529e-02
2.687777578830718994e-01
3.946182131767272949e-02
-3.018390536308288574e-01
-4.958964288234710693e-01
-5.055522918701171875e-01
-5.595702528953552246e-01
-7.437793612480163574e-01
-9.161950349807739258e-01
-6.893881559371948242e-01
8.521048724651336670e-02
1.165109276771545410e+00
1.881467342376708984e+00
1.730391383171081543e+00
7.072484493255615234e-01
-4.948240816593170166e-01
-1.060356497764587402e+00
-5.496253967285156250e-01
6.435190439224243164e-01
1.688843727111816406e+00
1.827950000762939453e+00
1.042256355285644531e+00
-9.623908996582031250e-02
-8.015869855880737305e-01
-8.078175783157348633e-01
-4.135555326938629150e-01
-2.732315957546234131e-01
-6.862691044807434082e-01
-1.439644694328308105e+00
-1.877416849136352539e+00
-1.580279588699340820e+00
-6.146131753921508789e-01
3.898574709892272949e-01
8.558614253997802734e-01
5.785316228866577148e-01
-3.332567214965820312e-02
-4.417823553085327148e-01
-2.970217764377593994e-01
2.041216790676116943e-01
6.609296798706054688e-01
7.163002490997314453e-01
4.712185561656951904e-01
2.509703338146209717e-01
4.271802902221679688e-01
9.776142835617065430e-01
1.618358612060546875e+00
1.895909547805786133e+00
1.628766775131225586e+00
8.794316053390502930e-01
5.389153957366943359e-03
-6.934676766395568848e-01
-9.669421911239624023e-01
-7.881038188934326172e-01
-1.659372150897979736e-01
7.191936373710632324e-01
1.659319281578063965e+00
2.298630475997924805e+00
2.406600236892700195e+00
1.885566592216491699e+00
9.896115660667419434e-01
6.960110366344451904e-02
-5.050923824310302734e-01
-6.802195310592651367e-01
-5.743057131767272949e-01
-4.558539390563964844e-01
-4.026418924331665039e-01
-3.946337103843688965e-01
-2.807077765464782715e-01
-8.364731073379516602e-02
1.048069000244140625e-01
9.815299510955810547e-02
-7.593907415866851807e-02
-2.730791568756103516e-01
-2.371557652950286865e-01
4.332788288593292236e-02
3.820106089115142822e-01
3.922721147537231445e-01
-1.007181927561759949e-01
-9.989116191864013672e-01
-1.843489646911621094e+00
-2.208474874496459961e+00
-1.856258392333984375e+00
-9.679027795791625977e-01
1.170898824930191040e-01
1.016138076782226562e+00
