3.327776491641998291e-01
3.171625137329101562e-01
4.049578011035919189e-01
3.357253968715667725e-01
1.328879892826080322e-01
-2.376527935266494751e-01
-7.141534090042114258e-01
-1.182527780532836914e+00
-1.382178425788879395e+00
-1.121102929115295410e+00
-3.483927845954895020e-01
6.611735224723815918e-01
1.501841425895690918e+00
1.784427523612976074e+00
1.464556217193603516e+00
7.951768636703491211e-01
2.291282117366790771e-01
4.565037041902542114e-02
2.550206482410430908e-01
5.622245073318481445e-01
6.681047081947326660e-01
4.218476414680480957e-01
-5.345793813467025757e-02
-5.592767596244812012e-01
-9.334026575088500977e-01
-1.196788549423217773e+00
-1.404246807098388672e+00
-1.568364977836608887e+00
-1.533549666404724121e+00
-1.144207000732421875e+00
-3.616975247859954834e-01
5.726611614227294922e-01
1.279405355453491211e+00
1.415958166122436523e+00
9.381828308105468750e-01
9.265511482954025269e-02
-6.906510591506958008e-01
-1.078480005264282227e+00
-9.491771459579467773e-01
-4.357100725173950195e-01
2.250650823116302490e-01
7.794023752212524414e-01
1.055694699287414551e+00
9.462293982505798340e-01
4.572207033634185791e-01
-2.855339050292968750e-01
-1.010761260986328125e+00
-1.408469200134277344e+00
-1.278927326202392578e+00
-6.961482167243957520e-01
2.374137938022613525e-02
4.946651756763458252e-01
5.380051136016845703e-01
2.915090620517730713e-01
1.057208403944969177e-01
2.440263181924819946e-01
6.434869766235351562e-01
9.329246282577514648e-01
7.090545892715454102e-01
-1.106603220105171204e-01
-1.166434645652770996e+00
-1.859555482864379883e+00
-1.769051432609558105e+00
-9.474244117736816406e-01
1.065175309777259827e-01
8.131820559501647949e-01
9.071118831634521484e-01
6.051661372184753418e-01
3.759582638740539551e-01
5.566477179527282715e-01
1.058005094528198242e+00
1.456270694732666016e+00
1.324577689170837402e+00
6.032540798187255859e-01
-3.507031798362731934e-01
-9.925967454910278320e-01
-1.003909826278686523e+00
-4.706051051616668701e-01
1.877799630165100098e-01
5.769633054733276367e-01
5.679606795310974121e-01
3.563596904277801514e-01
2.029170840978622437e-01
2.175761908292770386e-01
2.554189860820770264e-01
1.156794726848602295e-01
-2.559766769409179688e-01
-6.417342424392700195e-01
-7.405238747596740723e-01
-4.081445634365081787e-01
1.410142332315444946e-01
4.814400970935821533e-01
2.542239427566528320e-01
-5.073325634002685547e-01
-1.386639952659606934e+00
-1.811116695404052734e+00
-1.470372080802917480e+00
-4.878933131694793701e-01
6.317756175994873047e-01
1.381780147552490234e+00
1.519448280334472656e+00
1.214475035667419434e+00
8.245747089385986328e-01
6.587834358215332031e-01
7.481721043586730957e-01
9.251967668533325195e-01
9.540369510650634766e-01
7.561390399932861328e-01
4.000979959964752197e-01
5.489198118448257446e-02
-1.844338625669479370e-01
-3.080802261829376221e-01
-3.913344144821166992e-01
-4.752259254455566406e-01
-5.800703763961791992e-01
-6.899340152740478516e-01
-8.279208540916442871e-01
-1.011319041252136230e+00
-1.220609664916992188e+00
-1.331190228462219238e+00
-1.190415024757385254e+00
-7.068238854408264160e-01
9.321279823780059814e-03
6.926427483558654785e-01
1.048843145370483398e+00
9.760255813598632812e-01
6.226136684417724609e-01
3.051324784755706787e-01
2.629875540733337402e-01
5.096429586410522461e-01
8.225033283233642578e-01
9.592154622077941895e-01
8.491128087043762207e-01
6.569510102272033691e-01
6.077155470848083496e-01
7.583697438240051270e-01
8.758816123008728027e-01
5.958448648452758789e-01
-2.734242081642150879e-01
-1.493157505989074707e+00
-2.451496601104736328e+00
-2.506946086883544922e+00
-1.430378198623657227e+00
3.760379552841186523e-01
2.053231000900268555e+00
2.768021583557128906e+00
2.195918083190917969e+00
6.935988068580627441e-01
-9.243203997611999512e-01
-1.887917637825012207e+00
-1.880030393600463867e+00
-1.168824672698974609e+00
-3.530932664871215820e-01
3.003523498773574829e-02
-1.665879935026168823e-01
-6.822857856750488281e-01
-1.043983340263366699e+00
-9.201775789260864258e-01
-2.935804724693298340e-01
5.160164833068847656e-01
1.098397254943847656e+00
1.188423275947570801e+00
8.542912602424621582e-01
4.098176360130310059e-01
2.371747791767120361e-01
4.878136217594146729e-01
1.012753009796142578e+00
1.406636834144592285e+00
1.331030964851379395e+00
7.147111296653747559e-01
-1.070752143859863281e-01
-6.401408910751342773e-01
-5.145824551582336426e-01
1.846728771924972534e-01
9.761849641799926758e-01
1.215112447738647461e+00
5.787160396575927734e-01
-7.590867877006530762e-01
-2.141504287719726562e+00
-2.890871286392211914e+00
-2.658874988555908203e+00
-1.682690143585205078e+00
-5.309146046638488770e-01
2.014033794403076172e-01
3.157284557819366455e-01
-2.429906278848648071e-02
-4.298145473003387451e-01
-6.750358939170837402e-01
-7.528725862503051758e-01
-8.711811304092407227e-01
-1.116800785064697266e+00
-1.398510575294494629e+00
-1.401059985160827637e+00
-9.153974652290344238e-01
3.728511929512023926e-02
1.075372934341430664e+00
1.753436207771301270e+00
1.741804599761962891e+00
1.115526080131530762e+00
2.193289101123809814e-01
-4.367457628250122070e-01
-5.387221574783325195e-01
-1.577447354793548584e-02
8.526979088783264160e-01
1.685478568077087402e+00
2.064942359924316406e+00
1.816215515136718750e+00
9.743525385856628418e-01
-1.090669408440589905e-01
-1.014107465744018555e+00
-1.337643504142761230e+00
-1.008610248565673828e+00
-2.391665130853652954e-01
4.676573574542999268e-01
7.051508426666259766e-01
2.926244437694549561e-01
-5.145027637481689453e-01
