-4.690107703208923340e-01
-4.067525267601013184e-01
-7.099048495292663574e-01
-5.407123565673828125e-01
-1.412732899188995361e-01
9.926840662956237793e-02
-6.499022245407104492e-03
-4.111183583736419678e-01
-8.332771062850952148e-01
-1.056165695190429688e+00
-9.930337071418762207e-01
-7.745545506477355957e-01
-5.339078903198242188e-01
-3.868059515953063965e-01
-3.142439723014831543e-01
-3.190505802631378174e-01
-3.773696720600128174e-01
-4.943558871746063232e-01
-5.403304696083068848e-01
-3.523784875869750977e-01
2.192407399415969849e-01
1.042199373245239258e+00
1.747971534729003906e+00
1.835541963577270508e+00
1.112488031387329102e+00
-1.534979939460754395e-01
-1.233680725097656250e+00
-1.455326199531555176e+00
-5.951738357543945312e-01
8.458968400955200195e-01
2.019602775573730469e+00
2.215379238128662109e+00
1.429305672645568848e+00
2.837512195110321045e-01
-3.274986147880554199e-01
5.812153220176696777e-02
1.233852624893188477e+00
2.399874210357666016e+00
2.783509254455566406e+00
2.056823015213012695e+00
5.927065014839172363e-01
-8.888722658157348633e-01
-1.694798469543457031e+00
-1.597251653671264648e+00
-8.037156462669372559e-01
1.755714416503906250e-01
9.042296409606933594e-01
1.134607315063476562e+00
9.307866692543029785e-01
5.071023702621459961e-01
1.803731620311737061e-01
1.561802178621292114e-01
4.941071271896362305e-01
9.864234924316406250e-01
1.301881790161132812e+00
1.101429462432861328e+00
3.289810419082641602e-01
-7.644171714782714844e-01
-1.674136400222778320e+00
-2.010406970977783203e+00
-1.705886602401733398e+00
-1.121527075767517090e+00
-7.384637594223022461e-01
-8.577874898910522461e-01
-1.327375173568725586e+00
-1.705643892288208008e+00
-1.550315022468566895e+00
-8.021864295005798340e-01
2.060358375310897827e-01
9.561539292335510254e-01
1.149470329284667969e+00
8.558650016784667969e-01
4.493316411972045898e-01
2.503177225589752197e-01
3.251243829727172852e-01
4.397197365760803223e-01
3.355360329151153564e-01
-6.007653474807739258e-02
-5.304720997810363770e-01
-7.853035330772399902e-01
-6.777434945106506348e-01
-3.499193787574768066e-01
-9.580719470977783203e-02
-1.325536668300628662e-01
-4.098596572875976562e-01
-6.738149523735046387e-01
-6.580769419670104980e-01
-3.077104091644287109e-01
2.079605460166931152e-01
6.356381177902221680e-01
8.569378852844238281e-01
9.436499476432800293e-01
1.064694523811340332e+00
1.285293221473693848e+00
1.481785297393798828e+00
1.428238630294799805e+00
9.994921684265136719e-01
3.249565958976745605e-01
-2.707304358482360840e-01
-4.873436391353607178e-01
-2.888849675655364990e-01
5.574844777584075928e-02
1.515925675630569458e-01
-2.027760446071624756e-01
-8.480331301689147949e-01
-1.326279640197753906e+00
-1.222022771835327148e+00
-4.674114584922790527e-01
5.384353399276733398e-01
1.173039793968200684e+00
9.765546917915344238e-01
-1.013058423995971680e-02
-1.268110036849975586e+00
-2.093929767608642578e+00
-2.052629709243774414e+00
-1.194942474365234375e+00
-9.395204484462738037e-03
9.517990350723266602e-01
1.366785526275634766e+00
1.286010265350341797e+00
9.374866485595703125e-01
5.194005370140075684e-01
4.114955663681030273e-02
-5.370927453041076660e-01
-1.150876879692077637e+00
-1.518894314765930176e+00
-1.351128578186035156e+00
-5.963107943534851074e-01
3.525229394435882568e-01
8.736304640769958496e-01
5.006601810455322266e-01
-6.497584581375122070e-01
-1.911610245704650879e+00
-2.442056417465209961e+00
-1.855152368545532227e+00
-4.841156601905822754e-01
7.709567546844482422e-01
1.103120326995849609e+00
3.125568628311157227e-01
-1.024649620056152344e+00
-2.015697956085205078e+00
-2.024276018142700195e+00
-1.099421262741088867e+00
1.996999382972717285e-01
1.222015142440795898e+00
1.717656135559082031e+00
1.857406377792358398e+00
1.991931438446044922e+00
2.239616632461547852e+00
2.423549890518188477e+00
2.237419605255126953e+00
1.611992120742797852e+00
7.808454036712646484e-01
1.488398313522338867e-01
-8.433131873607635498e-02
-2.738422155380249023e-02
-5.044043064117431641e-03
-1.955382972955703735e-01
-5.105817317962646484e-01
-6.688427925109863281e-01
-5.549247264862060547e-01
-3.590564727783203125e-01
-4.794726073741912842e-01
-1.100563287734985352e+00
-1.967829227447509766e+00
-2.466764450073242188e+00
-2.138681173324584961e+00
-1.069992065429687500e+00
6.039343774318695068e-02
5.093641281127929688e-01
4.674389958381652832e-02
-7.835164070129394531e-01
-1.091775417327880859e+00
-3.490898013114929199e-01
1.090066432952880859e+00
2.212111949920654297e+00
2.079781055450439453e+00
6.291365027427673340e-01
-1.218890428543090820e+00
-2.155584335327148438e+00
-1.453317761421203613e+00
5.165121555328369141e-01
2.528224945068359375e+00
3.400521039962768555e+00
2.788629293441772461e+00
1.346090316772460938e+00
1.211608052253723145e-01
-2.653692960739135742e-01
-3.305119276046752930e-02
6.536680459976196289e-02
-5.281532406806945801e-01
-1.628145217895507812e+00
-2.403628826141357422e+00
-2.031076669692993164e+00
-3.837854266166687012e-01
1.778029680252075195e+00
3.286675453186035156e+00
3.324786663055419922e+00
1.948378920555114746e+00
-2.188268303871154785e-02
-1.572137355804443359e+00
-2.136608600616455078e+00
-1.812978267669677734e+00
-1.140730381011962891e+00
-6.048726439476013184e-01
-3.403612375259399414e-01
-1.436266154050827026e-01
2.066142708063125610e-01
7.114725112915039062e-01
1.094973921775817871e+00
1.059053421020507812e+00
5.160618424415588379e-01
-2.733525633811950684e-01
-8.881949782371520996e-01
-9.865401387214660645e-01
-5.547058582305908203e-01
1.450016051530838013e-01
