-5.492381453514099121e-01
-5.089780092239379883e-01
-4.747690558433532715e-01
-8.850371837615966797e-01
-1.489750862121582031e+00
-1.810378909111022949e+00
-1.322212696075439453e+00
-1.012928485870361328e-01
1.341050267219543457e+00
2.210535049438476562e+00
2.184197425842285156e+00
1.452578663825988770e+00
7.169481515884399414e-01
4.442723989486694336e-01
6.781426668167114258e-01
8.809280395507812500e-01
5.862858295440673828e-01
-3.380310833454132080e-01
-1.393900871276855469e+00
-2.000250101089477539e+00
-1.792471408843994141e+00
-1.033879876136779785e+00
-2.172217369079589844e-01
2.185615301132202148e-01
3.578570485115051270e-01
5.317871570587158203e-01
1.074655294418334961e+00
1.827910304069519043e+00
2.336567640304565430e+00
2.095806598663330078e+00
1.123245477676391602e+00
-1.058046817779541016e-01
-8.603026866912841797e-01
-8.049235343933105469e-01
-1.412096023559570312e-01
4.406443536281585693e-01
3.726441860198974609e-01
-4.777432680130004883e-01
-1.636771917343139648e+00
-2.457754611968994141e+00
-2.470827341079711914e+00
-1.736944079399108887e+00
-6.649134159088134766e-01
2.125505208969116211e-01
6.171720623970031738e-01
5.364918112754821777e-01
1.960619390010833740e-01
-1.893033683300018311e-01
-4.505465030670166016e-01
-5.466409921646118164e-01
-4.619762897491455078e-01
-2.450452446937561035e-01
4.392932727932929993e-02
2.967728376388549805e-01
4.501993656158447266e-01
4.977654814720153809e-01
5.326909422874450684e-01
6.489588618278503418e-01
8.755339384078979492e-01
1.111261367797851562e+00
1.185366630554199219e+00
9.531717300415039062e-01
4.032130837440490723e-01
-3.356051743030548096e-01
-1.056595087051391602e+00
-1.567863941192626953e+00
-1.772393941879272461e+00
-1.673737049102783203e+00
-1.366021871566772461e+00
-9.669044017791748047e-01
-5.835353136062622070e-01
-2.439209371805191040e-01
8.513249456882476807e-02
4.901920557022094727e-01
9.827253818511962891e-01
1.463360548019409180e+00
1.692832589149475098e+00
1.470722556114196777e+00
7.595425844192504883e-01
-1.736853718757629395e-01
-9.086069464683532715e-01
-1.063632488250732422e+00
-5.888494849205017090e-01
2.565976083278656006e-01
1.027863264083862305e+00
1.445228576660156250e+00
1.481163978576660156e+00
1.348746180534362793e+00
1.182105779647827148e+00
9.440193176269531250e-01
4.122822880744934082e-01
-4.840997457504272461e-01
-1.523846149444580078e+00
-2.158986091613769531e+00
-1.929485917091369629e+00
-7.579432129859924316e-01
8.390501737594604492e-01
2.100440979003906250e+00
2.419528007507324219e+00
1.786257266998291016e+00
6.778271198272705078e-01
-2.229076176881790161e-01
-5.409888029098510742e-01
-3.019340038299560547e-01
1.389328837394714355e-01
4.962345361709594727e-01
6.638655662536621094e-01
7.430076599121093750e-01
7.546764016151428223e-01
6.113116145133972168e-01
1.224292665719985962e-01
-6.972311139106750488e-01
-1.597904682159423828e+00
-2.136658191680908203e+00
-2.061326742172241211e+00
-1.444361090660095215e+00
-7.126383185386657715e-01
-2.596984505653381348e-01
-2.179895937442779541e-01
-3.173619508743286133e-01
-2.076853811740875244e-01
2.707784175872802734e-01
8.576775789260864258e-01
1.107035636901855469e+00
6.908404827117919922e-01
-2.590898573398590088e-01
-1.251734256744384766e+00
-1.695075511932373047e+00
-1.326249122619628906e+00
-3.149208128452301025e-01
8.267399668693542480e-01
1.603281736373901367e+00
1.744031667709350586e+00
1.304884672164916992e+00
5.129194855690002441e-01
-3.545099794864654541e-01
-1.086827754974365234e+00
-1.517416000366210938e+00
-1.543930172920227051e+00
-1.135449409484863281e+00
-4.029892086982727051e-01
4.221851229667663574e-01
1.061590552330017090e+00
1.340364217758178711e+00
1.270124316215515137e+00
1.033545613288879395e+00
8.671404123306274414e-01
9.218633174896240234e-01
1.203325986862182617e+00
1.568681836128234863e+00
1.820926904678344727e+00
1.769727706909179688e+00
1.323412895202636719e+00
5.120261311531066895e-01
-4.672607183456420898e-01
-1.325037837028503418e+00
-1.752326130867004395e+00
-1.611810445785522461e+00
-9.781687855720520020e-01
-1.663481146097183228e-01
4.863081574440002441e-01
7.368223071098327637e-01
6.021561622619628906e-01
2.351715713739395142e-01
-1.304227262735366821e-01
-3.808264434337615967e-01
-4.554540812969207764e-01
-3.942376077175140381e-01
-2.009544968605041504e-01
2.443712949752807617e-02
1.572825908660888672e-01
-3.270706534385681152e-02
-6.200706362724304199e-01
-1.492931723594665527e+00
-2.214962720870971680e+00
-2.370855808258056641e+00
-1.751648068428039551e+00
-6.863126158714294434e-01
2.334393113851547241e-01
4.176988899707794189e-01
-1.686694025993347168e-01
-1.076283335685729980e+00
-1.546103715896606445e+00
-1.193969488143920898e+00
-1.669388860464096069e-01
8.106685876846313477e-01
1.107873797416687012e+00
4.877873361110687256e-01
-5.918867588043212891e-01
-1.494000673294067383e+00
-1.705879688262939453e+00
-1.318419694900512695e+00
-6.964820623397827148e-01
-2.892234921455383301e-01
-1.077835485339164734e-01
4.811714589595794678e-02
4.963026642799377441e-01
1.142728209495544434e+00
1.669387817382812500e+00
1.594421625137329102e+00
8.608971834182739258e-01
-2.426332831382751465e-01
-1.055603623390197754e+00
-1.167707443237304688e+00
-4.799277186393737793e-01
5.619541406631469727e-01
1.477328538894653320e+00
1.835041046142578125e+00
1.658347964286804199e+00
1.116129279136657715e+00
5.767640471458435059e-01
1.929979473352432251e-01
8.215763419866561890e-02
9.902366995811462402e-02
1.422157287597656250e-01
-2.832627296447753906e-02
-4.550606012344360352e-01
