-5.198315978050231934e-01
-5.633465051651000977e-01
-5.966467261314392090e-01
-7.560210824012756348e-01
-8.509621620178222656e-01
-7.296295762062072754e-01
-1.849702298641204834e-01
6.044038534164428711e-01
1.312090754508972168e+00
1.423177838325500488e+00
8.100993037223815918e-01
-3.137079775333404541e-01
-1.274006485939025879e+00
-1.560409069061279297e+00
-9.864988923072814941e-01
-2.048763632774353027e-02
7.277539968490600586e-01
7.625327706336975098e-01
2.306566834449768066e-01
-3.768504559993743896e-01
-4.402604997158050537e-01
1.512864381074905396e-01
1.081992983818054199e+00
1.701484560966491699e+00
1.675318598747253418e+00
1.078699707984924316e+00
4.660235345363616943e-01
2.920836210250854492e-01
7.025415301322937012e-01
1.300006628036499023e+00
1.580146312713623047e+00
1.183685183525085449e+00
2.693517804145812988e-01
-7.244294881820678711e-01
-1.269581556320190430e+00
-1.182303667068481445e+00
-5.822722315788269043e-01
1.355170309543609619e-01
6.503612399101257324e-01
7.651481032371520996e-01
5.131297111511230469e-01
-1.412272453308105469e-02
-6.487730741500854492e-01
-1.251826286315917969e+00
-1.644965648651123047e+00
-1.730307102203369141e+00
-1.497111678123474121e+00
-1.116259574890136719e+00
-8.169150352478027344e-01
-7.867592573165893555e-01
-1.003966927528381348e+00
-1.276266813278198242e+00
-1.351837635040283203e+00
-1.123694777488708496e+00
-6.916508674621582031e-01
-2.941505908966064453e-01
-1.237222254276275635e-01
-1.985805630683898926e-01
-3.717932105064392090e-01
-4.525302946567535400e-01
-3.483098149299621582e-01
-8.441370725631713867e-02
2.472524195909500122e-01
5.998786687850952148e-01
9.549150466918945312e-01
1.292390346527099609e+00
1.485854864120483398e+00
1.389193534851074219e+00
9.229825735092163086e-01
2.562038600444793701e-01
-2.770799696445465088e-01
-3.145647346973419189e-01
2.047509253025054932e-01
9.974878430366516113e-01
1.504155516624450684e+00
1.313488006591796875e+00
3.820682168006896973e-01
-8.247198462486267090e-01
-1.683756470680236816e+00
-1.718779921531677246e+00
-9.737907052040100098e-01
1.249104738235473633e-01
9.661750197410583496e-01
1.232857942581176758e+00
9.661971330642700195e-01
5.816922783851623535e-01
4.627471268177032471e-01
8.190866708755493164e-01
1.480152845382690430e+00
2.147614955902099609e+00
2.482572555541992188e+00
2.397086620330810547e+00
1.941433548927307129e+00
1.345169186592102051e+00
7.538061141967773438e-01
2.879098951816558838e-01
-1.057257652282714844e-01
-4.660065174102783203e-01
-8.924087882041931152e-01
-1.349425077438354492e+00
-1.790437340736389160e+00
-2.042210340499877930e+00
-2.026601791381835938e+00
-1.700013160705566406e+00
-1.239461302757263184e+00
-8.404603004455566406e-01
-7.282932400703430176e-01
-8.798207640647888184e-01
-1.144763588905334473e+00
-1.219465970993041992e+00
-9.908763766288757324e-01
-5.229659080505371094e-01
-1.454465985298156738e-01
-9.275556355714797974e-02
-4.188513457775115967e-01
-8.020553588867187500e-01
-8.740390539169311523e-01
-3.916269838809967041e-01
4.316059052944183350e-01
1.142458796501159668e+00
1.245252490043640137e+00
6.758748888969421387e-01
-2.289444804191589355e-01
-8.425345420837402344e-01
-7.713568806648254395e-01
-1.901493966579437256e-02
9.542433619499206543e-01
1.673864364624023438e+00
1.903644442558288574e+00
1.851229906082153320e+00
1.848499059677124023e+00
2.096632957458496094e+00
2.382393836975097656e+00
2.305370330810546875e+00
1.551923274993896484e+00
2.708200216293334961e-01
-1.022732973098754883e+00
-1.707611203193664551e+00
-1.531329631805419922e+00
-7.135024666786193848e-01
1.732715368270874023e-01
6.498477458953857422e-01
5.820738077163696289e-01
2.302188873291015625e-01
-4.963138699531555176e-02
-6.188384816050529480e-02
9.728753566741943359e-02
2.048139572143554688e-01
1.163075566291809082e-01
-1.189128458499908447e-01
-3.601002395153045654e-01
-5.468761324882507324e-01
-7.680357098579406738e-01
-1.153059244155883789e+00
-1.662077903747558594e+00
-2.026432275772094727e+00
-1.879248380661010742e+00
-1.076495170593261719e+00
1.492020487785339355e-01
1.239401578903198242e+00
1.693566441535949707e+00
1.363239526748657227e+00
5.960086584091186523e-01
-6.860464811325073242e-02
-2.161283195018768311e-01
1.181932240724563599e-01
5.973290205001831055e-01
7.969882488250732422e-01
5.915125608444213867e-01
1.135396957397460938e-01
-3.243720531463623047e-01
-5.898773074150085449e-01
-7.098141908645629883e-01
-8.794173002243041992e-01
-1.131287097930908203e+00
-1.372800469398498535e+00
-1.343029022216796875e+00
-9.559978246688842773e-01
-2.725964188575744629e-01
4.043858349323272705e-01
8.728369474411010742e-01
1.011194944381713867e+00
9.400235414505004883e-01
7.122182846069335938e-01
3.866322338581085205e-01
-1.385219991207122803e-01
-8.045340776443481445e-01
-1.500986576080322266e+00
-1.922981262207031250e+00
-1.962707042694091797e+00
-1.637795329093933105e+00
-1.259985685348510742e+00
-9.930614829063415527e-01
-8.691810965538024902e-01
-5.720494985580444336e-01
7.758504152297973633e-02
1.062636971473693848e+00
1.864877700805664062e+00
1.988088369369506836e+00
1.151645421981811523e+00
-2.016902565956115723e-01
-1.334673047065734863e+00
-1.482712030410766602e+00
-6.226661205291748047e-01
6.916466355323791504e-01
1.474362850189208984e+00
1.218206644058227539e+00
3.071093559265136719e-02
-1.208491683006286621e+00
-1.690974473953247070e+00
-9.918318390846252441e-01
4.310019612312316895e-01
1.814597606658935547e+00
2.363323688507080078e+00
1.960044264793395996e+00
9.007403254508972168e-01
-1.470908820629119873e-01
