-1.092035889625549316e+00
-1.132626652717590332e+00
-7.992609143257141113e-01
1.416100710630416870e-01
1.216547131538391113e+00
1.781581163406372070e+00
1.623529434204101562e+00
9.046682119369506836e-01
1.479834318161010742e-01
-3.066326379776000977e-01
-3.370326757431030273e-01
-1.597554087638854980e-01
7.411646842956542969e-02
2.673299908638000488e-01
5.214521884918212891e-01
7.979115843772888184e-01
9.891892075538635254e-01
8.268626332283020020e-01
2.765513658523559570e-01
-4.852787554264068604e-01
-9.798131585121154785e-01
-8.819934129714965820e-01
-1.439188420772552490e-01
7.736783027648925781e-01
1.299087047576904297e+00
9.754188656806945801e-01
-9.923507273197174072e-02
-1.439966201782226562e+00
-2.323886871337890625e+00
-2.334485292434692383e+00
-1.462863922119140625e+00
-2.154372781515121460e-01
8.094812035560607910e-01
1.133604764938354492e+00
7.546820044517517090e-01
-1.194649934768676758e-02
-6.322718262672424316e-01
-7.833378314971923828e-01
-4.093843102455139160e-01
1.833028495311737061e-01
6.452743411064147949e-01
7.066916823387145996e-01
4.129886925220489502e-01
-5.125167965888977051e-02
-4.262271821498870850e-01
-6.301792860031127930e-01
-6.713823080062866211e-01
-6.493456959724426270e-01
-5.601646304130554199e-01
-3.879982233047485352e-01
-1.193826496601104736e-01
1.026738435029983521e-01
1.106424927711486816e-01
-1.881486177444458008e-01
-5.979692935943603516e-01
-7.637895345687866211e-01
-3.800782263278961182e-01
4.603493809700012207e-01
1.281638979911804199e+00
1.472440719604492188e+00
8.052992224693298340e-01
-3.505192995071411133e-01
-1.168009042739868164e+00
-9.687928557395935059e-01
2.799969911575317383e-01
1.838234782218933105e+00
2.691235065460205078e+00
2.214884281158447266e+00
6.328408718109130859e-01
-1.171794295310974121e+00
-2.255499601364135742e+00
-2.239428997039794922e+00
-1.452368497848510742e+00
-5.665857791900634766e-01
-2.806568145751953125e-02
2.287927865982055664e-01
6.053190231323242188e-01
1.375088453292846680e+00
2.357881546020507812e+00
3.009026527404785156e+00
2.830325365066528320e+00
1.775396227836608887e+00
2.933166623115539551e-01
-9.724410772323608398e-01
-1.617370247840881348e+00
-1.650382161140441895e+00
-1.387107372283935547e+00
-1.130935072898864746e+00
-1.000124454498291016e+00
-9.292541742324829102e-01
-8.615003228187561035e-01
-8.155817985534667969e-01
-8.668296933174133301e-01
-9.909174442291259766e-01
-1.060956478118896484e+00
-9.273823499679565430e-01
-6.151809096336364746e-01
-3.055133223533630371e-01
-2.203461378812789917e-01
-3.734204173088073730e-01
-5.604693889617919922e-01
-5.044203996658325195e-01
-1.608096361160278320e-01
2.272515296936035156e-01
2.810578942298889160e-01
-1.204248964786529541e-01
-7.053341269493103027e-01
-9.209662675857543945e-01
-4.102430343627929688e-01
7.102822065353393555e-01
1.834578275680541992e+00
2.337486028671264648e+00
1.970905303955078125e+00
1.055664420127868652e+00
1.439799666404724121e-01
-3.700378537178039551e-01
-5.340141654014587402e-01
-6.171999573707580566e-01
-7.891964912414550781e-01
-8.558495640754699707e-01
-4.848330020904541016e-01
4.404622316360473633e-01
1.522700548171997070e+00
2.086311340332031250e+00
1.660631299018859863e+00
4.603621959686279297e-01
-7.198037505149841309e-01
-1.021568059921264648e+00
-2.262727916240692139e-01
1.069503545761108398e+00
1.826875090599060059e+00
1.360585808753967285e+00
-1.790745258331298828e-01
-1.871230959892272949e+00
-2.710221052169799805e+00
-2.258105516433715820e+00
-9.232712984085083008e-01
4.186665415763854980e-01
1.019716262817382812e+00
7.300650477409362793e-01
-4.605895280838012695e-02
-6.953446865081787109e-01
-8.249492645263671875e-01
-4.016699194908142090e-01
3.236354589462280273e-01
1.026199102401733398e+00
1.419192314147949219e+00
1.305273532867431641e+00
5.999621152877807617e-01
-5.665473937988281250e-01
-1.805035591125488281e+00
-2.557381629943847656e+00
-2.380282163619995117e+00
-1.248311638832092285e+00
3.657656610012054443e-01
1.726725816726684570e+00
2.276778459548950195e+00
1.941742539405822754e+00
1.118490815162658691e+00
3.322577476501464844e-01
-1.128714680671691895e-01
-2.767895460128784180e-01
-3.801998198032379150e-01
-5.501723885536193848e-01
-6.653341054916381836e-01
-5.248017311096191406e-01
-6.113731861114501953e-02
4.948392808437347412e-01
7.929841279983520508e-01
5.871990919113159180e-01
-3.487181663513183594e-02
-7.731084823608398438e-01
-1.291561245918273926e+00
-1.483542561531066895e+00
-1.404971241950988770e+00
-1.186882853507995605e+00
-8.269262313842773438e-01
-2.950928509235382080e-01
3.914173245429992676e-01
9.937996864318847656e-01
1.241214036941528320e+00
9.893883466720581055e-01
4.766064584255218506e-01
1.314511895179748535e-01
3.340139687061309814e-01
1.015652298927307129e+00
1.750851750373840332e+00
1.971638917922973633e+00
1.494256734848022461e+00
5.816599130630493164e-01
-1.494232416152954102e-01
-2.795230746269226074e-01
2.210988998413085938e-01
9.050996899604797363e-01
1.310819268226623535e+00
1.187965393066406250e+00
7.248543500900268555e-01
2.287420630455017090e-01
-1.542407274246215820e-02
-2.176009863615036011e-02
1.219913065433502197e-01
2.702911794185638428e-01
4.325809776782989502e-01
5.409306287765502930e-01
5.073882937431335449e-01
1.079771369695663452e-01
-6.749072074890136719e-01
-1.650784969329833984e+00
-2.315433979034423828e+00
-2.316028594970703125e+00
-1.593903422355651855e+00
-6.159542798995971680e-01
8.037574589252471924e-02
1.420234739780426025e-01
-1.987022608518600464e-01
-4.691052734851837158e-01
-2.105123996734619141e-01
