-1.064858078956604004e+00
-1.101907968521118164e+00
-1.815641045570373535e+00
-2.341012477874755859e+00
-2.256491422653198242e+00
-1.362966299057006836e+00
1.217455565929412842e-01
1.593869924545288086e+00
2.361520767211914062e+00
2.039330959320068359e+00
8.292388319969177246e-01
-5.506390333175659180e-01
-1.233776330947875977e+00
-7.296102046966552734e-01
7.891035079956054688e-01
2.542017459869384766e+00
3.610838174819946289e+00
3.441083908081054688e+00
2.178666591644287109e+00
5.160274505615234375e-01
-7.125812768936157227e-01
-1.057891845703125000e+00
-6.279185414314270020e-01
2.588266879320144653e-02
3.607273995876312256e-01
1.434146314859390259e-01
-4.154949784278869629e-01
-9.310366511344909668e-01
-1.096748352050781250e+00
-9.212281703948974609e-01
-5.909553766250610352e-01
-3.142835199832916260e-01
-8.429113775491714478e-02
2.207848429679870605e-01
7.211584448814392090e-01
1.289444565773010254e+00
1.640795230865478516e+00
1.460518717765808105e+00
7.154246568679809570e-01
-3.613823354244232178e-01
-1.351231098175048828e+00
-1.993012785911560059e+00
-2.246552944183349609e+00
-2.292722225189208984e+00
-2.224254846572875977e+00
-1.985422611236572266e+00
-1.365168690681457520e+00
-3.375810384750366211e-01
8.387665748596191406e-01
1.613899230957031250e+00
1.586283206939697266e+00
7.665509581565856934e-01
-2.707906365394592285e-01
-8.161095380783081055e-01
-4.443789720535278320e-01
5.852102041244506836e-01
1.575700283050537109e+00
1.816122174263000488e+00
1.174102544784545898e+00
1.014712452888488770e-01
-6.461820602416992188e-01
-6.593598723411560059e-01
-8.295804262161254883e-02
4.701541364192962646e-01
5.160887241363525391e-01
2.665704488754272461e-02
-4.850586056709289551e-01
-4.714486002922058105e-01
2.496553212404251099e-01
1.243505477905273438e+00
1.835899353027343750e+00
1.537836432456970215e+00
4.671146273612976074e-01
-8.213571310043334961e-01
-1.666491508483886719e+00
-1.790194749832153320e+00
-1.326642036437988281e+00
-6.786532402038574219e-01
-1.182401478290557861e-01
2.874652445316314697e-01
6.435378789901733398e-01
9.436172246932983398e-01
1.054891347885131836e+00
7.831315398216247559e-01
1.573201715946197510e-01
-5.447299480438232422e-01
-8.965716361999511719e-01
-6.773515939712524414e-01
-9.229095652699470520e-03
6.649887561798095703e-01
9.220474958419799805e-01
5.965987443923950195e-01
-1.076193004846572876e-01
-8.336870670318603516e-01
-1.287450909614562988e+00
-1.408145666122436523e+00
-1.276828050613403320e+00
-9.981887936592102051e-01
-5.886889100074768066e-01
-5.743166059255599976e-02
5.082048773765563965e-01
8.996166586875915527e-01
9.180655479431152344e-01
5.287373065948486328e-01
-6.865984201431274414e-02
-5.618105530738830566e-01
-7.317422032356262207e-01
-5.838202834129333496e-01
-2.949849665164947510e-01
-2.548059821128845215e-02
2.137527763843536377e-01
5.390152335166931152e-01
9.999655485153198242e-01
1.447882890701293945e+00
1.554037332534790039e+00
1.063820242881774902e+00
1.369076967239379883e-02
-1.186123251914978027e+00
-1.995832443237304688e+00
-2.042024612426757812e+00
-1.377287387847900391e+00
-3.907801210880279541e-01
4.128612279891967773e-01
7.470272779464721680e-01
6.087391376495361328e-01
2.380867004394531250e-01
-1.308983862400054932e-01
-3.426133990287780762e-01
-3.929078578948974609e-01
-2.915112078189849854e-01
-8.007765561342239380e-02
2.340057790279388428e-01
5.686501264572143555e-01
8.557628393173217773e-01
1.010232806205749512e+00
1.062394857406616211e+00
1.046002745628356934e+00
1.007209181785583496e+00
8.502998352050781250e-01
4.755069613456726074e-01
-1.903254687786102295e-01
-9.810702800750732422e-01
-1.618474125862121582e+00
-1.773600697517395020e+00
-1.375201225280761719e+00
-5.674135684967041016e-01
2.906396389007568359e-01
9.522371292114257812e-01
1.297782778739929199e+00
1.416600942611694336e+00
1.330699324607849121e+00
1.020193219184875488e+00
3.577344417572021484e-01
-5.808613300323486328e-01
-1.537364482879638672e+00
-2.039531946182250977e+00
-1.821238517761230469e+00
-9.383481740951538086e-01
9.156927466392517090e-02
7.241291999816894531e-01
6.330239176750183105e-01
4.296314716339111328e-02
-5.719990730285644531e-01
-7.338787317276000977e-01
-4.265127778053283691e-01
4.342703521251678467e-02
1.963003873825073242e-01
-1.120189428329467773e-01
-7.009543180465698242e-01
-1.096426606178283691e+00
-1.018408536911010742e+00
-4.525230228900909424e-01
2.521274983882904053e-01
7.920462489128112793e-01
9.946904778480529785e-01
1.002275943756103516e+00
9.551606178283691406e-01
9.575809240341186523e-01
8.855791091918945312e-01
6.695547103881835938e-01
2.993611097335815430e-01
1.335248351097106934e-03
-5.674910545349121094e-02
2.050543725490570068e-01
5.761502981185913086e-01
8.409068584442138672e-01
8.335644006729125977e-01
6.828323602676391602e-01
5.574120283126831055e-01
6.019846796989440918e-01
6.637294292449951172e-01
5.217970013618469238e-01
-1.753199100494384766e-02
-7.887312769889831543e-01
-1.441344499588012695e+00
-1.556669116020202637e+00
-1.073572874069213867e+00
-2.438576519489288330e-01
4.180297255516052246e-01
5.971901416778564453e-01
2.747541069984436035e-01
-1.820052266120910645e-01
-4.148086607456207275e-01
-2.403041124343872070e-01
1.285091340541839600e-01
3.538661599159240723e-01
1.316194683313369751e-01
-4.948951005935668945e-01
-1.260112047195434570e+00
-1.755274295806884766e+00
-1.759830713272094727e+00
-1.246197700500488281e+00
-4.385007023811340332e-01
4.259649515151977539e-01
1.122345328330993652e+00
1.581360936164855957e+00
1.775138378143310547e+00
