-1.121385097503662109e+00
-1.105274200439453125e+00
-3.825731873512268066e-01
5.094343423843383789e-01
1.283484816551208496e+00
1.673366546630859375e+00
1.571442008018493652e+00
1.103952646255493164e+00
5.405442714691162109e-01
1.423581689596176147e-01
2.082124352455139160e-02
1.337346434593200684e-01
3.638278841972351074e-01
6.188905239105224609e-01
8.404929637908935547e-01
9.595762491226196289e-01
8.655045628547668457e-01
4.805113077163696289e-01
-1.255722641944885254e-01
-6.879705190658569336e-01
-8.841259479522705078e-01
-5.819486379623413086e-01
-2.219697833061218262e-02
2.715775966644287109e-01
-1.615416705608367920e-01
-1.335844516754150391e+00
-2.707726955413818359e+00
-3.469887256622314453e+00
-3.079054355621337891e+00
-1.653894662857055664e+00
6.724354624748229980e-02
1.185365200042724609e+00
1.207593560218811035e+00
3.162069320678710938e-01
-8.167544603347778320e-01
-1.518532633781433105e+00
-1.518327951431274414e+00
-1.014691114425659180e+00
-4.033672213554382324e-01
5.238568782806396484e-02
3.632779717445373535e-01
6.752627491950988770e-01
1.052347898483276367e+00
1.372368931770324707e+00
1.452200412750244141e+00
1.238907814025878906e+00
8.995172977447509766e-01
6.861817836761474609e-01
7.248161435127258301e-01
8.889760971069335938e-01
9.142245650291442871e-01
6.237677335739135742e-01
1.023832261562347412e-01
-3.733362555503845215e-01
-5.485326647758483887e-01
-4.036729633808135986e-01
-1.437222957611083984e-01
-1.386912167072296143e-02
-6.592810153961181641e-02
-1.272168755531311035e-01
4.410111904144287109e-02
5.042826533317565918e-01
1.034875988960266113e+00
1.265807628631591797e+00
9.562591314315795898e-01
1.743506789207458496e-01
-7.215256094932556152e-01
-1.328703045845031738e+00
-1.441888809204101562e+00
-1.165521502494812012e+00
-7.952331304550170898e-01
-6.196968555450439453e-01
-7.477523088455200195e-01
-1.096585512161254883e+00
-1.467454671859741211e+00
-1.672949552536010742e+00
-1.591290593147277832e+00
-1.197228550910949707e+00
-5.426388978958129883e-01
2.368827015161514282e-01
9.571956396102905273e-01
1.428658962249755859e+00
1.541786670684814453e+00
1.310353875160217285e+00
8.670030236244201660e-01
3.859606385231018066e-01
8.766353130340576172e-03
-2.001358866691589355e-01
-2.388105392456054688e-01
-1.447692513465881348e-01
1.930877566337585449e-02
1.595241874456405640e-01
1.779271662235260010e-01
2.883443236351013184e-02
-2.138572186231613159e-01
-3.626721799373626709e-01
-2.237393558025360107e-01
2.506255507469177246e-01
8.839593529701232910e-01
1.359501719474792480e+00
1.425956726074218750e+00
1.086240172386169434e+00
5.990098118782043457e-01
2.893559932708740234e-01
2.944319546222686768e-01
4.615338444709777832e-01
4.766858220100402832e-01
1.440926492214202881e-01
-4.266998767852783203e-01
-8.683642745018005371e-01
-8.369343280792236328e-01
-2.822219133377075195e-01
4.740517437458038330e-01
9.533849954605102539e-01
8.304480910301208496e-01
1.508808434009552002e-01
-7.358388900756835938e-01
-1.406218171119689941e+00
-1.620877385139465332e+00
-1.387254238128662109e+00
-8.828532695770263672e-01
-2.887870669364929199e-01
2.625901699066162109e-01
6.852192878723144531e-01
8.795920610427856445e-01
7.826246023178100586e-01
4.286072254180908203e-01
1.280170679092407227e-02
-2.187111675739288330e-01
-1.164463162422180176e-01
2.159035205841064453e-01
4.963937997817993164e-01
4.465608596801757812e-01
4.085202142596244812e-02
-4.735679030418395996e-01
-7.246885299682617188e-01
-5.204023718833923340e-01
2.704524993896484375e-02
5.485860109329223633e-01
7.102550268173217773e-01
4.121906757354736328e-01
-1.335273385047912598e-01
-6.021457314491271973e-01
-7.481767535209655762e-01
-5.622035861015319824e-01
-1.875732243061065674e-01
1.806071400642395020e-01
4.419169425964355469e-01
5.603157877922058105e-01
5.553861260414123535e-01
4.300218820571899414e-01
2.282707095146179199e-01
1.609721779823303223e-02
-1.052382588386535645e-01
-1.195186972618103027e-01
-9.423232078552246094e-02
-1.688741147518157959e-01
-3.723759353160858154e-01
-5.730826854705810547e-01
-4.902994930744171143e-01
4.984089732170104980e-02
9.539545178413391113e-01
1.796455383300781250e+00
2.089316368103027344e+00
1.565191745758056641e+00
4.185493588447570801e-01
-8.373142480850219727e-01
-1.642375946044921875e+00
-1.754506111145019531e+00
-1.288821935653686523e+00
-6.016865372657775879e-01
2.286213636398315430e-02
4.657112956047058105e-01
7.699812650680541992e-01
9.403765797615051270e-01
9.232738018035888672e-01
6.412735581398010254e-01
1.861335337162017822e-01
-1.996242851018905640e-01
-2.265415340662002563e-01
1.588719338178634644e-01
7.186593413352966309e-01
1.015420436859130859e+00
7.633758783340454102e-01
4.608094692230224609e-03
-8.727654218673706055e-01
-1.457764387130737305e+00
-1.558413982391357422e+00
-1.337683558464050293e+00
-1.088661074638366699e+00
-1.014286041259765625e+00
-1.047087430953979492e+00
-1.004483342170715332e+00
-7.616189122200012207e-01
-4.268182516098022461e-01
-1.952038407325744629e-01
-1.758263260126113892e-01
-2.099373042583465576e-01
-1.562398672103881836e-02
5.933210253715515137e-01
1.456103324890136719e+00
2.158260583877563477e+00
2.265702247619628906e+00
1.671100854873657227e+00
6.279252767562866211e-01
-4.042070209980010986e-01
-1.108677625656127930e+00
-1.438661336898803711e+00
-1.572261095046997070e+00
-1.631533145904541016e+00
-1.565859556198120117e+00
-1.174511909484863281e+00
-3.761490583419799805e-01
6.567058563232421875e-01
1.505114555358886719e+00
1.800758600234985352e+00
1.450517177581787109e+00
