-6.572991609573364258e-02
-5.452340841293334961e-02
-8.586195707321166992e-01
-9.878758192062377930e-01
-4.433787465095520020e-01
3.192557394504547119e-01
7.966897487640380859e-01
6.951719522476196289e-01
1.915399432182312012e-01
-3.158957958221435547e-01
-4.366201162338256836e-01
-1.432912349700927734e-01
3.140112459659576416e-01
5.459390878677368164e-01
4.074479639530181885e-01
2.892746031284332275e-02
-2.139105200767517090e-01
-7.149487733840942383e-02
4.527643918991088867e-01
1.003251671791076660e+00
1.184878230094909668e+00
7.582006454467773438e-01
-1.127522736787796021e-01
-1.028185009956359863e+00
-1.528378844261169434e+00
-1.454350709915161133e+00
-9.619825482368469238e-01
-4.789701104164123535e-01
-3.516074419021606445e-01
-6.980761289596557617e-01
-1.278444409370422363e+00
-1.731516957283020020e+00
-1.735088348388671875e+00
-1.261554956436157227e+00
-5.010267496109008789e-01
2.060624361038208008e-01
6.347219944000244141e-01
7.120755910873413086e-01
5.798975825309753418e-01
4.216247200965881348e-01
4.171630740165710449e-01
6.118358373641967773e-01
9.813553094863891602e-01
1.401433229446411133e+00
1.764789581298828125e+00
1.958055138587951660e+00
1.956691026687622070e+00
1.767584800720214844e+00
1.468636751174926758e+00
1.105628728866577148e+00
7.208743691444396973e-01
3.130430877208709717e-01
-5.655053257942199707e-02
-2.860667705535888672e-01
-2.221322655677795410e-01
1.688580662012100220e-01
7.481434941291809082e-01
1.173561692237854004e+00
1.134955048561096191e+00
5.562752485275268555e-01
-2.517124712467193604e-01
-7.914446592330932617e-01
-6.973018646240234375e-01
-8.373557031154632568e-02
5.029110908508300781e-01
4.233445227146148682e-01
-5.240673422813415527e-01
-1.900107383728027344e+00
-2.841115474700927734e+00
-2.684087514877319336e+00
-1.450642824172973633e+00
9.837189316749572754e-02
1.001312971115112305e+00
7.601464986801147461e-01
-2.865530550479888916e-01
-1.249483585357666016e+00
-1.343609809875488281e+00
-4.792757630348205566e-01
7.231367230415344238e-01
1.432638287544250488e+00
1.267251849174499512e+00
5.411198735237121582e-01
-2.932420372962951660e-02
5.400628596544265747e-02
6.850004196166992188e-01
1.266105651855468750e+00
1.230998516082763672e+00
5.096199512481689453e-01
-4.380468726158142090e-01
-1.034631729125976562e+00
-1.064380288124084473e+00
-8.187682628631591797e-01
-7.876299619674682617e-01
-1.190111756324768066e+00
-1.758765935897827148e+00
-1.965604901313781738e+00
-1.498799800872802734e+00
-5.582390427589416504e-01
2.773100733757019043e-01
5.162243247032165527e-01
1.429453492164611816e-01
-3.815783262252807617e-01
-5.230715274810791016e-01
-1.066925823688507080e-01
5.530667304992675781e-01
9.529665708541870117e-01
8.287989497184753418e-01
3.730148971080780029e-01
3.080549836158752441e-02
1.079350709915161133e-01
5.021868944168090820e-01
8.252491354942321777e-01
7.582536935806274414e-01
3.535694479942321777e-01
-2.069065719842910767e-02
-4.765555262565612793e-03
4.159762263298034668e-01
8.941855430603027344e-01
1.010550141334533691e+00
6.406769752502441406e-01
5.333179980516433716e-02
-3.175062239170074463e-01
-2.571257948875427246e-01
5.636145919561386108e-02
2.072180807590484619e-01
-7.989223301410675049e-02
-6.942557692527770996e-01
-1.203357219696044922e+00
-1.206502676010131836e+00
-6.489926576614379883e-01
1.269277781248092651e-01
6.549246311187744141e-01
6.835201382637023926e-01
3.400736153125762939e-01
-1.441663503646850586e-02
-6.890845298767089844e-02
2.183046340942382812e-01
6.384773254394531250e-01
9.130169749259948730e-01
8.835532665252685547e-01
5.591007471084594727e-01
4.991836473345756531e-02
-5.261447429656982422e-01
-1.063788414001464844e+00
-1.445127367973327637e+00
-1.535318374633789062e+00
-1.249426364898681641e+00
-6.492320299148559570e-01
3.860035538673400879e-02
5.105143189430236816e-01
5.446211099624633789e-01
9.940162301063537598e-02
-6.906107068061828613e-01
-1.612029314041137695e+00
-2.445931673049926758e+00
-2.995941638946533203e+00
-3.074544668197631836e+00
-2.562809467315673828e+00
-1.504351854324340820e+00
-1.930937170982360840e-01
9.267072081565856934e-01
1.481892108917236328e+00
1.438735723495483398e+00
1.117496728897094727e+00
9.762093424797058105e-01
1.222208619117736816e+00
1.649509191513061523e+00
1.786495447158813477e+00
1.346666097640991211e+00
5.248219966888427734e-01
-4.646100476384162903e-02
1.932791769504547119e-01
1.261813521385192871e+00
2.484657764434814453e+00
2.963843822479248047e+00
2.219921112060546875e+00
6.300182938575744629e-01
-8.361775279045104980e-01
-1.279471039772033691e+00
-5.785495042800903320e-01
5.587372779846191406e-01
1.096722245216369629e+00
4.964571297168731689e-01
-9.224895834922790527e-01
-2.196046829223632812e+00
-2.478446960449218750e+00
-1.596015691757202148e+00
-1.529906541109085083e-01
1.028181552886962891e+00
1.466515541076660156e+00
1.339091658592224121e+00
1.148556113243103027e+00
1.275020956993103027e+00
1.593433737754821777e+00
1.675540447235107422e+00
1.151551961898803711e+00
1.244644001126289368e-01
-9.299883246421813965e-01
-1.459997653961181641e+00
-1.298845767974853516e+00
-6.935201883316040039e-01
-1.408919841051101685e-01
4.435560107231140137e-02
-1.671774983406066895e-01
-5.323917865753173828e-01
-8.585218787193298340e-01
-1.067690372467041016e+00
-1.232553720474243164e+00
-1.333983898162841797e+00
-1.272345066070556641e+00
-8.813654184341430664e-01
-1.982618868350982666e-01
5.542648434638977051e-01
1.007310152053833008e+00
9.869862794876098633e-01
5.778586864471435547e-01
1.423630267381668091e-01
