-9.113261699676513672e-01
-9.665623307228088379e-01
2.401707619428634644e-01
1.345617294311523438e+00
1.926833868026733398e+00
1.942537784576416016e+00
1.596565723419189453e+00
1.209105014801025391e+00
8.461833000183105469e-01
4.003246426582336426e-01
-3.043047189712524414e-01
-1.146591901779174805e+00
-1.773505687713623047e+00
-1.751777410507202148e+00
-1.026208877563476562e+00
2.742746286094188690e-02
7.362609505653381348e-01
6.843655109405517578e-01
-3.270488977432250977e-02
-7.842537164688110352e-01
-9.301296472549438477e-01
-2.450151443481445312e-01
8.375810980796813965e-01
1.597277283668518066e+00
1.509116411209106445e+00
6.920357346534729004e-01
-2.306370884180068970e-01
-5.498650074005126953e-01
-5.395096540451049805e-02
8.460159897804260254e-01
1.360648870468139648e+00
9.219243526458740234e-01
-4.428490996360778809e-01
-2.077053785324096680e+00
-3.141241073608398438e+00
-3.111921310424804688e+00
-2.108035326004028320e+00
-7.575250864028930664e-01
1.998022794723510742e-01
3.797960579395294189e-01
-6.027913093566894531e-02
-5.605729818344116211e-01
-5.549110770225524902e-01
1.567187309265136719e-01
1.270664930343627930e+00
2.165083646774291992e+00
2.293260097503662109e+00
1.529759645462036133e+00
2.711990475654602051e-01
-8.107482194900512695e-01
-1.175816535949707031e+00
-7.661249637603759766e-01
-1.192939281463623047e-02
4.500208795070648193e-01
2.330513894557952881e-01
-5.779852867126464844e-01
-1.485433220863342285e+00
-1.982483863830566406e+00
-1.869990348815917969e+00
-1.381128311157226562e+00
-8.963915705680847168e-01
-6.317993998527526855e-01
-4.162820577621459961e-01
9.374849498271942139e-02
1.097420215606689453e+00
2.329643011093139648e+00
3.200101613998413086e+00
3.132982730865478516e+00
2.052190303802490234e+00
4.371273219585418701e-01
-9.065001606941223145e-01
-1.421489953994750977e+00
-1.083534359931945801e+00
-4.296031594276428223e-01
-9.117448329925537109e-02
-4.263810217380523682e-01
-1.250646710395812988e+00
-2.082273960113525391e+00
-2.419112920761108398e+00
-2.103800773620605469e+00
-1.279301285743713379e+00
-3.049496710300445557e-01
5.375411510467529297e-01
1.063142895698547363e+00
1.262183785438537598e+00
1.162326216697692871e+00
9.038703441619873047e-01
6.438968181610107422e-01
5.945557355880737305e-01
8.052220940589904785e-01
1.150102853775024414e+00
1.269046068191528320e+00
8.769498467445373535e-01
-6.424409151077270508e-02
-1.141866564750671387e+00
-1.768790721893310547e+00
-1.476837873458862305e+00
-3.410179615020751953e-01
1.092174768447875977e+00
2.047804594039916992e+00
2.080925464630126953e+00
1.266724348068237305e+00
1.933038830757141113e-01
-5.243178606033325195e-01
-5.544019937515258789e-01
-7.310765981674194336e-02
5.074848532676696777e-01
7.820847630500793457e-01
6.526954770088195801e-01
2.182345986366271973e-01
-3.271016478538513184e-01
-9.293080568313598633e-01
-1.577187418937683105e+00
-2.244742870330810547e+00
-2.713468790054321289e+00
-2.720008373260498047e+00
-2.092162132263183594e+00
-9.996050000190734863e-01
1.439321637153625488e-01
8.534282445907592773e-01
9.380722045898437500e-01
5.697707533836364746e-01
2.001404464244842529e-01
1.844054460525512695e-01
5.748189091682434082e-01
1.045518159866333008e+00
1.184680938720703125e+00
7.612982392311096191e-01
-5.432054400444030762e-02
-8.324186801910400391e-01
-1.123309731483459473e+00
-7.705954313278198242e-01
4.615420103073120117e-02
9.265692234039306641e-01
1.535702824592590332e+00
1.757137537002563477e+00
1.712914705276489258e+00
1.586395978927612305e+00
1.469941377639770508e+00
1.288276433944702148e+00
9.004521369934082031e-01
2.405073642730712891e-01
-5.836012363433837891e-01
-1.331861019134521484e+00
-1.767670989036560059e+00
-1.789256095886230469e+00
-1.468222618103027344e+00
-9.663784503936767578e-01
-4.308307766914367676e-01
8.095780014991760254e-02
5.568338036537170410e-01
9.742780923843383789e-01
1.238867640495300293e+00
1.254698872566223145e+00
9.915440082550048828e-01
5.778024196624755859e-01
2.183781862258911133e-01
1.000399887561798096e-01
2.274017482995986938e-01
4.456561207771301270e-01
5.072714686393737793e-01
2.836658060550689697e-01
-1.980956941843032837e-01
-7.345661520957946777e-01
-1.142740607261657715e+00
-1.308735132217407227e+00
-1.271593570709228516e+00
-1.074713468551635742e+00
-7.606475353240966797e-01
-2.968359887599945068e-01
2.592089176177978516e-01
7.712261676788330078e-01
9.717935323715209961e-01
7.036463618278503418e-01
-1.266062259674072266e-02
-8.495790958404541016e-01
-1.420248508453369141e+00
-1.424484491348266602e+00
-9.219200611114501953e-01
-1.951276212930679321e-01
3.538395762443542480e-01
5.535790324211120605e-01
4.500265121459960938e-01
3.299340307712554932e-01
3.978742957115173340e-01
7.411879897117614746e-01
1.193065881729125977e+00
1.568482518196105957e+00
1.666114330291748047e+00
1.462247490882873535e+00
9.666336178779602051e-01
3.205859363079071045e-01
-3.581941425800323486e-01
-8.463795185089111328e-01
-1.000097274780273438e+00
-7.037174701690673828e-01
-9.092974662780761719e-02
6.150816082954406738e-01
1.087079167366027832e+00
1.214111447334289551e+00
1.027094841003417969e+00
7.626388072967529297e-01
5.240003466606140137e-01
3.029175996780395508e-01
-1.202526316046714783e-01
-8.176756501197814941e-01
-1.686915397644042969e+00
-2.311940908432006836e+00
-2.358764648437500000e+00
-1.704126119613647461e+00
-6.986206173896789551e-01
1.787781566381454468e-01
5.126164555549621582e-01
3.593490123748779297e-01
4.894202947616577148e-02
4.264944791793823242e-02
4.498362839221954346e-01
