7.912389934062957764e-02
7.538200914859771729e-02
-1.365195751190185547e+00
-2.404152393341064453e+00
-2.298755407333374023e+00
-1.085571289062500000e+00
6.114531755447387695e-01
1.801973819732666016e+00
1.949396252632141113e+00
1.078823089599609375e+00
-1.446266919374465942e-01
-1.072188973426818848e+00
-1.263936877250671387e+00
-8.069030642509460449e-01
7.470411062240600586e-02
1.043319702148437500e+00
1.949038147926330566e+00
2.551996707916259766e+00
2.666599988937377930e+00
2.036130189895629883e+00
7.422283887863159180e-01
-8.714056015014648438e-01
-2.123537778854370117e+00
-2.537149906158447266e+00
-1.982292413711547852e+00
-9.298700094223022461e-01
2.078361809253692627e-02
3.807291388511657715e-01
2.061028778553009033e-01
-1.712152063846588135e-01
-3.100577592849731445e-01
-1.406657993793487549e-01
1.782939732074737549e-01
3.247036933898925781e-01
2.618827819824218750e-01
1.467556655406951904e-01
2.990551590919494629e-01
7.592858672142028809e-01
1.322613835334777832e+00
1.533898234367370605e+00
1.144644618034362793e+00
1.809512078762054443e-01
-9.441955089569091797e-01
-1.820826530456542969e+00
-2.158348560333251953e+00
-2.004036903381347656e+00
-1.496684551239013672e+00
-8.256550431251525879e-01
-3.387522697448730469e-02
7.932015657424926758e-01
1.544518113136291504e+00
1.971088528633117676e+00
1.925650238990783691e+00
1.408161520957946777e+00
6.948256492614746094e-01
9.152668714523315430e-02
-1.824094355106353760e-01
-1.950159072875976562e-01
-1.229515150189399719e-01
-1.393647044897079468e-01
-1.928631216287612915e-01
-1.356624066829681396e-01
1.557552814483642578e-01
5.559169650077819824e-01
7.913721799850463867e-01
6.023688316345214844e-01
3.308432176709175110e-02
-5.935486555099487305e-01
-8.506464958190917969e-01
-5.863115191459655762e-01
-4.643777012825012207e-02
2.309257984161376953e-01
-1.621377468109130859e-01
-1.193945765495300293e+00
-2.315310001373291016e+00
-2.800302982330322266e+00
-2.186655521392822266e+00
-6.062430143356323242e-01
1.301304340362548828e+00
2.738439083099365234e+00
3.206712722778320312e+00
2.701510429382324219e+00
1.623034954071044922e+00
4.671866297721862793e-01
-4.345916509628295898e-01
-9.807835817337036133e-01
-1.190937280654907227e+00
-1.074052572250366211e+00
-6.190860271453857422e-01
1.019794195890426636e-01
8.253630995750427246e-01
1.161422729492187500e+00
8.047478199005126953e-01
-2.079787254333496094e-01
-1.454832553863525391e+00
-2.323373317718505859e+00
-2.399453878402709961e+00
-1.710121035575866699e+00
-7.140347361564636230e-01
5.303249508142471313e-02
3.375490307807922363e-01
3.464405536651611328e-01
5.155436992645263672e-01
1.137930870056152344e+00
2.040632963180541992e+00
2.678247451782226562e+00
2.497441530227661133e+00
1.409318447113037109e+00
-1.024929285049438477e-01
-1.226560354232788086e+00
-1.385778665542602539e+00
-5.877440571784973145e-01
5.585477948188781738e-01
1.299834728240966797e+00
1.211211323738098145e+00
4.701152443885803223e-01
-3.599452376365661621e-01
-7.384089231491088867e-01
-5.512009859085083008e-01
-1.007956266403198242e-01
1.516328155994415283e-01
-1.661078631877899170e-02
-4.733899235725402832e-01
-8.505886793136596680e-01
-8.928297758102416992e-01
-6.298486590385437012e-01
-3.592928647994995117e-01
-3.662413954734802246e-01
-7.186031341552734375e-01
-1.201396703720092773e+00
-1.511049389839172363e+00
-1.462525248527526855e+00
-1.117793917655944824e+00
-6.790916919708251953e-01
-3.374511301517486572e-01
-1.202444732189178467e-01
5.602104216814041138e-02
2.861902117729187012e-01
5.537618994712829590e-01
7.506441473960876465e-01
7.699695229530334473e-01
6.285567283630371094e-01
4.698831439018249512e-01
4.794564247131347656e-01
7.469255924224853516e-01
1.193417310714721680e+00
1.601799488067626953e+00
1.730181694030761719e+00
1.447552204132080078e+00
8.010638952255249023e-01
1.100385189056396484e-02
-6.347888112068176270e-01
-9.030567407608032227e-01
-7.442814707756042480e-01
-3.063067197799682617e-01
1.216276958584785461e-01
2.958891093730926514e-01
1.484941244125366211e-01
-1.457187533378601074e-01
-3.215208649635314941e-01
-1.997297108173370361e-01
1.227661669254302979e-01
3.558276593685150146e-01
1.856839060783386230e-01
-4.212437272071838379e-01
-1.191927433013916016e+00
-1.663785696029663086e+00
-1.559134483337402344e+00
-9.440716505050659180e-01
-2.474210262298583984e-01
1.082544326782226562e-01
-4.072856903076171875e-02
-4.215074777603149414e-01
-6.126828193664550781e-01
-3.160754740238189697e-01
3.252859413623809814e-01
9.014808535575866699e-01
9.671595096588134766e-01
4.612215757369995117e-01
-3.217072784900665283e-01
-8.572214841842651367e-01
-8.380639553070068359e-01
-2.658491134643554688e-01
4.983253479003906250e-01
1.111550450325012207e+00
1.346264839172363281e+00
1.265986323356628418e+00
9.700708389282226562e-01
5.860623121261596680e-01
1.004077419638633728e-01
-4.138030111789703369e-01
-8.639135360717773438e-01
-1.026970267295837402e+00
-8.516677618026733398e-01
-4.338354468345642090e-01
-1.369048655033111572e-01
-2.241753339767456055e-01
-7.763327956199645996e-01
-1.441633939743041992e+00
-1.759489059448242188e+00
-1.303899884223937988e+00
-1.164182126522064209e-01
1.432533979415893555e+00
2.666565895080566406e+00
3.100620269775390625e+00
2.507818698883056641e+00
1.170245647430419922e+00
-4.268183708190917969e-01
-1.634539723396301270e+00
-2.077296257019042969e+00
-1.620572328567504883e+00
-6.043387651443481445e-01
4.886592626571655273e-01
1.084133386611938477e+00
9.898151159286499023e-01
3.162518739700317383e-01
-4.223490059375762939e-01
