-1.031086325645446777e+00
-1.030400156974792480e+00
9.436368942260742188e-02
1.226976990699768066e+00
1.935584902763366699e+00
1.881892681121826172e+00
1.408795475959777832e+00
9.003523588180541992e-01
8.056125640869140625e-01
9.325110316276550293e-01
9.446911811828613281e-01
3.246379792690277100e-01
-8.356771469116210938e-01
-2.161081790924072266e+00
-2.897453308105468750e+00
-2.754111289978027344e+00
-1.776197671890258789e+00
-6.053618192672729492e-01
2.865845561027526855e-01
5.851588249206542969e-01
5.611645579338073730e-01
4.744593501091003418e-01
6.109300851821899414e-01
8.048822879791259766e-01
9.091947674751281738e-01
7.264839410781860352e-01
4.634239077568054199e-01
3.238157033920288086e-01
5.643228292465209961e-01
1.029236793518066406e+00
1.475249052047729492e+00
1.516324639320373535e+00
1.107649087905883789e+00
3.331223726272583008e-01
-4.789813756942749023e-01
-1.176057696342468262e+00
-1.621117591857910156e+00
-1.855865478515625000e+00
-1.793049693107604980e+00
-1.416098356246948242e+00
-6.986712217330932617e-01
1.088600158691406250e-01
6.832717657089233398e-01
6.653256416320800781e-01
3.935643285512924194e-02
-9.346577525138854980e-01
-1.750817060470581055e+00
-2.072559356689453125e+00
-1.827902317047119141e+00
-1.294700145721435547e+00
-7.910113334655761719e-01
-5.309836268424987793e-01
-4.799810349941253662e-01
-5.243133306503295898e-01
-5.778473019599914551e-01
-6.660748720169067383e-01
-8.041512966156005859e-01
-8.978040814399719238e-01
-7.413307428359985352e-01
-1.782241463661193848e-01
6.995859146118164062e-01
1.553309917449951172e+00
1.967730879783630371e+00
1.786069273948669434e+00
1.203741788864135742e+00
6.910542845726013184e-01
5.895404815673828125e-01
9.220855236053466797e-01
1.316581726074218750e+00
1.396376490592956543e+00
1.000069856643676758e+00
4.061158895492553711e-01
-6.149441003799438477e-03
4.071882739663124084e-02
3.827664852142333984e-01
6.937009096145629883e-01
6.439759731292724609e-01
3.233149647712707520e-01
2.099016308784484863e-02
1.131699383258819580e-01
5.669572353363037109e-01
1.097804665565490723e+00
1.218231201171875000e+00
8.024212121963500977e-01
8.677631616592407227e-03
-6.653619408607482910e-01
-9.740196466445922852e-01
-9.085233211517333984e-01
-8.724852204322814941e-01
-1.103895545005798340e+00
-1.655828237533569336e+00
-2.120318174362182617e+00
-2.178629398345947266e+00
-1.650535106658935547e+00
-8.797325491905212402e-01
-2.350925803184509277e-01
-5.930185317993164062e-02
-1.713792085647583008e-01
-2.848507165908813477e-01
-2.252805233001708984e-02
5.142223834991455078e-01
1.079831838607788086e+00
1.237686753273010254e+00
9.794077277183532715e-01
4.746116399765014648e-01
1.851498782634735107e-01
2.341489791870117188e-01
5.730315446853637695e-01
7.781526446342468262e-01
6.647698283195495605e-01
1.663779020309448242e-01
-3.662133216857910156e-01
-7.314842939376831055e-01
-7.765668034553527832e-01
-7.606425285339355469e-01
-8.365657925605773926e-01
-1.142149448394775391e+00
-1.388623714447021484e+00
-1.339446783065795898e+00
-7.422720193862915039e-01
1.801651120185852051e-01
1.119169950485229492e+00
1.605194091796875000e+00
1.567213177680969238e+00
1.091957211494445801e+00
6.038455963134765625e-01
3.362419903278350830e-01
4.823476672172546387e-01
8.880829215049743652e-01
1.445134282112121582e+00
1.910101413726806641e+00
2.237886667251586914e+00
2.287590026855468750e+00
2.080845355987548828e+00
1.545523643493652344e+00
8.075251579284667969e-01
-6.811740249395370483e-02
-8.631933331489562988e-01
-1.517272949218750000e+00
-1.914361715316772461e+00
-2.112558126449584961e+00
-2.076498508453369141e+00
-1.891636490821838379e+00
-1.563215017318725586e+00
-1.235589146614074707e+00
-9.533632397651672363e-01
-7.836649417877197266e-01
-5.835736393928527832e-01
-2.292018532752990723e-01
4.047306478023529053e-01
1.149902462959289551e+00
1.693561792373657227e+00
1.622910261154174805e+00
8.374255895614624023e-01
-4.083098173141479492e-01
-1.485109448432922363e+00
-1.827577829360961914e+00
-1.213428139686584473e+00
-5.035996437072753906e-03
1.115029096603393555e+00
1.493834018707275391e+00
9.536544084548950195e-01
-1.499686837196350098e-01
-1.125315189361572266e+00
-1.379531621932983398e+00
-7.300101518630981445e-01
5.312358140945434570e-01
1.836624145507812500e+00
2.667644500732421875e+00
2.758090019226074219e+00
2.181988000869750977e+00
1.208494663238525391e+00
1.942854523658752441e-01
-6.175427436828613281e-01
-1.099913835525512695e+00
-1.332677960395812988e+00
-1.448382616043090820e+00
-1.631546974182128906e+00
-1.882468223571777344e+00
-2.093510627746582031e+00
-1.981338143348693848e+00
-1.415119647979736328e+00
-4.338721334934234619e-01
5.542507171630859375e-01
1.130484700202941895e+00
9.766249656677246094e-01
2.867608368396759033e-01
-4.849316775798797607e-01
-7.127041220664978027e-01
-1.999877691268920898e-01
8.767723441123962402e-01
1.877340555191040039e+00
2.331386327743530273e+00
2.015343189239501953e+00
1.281868577003479004e+00
5.225873589515686035e-01
1.074679195880889893e-01
-9.895628690719604492e-02
-3.082505166530609131e-01
-8.187217116355895996e-01
-1.457781434059143066e+00
-1.956456303596496582e+00
-1.884792685508728027e+00
-1.288612723350524902e+00
-3.963537812232971191e-01
2.431375682353973389e-01
4.530460238456726074e-01
2.312235683202743530e-01
2.229142561554908752e-02
3.436994552612304688e-02
3.905819654464721680e-01
7.319401502609252930e-01
8.508373498916625977e-01
5.382716655731201172e-01
8.028978109359741211e-02
-3.208839893341064453e-01
-3.687722384929656982e-01
