-1.017217040061950684e+00
-1.026494503021240234e+00
-6.302824616432189941e-01
-3.091979622840881348e-01
-3.187739849090576172e-02
1.653922647237777710e-01
2.869903445243835449e-01
2.104236185550689697e-01
-2.661728858947753906e-02
-3.232349157333374023e-01
-3.989773094654083252e-01
-1.743653714656829834e-01
2.393840104341506958e-01
4.286442399024963379e-01
1.520334482192993164e-01
-5.217156410217285156e-01
-1.018282532691955566e+00
-7.961894869804382324e-01
3.152561187744140625e-01
1.719468235969543457e+00
2.524653434753417969e+00
2.053672313690185547e+00
5.409765839576721191e-01
-1.092276811599731445e+00
-1.741314411163330078e+00
-1.065943956375122070e+00
3.758747875690460205e-01
1.428714036941528320e+00
1.359814167022705078e+00
3.010614812374114990e-01
-7.517077922821044922e-01
-8.676702976226806641e-01
1.785559058189392090e-01
1.608688116073608398e+00
2.378975391387939453e+00
1.903018116950988770e+00
6.188219189643859863e-01
-4.971455931663513184e-01
-6.271429061889648438e-01
1.231076344847679138e-01
9.289903640747070312e-01
8.376417756080627441e-01
-3.410474359989166260e-01
-1.952329158782958984e+00
-2.895787954330444336e+00
-2.552178382873535156e+00
-1.144855618476867676e+00
3.684460520744323730e-01
1.098455905914306641e+00
7.435607910156250000e-01
-2.132490873336791992e-01
-1.041477918624877930e+00
-1.241697907447814941e+00
-9.030781388282775879e-01
-4.182776212692260742e-01
-1.601390540599822998e-01
-1.324175298213958740e-01
-1.307628452777862549e-01
5.037468671798706055e-02
3.306452035903930664e-01
4.713661074638366699e-01
2.546715140342712402e-01
-2.429285794496536255e-01
-7.390166521072387695e-01
-9.035059213638305664e-01
-6.456307172775268555e-01
-1.014911532402038574e-01
4.558842182159423828e-01
8.562663197517395020e-01
1.051569461822509766e+00
1.082601428031921387e+00
9.175424575805664062e-01
4.831820726394653320e-01
-2.583858966827392578e-01
-1.140744686126708984e+00
-1.822535157203674316e+00
-1.922690391540527344e+00
-1.284494280815124512e+00
-8.092176914215087891e-02
1.233690381050109863e+00
2.171269416809082031e+00
2.429787158966064453e+00
2.016946554183959961e+00
1.183639883995056152e+00
2.850722372531890869e-01
-3.800186812877655029e-01
-6.506081223487854004e-01
-5.331221818923950195e-01
-1.744352728128433228e-01
1.897846013307571411e-01
3.305860757827758789e-01
1.340545713901519775e-01
-3.268084526062011719e-01
-8.007416129112243652e-01
-9.841526746749877930e-01
-6.872041225433349609e-01
2.604201436042785645e-02
8.461312651634216309e-01
1.353606581687927246e+00
1.255654573440551758e+00
5.604616999626159668e-01
-3.668444752693176270e-01
-9.798759222030639648e-01
-8.248906135559082031e-01
1.486047506332397461e-01
1.502414226531982422e+00
2.464132785797119141e+00
2.366014957427978516e+00
1.054080486297607422e+00
-9.173992872238159180e-01
-2.567116498947143555e+00
-3.033573627471923828e+00
-2.150161504745483398e+00
-5.550568699836730957e-01
6.894851326942443848e-01
8.357325792312622070e-01
-5.426302552223205566e-02
-1.131003022193908691e+00
-1.404206752777099609e+00
-4.644128382205963135e-01
1.158356547355651855e+00
2.380709648132324219e+00
2.324499845504760742e+00
9.860206842422485352e-01
-7.823829650878906250e-01
-1.871101737022399902e+00
-1.729005694389343262e+00
-6.896395683288574219e-01
3.296565413475036621e-01
5.843068361282348633e-01
3.175005316734313965e-02
-6.897386312484741211e-01
-8.632550239562988281e-01
-2.922647297382354736e-01
5.140575170516967773e-01
7.791826128959655762e-01
9.275407344102859497e-02
-1.211892366409301758e+00
-2.290675163269042969e+00
-2.391142129898071289e+00
-1.402528882026672363e+00
9.262193739414215088e-02
1.249656319618225098e+00
1.550807237625122070e+00
1.100678563117980957e+00
4.648895859718322754e-01
2.158662974834442139e-01
5.484433174133300781e-01
1.223638534545898438e+00
1.814878582954406738e+00
2.034049749374389648e+00
1.877412796020507812e+00
1.546201348304748535e+00
1.229446291923522949e+00
9.677289128303527832e-01
6.523445844650268555e-01
1.751596033573150635e-01
-4.541880488395690918e-01
-1.054055809974670410e+00
-1.381353378295898438e+00
-1.255364298820495605e+00
-7.083871960639953613e-01
2.378025650978088379e-02
5.741265416145324707e-01
6.698134541511535645e-01
2.641025185585021973e-01
-3.793826401233673096e-01
-8.793810009956359863e-01
-9.481664896011352539e-01
-6.473512053489685059e-01
-3.143937587738037109e-01
-3.578632473945617676e-01
-8.689600825309753418e-01
-1.546666860580444336e+00
-1.830395460128784180e+00
-1.379267334938049316e+00
-3.159028291702270508e-01
7.594406604766845703e-01
1.255972743034362793e+00
9.802011847496032715e-01
3.495145142078399658e-01
-1.613160222768783569e-02
2.498773187398910522e-01
8.644938468933105469e-01
1.184890031814575195e+00
6.823154091835021973e-01
-4.871123731136322021e-01
-1.616563916206359863e+00
-1.896018028259277344e+00
-1.155987024307250977e+00
3.966942429542541504e-02
7.117716073989868164e-01
3.160975873470306396e-01
-9.149180650711059570e-01
-2.046932458877563477e+00
-2.261083602905273438e+00
-1.378989100456237793e+00
-7.276636362075805664e-02
7.965438961982727051e-01
7.520629763603210449e-01
1.409597694873809814e-01
-3.226723670959472656e-01
-7.729381322860717773e-02
7.061524987220764160e-01
1.405673027038574219e+00
1.379127621650695801e+00
6.356937885284423828e-01
-2.773773670196533203e-01
-6.017537713050842285e-01
-1.007972359657287598e-01
8.812835812568664551e-01
1.575520515441894531e+00
1.516167640686035156e+00
7.388802766799926758e-01
-1.646026521921157837e-01
-6.626423597335815430e-01
-5.313284993171691895e-01
