-8.295071125030517578e-01
-8.402045965194702148e-01
-6.382690072059631348e-01
-3.813073039054870605e-01
-1.250838637351989746e-01
2.540564537048339844e-02
3.259340524673461914e-01
7.934759259223937988e-01
1.422116875648498535e+00
1.782336235046386719e+00
1.641939878463745117e+00
8.504325151443481445e-01
-1.889605224132537842e-01
-1.081706166267395020e+00
-1.383814334869384766e+00
-1.177095890045166016e+00
-6.509200334548950195e-01
-2.136355936527252197e-01
8.209355175495147705e-02
2.252708077430725098e-01
4.344072341918945312e-01
6.518108248710632324e-01
8.420473933219909668e-01
7.972836494445800781e-01
5.982251167297363281e-01
3.272605836391448975e-01
2.366012036800384521e-01
2.960172891616821289e-01
4.355019330978393555e-01
3.850806951522827148e-01
1.160635948181152344e-01
-3.419579267501831055e-01
-7.267139554023742676e-01
-9.410631060600280762e-01
-9.151551723480224609e-01
-7.993521094322204590e-01
-6.350381374359130859e-01
-4.974359273910522461e-01
-3.266313076019287109e-01
-2.004101276397705078e-01
-1.741657257080078125e-01
-3.711350262165069580e-01
-6.999087929725646973e-01
-9.881013631820678711e-01
-9.644712805747985840e-01
-5.955004096031188965e-01
-4.812788963317871094e-02
3.042565882205963135e-01
2.509294152259826660e-01
-1.587795913219451904e-01
-5.495882630348205566e-01
-5.574982166290283203e-01
-4.286135360598564148e-02
7.385996580123901367e-01
1.353887557983398438e+00
1.446198701858520508e+00
9.924162626266479492e-01
2.553679645061492920e-01
-4.005714058876037598e-01
-7.480473518371582031e-01
-7.714545726776123047e-01
-5.834773778915405273e-01
-3.018531799316406250e-01
2.438712120056152344e-02
3.415560424327850342e-01
5.619518160820007324e-01
5.327323079109191895e-01
1.980528235435485840e-01
-3.576073348522186279e-01
-8.515386581420898438e-01
-1.032512784004211426e+00
-7.854534387588500977e-01
-3.064529895782470703e-01
9.412418305873870850e-02
1.025787293910980225e-01
-2.967770397663116455e-01
-9.130648374557495117e-01
-1.355681538581848145e+00
-1.372352361679077148e+00
-8.550380468368530273e-01
-3.917008638381958008e-03
9.213660359382629395e-01
1.580855727195739746e+00
1.840720772743225098e+00
1.661063194274902344e+00
1.261493682861328125e+00
8.628048300743103027e-01
7.530940771102905273e-01
9.789308905601501465e-01
1.492311120033264160e+00
2.003981351852416992e+00
2.322106361389160156e+00
2.274162769317626953e+00
1.961917400360107422e+00
1.480039358139038086e+00
1.020659327507019043e+00
5.760779380798339844e-01
1.828717142343521118e-01
-2.334165871143341064e-01
-5.798683762550354004e-01
-8.577398061752319336e-01
-9.993864297866821289e-01
-1.144010424613952637e+00
-1.346031427383422852e+00
-1.711333751678466797e+00
-2.088997840881347656e+00
-2.360633373260498047e+00
-2.328238010406494141e+00
-2.072026252746582031e+00
-1.694804430007934570e+00
-1.441405415534973145e+00
-1.311528921127319336e+00
-1.266254544258117676e+00
-1.081200242042541504e+00
-7.360857129096984863e-01
-2.414059638977050781e-01
1.806239932775497437e-01
4.615419507026672363e-01
5.293140411376953125e-01
5.086908936500549316e-01
3.933783173561096191e-01
2.313188910484313965e-01
-4.750159382820129395e-02
-3.031523823738098145e-01
-3.780526518821716309e-01
6.819725036621093750e-03
8.542535901069641113e-01
1.994187116622924805e+00
2.968217134475708008e+00
3.465086460113525391e+00
3.334178686141967773e+00
2.803074359893798828e+00
2.120300531387329102e+00
1.520414710044860840e+00
9.605673551559448242e-01
3.923044204711914062e-01
-2.331694960594177246e-01
-7.363444566726684570e-01
-9.678351879119873047e-01
-8.384761810302734375e-01
-5.405424833297729492e-01
-3.035635948181152344e-01
-3.109557628631591797e-01
-4.555961489677429199e-01
-5.318534374237060547e-01
-3.435492813587188721e-01
3.527738526463508606e-02
3.896687924861907959e-01
4.789370596408843994e-01
2.862436175346374512e-01
-6.064317375421524048e-02
-4.031678140163421631e-01
-7.591508626937866211e-01
-1.243282794952392578e+00
-1.890521526336669922e+00
-2.455210924148559570e+00
-2.504158496856689453e+00
-1.733828067779541016e+00
-2.985923588275909424e-01
1.159311771392822266e+00
1.889896869659423828e+00
1.527747154235839844e+00
3.901705443859100342e-01
-7.724245786666870117e-01
-1.260582089424133301e+00
-9.393926858901977539e-01
-1.944557279348373413e-01
3.875600099563598633e-01
5.725953578948974609e-01
5.231536626815795898e-01
6.214610934257507324e-01
9.282623529434204102e-01
1.144931674003601074e+00
7.540199756622314453e-01
-3.510806858539581299e-01
-1.753839254379272461e+00
-2.584545135498046875e+00
-2.265241146087646484e+00
-8.078334331512451172e-01
1.010788679122924805e+00
2.336863040924072266e+00
2.625499963760375977e+00
2.090297460556030273e+00
1.223368406295776367e+00
5.343298316001892090e-01
1.374738477170467377e-02
-5.079921483993530273e-01
-1.245811939239501953e+00
-1.944715738296508789e+00
-2.257220506668090820e+00
-1.831978082656860352e+00
-8.880681395530700684e-01
1.393196135759353638e-01
6.665536761283874512e-01
6.219643354415893555e-01
1.738223731517791748e-01
-2.318000197410583496e-01
-5.323162674903869629e-01
-7.858481407165527344e-01
-1.269776344299316406e+00
-1.820726752281188965e+00
-2.136148452758789062e+00
-1.709368228912353516e+00
-5.979683399200439453e-01
8.083004355430603027e-01
1.702870726585388184e+00
1.759072780609130859e+00
1.065386652946472168e+00
3.740907311439514160e-01
1.929755210876464844e-01
7.250734567642211914e-01
1.412905216217041016e+00
1.739496469497680664e+00
1.312229871749877930e+00
4.797121882438659668e-01
-3.298233449459075928e-01
-6.338505744934082031e-01
