-1.978037357330322266e+00
-1.933286309242248535e+00
-1.221189379692077637e+00
-4.363674819469451904e-01
3.309244811534881592e-01
8.685564994812011719e-01
1.284192681312561035e+00
1.509770154953002930e+00
1.635530948638916016e+00
1.488462090492248535e+00
1.142952203750610352e+00
6.002036333084106445e-01
1.889431178569793701e-01
1.651221513748168945e-02
2.107951939105987549e-01
4.807049036026000977e-01
6.494834423065185547e-01
4.817244410514831543e-01
1.920579671859741211e-01
-2.900469303131103516e-02
1.306315660476684570e-01
5.339095592498779297e-01
9.867322444915771484e-01
1.088716149330139160e+00
8.303163051605224609e-01
2.991717755794525146e-01
-1.385735869407653809e-01
-4.322285652160644531e-01
-6.028295159339904785e-01
-9.486572742462158203e-01
-1.456558942794799805e+00
-1.990829348564147949e+00
-2.106041193008422852e+00
-1.674710273742675781e+00
-8.100353479385375977e-01
-1.056116819381713867e-01
1.943802833557128906e-02
-5.903006196022033691e-01
-1.441961646080017090e+00
-1.958390355110168457e+00
-1.674781799316406250e+00
-8.034869432449340820e-01
1.346471905708312988e-01
4.875158667564392090e-01
1.588454246520996094e-01
-5.312619805335998535e-01
-9.124639034271240234e-01
-6.642334461212158203e-01
1.239600330591201782e-01
8.535000681877136230e-01
1.042748570442199707e+00
5.212838649749755859e-01
-2.835841178894042969e-01
-8.043337464332580566e-01
-5.754960775375366211e-01
3.295627832412719727e-01
1.510875344276428223e+00
2.385027408599853516e+00
2.653971433639526367e+00
2.292609214782714844e+00
1.587998151779174805e+00
7.992409467697143555e-01
1.274325847625732422e-01
-4.190061092376708984e-01
-8.248825073242187500e-01
-1.092395186424255371e+00
-1.145726919174194336e+00
-9.805642366409301758e-01
-6.446911692619323730e-01
-3.008456826210021973e-01
-8.357094228267669678e-02
-7.307465374469757080e-02
-2.019355595111846924e-01
-3.440497219562530518e-01
-3.580591678619384766e-01
-2.014557719230651855e-01
7.589125633239746094e-02
3.355161547660827637e-01
4.434835016727447510e-01
3.261248767375946045e-01
2.335220575332641602e-02
-3.245396316051483154e-01
-5.364353656768798828e-01
-4.761579036712646484e-01
-1.446573138236999512e-01
3.095680475234985352e-01
6.292400956153869629e-01
5.992494821548461914e-01
1.487817466259002686e-01
-5.544386506080627441e-01
-1.196746706962585449e+00
-1.435322761535644531e+00
-1.116639614105224609e+00
-3.308537006378173828e-01
5.766077041625976562e-01
1.228073120117187500e+00
1.350837469100952148e+00
9.703801870346069336e-01
3.216993212699890137e-01
-2.309189140796661377e-01
-4.535289108753204346e-01
-2.859743237495422363e-01
9.687495231628417969e-02
4.855238199234008789e-01
6.962296962738037109e-01
7.130738496780395508e-01
5.705168247222900391e-01
3.547096252441406250e-01
7.266609370708465576e-02
-2.272045165300369263e-01
-4.683982133865356445e-01
-4.376511275768280029e-01
3.173348307609558105e-02
9.856448173522949219e-01
2.139303684234619141e+00
3.018954515457153320e+00
3.108225107192993164e+00
2.233126878738403320e+00
6.327353715896606445e-01
-1.050017476081848145e+00
-2.171955347061157227e+00
-2.348191738128662109e+00
-1.702115654945373535e+00
-6.776561141014099121e-01
1.649075150489807129e-01
5.044500827789306641e-01
2.940014898777008057e-01
-2.450468987226486206e-01
-8.626224994659423828e-01
-1.334985256195068359e+00
-1.563597202301025391e+00
-1.486266374588012695e+00
-1.131240129470825195e+00
-5.826807022094726562e-01
-5.139243602752685547e-02
2.411823868751525879e-01
1.490686535835266113e-01
-2.353730499744415283e-01
-6.319332122802734375e-01
-6.995795965194702148e-01
-2.871411442756652832e-01
4.749074578285217285e-01
1.228626966476440430e+00
1.640827894210815430e+00
1.600160002708435059e+00
1.271378278732299805e+00
9.258645772933959961e-01
7.140551209449768066e-01
5.533210039138793945e-01
2.144474983215332031e-01
-4.216240644454956055e-01
-1.202515244483947754e+00
-1.703289031982421875e+00
-1.511227965354919434e+00
-4.955185651779174805e-01
9.946470260620117188e-01
2.314068794250488281e+00
2.815545558929443359e+00
2.274443864822387695e+00
9.692391753196716309e-01
-3.956112861633300781e-01
-1.147897243499755859e+00
-9.385204911231994629e-01
-1.267552375793457031e-03
1.080379247665405273e+00
1.620716810226440430e+00
1.316315889358520508e+00
2.947800159454345703e-01
-8.664547204971313477e-01
-1.608411788940429688e+00
-1.588511466979980469e+00
-9.793312549591064453e-01
-1.885211318731307983e-01
2.783234119415283203e-01
2.722572684288024902e-01
-1.037070825695991516e-01
-4.669674932956695557e-01
-6.101341247558593750e-01
-4.721333980560302734e-01
-3.106823861598968506e-01
-2.974452078342437744e-01
-5.515541434288024902e-01
-8.796819448471069336e-01
-1.131672143936157227e+00
-1.142853736877441406e+00
-1.042769074440002441e+00
-9.198709726333618164e-01
-9.274880886077880859e-01
-9.341346025466918945e-01
-8.628653287887573242e-01
-5.580704808235168457e-01
-1.670399904251098633e-01
1.990555524826049805e-01
3.162458539009094238e-01
2.660952210426330566e-01
9.625422954559326172e-02
1.038812100887298584e-03
-1.199969202280044556e-01
-2.955479323863983154e-01
-6.563224792480468750e-01
-9.542590379714965820e-01
-9.541354179382324219e-01
-3.282709717750549316e-01
7.270332574844360352e-01
1.807230830192565918e+00
2.201577663421630859e+00
1.682697892189025879e+00
4.037963747978210449e-01
-8.269332647323608398e-01
-1.372710824012756348e+00
-8.541595339775085449e-01
2.791412770748138428e-01
1.387410163879394531e+00
1.736918687820434570e+00
1.285687327384948730e+00
3.100486695766448975e-01
-5.038098692893981934e-01
