-3.911235928535461426e-02
-3.422089666128158569e-02
3.768479228019714355e-01
8.918706178665161133e-01
1.203590393066406250e+00
1.090571165084838867e+00
7.287662625312805176e-01
4.160899519920349121e-01
4.171543121337890625e-01
5.899602770805358887e-01
6.321133375167846680e-01
2.625235021114349365e-01
-3.551812767982482910e-01
-8.346580266952514648e-01
-7.897646427154541016e-01
-3.441927433013916016e-01
4.516756534576416016e-02
-1.328569054603576660e-01
-8.293949365615844727e-01
-1.504244089126586914e+00
-1.444201588630676270e+00
-5.445603132247924805e-01
5.909910202026367188e-01
9.438636898994445801e-01
4.558947682380676270e-02
-1.633430123329162598e+00
-2.804831981658935547e+00
-2.434829711914062500e+00
-4.991932809352874756e-01
1.778316974639892578e+00
2.878231287002563477e+00
2.007836818695068359e+00
-1.851932704448699951e-01
-2.185022115707397461e+00
-2.635523557662963867e+00
-1.412812829017639160e+00
4.553062617778778076e-01
1.545359849929809570e+00
1.224549055099487305e+00
-3.445610404014587402e-02
-1.034761667251586914e+00
-9.320957660675048828e-01
2.334305644035339355e-01
1.567504644393920898e+00
2.173030376434326172e+00
1.736161708831787109e+00
7.417879104614257812e-01
-8.075615018606185913e-02
-2.598698735237121582e-01
1.022679209709167480e-01
6.290220618247985840e-01
9.760148525238037109e-01
1.076796293258666992e+00
9.307766556739807129e-01
4.835681319236755371e-01
-4.349499344825744629e-01
-1.764639377593994141e+00
-3.085921525955200195e+00
-3.671493291854858398e+00
-3.036857604980468750e+00
-1.320744037628173828e+00
6.325706243515014648e-01
1.856169700622558594e+00
1.860154390335083008e+00
9.973990321159362793e-01
8.816307783126831055e-02
-2.010090947151184082e-01
1.204955130815505981e-01
5.056103467941284180e-01
3.763518929481506348e-01
-3.150650560855865479e-01
-1.086029052734375000e+00
-1.313692450523376465e+00
-7.862344384193420410e-01
1.945257484912872314e-01
1.087625980377197266e+00
1.604229688644409180e+00
1.832689285278320312e+00
2.019912242889404297e+00
2.170851707458496094e+00
1.972411990165710449e+00
1.091511249542236328e+00
-3.646360337734222412e-01
-1.745107173919677734e+00
-2.240539550781250000e+00
-1.536929726600646973e+00
-1.250213384628295898e-01
9.824280738830566406e-01
1.002972841262817383e+00
-3.043523430824279785e-02
-1.304935932159423828e+00
-1.872173190116882324e+00
-1.376007318496704102e+00
-2.870602309703826904e-01
5.210025310516357422e-01
4.807468950748443604e-01
-2.690720558166503906e-01
-1.073619961738586426e+00
-1.340157389640808105e+00
-9.763568043708801270e-01
-3.598911762237548828e-01
7.946139574050903320e-02
2.385019063949584961e-01
3.419747352600097656e-01
6.062362194061279297e-01
9.363853931427001953e-01
9.665161371231079102e-01
4.345344901084899902e-01
-4.924798011779785156e-01
-1.246853947639465332e+00
-1.297175407409667969e+00
-5.827767848968505859e-01
4.105895757675170898e-01
1.048600912094116211e+00
1.049751877784729004e+00
6.923003196716308594e-01
4.992424547672271729e-01
7.424955964088439941e-01
1.157015562057495117e+00
1.199355840682983398e+00
5.535712242126464844e-01
-5.052972435951232910e-01
-1.301893353462219238e+00
-1.301124691963195801e+00
-5.902666449546813965e-01
1.754509806632995605e-01
2.977693080902099609e-01
-3.683423697948455811e-01
-1.282853126525878906e+00
-1.644991636276245117e+00
-1.047399640083312988e+00
2.013328224420547485e-01
1.325261592864990234e+00
1.701410174369812012e+00
1.317544937133789062e+00
7.294036746025085449e-01
5.504270195960998535e-01
9.545210599899291992e-01
1.556808710098266602e+00
1.780659079551696777e+00
1.347123265266418457e+00
4.841778278350830078e-01
-2.746031284332275391e-01
-5.337354540824890137e-01
-3.204487860202789307e-01
-1.544659584760665894e-02
-1.191481947898864746e-02
-4.274253845214843750e-01
-1.048037290573120117e+00
-1.542200446128845215e+00
-1.688131093978881836e+00
-1.490609645843505859e+00
-1.085621833801269531e+00
-6.256227493286132812e-01
-2.104231715202331543e-01
6.554839760065078735e-02
1.095957309007644653e-01
-1.416538357734680176e-01
-6.036527752876281738e-01
-1.063289880752563477e+00
-1.260442614555358887e+00
-1.104526758193969727e+00
-7.199469804763793945e-01
-3.779174983501434326e-01
-2.412818372249603271e-01
-2.515390515327453613e-01
-1.390080451965332031e-01
3.078323006629943848e-01
1.084228038787841797e+00
1.891867160797119141e+00
2.372935295104980469e+00
2.296854496002197266e+00
1.731662750244140625e+00
9.045450091361999512e-01
1.058526784181594849e-01
-4.870691299438476562e-01
-7.437509894371032715e-01
-6.007171869277954102e-01
-2.196013927459716797e-02
8.506838083267211914e-01
1.705891013145446777e+00
2.095242023468017578e+00
1.746707439422607422e+00
7.045050859451293945e-01
-5.858645439147949219e-01
-1.610758066177368164e+00
-2.029941082000732422e+00
-1.924126863479614258e+00
-1.570210337638854980e+00
-1.243301153182983398e+00
-9.264271855354309082e-01
-4.735080599784851074e-01
2.209783047437667847e-01
9.262418150901794434e-01
1.256859898567199707e+00
8.916721343994140625e-01
-2.535462379455566406e-02
-9.870197772979736328e-01
-1.353282451629638672e+00
-8.884226083755493164e-01
1.577496826648712158e-01
1.128161907196044922e+00
1.516183376312255859e+00
1.181555986404418945e+00
4.988723993301391602e-01
-6.864409893751144409e-02
-1.861448585987091064e-01
7.010367512702941895e-02
4.586923122406005859e-01
6.732533574104309082e-01
6.336601972579956055e-01
3.446961641311645508e-01
-5.944573879241943359e-02
-5.311131477355957031e-01
-9.477518200874328613e-01
-1.227025985717773438e+00
-1.214956283569335938e+00
