-4.799628257751464844e-02
-5.544120073318481445e-02
2.944798767566680908e-01
4.659244120121002197e-01
3.214401900768280029e-01
3.705146908760070801e-02
-3.057983703911304474e-02
3.212147355079650879e-01
9.075740575790405273e-01
1.252390384674072266e+00
9.717669486999511719e-01
1.292616128921508789e-01
-7.656605839729309082e-01
-1.133828520774841309e+00
-7.913767099380493164e-01
-9.923356771469116211e-02
3.282331228256225586e-01
1.284156441688537598e-01
-5.217688083648681641e-01
-1.072347521781921387e+00
-1.083520889282226562e+00
-6.027513742446899414e-01
-1.167379170656204224e-01
-1.157343685626983643e-01
-6.540040969848632812e-01
-1.277601838111877441e+00
-1.392307281494140625e+00
-7.528422474861145020e-01
3.286831378936767578e-01
1.228647708892822266e+00
1.487061738967895508e+00
1.125103235244750977e+00
5.523730516433715820e-01
1.977546811103820801e-01
1.762097179889678955e-01
2.843235731124877930e-01
2.686758041381835938e-01
1.047888100147247314e-01
9.355485439300537109e-03
2.011483311653137207e-01
6.301909089088439941e-01
9.528567790985107422e-01
7.805550098419189453e-01
3.949999809265136719e-03
-1.085919737815856934e+00
-1.967350363731384277e+00
-2.215992450714111328e+00
-1.727941274642944336e+00
-7.188446521759033203e-01
4.519219398498535156e-01
1.451851367950439453e+00
2.046185016632080078e+00
2.103562593460083008e+00
1.620726227760314941e+00
7.858197093009948730e-01
-2.189606428146362305e-02
-3.937174081802368164e-01
-1.522041857242584229e-01
4.802520275115966797e-01
9.970887899398803711e-01
9.666810035705566406e-01
3.741444945335388184e-01
-3.559837043285369873e-01
-7.045318484306335449e-01
-5.064631700515747070e-01
-1.011288166046142578e-01
-3.248262405395507812e-02
-5.337964892387390137e-01
-1.254857301712036133e+00
-1.518749952316284180e+00
-9.348081350326538086e-01
1.580265462398529053e-01
8.445727229118347168e-01
3.429700732231140137e-01
-1.280164003372192383e+00
-3.007343292236328125e+00
-3.533744335174560547e+00
-2.241461515426635742e+00
2.713225483894348145e-01
2.547453880310058594e+00
3.281217575073242188e+00
2.223265171051025391e+00
3.184242248535156250e-01
-1.028024911880493164e+00
-9.638013839721679688e-01
2.572743892669677734e-01
1.563314557075500488e+00
1.902459383010864258e+00
9.853818416595458984e-01
-6.003711223602294922e-01
-1.890594601631164551e+00
-2.220923900604248047e+00
-1.577385306358337402e+00
-4.612882733345031738e-01
5.304217338562011719e-01
1.040100336074829102e+00
1.026443719863891602e+00
6.415837407112121582e-01
1.066214516758918762e-01
-3.435174822807312012e-01
-4.803521633148193359e-01
-1.811074018478393555e-01
4.507667422294616699e-01
1.062266469001770020e+00
1.252797126770019531e+00
8.692706823348999023e-01
1.806985139846801758e-01
-2.948834300041198730e-01
-1.925956308841705322e-01
3.554720282554626465e-01
7.786079049110412598e-01
4.991524219512939453e-01
-5.585461854934692383e-01
-1.842868566513061523e+00
-2.531558752059936523e+00
-2.149044513702392578e+00
-9.157072305679321289e-01
4.147157073020935059e-01
1.126505374908447266e+00
1.033569812774658203e+00
5.385744571685791016e-01
2.153224796056747437e-01
3.285613954067230225e-01
6.600617170333862305e-01
7.832298278808593750e-01
4.810318648815155029e-01
-5.164910852909088135e-02
-4.143543839454650879e-01
-3.735310733318328857e-01
-8.312901109457015991e-02
8.430292457342147827e-02
-1.121042966842651367e-01
-5.442189574241638184e-01
-8.529917001724243164e-01
-7.856141924858093262e-01
-4.554797112941741943e-01
-2.232268601655960083e-01
-3.505129218101501465e-01
-7.057067155838012695e-01
-8.578348755836486816e-01
-4.552479386329650879e-01
4.062944054603576660e-01
1.211610198020935059e+00
1.416221857070922852e+00
9.182220697402954102e-01
1.589700281620025635e-01
-2.155769467353820801e-01
1.048576533794403076e-01
8.428914546966552734e-01
1.338963270187377930e+00
1.089445590972900391e+00
1.273524463176727295e-01
-1.005726099014282227e+00
-1.694538474082946777e+00
-1.666063666343688965e+00
-1.104472160339355469e+00
-3.833685219287872314e-01
2.533606886863708496e-01
8.050470352172851562e-01
1.319758892059326172e+00
1.668962359428405762e+00
1.539077162742614746e+00
7.286309599876403809e-01
-5.531583428382873535e-01
-1.665244460105895996e+00
-1.933898448944091797e+00
-1.154157161712646484e+00
1.792552322149276733e-01
1.178882241249084473e+00
1.171784520149230957e+00
1.942206919193267822e-01
-1.042430877685546875e+00
-1.654236793518066406e+00
-1.212574720382690430e+00
-8.237726986408233643e-03
1.181203722953796387e+00
1.644402742385864258e+00
1.164699077606201172e+00
9.587794542312622070e-02
-9.417116045951843262e-01
-1.436787605285644531e+00
-1.223843574523925781e+00
-4.609888195991516113e-01
5.144997239112854004e-01
1.356797337532043457e+00
1.798243403434753418e+00
1.720731496810913086e+00
1.189279556274414062e+00
4.587672948837280273e-01
-1.292021274566650391e-01
-3.131045103073120117e-01
-7.109239697456359863e-02
3.805251121520996094e-01
7.337151765823364258e-01
8.003120422363281250e-01
5.968897342681884766e-01
2.746995091438293457e-01
-4.675179719924926758e-02
-3.480628728866577148e-01
-6.478325724601745605e-01
-8.648299574851989746e-01
-8.097046613693237305e-01
-3.381238579750061035e-01
4.299517571926116943e-01
1.070480346679687500e+00
1.085240483283996582e+00
2.875556349754333496e-01
-9.829098582267761230e-01
-2.012799739837646484e+00
-2.183763265609741211e+00
-1.405408620834350586e+00
-1.889099478721618652e-01
7.245128154754638672e-01
8.826923966407775879e-01
4.119854569435119629e-01
-1.491009145975112915e-01
-2.950225174427032471e-01
