-3.251628577709197998e-02
-3.184087574481964111e-02
-1.968344859778881073e-02
2.723359465599060059e-01
7.902808189392089844e-01
1.321396231651306152e+00
1.378323912620544434e+00
7.967937588691711426e-01
-2.898484468460083008e-01
-1.267797470092773438e+00
-1.662913799285888672e+00
-1.274985790252685547e+00
-5.269664525985717773e-01
5.654167383909225464e-02
5.485314130783081055e-02
-3.562318384647369385e-01
-7.477781176567077637e-01
-6.265898346900939941e-01
-8.973336778581142426e-03
7.536638379096984863e-01
1.085291385650634766e+00
7.817416787147521973e-01
-3.473549848422408104e-03
-7.457036375999450684e-01
-1.089440345764160156e+00
-9.339989423751831055e-01
-5.730875134468078613e-01
-2.831908166408538818e-01
-2.232720702886581421e-01
-2.392889857292175293e-01
-1.591561287641525269e-01
1.387007832527160645e-01
5.262427926063537598e-01
8.506338000297546387e-01
9.773218631744384766e-01
9.606777429580688477e-01
8.738390207290649414e-01
7.760489583015441895e-01
5.900692939758300781e-01
2.599855661392211914e-01
-1.877164244651794434e-01
-5.495927929878234863e-01
-6.057002544403076172e-01
-2.440651208162307739e-01
3.947785794734954834e-01
1.015241384506225586e+00
1.314642190933227539e+00
1.169573187828063965e+00
6.694302558898925781e-01
4.240625351667404175e-02
-4.752974212169647217e-01
-7.325330972671508789e-01
-6.776316761970520020e-01
-3.673761487007141113e-01
6.069063395261764526e-02
3.755775690078735352e-01
3.629859685897827148e-01
-9.026405215263366699e-02
-8.413227200508117676e-01
-1.550698757171630859e+00
-1.795970082283020020e+00
-1.378034472465515137e+00
-4.041861295700073242e-01
6.950959563255310059e-01
1.490876555442810059e+00
1.729393601417541504e+00
1.525660276412963867e+00
1.142026066780090332e+00
8.520810604095458984e-01
6.748818159103393555e-01
5.026033520698547363e-01
1.563097387552261353e-01
-3.402149081230163574e-01
-8.598966002464294434e-01
-1.169332027435302734e+00
-1.212172389030456543e+00
-1.031982064247131348e+00
-8.400683999061584473e-01
-7.441115975379943848e-01
-8.120869994163513184e-01
-9.377137422561645508e-01
-1.065656185150146484e+00
-1.093444585800170898e+00
-1.031451344490051270e+00
-8.185999393463134766e-01
-4.892398416996002197e-01
-3.560388460755348206e-02
3.991687893867492676e-01
7.249588370323181152e-01
8.098677992820739746e-01
7.201826572418212891e-01
5.257603526115417480e-01
3.912085592746734619e-01
3.076021373271942139e-01
2.722394764423370361e-01
1.875234544277191162e-01
1.289555430412292480e-01
1.460338234901428223e-01
3.282504677772521973e-01
5.125898122787475586e-01
4.966693818569183350e-01
5.181378498673439026e-02
-6.718906760215759277e-01
-1.284779310226440430e+00
-1.217575669288635254e+00
-2.901379168033599854e-01
1.213281989097595215e+00
2.476255178451538086e+00
2.783953666687011719e+00
1.849761843681335449e+00
1.910934895277023315e-01
-1.320286631584167480e+00
-1.857239603996276855e+00
-1.284007310867309570e+00
-5.909859016537666321e-02
9.769359230995178223e-01
1.284152150154113770e+00
7.831889986991882324e-01
-7.207615673542022705e-02
-8.043197989463806152e-01
-1.112211346626281738e+00
-1.098558425903320312e+00
-9.521868824958801270e-01
-8.410815000534057617e-01
-6.840481162071228027e-01
-3.943926393985748291e-01
5.157256871461868286e-02
4.214091300964355469e-01
4.729817211627960205e-01
7.583916932344436646e-02
-5.521497130393981934e-01
-1.034152984619140625e+00
-1.015386223793029785e+00
-5.025069117546081543e-01
1.816859543323516846e-01
5.362292528152465820e-01
2.816952466964721680e-01
-4.921827316284179688e-01
-1.309094071388244629e+00
-1.642747879028320312e+00
-1.197602868080139160e+00
-1.304510980844497681e-01
1.071976065635681152e+00
1.841705083847045898e+00
1.866068243980407715e+00
1.222689509391784668e+00
3.238120377063751221e-01
-3.282022178173065186e-01
-4.001336395740509033e-01
1.285213530063629150e-01
9.774183630943298340e-01
1.734121561050415039e+00
2.018325567245483398e+00
1.651335239410400391e+00
6.679829359054565430e-01
-6.562597155570983887e-01
-1.938626766204833984e+00
-2.744924545288085938e+00
-2.803106546401977539e+00
-2.064157009124755859e+00
-8.333625197410583496e-01
4.079973697662353516e-01
1.139517307281494141e+00
1.163928627967834473e+00
6.247565150260925293e-01
1.442488096654415131e-02
-2.411222606897354126e-01
4.925686866044998169e-02
6.191602945327758789e-01
1.073568105697631836e+00
1.071107745170593262e+00
7.012228965759277344e-01
2.698272764682769775e-01
1.729538440704345703e-01
4.279220402240753174e-01
7.921140789985656738e-01
8.132930994033813477e-01
3.547845184803009033e-01
-4.307684302330017090e-01
-1.046937584877014160e+00
-1.208554148674011230e+00
-8.854175209999084473e-01
-4.864417016506195068e-01
-3.145492374897003174e-01
-4.831129014492034912e-01
-6.263968348503112793e-01
-4.124840497970581055e-01
3.384781479835510254e-01
1.245315909385681152e+00
1.836784243583679199e+00
1.698469400405883789e+00
1.026144504547119141e+00
2.642309963703155518e-01
-1.143376808613538742e-02
2.380346506834030151e-01
7.293490171432495117e-01
8.743214607238769531e-01
5.067040920257568359e-01
-2.053253948688507080e-01
-6.400498151779174805e-01
-4.572060108184814453e-01
3.724899888038635254e-01
1.264565110206604004e+00
1.682404279708862305e+00
1.226838469505310059e+00
1.330562531948089600e-01
-1.192489027976989746e+00
-2.174973011016845703e+00
-2.641441822052001953e+00
-2.530673980712890625e+00
-2.084081649780273438e+00
-1.373933672904968262e+00
-5.947971940040588379e-01
2.177722752094268799e-01
8.287311196327209473e-01
1.190896987915039062e+00
1.207155108451843262e+00
