-3.511775732040405273e-01
-3.598603010177612305e-01
-7.677063941955566406e-01
-9.828504323959350586e-01
-9.566565155982971191e-01
-5.720645785331726074e-01
2.201234176754951477e-02
6.320180892944335938e-01
8.823847174644470215e-01
6.336308717727661133e-01
-1.087957546114921570e-01
-9.782167077064514160e-01
-1.629724979400634766e+00
-1.749292492866516113e+00
-1.383728265762329102e+00
-7.040482759475708008e-01
-5.577340722084045410e-02
3.752636313438415527e-01
4.511406719684600830e-01
2.459714710712432861e-01
-1.602317690849304199e-01
-5.260268449783325195e-01
-6.391074657440185547e-01
-2.379666566848754883e-01
6.857404708862304688e-01
1.934496045112609863e+00
2.988224267959594727e+00
3.365339517593383789e+00
2.778194427490234375e+00
1.446290016174316406e+00
-1.008089780807495117e-01
-1.199603199958801270e+00
-1.513294935226440430e+00
-1.087033629417419434e+00
-3.623960018157958984e-01
1.980639547109603882e-01
2.896412611007690430e-01
-2.769572846591472626e-02
-5.004477500915527344e-01
-7.770606279373168945e-01
-6.693735718727111816e-01
-1.555922776460647583e-01
5.654771924018859863e-01
1.223759174346923828e+00
1.555922627449035645e+00
1.481038570404052734e+00
1.127915859222412109e+00
8.065869808197021484e-01
7.943392395973205566e-01
1.149352550506591797e+00
1.605500698089599609e+00
1.728485822677612305e+00
1.217076420783996582e+00
1.633459329605102539e-01
-9.451618790626525879e-01
-1.529482841491699219e+00
-1.307982683181762695e+00
-5.175120234489440918e-01
2.813371419906616211e-01
5.944904088973999023e-01
3.821126222610473633e-01
1.879161596298217773e-02
-2.751934528350830078e-02
3.359040617942810059e-01
7.554337382316589355e-01
6.665930151939392090e-01
-1.457511186599731445e-01
-1.333123683929443359e+00
-2.108525514602661133e+00
-1.865797758102416992e+00
-6.007821559906005859e-01
9.628725051879882812e-01
1.907660245895385742e+00
1.667527437210083008e+00
4.618352353572845459e-01
-9.744762778282165527e-01
-1.827771663665771484e+00
-1.817206859588623047e+00
-1.192276716232299805e+00
-5.492283105850219727e-01
-2.858586907386779785e-01
-4.737974405288696289e-01
-8.287500739097595215e-01
-1.092508316040039062e+00
-1.113034963607788086e+00
-9.692770242691040039e-01
-7.156991958618164062e-01
-4.169635772705078125e-01
-6.320481002330780029e-02
2.050561904907226562e-01
2.136681228876113892e-01
-2.166691124439239502e-01
-9.546852111816406250e-01
-1.634632587432861328e+00
-1.730470418930053711e+00
-1.030173420906066895e+00
2.806487381458282471e-01
1.573463916778564453e+00
2.274113893508911133e+00
2.119993925094604492e+00
1.414763689041137695e+00
6.791275739669799805e-01
3.839781284332275391e-01
5.298418402671813965e-01
8.015534877777099609e-01
7.328337430953979492e-01
1.623730659484863281e-01
-7.504745721817016602e-01
-1.528808593750000000e+00
-1.781472802162170410e+00
-1.315257549285888672e+00
-3.254690170288085938e-01
8.341758251190185547e-01
1.720180273056030273e+00
2.067441225051879883e+00
1.753298997879028320e+00
9.227081537246704102e-01
-1.713264882564544678e-01
-1.139938592910766602e+00
-1.682490110397338867e+00
-1.588721513748168945e+00
-9.212881922721862793e-01
1.037738472223281860e-01
1.110561132431030273e+00
1.782718181610107422e+00
1.879636526107788086e+00
1.395633578300476074e+00
4.820639193058013916e-01
-5.246929526329040527e-01
-1.283073425292968750e+00
-1.524674296379089355e+00
-1.252739310264587402e+00
-7.049788236618041992e-01
-2.950321435928344727e-01
-3.291075229644775391e-01
-8.453485369682312012e-01
-1.546344518661499023e+00
-2.004278659820556641e+00
-1.920083045959472656e+00
-1.330692768096923828e+00
-5.457072854042053223e-01
6.907665729522705078e-02
3.449400961399078369e-01
3.609644770622253418e-01
2.952812314033508301e-01
2.209503650665283203e-01
3.338345885276794434e-02
-4.011095166206359863e-01
-1.045375347137451172e+00
-1.590705990791320801e+00
-1.665045261383056641e+00
-1.107028245925903320e+00
-1.907963156700134277e-01
5.410240292549133301e-01
6.254398822784423828e-01
6.880873441696166992e-02
-6.638327836990356445e-01
-9.322932362556457520e-01
-4.483900368213653564e-01
5.703361034393310547e-01
1.500456571578979492e+00
1.862502694129943848e+00
1.588416218757629395e+00
1.133091092109680176e+00
9.919828772544860840e-01
1.376609921455383301e+00
1.946218729019165039e+00
2.160687923431396484e+00
1.610654473304748535e+00
4.577774405479431152e-01
-7.688534259796142578e-01
-1.411153554916381836e+00
-1.240792751312255859e+00
-4.523047506809234619e-01
3.752802610397338867e-01
8.292291164398193359e-01
7.714527845382690430e-01
5.200973749160766602e-01
4.337257146835327148e-01
7.956657409667968750e-01
1.459731698036193848e+00
2.106175184249877930e+00
2.258747577667236328e+00
1.736179113388061523e+00
5.933805704116821289e-01
-7.049577832221984863e-01
-1.677175164222717285e+00
-1.873430371284484863e+00
-1.301836490631103516e+00
-2.386140078306198120e-01
7.114882469177246094e-01
1.149630546569824219e+00
8.970162272453308105e-01
2.740717232227325439e-01
-3.437420427799224854e-01
-5.840320587158203125e-01
-5.209206342697143555e-01
-3.552009463310241699e-01
-4.115578532218933105e-01
-6.375039219856262207e-01
-8.409402966499328613e-01
-6.561012268066406250e-01
-8.947515487670898438e-02
6.408209204673767090e-01
1.016768217086791992e+00
8.257562518119812012e-01
1.090637445449829102e-01
-6.422228813171386719e-01
-1.073978185653686523e+00
-9.947405457496643066e-01
-7.130063772201538086e-01
-5.081496238708496094e-01
-6.049969792366027832e-01
-7.420789003372192383e-01
-6.221729516983032227e-01
5.826985836029052734e-02
1.103942751884460449e+00
