3.323791027069091797e-01
3.670809268951416016e-01
-7.648650556802749634e-02
-1.582259237766265869e-01
1.138075515627861023e-01
4.075229763984680176e-01
4.017377495765686035e-01
-8.502918481826782227e-02
-8.140236735343933105e-01
-1.355337142944335938e+00
-1.255202412605285645e+00
-4.856093823909759521e-01
5.924064517021179199e-01
1.325100898742675781e+00
1.323250055313110352e+00
6.619494557380676270e-01
-3.135791420936584473e-02
-1.163751929998397827e-01
6.629987955093383789e-01
1.827975511550903320e+00
2.554770469665527344e+00
2.162759780883789062e+00
7.406883835792541504e-01
-9.569675326347351074e-01
-1.917626261711120605e+00
-1.675782680511474609e+00
-5.500754117965698242e-01
5.145298838615417480e-01
7.312680482864379883e-01
-4.650497436523437500e-02
-1.173427224159240723e+00
-1.822611570358276367e+00
-1.540979385375976562e+00
-6.520447134971618652e-01
1.176290810108184814e-01
1.551837325096130371e-01
-4.913303554058074951e-01
-1.252272367477416992e+00
-1.437699437141418457e+00
-8.468458652496337891e-01
1.651339530944824219e-01
9.173133373260498047e-01
9.856328368186950684e-01
4.159895181655883789e-01
-3.151831030845642090e-01
-7.636529207229614258e-01
-7.689798474311828613e-01
-5.537936687469482422e-01
-4.128565788269042969e-01
-5.062542557716369629e-01
-7.175388336181640625e-01
-8.489271402359008789e-01
-7.602625489234924316e-01
-5.016709566116333008e-01
-1.750935167074203491e-01
1.364596188068389893e-01
4.565873146057128906e-01
7.882091403007507324e-01
1.076372981071472168e+00
1.186048865318298340e+00
1.066843152046203613e+00
8.163030147552490234e-01
6.782485246658325195e-01
8.237035274505615234e-01
1.218578815460205078e+00
1.592315793037414551e+00
1.668218374252319336e+00
1.369624614715576172e+00
9.194114804267883301e-01
6.515666246414184570e-01
7.537128925323486328e-01
1.089354991912841797e+00
1.300575256347656250e+00
1.060632228851318359e+00
3.213093280792236328e-01
-6.723985671997070312e-01
-1.550051093101501465e+00
-2.048928022384643555e+00
-2.109565734863281250e+00
-1.819590330123901367e+00
-1.292395114898681641e+00
-6.258049011230468750e-01
4.918628931045532227e-02
5.220869183540344238e-01
5.642874240875244141e-01
9.549257159233093262e-02
-6.941591501235961914e-01
-1.386692762374877930e+00
-1.582016229629516602e+00
-1.152701497077941895e+00
-3.461208343505859375e-01
3.888970017433166504e-01
6.777112483978271484e-01
4.418603777885437012e-01
-1.250561922788619995e-01
-7.251647710800170898e-01
-1.152219533920288086e+00
-1.326372861862182617e+00
-1.243272066116333008e+00
-8.945493102073669434e-01
-3.200921714305877686e-01
3.215451836585998535e-01
7.272565364837646484e-01
6.278680562973022461e-01
-3.402054309844970703e-03
-8.248488903045654297e-01
-1.310705304145812988e+00
-1.084190845489501953e+00
-2.227421104907989502e-01
7.942134141921997070e-01
1.405138015747070312e+00
1.391047716140747070e+00
9.946524500846862793e-01
7.155010104179382324e-01
8.660989999771118164e-01
1.342881560325622559e+00
1.713025331497192383e+00
1.613213777542114258e+00
1.042722821235656738e+00
3.723021745681762695e-01
1.333151012659072876e-04
3.108383156359195709e-02
1.936873346567153931e-01
1.304732859134674072e-01
-2.651236355304718018e-01
-7.122077941894531250e-01
-8.012264966964721680e-01
-3.625547587871551514e-01
3.201125562191009521e-01
7.169374823570251465e-01
4.688327312469482422e-01
-2.896605730056762695e-01
-1.023439168930053711e+00
-1.208866834640502930e+00
-7.602878808975219727e-01
-9.710654616355895996e-02
1.889411211013793945e-01
-1.881587505340576172e-01
-9.855437278747558594e-01
-1.623201847076416016e+00
-1.635888457298278809e+00
-1.009833335876464844e+00
-1.518391668796539307e-01
4.641874432563781738e-01
6.730421781539916992e-01
7.018126249313354492e-01
9.297851324081420898e-01
1.512493848800659180e+00
2.213225603103637695e+00
2.533872604370117188e+00
2.083518743515014648e+00
8.571269512176513672e-01
-7.217279672622680664e-01
-2.062629222869873047e+00
-2.715920925140380859e+00
-2.605382680892944336e+00
-1.987391710281372070e+00
-1.288238048553466797e+00
-8.424142003059387207e-01
-7.685565948486328125e-01
-9.126953482627868652e-01
-9.864088892936706543e-01
-7.067848443984985352e-01
-9.853243827819824219e-03
9.134840965270996094e-01
1.652628779411315918e+00
1.848004579544067383e+00
1.384264469146728516e+00
5.432830452919006348e-01
-1.774721741676330566e-01
-3.163890540599822998e-01
2.145092487335205078e-01
1.122710943222045898e+00
1.872910022735595703e+00
2.075292825698852539e+00
1.641910791397094727e+00
8.426233530044555664e-01
2.325359731912612915e-02
-5.504230260848999023e-01
-8.534225821495056152e-01
-9.531389474868774414e-01
-9.631985425949096680e-01
-9.043499231338500977e-01
-8.258441686630249023e-01
-7.606420516967773438e-01
-7.852726578712463379e-01
-8.501403927803039551e-01
-8.360118865966796875e-01
-5.600497722625732422e-01
-4.381835460662841797e-02
4.925261437892913818e-01
6.577128171920776367e-01
2.819301784038543701e-01
-4.510729610919952393e-01
-9.529789686203002930e-01
-6.948017477989196777e-01
4.713931083679199219e-01
2.049999713897705078e+00
3.277609825134277344e+00
3.538683176040649414e+00
2.867071390151977539e+00
1.789614200592041016e+00
9.980480670928955078e-01
7.309838533401489258e-01
7.372839450836181641e-01
4.473953843116760254e-01
-3.990223109722137451e-01
-1.585556983947753906e+00
-2.453824043273925781e+00
-2.511425495147705078e+00
-1.724065542221069336e+00
-6.583279371261596680e-01
3.916485607624053955e-02
1.297712326049804688e-03
-5.224661827087402344e-01
-1.016698122024536133e+00
-1.011465072631835938e+00
