-1.310879588127136230e+00
-1.348068714141845703e+00
-1.156433224678039551e+00
-7.391469478607177734e-01
-2.056133151054382324e-01
2.123271226882934570e-01
2.340746223926544189e-01
-1.226708367466926575e-01
-5.287919044494628906e-01
-4.458479881286621094e-01
4.008753299713134766e-01
1.787539839744567871e+00
2.977108955383300781e+00
3.217418193817138672e+00
2.218707084655761719e+00
4.402363896369934082e-01
-1.214712858200073242e+00
-1.933469891548156738e+00
-1.522599101066589355e+00
-4.265235364437103271e-01
6.258330345153808594e-01
1.155170321464538574e+00
1.147390365600585938e+00
9.117633700370788574e-01
7.013274431228637695e-01
4.914070367813110352e-01
7.096129655838012695e-02
-6.597890257835388184e-01
-1.484148740768432617e+00
-1.977468967437744141e+00
-1.825998067855834961e+00
-1.107392549514770508e+00
-2.389027476310729980e-01
3.221592605113983154e-01
4.352801144123077393e-01
3.146828114986419678e-01
3.142657876014709473e-01
5.476406812667846680e-01
8.093247413635253906e-01
7.265807390213012695e-01
1.635036915540695190e-01
-6.469453573226928711e-01
-1.185965299606323242e+00
-1.081408858299255371e+00
-3.368460834026336670e-01
6.252253651618957520e-01
1.335002183914184570e+00
1.540738701820373535e+00
1.383374691009521484e+00
1.145103454589843750e+00
1.046703219413757324e+00
1.037145972251892090e+00
9.646295309066772461e-01
7.074324488639831543e-01
3.562977313995361328e-01
4.991924762725830078e-02
-1.155959963798522949e-01
-2.506519556045532227e-01
-4.789504408836364746e-01
-8.376111984252929688e-01
-1.110260486602783203e+00
-1.054381608963012695e+00
-5.621777772903442383e-01
1.089538335800170898e-01
5.444434285163879395e-01
3.937016725540161133e-01
-2.823618650436401367e-01
-1.109021902084350586e+00
-1.587547421455383301e+00
-1.514576911926269531e+00
-1.026350498199462891e+00
-5.180971622467041016e-01
-2.484795451164245605e-01
-2.228624820709228516e-01
-1.758600473403930664e-01
1.009799465537071228e-01
6.132255792617797852e-01
1.073280572891235352e+00
1.169047355651855469e+00
7.259292602539062500e-01
-1.150340735912322998e-01
-1.047413349151611328e+00
-1.709023714065551758e+00
-1.882975697517395020e+00
-1.485127449035644531e+00
-6.106479167938232422e-01
5.268365740776062012e-01
1.557049512863159180e+00
2.074688434600830078e+00
1.763671159744262695e+00
6.445224881172180176e-01
-8.947187662124633789e-01
-2.211400032043457031e+00
-2.776428937911987305e+00
-2.442184925079345703e+00
-1.533118724822998047e+00
-5.868314504623413086e-01
-1.340255700051784515e-02
1.475121527910232544e-01
1.606403440237045288e-01
3.305995762348175049e-01
7.423820495605468750e-01
1.216401696205139160e+00
1.487881422042846680e+00
1.431400775909423828e+00
1.148286104202270508e+00
8.346362113952636719e-01
6.072585582733154297e-01
3.965145051479339600e-01
8.543717116117477417e-02
-3.390068113803863525e-01
-6.638168096542358398e-01
-6.193445324897766113e-01
-7.276955246925354004e-02
7.531296014785766602e-01
1.422911882400512695e+00
1.507067441940307617e+00
9.366517066955566406e-01
-2.175807952880859375e-03
-7.917566299438476562e-01
-1.096628904342651367e+00
-8.903226852416992188e-01
-5.093987584114074707e-01
-3.030969500541687012e-01
-4.681683480739593506e-01
-8.481686115264892578e-01
-1.173734426498413086e+00
-1.172891736030578613e+00
-8.629601001739501953e-01
-4.062041044235229492e-01
-8.700007200241088867e-02
4.618644714355468750e-03
-9.889024496078491211e-02
-1.662614196538925171e-01
-7.181218266487121582e-02
2.397211194038391113e-01
5.740209817886352539e-01
7.530715465545654297e-01
5.841088891029357910e-01
1.423366665840148926e-01
-4.180275201797485352e-01
-7.793368101119995117e-01
-8.043256402015686035e-01
-4.429485797882080078e-01
6.053626537322998047e-02
4.781408309936523438e-01
5.338756442070007324e-01
2.305892705917358398e-01
-3.566408753395080566e-01
-9.360308647155761719e-01
-1.342534899711608887e+00
-1.390643835067749023e+00
-1.135189890861511230e+00
-6.006856560707092285e-01
2.450382709503173828e-02
6.648815870285034180e-01
1.128583669662475586e+00
1.379850745201110840e+00
1.303057909011840820e+00
9.847357869148254395e-01
4.493969082832336426e-01
-9.422240406274795532e-02
-5.569307208061218262e-01
-7.322775721549987793e-01
-6.087610125541687012e-01
-1.285471916198730469e-01
5.036461949348449707e-01
1.122552752494812012e+00
1.406338930130004883e+00
1.303023815155029297e+00
8.456608057022094727e-01
4.163808226585388184e-01
2.668142318725585938e-01
5.768426060676574707e-01
1.042181015014648438e+00
1.301560163497924805e+00
9.562866687774658203e-01
1.574803292751312256e-01
-6.795088052749633789e-01
-8.865908384323120117e-01
-2.795937657356262207e-01
9.010425806045532227e-01
1.859889984130859375e+00
2.035931825637817383e+00
1.248342752456665039e+00
7.664310932159423828e-02
-8.080212473869323730e-01
-8.742752075195312500e-01
-3.269116878509521484e-01
3.617126345634460449e-01
6.201044321060180664e-01
4.622654020786285400e-01
1.785152852535247803e-01
2.475707530975341797e-01
6.311289072036743164e-01
1.000805616378784180e+00
7.882438302040100098e-01
-5.590096116065979004e-02
-1.180808067321777344e+00
-1.839817643165588379e+00
-1.720881819725036621e+00
-9.921581149101257324e-01
-4.098315834999084473e-01
-4.639758467674255371e-01
-1.159540891647338867e+00
-1.734797954559326172e+00
-1.471660137176513672e+00
-9.964456409215927124e-02
1.668501615524291992e+00
2.782389402389526367e+00
2.366322755813598633e+00
5.852896571159362793e-01
-1.621458649635314941e+00
-2.913729190826416016e+00
-2.586404561996459961e+00
-7.488418817520141602e-01
1.629742503166198730e+00
