1.045097947120666504e+00
1.117076873779296875e+00
9.772875905036926270e-01
2.935829460620880127e-01
-5.922216176986694336e-01
-9.354559779167175293e-01
-6.394738554954528809e-01
3.257293999195098877e-02
2.767298817634582520e-01
-1.412312388420104980e-01
-1.017302632331848145e+00
-1.450427889823913574e+00
-1.011659026145935059e+00
1.850981116294860840e-01
1.086620330810546875e+00
8.920309543609619141e-01
-6.282986402511596680e-01
-2.467775106430053711e+00
-3.455328226089477539e+00
-2.776486158370971680e+00
-9.827321767807006836e-01
7.665638327598571777e-01
1.245400190353393555e+00
4.497204422950744629e-01
-7.544870376586914062e-01
-1.000907421112060547e+00
1.668601036071777344e-01
2.246478557586669922e+00
3.854469537734985352e+00
4.073961734771728516e+00
2.800751447677612305e+00
1.028417348861694336e+00
-2.605975270271301270e-01
-5.334801077842712402e-01
-2.532701790332794189e-01
-7.674036175012588501e-02
-4.799249172210693359e-01
-1.130536675453186035e+00
-1.480293869972229004e+00
-1.071673750877380371e+00
-1.877579391002655029e-01
6.038147211074829102e-01
7.338804006576538086e-01
3.131044209003448486e-01
-1.685976982116699219e-01
-9.548202157020568848e-02
5.618652105331420898e-01
1.385488510131835938e+00
1.690762042999267578e+00
1.237138986587524414e+00
2.631005346775054932e-01
-5.795016884803771973e-01
-8.701161146163940430e-01
-5.805025100708007812e-01
-1.533045768737792969e-01
2.280957996845245361e-03
-2.875325977802276611e-01
-7.852206230163574219e-01
-1.179793715476989746e+00
-1.252051115036010742e+00
-1.059866905212402344e+00
-7.416031360626220703e-01
-4.210826158523559570e-01
-9.149414300918579102e-02
2.450571060180664062e-01
5.314690470695495605e-01
6.437202692031860352e-01
5.576674938201904297e-01
4.215973317623138428e-01
4.912649691104888916e-01
9.069644212722778320e-01
1.508876442909240723e+00
1.903780698776245117e+00
1.722084760665893555e+00
9.397453069686889648e-01
-9.624978899955749512e-02
-8.695835471153259277e-01
-1.106206417083740234e+00
-9.092933535575866699e-01
-6.885979771614074707e-01
-7.348729968070983887e-01
-1.040100574493408203e+00
-1.252480864524841309e+00
-1.083540678024291992e+00
-5.123945474624633789e-01
7.436051964759826660e-02
2.880989611148834229e-01
-2.511984109878540039e-02
-5.279751420021057129e-01
-7.574470639228820801e-01
-3.986957371234893799e-01
3.164150118827819824e-01
8.766838908195495605e-01
7.543071508407592773e-01
-5.454234778881072998e-02
-1.131893038749694824e+00
-1.790361642837524414e+00
-1.681890964508056641e+00
-8.658068180084228516e-01
1.450027376413345337e-01
9.259788990020751953e-01
1.258735537528991699e+00
1.334663987159729004e+00
1.336221218109130859e+00
1.375275373458862305e+00
1.256879091262817383e+00
8.636795878410339355e-01
1.922533363103866577e-01
-4.063604474067687988e-01
-6.393373012542724609e-01
-3.778477311134338379e-01
2.785325050354003906e-02
1.483740210533142090e-01
-3.290831148624420166e-01
-1.130422592163085938e+00
-1.690659523010253906e+00
-1.395558118820190430e+00
-2.402749359607696533e-01
1.235631704330444336e+00
2.113664627075195312e+00
1.882404208183288574e+00
6.726156473159790039e-01
-6.570515036582946777e-01
-1.266167283058166504e+00
-7.854144573211669922e-01
2.684601843357086182e-01
1.019092798233032227e+00
7.490804791450500488e-01
-4.148519933223724365e-01
-1.706899046897888184e+00
-2.144372224807739258e+00
-1.373026132583618164e+00
1.889589428901672363e-01
1.532343506813049316e+00
1.888239622116088867e+00
1.140577435493469238e+00
-4.001414775848388672e-02
-8.341253995895385742e-01
-7.772296071052551270e-01
-1.296529173851013184e-01
4.930410981178283691e-01
5.719867944717407227e-01
1.471427083015441895e-01
-3.468711972236633301e-01
-4.427906870841979980e-01
-1.158973574638366699e-01
2.474456727504730225e-01
1.566971540451049805e-01
-4.924848675727844238e-01
-1.319730877876281738e+00
-1.706815958023071289e+00
-1.302356123924255371e+00
-2.954370975494384766e-01
7.151892781257629395e-01
1.154512763023376465e+00
8.808239698410034180e-01
2.115004062652587891e-01
-3.474483489990234375e-01
-5.296205282211303711e-01
-4.163905680179595947e-01
-3.259971439838409424e-01
-4.358048141002655029e-01
-6.778712868690490723e-01
-7.563729286193847656e-01
-4.981902837753295898e-01
5.973702296614646912e-02
6.134806871414184570e-01
9.339101314544677734e-01
9.314679503440856934e-01
7.927064299583435059e-01
6.588580012321472168e-01
6.159748435020446777e-01
5.165997743606567383e-01
2.986528873443603516e-01
-6.046968698501586914e-02
-3.480468094348907471e-01
-4.716514945030212402e-01
-3.805150687694549561e-01
-2.783554196357727051e-01
-2.238691598176956177e-01
-2.183060944080352783e-01
2.747225761413574219e-02
6.158096194267272949e-01
1.510626912117004395e+00
2.235916852951049805e+00
2.414664268493652344e+00
1.811335444450378418e+00
8.010838627815246582e-01
-1.195565462112426758e-01
-3.942333757877349854e-01
-6.111419200897216797e-02
5.864710807800292969e-01
9.399181604385375977e-01
8.059075474739074707e-01
1.964524835348129272e-01
-4.301867783069610596e-01
-8.443833589553833008e-01
-8.600938320159912109e-01
-7.239343523979187012e-01
-5.389251708984375000e-01
-5.292763113975524902e-01
-5.944985151290893555e-01
-8.220648169517517090e-01
-1.110853195190429688e+00
-1.574543833732604980e+00
-2.006679296493530273e+00
-2.314752817153930664e+00
-2.168092250823974609e+00
-1.624838352203369141e+00
-7.324301004409790039e-01
9.383755922317504883e-02
7.515193819999694824e-01
1.085925817489624023e+00
1.342797040939331055e+00
1.498042941093444824e+00
1.639234066009521484e+00
1.504225611686706543e+00
