-7.066721320152282715e-01
-7.706540822982788086e-01
-8.659931421279907227e-01
-3.141486644744873047e-01
7.110758423805236816e-01
1.496509671211242676e+00
1.614651441574096680e+00
9.510926604270935059e-01
8.232554048299789429e-02
-4.838524162769317627e-01
-4.229761362075805664e-01
-1.128740236163139343e-01
5.146622657775878906e-03
-4.441721737384796143e-01
-1.138010501861572266e+00
-1.575851202011108398e+00
-1.205811023712158203e+00
-1.539058685302734375e-01
1.121139287948608398e+00
1.883422493934631348e+00
1.896850466728210449e+00
1.265300035476684570e+00
5.501821637153625488e-01
7.329951226711273193e-02
6.612598896026611328e-03
1.127687692642211914e-01
2.740779817104339600e-01
3.468459248542785645e-01
4.322157502174377441e-01
4.462111890316009521e-01
3.491202592849731445e-01
-4.557283967733383179e-02
-6.391366124153137207e-01
-1.280109405517578125e+00
-1.641620039939880371e+00
-1.690308332443237305e+00
-1.490170478820800781e+00
-1.305592656135559082e+00
-1.128441095352172852e+00
-8.381401300430297852e-01
-1.570903360843658447e-01
8.297957181930541992e-01
1.773810863494873047e+00
2.065041542053222656e+00
1.465435981750488281e+00
1.837369799613952637e-01
-1.041396260261535645e+00
-1.602712869644165039e+00
-1.288533449172973633e+00
-5.445909500122070312e-01
5.220079421997070312e-02
1.190171241760253906e-01
-1.515899300575256348e-01
-3.597452044486999512e-01
-1.891314685344696045e-01
1.874905526638031006e-01
3.915829658508300781e-01
1.249154508113861084e-01
-4.085178375244140625e-01
-7.275873422622680664e-01
-3.961080908775329590e-01
4.874107241630554199e-01
1.405349016189575195e+00
1.747323274612426758e+00
1.371719717979431152e+00
6.506439447402954102e-01
2.041354179382324219e-01
3.258432745933532715e-01
7.926225662231445312e-01
1.034075736999511719e+00
6.722692847251892090e-01
-1.742724329233169556e-01
-9.476126432418823242e-01
-1.118187785148620605e+00
-5.766003131866455078e-01
3.055007457733154297e-01
9.978192448616027832e-01
1.199662685394287109e+00
9.751331806182861328e-01
5.801792740821838379e-01
1.803194880485534668e-01
-2.212697863578796387e-01
-6.503908634185791016e-01
-9.430165886878967285e-01
-8.126118779182434082e-01
-8.690541982650756836e-02
9.642797708511352539e-01
1.726406574249267578e+00
1.592421531677246094e+00
5.222460031509399414e-01
-8.949278593063354492e-01
-1.764471173286437988e+00
-1.619210839271545410e+00
-7.369390130043029785e-01
-1.204603910446166992e-02
-1.837479174137115479e-01
-1.308616518974304199e+00
-2.617183685302734375e+00
-3.193035125732421875e+00
-2.612868309020996094e+00
-1.357523679733276367e+00
-3.300203382968902588e-01
-2.154857814311981201e-01
-8.437609672546386719e-01
-1.444174051284790039e+00
-1.183434844017028809e+00
4.933384805917739868e-02
1.640809297561645508e+00
2.624495983123779297e+00
2.502739429473876953e+00
1.480305910110473633e+00
3.632953166961669922e-01
-1.767791360616683960e-01
4.216495156288146973e-02
5.739523768424987793e-01
8.863140940666198730e-01
6.928139328956604004e-01
2.336558252573013306e-01
-8.557480573654174805e-02
5.682666599750518799e-02
5.633500814437866211e-01
1.149415731430053711e+00
1.484388232231140137e+00
1.515666127204895020e+00
1.308355689048767090e+00
1.014594197273254395e+00
6.191868185997009277e-01
1.046998649835586548e-01
-5.345836877822875977e-01
-1.082424879074096680e+00
-1.307243347167968750e+00
-1.038679480552673340e+00
-4.297713935375213623e-01
1.950441300868988037e-01
4.289838969707489014e-01
1.350467205047607422e-01
-5.599171519279479980e-01
-1.248017787933349609e+00
-1.553279161453247070e+00
-1.233887910842895508e+00
-3.790996372699737549e-01
7.174412012100219727e-01
1.593144297599792480e+00
1.874328732490539551e+00
1.359215736389160156e+00
1.957521140575408936e-01
-1.209164977073669434e+00
-2.283724308013916016e+00
-2.598762273788452148e+00
-2.019884109497070312e+00
-8.123103380203247070e-01
5.539605617523193359e-01
1.601546764373779297e+00
2.086167335510253906e+00
1.996445894241333008e+00
1.479846477508544922e+00
6.857286691665649414e-01
-2.711531519889831543e-01
-1.277225375175476074e+00
-2.140003442764282227e+00
-2.605434417724609375e+00
-2.470307826995849609e+00
-1.710609674453735352e+00
-5.621835589408874512e-01
5.825456380844116211e-01
1.316985845565795898e+00
1.428083419799804688e+00
9.364962577819824219e-01
1.198554039001464844e-01
-6.500854492187500000e-01
-9.997123479843139648e-01
-7.704516649246215820e-01
-4.596059024333953857e-02
7.816786766052246094e-01
1.253150463104248047e+00
1.021976947784423828e+00
1.824407577514648438e-01
-8.127799034118652344e-01
-1.288601398468017578e+00
-8.691689372062683105e-01
3.554697632789611816e-01
1.736502647399902344e+00
2.576252460479736328e+00
2.452661275863647461e+00
1.605675458908081055e+00
6.171240806579589844e-01
1.362126469612121582e-01
3.102483153343200684e-01
8.911321759223937988e-01
1.318381667137145996e+00
1.298303604125976562e+00
8.074492216110229492e-01
2.002865076065063477e-01
-2.845049500465393066e-01
-5.194333791732788086e-01
-6.958774328231811523e-01
-9.110909700393676758e-01
-1.228659629821777344e+00
-1.436177849769592285e+00
-1.439343810081481934e+00
-1.150700807571411133e+00
-7.585971951484680176e-01
-3.418186604976654053e-01
-2.338013052940368652e-02
3.043949007987976074e-01
5.941023230552673340e-01
8.361188769340515137e-01
8.096165060997009277e-01
5.186209678649902344e-01
1.105212420225143433e-02
-3.748643994331359863e-01
-5.069652199745178223e-01
-3.236946761608123779e-01
-1.416229903697967529e-01
-1.321170330047607422e-01
-4.216422438621520996e-01
-7.166017889976501465e-01
