2.789997756481170654e-01
2.832196950912475586e-01
3.435950279235839844e-01
4.475860595703125000e-01
4.460112750530242920e-01
1.921303868293762207e-01
-2.214036583900451660e-01
-5.766200423240661621e-01
-5.931075215339660645e-01
-2.321099042892456055e-01
3.201763629913330078e-01
6.684668064117431641e-01
5.541509389877319336e-01
-3.578720986843109131e-02
-7.638846635818481445e-01
-1.222635149955749512e+00
-1.118786215782165527e+00
-5.267663598060607910e-01
2.351279854774475098e-01
7.371451854705810547e-01
7.636843323707580566e-01
3.541041612625122070e-01
-1.844379603862762451e-01
-5.392629504203796387e-01
-5.117140412330627441e-01
-1.587804406881332397e-01
3.300641775131225586e-01
7.107191681861877441e-01
8.681429624557495117e-01
7.999938726425170898e-01
6.173754930496215820e-01
4.054539501667022705e-01
2.040315568447113037e-01
-3.109976649284362793e-02
-3.316636383533477783e-01
-6.885749101638793945e-01
-1.001658082008361816e+00
-1.154494524002075195e+00
-1.068651914596557617e+00
-7.783324122428894043e-01
-4.076276421546936035e-01
-1.133233755826950073e-01
1.688241958618164062e-02
9.979426860809326172e-03
-8.034348487854003906e-03
1.139154732227325439e-01
4.520766735076904297e-01
9.581989049911499023e-01
1.446828484535217285e+00
1.684767007827758789e+00
1.470816850662231445e+00
7.708487510681152344e-01
-2.622770965099334717e-01
-1.286816120147705078e+00
-1.945233821868896484e+00
-1.994084477424621582e+00
-1.489837169647216797e+00
-7.264460325241088867e-01
-1.299618333578109741e-01
4.980439692735671997e-02
-1.489824950695037842e-01
-3.652697503566741943e-01
-2.132911682128906250e-01
4.945033788681030273e-01
1.512210607528686523e+00
2.350679874420166016e+00
2.503181934356689453e+00
1.851621866226196289e+00
6.761236190795898438e-01
-4.256322681903839111e-01
-9.802500605583190918e-01
-8.060742616653442383e-01
-1.644239127635955811e-01
5.460426807403564453e-01
9.375541806221008301e-01
9.217802286148071289e-01
5.708271861076354980e-01
1.170942783355712891e-01
-3.010367453098297119e-01
-5.532845854759216309e-01
-6.341159343719482422e-01
-5.146412849426269531e-01
-3.000193834304809570e-01
-9.990739822387695312e-02
-1.244029700756072998e-01
-4.187286496162414551e-01
-9.198492765426635742e-01
-1.326030969619750977e+00
-1.414155960083007812e+00
-1.076793789863586426e+00
-5.550279617309570312e-01
-1.472603082656860352e-01
-1.231862455606460571e-01
-3.782847821712493896e-01
-6.421885490417480469e-01
-5.470823645591735840e-01
-6.149807572364807129e-02
6.129449009895324707e-01
1.036989212036132812e+00
1.000439405441284180e+00
5.213921666145324707e-01
-3.534253686666488647e-02
-3.822181224822998047e-01
-3.540154695510864258e-01
-1.311781406402587891e-01
9.452247619628906250e-02
1.372820883989334106e-01
7.877096533775329590e-02
-1.364082098007202148e-03
7.899314165115356445e-03
-4.965811967849731445e-03
-1.120603978633880615e-01
-3.962080776691436768e-01
-6.990998983383178711e-01
-8.828600645065307617e-01
-7.849001884460449219e-01
-4.890811443328857422e-01
-8.234858512878417969e-02
2.858629226684570312e-01
6.684558391571044922e-01
1.072928071022033691e+00
1.512064099311828613e+00
1.749764680862426758e+00
1.587049961090087891e+00
8.914949893951416016e-01
-7.204313576221466064e-02
-8.898285031318664551e-01
-1.099089503288269043e+00
-6.473169326782226562e-01
2.020516991615295410e-01
8.997888565063476562e-01
1.121997475624084473e+00
8.226155638694763184e-01
3.521536886692047119e-01
1.937320828437805176e-02
-1.326313614845275879e-02
4.582515358924865723e-02
-5.079257488250732422e-02
-4.926807284355163574e-01
-1.132228970527648926e+00
-1.720808744430541992e+00
-1.972174406051635742e+00
-1.862197875976562500e+00
-1.474672079086303711e+00
-1.005035519599914551e+00
-4.889357089996337891e-01
7.545566558837890625e-02
7.633173465728759766e-01
1.492918729782104492e+00
2.133209228515625000e+00
2.466803550720214844e+00
2.410881519317626953e+00
1.946096658706665039e+00
1.195815324783325195e+00
2.632641196250915527e-01
-6.889696121215820312e-01
-1.530335664749145508e+00
-2.078102111816406250e+00
-2.252234697341918945e+00
-2.065742254257202148e+00
-1.718957424163818359e+00
-1.414296865463256836e+00
-1.271616935729980469e+00
-1.160713553428649902e+00
-8.450665473937988281e-01
-1.273483037948608398e-01
9.017565846443176270e-01
1.912768602371215820e+00
2.484879732131958008e+00
2.421394824981689453e+00
1.829871177673339844e+00
1.052029967308044434e+00
3.658618927001953125e-01
-1.729280948638916016e-01
-7.305095195770263672e-01
-1.438917994499206543e+00
-2.195744514465332031e+00
-2.631704568862915039e+00
-2.362150907516479492e+00
-1.289306640625000000e+00
2.463238239288330078e-01
1.618296623229980469e+00
2.277149677276611328e+00
2.061909675598144531e+00
1.278263092041015625e+00
4.694041609764099121e-01
9.702014923095703125e-02
2.901307940483093262e-01
8.631269931793212891e-01
1.467892408370971680e+00
1.842310905456542969e+00
1.891704440116882324e+00
1.708836555480957031e+00
1.436367750167846680e+00
1.210530281066894531e+00
1.059564352035522461e+00
9.487042427062988281e-01
7.549338340759277344e-01
3.826462030410766602e-01
-2.257249951362609863e-01
-9.670538306236267090e-01
-1.660917997360229492e+00
-2.072552680969238281e+00
-2.123206615447998047e+00
-1.889722228050231934e+00
-1.627685427665710449e+00
-1.525468945503234863e+00
-1.622722268104553223e+00
-1.696782827377319336e+00
-1.491898059844970703e+00
-8.521195650100708008e-01
5.863147974014282227e-02
9.136062264442443848e-01
1.351095199584960938e+00
1.288211703300476074e+00
8.748822808265686035e-01
4.544948339462280273e-01
