3.035727441310882568e-01
3.848867118358612061e-01
1.277936935424804688e+00
1.884135961532592773e+00
1.777547597885131836e+00
1.102010965347290039e+00
3.155303001403808594e-02
-9.676156640052795410e-01
-1.787096142768859863e+00
-2.244168758392333984e+00
-2.444945096969604492e+00
-2.243281841278076172e+00
-1.717552185058593750e+00
-8.497726917266845703e-01
-2.902585268020629883e-02
4.713221788406372070e-01
3.120862245559692383e-01
-2.941430211067199707e-01
-1.004718780517578125e+00
-1.213825225830078125e+00
-7.917667627334594727e-01
1.294202804565429688e-01
9.217656254768371582e-01
1.196400165557861328e+00
7.673072218894958496e-01
5.695968121290206909e-02
-4.966264963150024414e-01
-4.621421098709106445e-01
4.927603900432586670e-02
7.791951894760131836e-01
1.277962684631347656e+00
1.460226774215698242e+00
1.368260145187377930e+00
1.317631602287292480e+00
1.415256023406982422e+00
1.719082236289978027e+00
2.014873027801513672e+00
2.187567710876464844e+00
2.073165416717529297e+00
1.713491797447204590e+00
1.103046298027038574e+00
3.873293697834014893e-01
-3.420777320861816406e-01
-8.640266656875610352e-01
-1.086152315139770508e+00
-9.628448486328125000e-01
-7.135787010192871094e-01
-5.861768722534179688e-01
-8.381941318511962891e-01
-1.434490919113159180e+00
-2.158379793167114258e+00
-2.625670194625854492e+00
-2.614027023315429688e+00
-2.088331222534179688e+00
-1.277846574783325195e+00
-4.374877810478210449e-01
2.152763456106185913e-01
6.280695199966430664e-01
8.017423152923583984e-01
7.885379195213317871e-01
6.340380311012268066e-01
4.504569172859191895e-01
3.893050551414489746e-01
5.854154229164123535e-01
1.020448684692382812e+00
1.477602839469909668e+00
1.638256430625915527e+00
1.284648656845092773e+00
4.866864085197448730e-01
-4.251186549663543701e-01
-1.036378264427185059e+00
-1.142104506492614746e+00
-8.299528956413269043e-01
-4.295100271701812744e-01
-2.159203588962554932e-01
-2.827406525611877441e-01
-4.730926156044006348e-01
-6.183622479438781738e-01
-6.320992708206176758e-01
-6.263040900230407715e-01
-6.981089115142822266e-01
-8.706302046775817871e-01
-9.613009095191955566e-01
-8.120458722114562988e-01
-3.459682166576385498e-01
2.602039873600006104e-01
8.094984292984008789e-01
1.145562648773193359e+00
1.368147611618041992e+00
1.602871298789978027e+00
1.935532927513122559e+00
2.151150226593017578e+00
1.965800166130065918e+00
1.133270978927612305e+00
-1.861386001110076904e-01
-1.574027419090270996e+00
-2.444485664367675781e+00
-2.519210577011108398e+00
-1.850039958953857422e+00
-8.898311853408813477e-01
-6.973025202751159668e-02
2.995841205120086670e-01
2.683472335338592529e-01
-1.198011636734008789e-02
-2.950266599655151367e-01
-5.000454187393188477e-01
-5.521035194396972656e-01
-4.897472262382507324e-01
-2.869336605072021484e-01
-3.043442964553833008e-02
2.240352183580398560e-01
3.430311679840087891e-01
3.473892807960510254e-01
2.991455197334289551e-01
3.796622753143310547e-01
6.101480722427368164e-01
9.119026064872741699e-01
1.024095177650451660e+00
8.203136920928955078e-01
3.299035429954528809e-01
-1.444606631994247437e-01
-3.441677689552307129e-01
-1.638788580894470215e-01
1.578732132911682129e-01
3.107362389564514160e-01
7.906264066696166992e-02
-3.861262202262878418e-01
-7.548113465309143066e-01
-7.062036395072937012e-01
-2.671139538288116455e-01
2.643380761146545410e-01
4.919254779815673828e-01
2.973443269729614258e-01
-1.211640983819961548e-01
-3.760968446731567383e-01
-2.719115614891052246e-01
5.282598733901977539e-02
2.024690210819244385e-01
-1.034789159893989563e-01
-7.767468094825744629e-01
-1.368307232856750488e+00
-1.416960239410400391e+00
-8.331565260887145996e-01
-1.758426427841186523e-02
3.914846181869506836e-01
1.613381505012512207e-02
-9.667046070098876953e-01
-1.871165990829467773e+00
-1.998168230056762695e+00
-1.088925361633300781e+00
4.218254983425140381e-01
1.728589534759521484e+00
2.105567693710327148e+00
1.430599212646484375e+00
1.545486450195312500e-01
-9.237275719642639160e-01
-1.247702121734619141e+00
-6.981387138366699219e-01
2.976233363151550293e-01
1.197076678276062012e+00
1.541871547698974609e+00
1.306648969650268555e+00
6.999714374542236328e-01
1.531914174556732178e-01
-6.017386913299560547e-02
2.477650046348571777e-01
9.517981410026550293e-01
1.860313653945922852e+00
2.571439981460571289e+00
2.810063123703002930e+00
2.328502655029296875e+00
1.269330620765686035e+00
-7.967713475227355957e-02
-1.155585050582885742e+00
-1.641227006912231445e+00
-1.404973268508911133e+00
-8.429071903228759766e-01
-3.988610506057739258e-01
-5.525006651878356934e-01
-1.237473011016845703e+00
-2.135299682617187500e+00
-2.576756238937377930e+00
-2.247052192687988281e+00
-1.097953081130981445e+00
3.062169551849365234e-01
1.424637198448181152e+00
1.728906035423278809e+00
1.307592868804931641e+00
4.366286098957061768e-01
-2.810475230216979980e-01
-6.084365248680114746e-01
-4.046480059623718262e-01
2.710731327533721924e-02
5.523752570152282715e-01
9.315051436424255371e-01
1.271316170692443848e+00
1.479877352714538574e+00
1.607511520385742188e+00
1.390704751014709473e+00
8.338915109634399414e-01
-1.077182292938232422e-01
-1.010041832923889160e+00
-1.574946641921997070e+00
-1.381570339202880859e+00
-5.695049166679382324e-01
6.121054887771606445e-01
1.474448919296264648e+00
1.666283130645751953e+00
9.165977239608764648e-01
-3.784199953079223633e-01
-1.788090467453002930e+00
-2.595975399017333984e+00
-2.583003997802734375e+00
-1.655930042266845703e+00
-3.286983072757720947e-01
1.000418066978454590e+00
1.780071020126342773e+00
