-9.051410108804702759e-02
-9.627634286880493164e-02
-4.506662487983703613e-01
-7.970187067985534668e-01
-1.065593361854553223e+00
-1.221544742584228516e+00
-1.207893371582031250e+00
-9.860844016075134277e-01
-5.785977840423583984e-01
-1.295143067836761475e-01
1.778626888990402222e-01
2.356334328651428223e-01
1.453913748264312744e-01
1.435860395431518555e-01
4.313021898269653320e-01
9.399864673614501953e-01
1.340474247932434082e+00
1.244173288345336914e+00
5.652432441711425781e-01
-3.500126004219055176e-01
-8.781846761703491211e-01
-5.774849057197570801e-01
4.629079103469848633e-01
1.581053853034973145e+00
1.979414820671081543e+00
1.250529050827026367e+00
-2.777991592884063721e-01
-1.746254444122314453e+00
-2.273486852645874023e+00
-1.537280678749084473e+00
7.864340394735336304e-02
1.733443975448608398e+00
2.686265707015991211e+00
2.665541410446166992e+00
1.939920067787170410e+00
1.012199878692626953e+00
2.947643697261810303e-01
-1.013955771923065186e-01
-2.806184589862823486e-01
-4.039500951766967773e-01
-5.211980342864990234e-01
-5.892814397811889648e-01
-5.355665087699890137e-01
-3.636639118194580078e-01
-1.422753036022186279e-01
1.919096894562244415e-02
3.872816637158393860e-02
-1.264477074146270752e-01
-4.536834061145782471e-01
-8.609226942062377930e-01
-1.188702464103698730e+00
-1.262943744659423828e+00
-9.712707400321960449e-01
-3.705637454986572266e-01
3.178380429744720459e-01
8.114366531372070312e-01
9.330371618270874023e-01
7.181527614593505859e-01
3.683627247810363770e-01
1.043385267257690430e-01
1.760820858180522919e-02
5.824063345789909363e-02
1.378979831933975220e-01
2.537115216255187988e-01
4.810602068901062012e-01
8.587216138839721680e-01
1.248426914215087891e+00
1.378509998321533203e+00
1.026370525360107422e+00
2.664230763912200928e-01
-5.171421766281127930e-01
-8.379479050636291504e-01
-4.957501888275146484e-01
2.408268749713897705e-01
7.447134256362915039e-01
4.926341474056243896e-01
-5.665540099143981934e-01
-1.893550038337707520e+00
-2.739040851593017578e+00
-2.607251405715942383e+00
-1.618520736694335938e+00
-3.539942204952239990e-01
5.184529423713684082e-01
7.253493666648864746e-01
4.497759640216827393e-01
1.441053748130798340e-01
9.246782213449478149e-02
2.617242634296417236e-01
3.418267667293548584e-01
1.046105623245239258e-01
-4.330827891826629639e-01
-9.543055295944213867e-01
-1.141071200370788574e+00
-8.487799167633056641e-01
-2.500266730785369873e-01
3.760786950588226318e-01
7.682322859764099121e-01
8.881263732910156250e-01
7.959305644035339355e-01
6.299633383750915527e-01
4.275183975696563721e-01
2.389473468065261841e-01
7.861866801977157593e-02
4.463878646492958069e-02
1.618125140666961670e-01
4.248969554901123047e-01
6.781880259513854980e-01
8.072324991226196289e-01
7.189193964004516602e-01
4.931782186031341553e-01
2.054868042469024658e-01
-5.109348148107528687e-02
-3.228336274623870850e-01
-6.218269467353820801e-01
-9.665224552154541016e-01
-1.220629692077636719e+00
-1.283000349998474121e+00
-1.069995403289794922e+00
-6.854835748672485352e-01
-2.393924891948699951e-01
1.364141553640365601e-01
4.843988418579101562e-01
8.270169496536254883e-01
1.177721977233886719e+00
1.330854058265686035e+00
1.071924448013305664e+00
2.302421629428863525e-01
-1.019940614700317383e+00
-2.299429178237915039e+00
-3.068848609924316406e+00
-3.038578271865844727e+00
-2.180277109146118164e+00
-8.471724390983581543e-01
5.461512207984924316e-01
1.571062684059143066e+00
2.040277004241943359e+00
1.870352745056152344e+00
1.209772944450378418e+00
2.721358537673950195e-01
-5.361600518226623535e-01
-8.736836910247802734e-01
-4.843493700027465820e-01
4.851160347461700439e-01
1.629105448722839355e+00
2.326583385467529297e+00
2.226449012756347656e+00
1.324992895126342773e+00
1.079739257693290710e-01
-8.791244029998779297e-01
-1.232005715370178223e+00
-1.029016733169555664e+00
-5.927436947822570801e-01
-3.652961254119873047e-01
-4.867235124111175537e-01
-8.868156671524047852e-01
-1.271228551864624023e+00
-1.478322863578796387e+00
-1.443724632263183594e+00
-1.293461322784423828e+00
-1.074620008468627930e+00
-8.255084156990051270e-01
-4.620670676231384277e-01
-2.369194291532039642e-02
4.262076616287231445e-01
7.131571769714355469e-01
8.113130331039428711e-01
7.662538290023803711e-01
7.746375203132629395e-01
9.102849960327148438e-01
1.149850606918334961e+00
1.269769430160522461e+00
1.131178975105285645e+00
7.007918357849121094e-01
2.237874716520309448e-01
-3.598306700587272644e-02
1.291433423757553101e-01
6.090412139892578125e-01
1.127024292945861816e+00
1.302290201187133789e+00
9.860596656799316406e-01
2.490869015455245972e-01
-5.555488467216491699e-01
-1.091486334800720215e+00
-1.122918963432312012e+00
-7.128356695175170898e-01
-6.981457024812698364e-02
4.857837557792663574e-01
7.834910750389099121e-01
7.737966775894165039e-01
5.987285375595092773e-01
3.962835967540740967e-01
2.931074202060699463e-01
2.720369100570678711e-01
2.937998771667480469e-01
2.681047618389129639e-01
1.883979290723800659e-01
4.050876945257186890e-02
-1.486558169126510620e-01
-4.142380356788635254e-01
-7.407070994377136230e-01
-1.083547830581665039e+00
-1.270882368087768555e+00
-1.142555117607116699e+00
-6.113411784172058105e-01
1.690091192722320557e-01
8.844414949417114258e-01
1.166395425796508789e+00
8.608237504959106445e-01
9.620214998722076416e-02
-7.375910282135009766e-01
-1.260000824928283691e+00
-1.272638201713562012e+00
-8.748213052749633789e-01
-3.088113665580749512e-01
2.014557123184204102e-01
6.083734631538391113e-01
9.771566390991210938e-01
