-3.549705743789672852e-01
-3.738080561161041260e-01
-4.618872404098510742e-01
-7.212084531784057617e-01
-8.130403161048889160e-01
-6.023492217063903809e-01
-1.516021341085433960e-01
1.544512212276458740e-01
8.701500296592712402e-02
-3.481093049049377441e-01
-7.163003087043762207e-01
-6.249471306800842285e-01
9.716105461120605469e-02
1.078497529029846191e+00
1.794979095458984375e+00
1.800587654113769531e+00
1.189958572387695312e+00
3.705028295516967773e-01
-1.133179217576980591e-01
-1.011881232261657715e-01
2.599912881851196289e-01
5.756448507308959961e-01
6.797168850898742676e-01
6.129484176635742188e-01
6.298361420631408691e-01
7.771900296211242676e-01
9.163907766342163086e-01
7.285324931144714355e-01
1.551459431648254395e-01
-5.782487988471984863e-01
-9.782453179359436035e-01
-7.926447391510009766e-01
-1.682215929031372070e-01
2.913591861724853516e-01
6.519007682800292969e-02
-9.504188895225524902e-01
-2.198075771331787109e+00
-2.905653953552246094e+00
-2.540550708770751953e+00
-1.292414665222167969e+00
1.323994547128677368e-01
9.203352928161621094e-01
7.884381413459777832e-01
6.418627500534057617e-02
-5.294320583343505859e-01
-4.961805641651153564e-01
1.591854691505432129e-01
9.254657626152038574e-01
1.280177474021911621e+00
1.031288862228393555e+00
4.800254106521606445e-01
7.036209106445312500e-02
4.579657316207885742e-02
1.986024379730224609e-01
1.091373115777969360e-01
-5.004975199699401855e-01
-1.424919366836547852e+00
-2.096732139587402344e+00
-1.954463124275207520e+00
-9.252072572708129883e-01
4.844881296157836914e-01
1.463034152984619141e+00
1.464803695678710938e+00
5.690090060234069824e-01
-5.514681935310363770e-01
-1.116353750228881836e+00
-7.641309499740600586e-01
2.024888098239898682e-01
1.081362962722778320e+00
1.302633762359619141e+00
8.619474768638610840e-01
3.000640273094177246e-01
2.558672130107879639e-01
9.269591569900512695e-01
1.859444856643676758e+00
2.261730909347534180e+00
1.606850028038024902e+00
9.748989343643188477e-02
-1.415627598762512207e+00
-1.989494323730468750e+00
-1.278569340705871582e+00
2.130189538002014160e-01
1.453020334243774414e+00
1.627189636230468750e+00
6.832693815231323242e-01
-6.399178504943847656e-01
-1.407764196395874023e+00
-1.158596754074096680e+00
-2.427213191986083984e-01
5.224336981773376465e-01
4.897281825542449951e-01
-2.760570645332336426e-01
-1.095398426055908203e+00
-1.206782102584838867e+00
-4.382492303848266602e-01
6.496325135231018066e-01
1.138639211654663086e+00
5.044032931327819824e-01
-9.755998849868774414e-01
-2.332932949066162109e+00
-2.615155220031738281e+00
-1.520734429359436035e+00
3.472422361373901367e-01
1.936353445053100586e+00
2.413737297058105469e+00
1.728501081466674805e+00
5.341631770133972168e-01
-2.719345390796661377e-01
-2.020891010761260986e-01
5.864744782447814941e-01
1.428117513656616211e+00
1.674755573272705078e+00
1.069676518440246582e+00
-9.342955052852630615e-02
-1.229747176170349121e+00
-1.771474719047546387e+00
-1.481547594070434570e+00
-4.792761206626892090e-01
8.234676122665405273e-01
1.945274591445922852e+00
2.466935873031616211e+00
2.193154573440551758e+00
1.175699710845947266e+00
-2.645915746688842773e-01
-1.675243616104125977e+00
-2.605006694793701172e+00
-2.803139209747314453e+00
-2.270896673202514648e+00
-1.251861333847045898e+00
-7.706843316555023193e-02
9.413117170333862305e-01
1.604922294616699219e+00
1.811304330825805664e+00
1.556609749794006348e+00
9.220371246337890625e-01
1.059316694736480713e-01
-6.103837490081787109e-01
-9.501216411590576172e-01
-7.944300174713134766e-01
-2.756661176681518555e-01
2.552641928195953369e-01
4.105930924415588379e-01
4.167854785919189453e-05
-8.343460559844970703e-01
-1.663371562957763672e+00
-2.003275871276855469e+00
-1.571345686912536621e+00
-4.612008631229400635e-01
9.169929623603820801e-01
2.026764392852783203e+00
2.494878768920898438e+00
2.255275011062622070e+00
1.576052904129028320e+00
8.544986248016357422e-01
4.219622313976287842e-01
3.350874185562133789e-01
4.108844399452209473e-01
3.294294178485870361e-01
-9.897440671920776367e-02
-8.382765054702758789e-01
-1.579923868179321289e+00
-1.970556855201721191e+00
-1.766425490379333496e+00
-1.033838152885437012e+00
-4.897707700729370117e-02
7.925550937652587891e-01
1.238704919815063477e+00
1.200327515602111816e+00
8.121994733810424805e-01
2.508178055286407471e-01
-2.607239484786987305e-01
-5.871172547340393066e-01
-5.978602170944213867e-01
-2.984028458595275879e-01
2.313818335533142090e-01
7.268026471138000488e-01
9.395411014556884766e-01
6.837247610092163086e-01
7.832399010658264160e-02
-6.015289425849914551e-01
-9.941245317459106445e-01
-1.016330480575561523e+00
-8.283393383026123047e-01
-8.231272697448730469e-01
-1.195064783096313477e+00
-1.859382390975952148e+00
-2.351986408233642578e+00
-2.273900032043457031e+00
-1.479539275169372559e+00
-3.386337161064147949e-01
6.334043741226196289e-01
1.003492832183837891e+00
8.415956497192382812e-01
4.898208081722259521e-01
3.911409974098205566e-01
5.894298553466796875e-01
8.450179100036621094e-01
7.286033630371093750e-01
1.626492142677307129e-01
-5.990100502967834473e-01
-9.888944625854492188e-01
-7.167960405349731445e-01
1.167143583297729492e-01
8.919178247451782227e-01
1.044613361358642578e+00
3.146635293960571289e-01
-8.919751644134521484e-01
-1.911140203475952148e+00
-2.071624755859375000e+00
-1.261124968528747559e+00
2.043274641036987305e-01
1.622154593467712402e+00
2.465042591094970703e+00
2.435687780380249023e+00
1.711684465408325195e+00
6.071538329124450684e-01
-4.152029752731323242e-01
