-9.884368777275085449e-01
-1.016119122505187988e+00
-7.191160917282104492e-01
-2.596668601036071777e-01
9.342044591903686523e-02
2.833117246627807617e-01
3.449771404266357422e-01
3.757882118225097656e-01
3.488155603408813477e-01
2.515361905097961426e-01
1.019381508231163025e-01
6.839391589164733887e-02
2.681001126766204834e-01
6.919498443603515625e-01
1.081236839294433594e+00
1.164888620376586914e+00
8.181517124176025391e-01
2.426970601081848145e-01
-2.481032013893127441e-01
-4.375132918357849121e-01
-4.393020868301391602e-01
-5.169972181320190430e-01
-8.342369794845581055e-01
-1.176375508308410645e+00
-1.111480116844177246e+00
-3.313890397548675537e-01
9.410150051116943359e-01
2.007670879364013672e+00
2.102016925811767578e+00
9.976915717124938965e-01
-7.756466865539550781e-01
-2.205342531204223633e+00
-2.484169483184814453e+00
-1.527148365974426270e+00
-9.929623454809188843e-03
1.151834845542907715e+00
1.426337003707885742e+00
9.751653671264648438e-01
4.192216396331787109e-01
3.107211291790008545e-01
7.276589870452880859e-01
1.281619548797607422e+00
1.486624240875244141e+00
1.136077046394348145e+00
4.195270836353302002e-01
-3.103888332843780518e-01
-8.288050293922424316e-01
-1.190844655036926270e+00
-1.565089702606201172e+00
-2.007227659225463867e+00
-2.303624153137207031e+00
-2.131354331970214844e+00
-1.296606421470642090e+00
2.661120891571044922e-02
1.374508857727050781e+00
2.197917461395263672e+00
2.201739311218261719e+00
1.445512771606445312e+00
3.396580815315246582e-01
-6.172357201576232910e-01
-1.012564778327941895e+00
-7.420225739479064941e-01
1.982128620147705078e-02
8.469460010528564453e-01
1.329334974288940430e+00
1.222590923309326172e+00
6.538285017013549805e-01
-1.125971972942352295e-02
-3.337941765785217285e-01
-1.696282327175140381e-01
2.865160405635833740e-01
5.667809247970581055e-01
3.576842248439788818e-01
-3.102521300315856934e-01
-9.832605719566345215e-01
-1.191752552986145020e+00
-7.413179874420166016e-01
4.800890758633613586e-02
6.623151898384094238e-01
7.175952196121215820e-01
3.375858664512634277e-01
-4.551456123590469360e-02
6.509456783533096313e-03
4.631329476833343506e-01
9.028390645980834961e-01
7.659871578216552734e-01
-8.661673218011856079e-02
-1.302398443222045898e+00
-2.182699203491210938e+00
-2.275325536727905273e+00
-1.602534294128417969e+00
-6.974611282348632812e-01
-9.623789787292480469e-02
-4.742702841758728027e-02
-3.164660036563873291e-01
-5.485127568244934082e-01
-5.070981979370117188e-01
-3.169544339179992676e-01
-1.902440488338470459e-01
-2.436919808387756348e-01
-2.654184103012084961e-01
1.674255728721618652e-02
7.301375865936279297e-01
1.576662063598632812e+00
2.068116903305053711e+00
1.777334213256835938e+00
7.430690526962280273e-01
-6.074801087379455566e-01
-1.629120230674743652e+00
-1.910704493522644043e+00
-1.375407218933105469e+00
-3.276584148406982422e-01
8.374483585357666016e-01
1.723744273185729980e+00
2.102228403091430664e+00
1.836455106735229492e+00
9.936448335647583008e-01
-2.029778659343719482e-01
-1.323191404342651367e+00
-1.973782539367675781e+00
-1.952554345130920410e+00
-1.459332466125488281e+00
-9.130845069885253906e-01
-7.125605344772338867e-01
-8.704453706741333008e-01
-1.046241283416748047e+00
-7.601211071014404297e-01
1.487725675106048584e-01
1.384268045425415039e+00
2.306527853012084961e+00
2.413968563079833984e+00
1.653403520584106445e+00
4.947662055492401123e-01
-4.433576464653015137e-01
-7.700195312500000000e-01
-5.679853558540344238e-01
-2.088264077901840210e-01
-4.473540186882019043e-02
-1.139729470014572144e-01
-1.843385398387908936e-01
3.040351346135139465e-02
5.879923701286315918e-01
1.270295143127441406e+00
1.719118237495422363e+00
1.685868024826049805e+00
1.160678625106811523e+00
3.508130013942718506e-01
-4.646622240543365479e-01
-1.065985202789306641e+00
-1.347490787506103516e+00
-1.316775679588317871e+00
-1.060488462448120117e+00
-7.323753237724304199e-01
-4.926882684230804443e-01
-4.540027379989624023e-01
-5.945952534675598145e-01
-7.931930422782897949e-01
-9.005785584449768066e-01
-8.953462243080139160e-01
-8.828010559082031250e-01
-1.030700087547302246e+00
-1.355598807334899902e+00
-1.684151172637939453e+00
-1.702137947082519531e+00
-1.235608339309692383e+00
-3.702294826507568359e-01
5.276945233345031738e-01
1.119089603424072266e+00
1.288458704948425293e+00
1.270614624023437500e+00
1.372543334960937500e+00
1.739255785942077637e+00
2.128827571868896484e+00
2.150403499603271484e+00
1.535524725914001465e+00
4.934717416763305664e-01
-4.305715262889862061e-01
-6.298021078109741211e-01
5.099850893020629883e-02
1.249616146087646484e+00
2.208218336105346680e+00
2.333258390426635742e+00
1.467940688133239746e+00
5.813515186309814453e-02
-1.230596542358398438e+00
-1.805147409439086914e+00
-1.535544395446777344e+00
-6.537762284278869629e-01
3.326559662818908691e-01
1.030562758445739746e+00
1.222134470939636230e+00
1.020074367523193359e+00
6.431442499160766602e-01
3.785870671272277832e-01
3.067341744899749756e-01
3.758646845817565918e-01
3.384726047515869141e-01
5.419731140136718750e-02
-4.835512638092041016e-01
-9.802258014678955078e-01
-1.132748126983642578e+00
-7.451437711715698242e-01
-3.414916992187500000e-02
5.885177254676818848e-01
6.730690002441406250e-01
1.861814260482788086e-01
-5.568124055862426758e-01
-9.951866865158081055e-01
-8.671268820762634277e-01
-3.018541336059570312e-01
1.595789790153503418e-01
1.181710958480834961e-01
-4.590328335762023926e-01
-1.068891882896423340e+00
-1.171832084655761719e+00
-5.041308999061584473e-01
5.808045864105224609e-01
