-2.625851035118103027e-01
-2.400013506412506104e-01
3.803470432758331299e-01
6.671553850173950195e-01
7.119373083114624023e-01
7.403702735900878906e-01
7.948741912841796875e-01
8.371576666831970215e-01
7.097150087356567383e-01
4.104293584823608398e-01
2.173918485641479492e-02
-2.128476500511169434e-01
-1.352815181016921997e-01
3.429687619209289551e-01
1.073571920394897461e+00
1.810983777046203613e+00
2.180715084075927734e+00
1.934243917465209961e+00
9.935824871063232422e-01
-3.507247865200042725e-01
-1.612033009529113770e+00
-2.242457389831542969e+00
-2.041979074478149414e+00
-1.225284457206726074e+00
-3.993630409240722656e-01
-1.112187504768371582e-01
-5.668376684188842773e-01
-1.429966926574707031e+00
-2.139057874679565430e+00
-2.229937076568603516e+00
-1.703210949897766113e+00
-8.944786787033081055e-01
-2.455461025238037109e-01
8.143807202577590942e-02
1.879406571388244629e-01
3.014129996299743652e-01
4.530189335346221924e-01
4.779816865921020508e-01
1.642344892024993896e-01
-4.236702919006347656e-01
-9.297766089439392090e-01
-9.058320522308349609e-01
-2.235416322946548462e-01
7.787972688674926758e-01
1.448712229728698730e+00
1.305740594863891602e+00
3.713155984878540039e-01
-8.009221553802490234e-01
-1.537985324859619141e+00
-1.477638006210327148e+00
-7.999986410140991211e-01
-1.179876923561096191e-02
4.282323718070983887e-01
4.343898892402648926e-01
2.574636340141296387e-01
2.378480434417724609e-01
5.124565362930297852e-01
9.542057514190673828e-01
1.304773449897766113e+00
1.391063213348388672e+00
1.212005496025085449e+00
8.851979970932006836e-01
5.220639109611511230e-01
1.736477911472320557e-01
-1.453019976615905762e-01
-4.050121903419494629e-01
-5.768021345138549805e-01
-6.882210969924926758e-01
-8.399677276611328125e-01
-1.119991064071655273e+00
-1.474607467651367188e+00
-1.667731046676635742e+00
-1.410781860351562500e+00
-6.020191907882690430e-01
5.200511813163757324e-01
1.470284104347229004e+00
1.818081021308898926e+00
1.478762745857238770e+00
7.666492462158203125e-01
1.446167826652526855e-01
-1.237112283706665039e-01
-1.545591354370117188e-01
-2.980832457542419434e-01
-7.936301827430725098e-01
-1.507850408554077148e+00
-1.986596345901489258e+00
-1.786532163619995117e+00
-8.328601121902465820e-01
4.669474065303802490e-01
1.453464508056640625e+00
1.619141221046447754e+00
9.024562239646911621e-01
-3.008518218994140625e-01
-1.391045331954956055e+00
-1.887324810028076172e+00
-1.629679560661315918e+00
-7.895565032958984375e-01
2.712419033050537109e-01
1.171454787254333496e+00
1.666468858718872070e+00
1.718637943267822266e+00
1.505597591400146484e+00
1.304347991943359375e+00
1.327175259590148926e+00
1.556049346923828125e+00
1.734957456588745117e+00
1.521839261054992676e+00
7.699669003486633301e-01
-3.275305926799774170e-01
-1.292806267738342285e+00
-1.685973048210144043e+00
-1.385205745697021484e+00
-6.902612447738647461e-01
-6.641858816146850586e-02
1.691595017910003662e-01
8.938191831111907959e-02
9.776204824447631836e-03
2.126692086458206177e-01
6.530795693397521973e-01
1.028270006179809570e+00
1.003262639045715332e+00
5.389889478683471680e-01
-1.224078312516212463e-01
-6.274653673171997070e-01
-8.431146740913391113e-01
-8.729758858680725098e-01
-9.322825074195861816e-01
-1.018494725227355957e+00
-9.239842295646667480e-01
-3.885777294635772705e-01
5.086311101913452148e-01
1.324584722518920898e+00
1.447007060050964355e+00
6.350135803222656250e-01
-7.824951410293579102e-01
-1.989475011825561523e+00
-2.292234182357788086e+00
-1.514523386955261230e+00
-1.751442551612854004e-01
9.989601373672485352e-01
1.507918119430541992e+00
1.453910350799560547e+00
1.250509738922119141e+00
1.290688991546630859e+00
1.513832569122314453e+00
1.584763288497924805e+00
1.141407847404479980e+00
2.466321587562561035e-01
-7.160706520080566406e-01
-1.219162464141845703e+00
-1.076968669891357422e+00
-4.414651393890380859e-01
2.330064326524734497e-01
6.266282796859741211e-01
5.944426655769348145e-01
2.686111330986022949e-01
-2.323404550552368164e-01
-7.425287961959838867e-01
-1.171571254730224609e+00
-1.305109381675720215e+00
-1.023404479026794434e+00
-3.060562014579772949e-01
5.089091658592224121e-01
1.009171485900878906e+00
8.493258357048034668e-01
1.809186935424804688e-01
-5.559256076812744141e-01
-7.999749183654785156e-01
-4.379923939704895020e-01
2.601659893989562988e-01
7.467893362045288086e-01
8.129772543907165527e-01
6.110123991966247559e-01
6.164435744285583496e-01
9.822884798049926758e-01
1.455698013305664062e+00
1.397671699523925781e+00
5.283613801002502441e-01
-8.519699573516845703e-01
-1.802565217018127441e+00
-1.589367866516113281e+00
-1.621299982070922852e-01
1.528350234031677246e+00
2.327620983123779297e+00
1.555585622787475586e+00
-2.992078065872192383e-01
-2.089852809906005859e+00
-2.678792715072631836e+00
-1.910559535026550293e+00
-4.781882166862487793e-01
5.086365938186645508e-01
5.425733327865600586e-01
-1.478941142559051514e-01
-7.500121593475341797e-01
-7.783204317092895508e-01
-2.975595593452453613e-01
4.668751358985900879e-02
-1.729821860790252686e-01
-9.166437387466430664e-01
-1.538955450057983398e+00
-1.527734041213989258e+00
-7.962235212326049805e-01
6.985616683959960938e-02
4.858687520027160645e-01
1.981457173824310303e-01
-3.445734381675720215e-01
-5.662698745727539062e-01
-1.098103225231170654e-01
6.856657266616821289e-01
1.242793679237365723e+00
1.079089283943176270e+00
3.827694356441497803e-01
-3.098489344120025635e-01
-3.964802026748657227e-01
1.462392061948776245e-01
9.340783357620239258e-01
1.351026296615600586e+00
