1.973261594772338867e+00
2.009263515472412109e+00
1.791705846786499023e+00
1.297867774963378906e+00
6.939088106155395508e-01
2.798360884189605713e-01
8.581489324569702148e-03
-1.607134044170379639e-01
-4.274610579013824463e-01
-6.797392964363098145e-01
-8.421064615249633789e-01
-7.190127372741699219e-01
-4.779665172100067139e-01
-3.025421500205993652e-01
-5.216138958930969238e-01
-1.060737609863281250e+00
-1.724252939224243164e+00
-2.050802230834960938e+00
-1.910757541656494141e+00
-1.325093984603881836e+00
-6.936802864074707031e-01
-2.278009951114654541e-01
-8.110877871513366699e-02
-4.410979896783828735e-02
-3.620906174182891846e-02
4.773879051208496094e-02
2.306868880987167358e-02
-1.236187592148780823e-01
-3.984055519104003906e-01
-5.103843808174133301e-01
-3.485430181026458740e-01
1.419359445571899414e-01
6.509986519813537598e-01
9.812252521514892578e-01
9.714274406433105469e-01
8.477621078491210938e-01
7.793059349060058594e-01
9.241029024124145508e-01
1.052426457405090332e+00
9.648991823196411133e-01
4.916290640830993652e-01
-8.715063333511352539e-02
-4.239593744277954102e-01
-1.614632606506347656e-01
5.437868237495422363e-01
1.297795295715332031e+00
1.529311180114746094e+00
1.106368303298950195e+00
2.327409386634826660e-01
-5.179190039634704590e-01
-8.190980553627014160e-01
-6.283721923828125000e-01
-3.594901263713836670e-01
-3.439489603042602539e-01
-7.199705839157104492e-01
-1.152380228042602539e+00
-1.266773939132690430e+00
-7.993327379226684570e-01
1.367130875587463379e-02
7.328002452850341797e-01
8.581909537315368652e-01
3.217281103134155273e-01
-6.059149503707885742e-01
-1.341511249542236328e+00
-1.480844378471374512e+00
-8.934701681137084961e-01
9.642565250396728516e-02
1.034780859947204590e+00
1.468351006507873535e+00
1.271715164184570312e+00
5.538150668144226074e-01
-3.332991003990173340e-01
-1.085312962532043457e+00
-1.465534687042236328e+00
-1.441316127777099609e+00
-1.030192613601684570e+00
-3.268862962722778320e-01
6.113165616989135742e-01
1.640678644180297852e+00
2.570366382598876953e+00
3.111688613891601562e+00
3.064630031585693359e+00
2.401542186737060547e+00
1.377852439880371094e+00
3.729560077190399170e-01
-2.914550900459289551e-01
-5.869458317756652832e-01
-7.468391060829162598e-01
-1.100319743156433105e+00
-1.777483582496643066e+00
-2.607539176940917969e+00
-3.213321685791015625e+00
-3.299824714660644531e+00
-2.846275091171264648e+00
-2.088346242904663086e+00
-1.298994421958923340e+00
-5.748590826988220215e-01
1.637937724590301514e-01
9.796912670135498047e-01
1.694740295410156250e+00
1.937285423278808594e+00
1.411288619041442871e+00
2.600927352905273438e-01
-9.084137678146362305e-01
-1.335139632225036621e+00
-6.850571036338806152e-01
6.846218705177307129e-01
1.885249614715576172e+00
2.155824899673461914e+00
1.380713462829589844e+00
2.229172438383102417e-01
-4.299725294113159180e-01
-9.850679337978363037e-02
8.726075291633605957e-01
1.652585387229919434e+00
1.529839992523193359e+00
5.304878950119018555e-01
-6.724448204040527344e-01
-1.238521337509155273e+00
-8.731504082679748535e-01
3.735342621803283691e-02
7.069685459136962891e-01
6.513322591781616211e-01
-2.292785048484802246e-02
-6.892219185829162598e-01
-8.051133155822753906e-01
-2.664130926132202148e-01
4.950907528400421143e-01
9.730004072189331055e-01
9.120864272117614746e-01
5.055037736892700195e-01
6.129780411720275879e-02
-2.364367991685867310e-01
-5.111609101295471191e-01
-9.036070108413696289e-01
-1.381370425224304199e+00
-1.612756490707397461e+00
-1.311181306838989258e+00
-4.895389974117279053e-01
3.760569691658020020e-01
7.289099693298339844e-01
3.100948333740234375e-01
-5.389521121978759766e-01
-1.176849842071533203e+00
-1.095791578292846680e+00
-3.829167485237121582e-01
4.202435314655303955e-01
7.032505273818969727e-01
3.324341773986816406e-01
-3.190652728080749512e-01
-6.595622897148132324e-01
-4.218324422836303711e-01
1.862623244524002075e-01
6.647548675537109375e-01
7.243277430534362793e-01
5.006377100944519043e-01
4.347527027130126953e-01
7.899692058563232422e-01
1.374050498008728027e+00
1.609676599502563477e+00
1.033801674842834473e+00
-2.933696806430816650e-01
-1.724745392799377441e+00
-2.468163728713989258e+00
-2.126099109649658203e+00
-9.685542583465576172e-01
2.965911924839019775e-01
1.026978850364685059e+00
1.046497702598571777e+00
6.581940054893493652e-01
3.097906708717346191e-01
2.556537389755249023e-01
4.306470751762390137e-01
6.497688293457031250e-01
8.139897584915161133e-01
1.002152323722839355e+00
1.275678157806396484e+00
1.527805209159851074e+00
1.434576153755187988e+00
7.397679090499877930e-01
-5.208348631858825684e-01
-1.878772854804992676e+00
-2.740686655044555664e+00
-2.702248096466064453e+00
-1.886969327926635742e+00
-7.847981452941894531e-01
4.577010869979858398e-03
2.294875383377075195e-01
5.880594253540039062e-03
-2.479678392410278320e-01
-2.352828085422515869e-01
1.308570504188537598e-01
6.258740425109863281e-01
1.032374262809753418e+00
1.193514227867126465e+00
1.200981736183166504e+00
1.156306505203247070e+00
1.179645061492919922e+00
1.191710233688354492e+00
1.118866682052612305e+00
8.284214735031127930e-01
3.890053033828735352e-01
-1.004778146743774414e-01
-3.952957689762115479e-01
-3.998057246208190918e-01
-6.658667325973510742e-02
3.801870346069335938e-01
7.090030908584594727e-01
6.167334318161010742e-01
9.504285454750061035e-02
-7.216022014617919922e-01
-1.410202383995056152e+00
-1.695808529853820801e+00
-1.424291968345642090e+00
-8.630027174949645996e-01
-3.224976956844329834e-01
-1.533478200435638428e-01
