-1.220477700233459473e+00
-1.234938025474548340e+00
-4.362385869026184082e-01
3.257608413696289062e-01
7.487299442291259766e-01
6.993377804756164551e-01
5.649062991142272949e-01
6.238370537757873535e-01
1.063161849975585938e+00
1.558569669723510742e+00
1.822656869888305664e+00
1.584487557411193848e+00
1.057400584220886230e+00
4.797618687152862549e-01
1.684919595718383789e-01
4.708993434906005859e-02
2.595716714859008789e-02
-1.124924421310424805e-01
-2.838395535945892334e-01
-4.665803611278533936e-01
-5.650855302810668945e-01
-7.724268436431884766e-01
-1.173391938209533691e+00
-1.818375825881958008e+00
-2.359848499298095703e+00
-2.462225914001464844e+00
-1.827378153800964355e+00
-6.548416614532470703e-01
6.635901927947998047e-01
1.573310732841491699e+00
1.890331745147705078e+00
1.650632858276367188e+00
1.196710109710693359e+00
7.237238287925720215e-01
3.809960782527923584e-01
1.137249618768692017e-01
-9.699657559394836426e-03
3.668275848031044006e-02
3.363888859748840332e-01
7.335849404335021973e-01
1.020189404487609863e+00
9.230335950851440430e-01
4.545437097549438477e-01
-2.062453627586364746e-01
-7.188096642494201660e-01
-9.549636840820312500e-01
-9.630974531173706055e-01
-9.940910339355468750e-01
-1.155014395713806152e+00
-1.402483940124511719e+00
-1.502725362777709961e+00
-1.349459052085876465e+00
-1.011656880378723145e+00
-7.711483240127563477e-01
-8.167805671691894531e-01
-1.138124227523803711e+00
-1.456477999687194824e+00
-1.489943861961364746e+00
-1.112634301185607910e+00
-4.720282554626464844e-01
1.801347136497497559e-01
6.317325830459594727e-01
8.320736885070800781e-01
8.092620372772216797e-01
5.955207943916320801e-01
2.018913328647613525e-01
-2.905668616294860840e-01
-6.679639816284179688e-01
-6.635145545005798340e-01
-1.500758528709411621e-01
6.841567158699035645e-01
1.412387132644653320e+00
1.620358824729919434e+00
1.244112014770507812e+00
6.032176017761230469e-01
2.070904076099395752e-01
3.342691063880920410e-01
8.761645555496215820e-01
1.392898559570312500e+00
1.520658254623413086e+00
1.178902745246887207e+00
6.388209462165832520e-01
1.909157931804656982e-01
-2.103371173143386841e-02
-1.150132715702056885e-01
-1.891230642795562744e-01
-2.301622927188873291e-01
-4.131737351417541504e-02
4.162918031215667725e-01
9.399245381355285645e-01
1.061433792114257812e+00
5.201354026794433594e-01
-5.234431028366088867e-01
-1.397014498710632324e+00
-1.485228300094604492e+00
-6.366585493087768555e-01
5.332692265510559082e-01
1.162044286727905273e+00
6.864869594573974609e-01
-5.880850553512573242e-01
-1.805570363998413086e+00
-2.097505092620849609e+00
-1.365405201911926270e+00
-2.279886603355407715e-01
3.718380331993103027e-01
3.581184148788452148e-02
-9.073414206504821777e-01
-1.578751325607299805e+00
-1.390406847000122070e+00
-3.791432678699493408e-01
7.416800856590270996e-01
1.303193569183349609e+00
1.071560382843017578e+00
4.701809585094451904e-01
1.530458033084869385e-02
-3.320814669132232666e-02
3.414227068424224854e-02
-1.581589281558990479e-01
-7.582921981811523438e-01
-1.379505991935729980e+00
-1.535914540290832520e+00
-9.885399341583251953e-01
-1.120752468705177307e-01
4.945462346076965332e-01
4.165116548538208008e-01
-8.756294846534729004e-02
-3.695963025093078613e-01
1.775515377521514893e-01
1.485144853591918945e+00
2.893613576889038086e+00
3.519884824752807617e+00
2.996444463729858398e+00
1.638647556304931641e+00
2.808247208595275879e-01
-4.189592003822326660e-01
-3.301540613174438477e-01
6.597652286291122437e-02
1.881256699562072754e-01
-2.602916657924652100e-01
-1.036024332046508789e+00
-1.648690700531005859e+00
-1.677032113075256348e+00
-1.103954792022705078e+00
-2.271897941827774048e-01
5.218641757965087891e-01
8.845559358596801758e-01
8.302441835403442383e-01
5.331678390502929688e-01
1.957595050334930420e-01
-3.958924114704132080e-02
-1.548621952533721924e-01
-2.093040645122528076e-01
-2.913681864738464355e-01
-4.310426115989685059e-01
-5.629247426986694336e-01
-5.521047115325927734e-01
-2.934660613536834717e-01
1.551679074764251709e-01
5.695102214813232422e-01
6.641776561737060547e-01
3.557555377483367920e-01
-1.391163766384124756e-01
-3.571413755416870117e-01
3.349234163761138916e-02
9.806171655654907227e-01
1.935949802398681641e+00
2.248430490493774414e+00
1.553622007369995117e+00
1.339888572692871094e-01
-1.334716916084289551e+00
-2.157018661499023438e+00
-2.157306671142578125e+00
-1.616417169570922852e+00
-1.056142330169677734e+00
-6.872203350067138672e-01
-4.149819016456604004e-01
5.621968209743499756e-02
6.933120489120483398e-01
1.176957726478576660e+00
1.031724452972412109e+00
2.450930178165435791e-01
-7.312936782836914062e-01
-1.125761032104492188e+00
-6.417465806007385254e-01
3.676984012126922607e-01
9.307290315628051758e-01
3.812993168830871582e-01
-1.223003149032592773e+00
-2.872631072998046875e+00
-3.508518934249877930e+00
-2.635131835937500000e+00
-9.037348031997680664e-01
5.904111862182617188e-01
9.504435062408447266e-01
3.517994284629821777e-01
-3.689825534820556641e-01
-2.297416180372238159e-01
8.590452671051025391e-01
2.251774549484252930e+00
2.888424634933471680e+00
2.399072408676147461e+00
1.166514515876770020e+00
2.426978945732116699e-01
2.654627561569213867e-01
1.229597091674804688e+00
2.294539213180541992e+00
2.728230953216552734e+00
2.185069561004638672e+00
1.125349760055541992e+00
7.332026213407516479e-02
-5.648701786994934082e-01
-9.958055019378662109e-01
-1.427482485771179199e+00
-2.003573417663574219e+00
-2.338676929473876953e+00
-2.138682126998901367e+00
-1.260915160179138184e+00
