3.174886107444763184e-02
7.151484489440917969e-03
-3.319624066352844238e-01
-2.941143214702606201e-01
2.439757287502288818e-01
9.210330247879028320e-01
1.419516324996948242e+00
1.360780239105224609e+00
8.561121225357055664e-01
1.188014447689056396e-01
-3.920393288135528564e-01
-5.713840723037719727e-01
-4.158243834972381592e-01
-2.566005885601043701e-01
-2.025610804557800293e-01
-3.225660622119903564e-01
-3.494921624660491943e-01
-1.878528594970703125e-01
2.200815677642822266e-01
5.513522624969482422e-01
5.626965165138244629e-01
2.417020499706268311e-02
-8.429996371269226074e-01
-1.706105589866638184e+00
-2.054908514022827148e+00
-1.718155741691589355e+00
-7.215309739112854004e-01
5.020521283149719238e-01
1.549507737159729004e+00
2.000746011734008789e+00
1.782829880714416504e+00
9.518177509307861328e-01
-1.561863422393798828e-01
-1.252543330192565918e+00
-1.995863914489746094e+00
-2.269360303878784180e+00
-2.021892309188842773e+00
-1.429992318153381348e+00
-6.600671410560607910e-01
5.114808678627014160e-02
6.084374785423278809e-01
9.226464629173278809e-01
1.022224783897399902e+00
8.897905945777893066e-01
5.835341215133666992e-01
1.516368389129638672e-01
-2.472667396068572998e-01
-4.661870598793029785e-01
-3.711844086647033691e-01
-2.731993794441223145e-03
4.729455709457397461e-01
7.921431064605712891e-01
7.956016063690185547e-01
5.131161808967590332e-01
1.852719187736511230e-01
1.064406335353851318e-01
4.340430498123168945e-01
1.069650650024414062e+00
1.695980668067932129e+00
1.984050512313842773e+00
1.782838940620422363e+00
1.240197181701660156e+00
6.675581336021423340e-01
3.716748952865600586e-01
4.018293023109436035e-01
5.873900651931762695e-01
6.022909879684448242e-01
2.739387154579162598e-01
-3.803331553936004639e-01
-1.082569837570190430e+00
-1.581070542335510254e+00
-1.704427242279052734e+00
-1.541078805923461914e+00
-1.205661058425903320e+00
-8.399219512939453125e-01
-3.921975493431091309e-01
1.442455351352691650e-01
7.563749551773071289e-01
1.178391098976135254e+00
1.178912401199340820e+00
5.922507643699645996e-01
-3.280242979526519775e-01
-1.174838662147521973e+00
-1.458950400352478027e+00
-1.133271932601928711e+00
-4.730449318885803223e-01
-8.987447619438171387e-02
-2.978278994560241699e-01
-1.066915512084960938e+00
-1.827747941017150879e+00
-2.089897394180297852e+00
-1.612242937088012695e+00
-7.993415594100952148e-01
-1.835210472345352173e-01
-2.146614491939544678e-01
-6.723607182502746582e-01
-1.040191173553466797e+00
-6.865697503089904785e-01
3.785875737667083740e-01
1.680113792419433594e+00
2.356392860412597656e+00
2.029478788375854492e+00
8.699963092803955078e-01
-2.542965412139892578e-01
-6.276414394378662109e-01
5.339236557483673096e-02
1.230429649353027344e+00
2.142926931381225586e+00
2.119723796844482422e+00
1.269923090934753418e+00
9.494867920875549316e-02
-6.662805080413818359e-01
-8.091828823089599609e-01
-4.911724925041198730e-01
-2.694089412689208984e-01
-3.722546696662902832e-01
-7.657831311225891113e-01
-9.665032029151916504e-01
-6.986647844314575195e-01
1.115716993808746338e-01
1.015792727470397949e+00
1.594928264617919922e+00
1.486541032791137695e+00
8.302494287490844727e-01
-1.090017408132553101e-01
-8.778268694877624512e-01
-1.305721521377563477e+00
-1.273404955863952637e+00
-9.265805482864379883e-01
-3.321212530136108398e-01
2.794612646102905273e-01
7.818607091903686523e-01
9.311946630477905273e-01
7.088522911071777344e-01
1.433468461036682129e-01
-4.684265255928039551e-01
-9.299949407577514648e-01
-1.058234214782714844e+00
-9.662994146347045898e-01
-7.537529468536376953e-01
-5.825896859169006348e-01
-3.874187171459197998e-01
-1.426349878311157227e-01
2.040970623493194580e-01
4.704604744911193848e-01
5.106494426727294922e-01
2.178452610969543457e-01
-1.856604367494583130e-01
-3.876506388187408447e-01
-8.008457720279693604e-02
6.581491231918334961e-01
1.475331068038940430e+00
1.845832705497741699e+00
1.528070688247680664e+00
6.435950994491577148e-01
-3.188569545745849609e-01
-9.221124649047851562e-01
-9.930044412612915039e-01
-7.762131690979003906e-01
-6.503509283065795898e-01
-8.888152241706848145e-01
-1.417271018028259277e+00
-1.934459209442138672e+00
-2.114598035812377930e+00
-1.854049205780029297e+00
-1.291534781455993652e+00
-6.789032220840454102e-01
-1.911708116531372070e-01
1.634840965270996094e-01
4.720585942268371582e-01
8.177532553672790527e-01
1.172364473342895508e+00
1.458895564079284668e+00
1.576271533966064453e+00
1.504964828491210938e+00
1.231410741806030273e+00
7.946566343307495117e-01
2.092635482549667358e-01
-3.855738043785095215e-01
-8.037048578262329102e-01
-7.664246559143066406e-01
-1.897266358137130737e-01
8.043704628944396973e-01
1.750639438629150391e+00
2.203964948654174805e+00
1.881070375442504883e+00
1.022366762161254883e+00
1.376186907291412354e-01
-1.329160332679748535e-01
4.108240604400634766e-01
1.553961753845214844e+00
2.602177143096923828e+00
2.976634502410888672e+00
2.358012914657592773e+00
1.045264363288879395e+00
-4.566948115825653076e-01
-1.527993440628051758e+00
-1.975253105163574219e+00
-1.834478259086608887e+00
-1.494492888450622559e+00
-1.185466051101684570e+00
-1.109426379203796387e+00
-1.144901037216186523e+00
-1.248028516769409180e+00
-1.257527470588684082e+00
-1.232943296432495117e+00
-1.103469848632812500e+00
-9.340123534202575684e-01
-6.001958250999450684e-01
-1.734549701213836670e-01
3.541833162307739258e-01
7.366778850555419922e-01
8.957909345626831055e-01
6.811582446098327637e-01
2.850040197372436523e-01
-1.671923995018005371e-01
-3.716379106044769287e-01
