-2.997954487800598145e-01
-3.113606572151184082e-01
-8.524243235588073730e-01
-1.260829091072082520e+00
-1.194197654724121094e+00
-7.676554322242736816e-01
-2.840519845485687256e-01
-2.412486970424652100e-01
-6.680878400802612305e-01
-1.256286621093750000e+00
-1.325002193450927734e+00
-5.932988524436950684e-01
7.403057217597961426e-01
1.842123985290527344e+00
2.048060894012451172e+00
1.182239055633544922e+00
-4.689313471317291260e-02
-7.370151877403259277e-01
-2.547436654567718506e-01
1.085183382034301758e+00
2.452375650405883789e+00
2.931483507156372070e+00
2.386199712753295898e+00
1.315040111541748047e+00
5.762515664100646973e-01
4.934315085411071777e-01
7.920763492584228516e-01
7.219207882881164551e-01
-7.377073168754577637e-02
-1.343015313148498535e+00
-2.217441558837890625e+00
-2.055832862854003906e+00
-8.354931473731994629e-01
6.349497437477111816e-01
1.445704698562622070e+00
1.102440476417541504e+00
-1.965928077697753906e-02
-1.162248373031616211e+00
-1.653375267982482910e+00
-1.482162952423095703e+00
-1.053890109062194824e+00
-8.566542863845825195e-01
-9.303324222564697266e-01
-1.001971244812011719e+00
-7.405580878257751465e-01
-2.213160544633865356e-01
1.867896914482116699e-01
9.200352430343627930e-02
-4.393394589424133301e-01
-9.474461078643798828e-01
-8.886630535125732422e-01
-1.863320469856262207e-01
7.031186819076538086e-01
1.083618998527526855e+00
6.335534453392028809e-01
-3.523487448692321777e-01
-1.146741271018981934e+00
-1.206186652183532715e+00
-5.705380439758300781e-01
1.685558855533599854e-01
3.959649801254272461e-01
-3.071987628936767578e-02
-6.759625673294067383e-01
-9.224313497543334961e-01
-5.042046308517456055e-01
2.886307239532470703e-01
8.781386017799377441e-01
9.296634197235107422e-01
6.255955100059509277e-01
5.162690877914428711e-01
9.860091209411621094e-01
1.918528079986572266e+00
2.715537309646606445e+00
2.811904907226562500e+00
2.088286161422729492e+00
1.021997332572937012e+00
2.599502503871917725e-01
1.894417405128479004e-01
6.175792217254638672e-01
1.035419821739196777e+00
9.612804055213928223e-01
3.421060740947723389e-01
-5.591669082641601562e-01
-1.338405251502990723e+00
-1.808114171028137207e+00
-1.923896670341491699e+00
-1.749330163002014160e+00
-1.229187965393066406e+00
-3.747817873954772949e-01
6.723917722702026367e-01
1.450720906257629395e+00
1.500866532325744629e+00
6.005417108535766602e-01
-8.660566806793212891e-01
-2.177872657775878906e+00
-2.601238250732421875e+00
-1.994020223617553711e+00
-7.679784297943115234e-01
3.003544807434082031e-01
7.514982223510742188e-01
6.023806929588317871e-01
3.728452920913696289e-01
4.851506352424621582e-01
1.030257463455200195e+00
1.576663374900817871e+00
1.660221338272094727e+00
1.030899524688720703e+00
-1.955544948577880859e-02
-1.012011885643005371e+00
-1.478220224380493164e+00
-1.377192974090576172e+00
-8.972646594047546387e-01
-3.901100158691406250e-01
1.901096105575561523e-02
3.090447187423706055e-01
6.114988327026367188e-01
9.063885807991027832e-01
1.150501132011413574e+00
1.194286346435546875e+00
1.033243775367736816e+00
6.691976189613342285e-01
2.266789674758911133e-01
-2.450322508811950684e-01
-6.066958904266357422e-01
-7.615674138069152832e-01
-5.474126338958740234e-01
-2.707213163375854492e-03
6.905076503753662109e-01
1.112756490707397461e+00
9.767168164253234863e-01
2.271660566329956055e-01
-7.441189289093017578e-01
-1.451140284538269043e+00
-1.530427455902099609e+00
-1.107640266418457031e+00
-5.763742327690124512e-01
-3.668427169322967529e-01
-4.850553572177886963e-01
-5.929245352745056152e-01
-2.159607410430908203e-01
7.303082346916198730e-01
1.878443717956542969e+00
2.555992126464843750e+00
2.361182212829589844e+00
1.404667019844055176e+00
3.092947006225585938e-01
-3.259260058403015137e-01
-3.035010099411010742e-01
1.820385456085205078e-03
4.275549948215484619e-02
-4.662039279937744141e-01
-1.244422435760498047e+00
-1.692334890365600586e+00
-1.334553956985473633e+00
-2.485544681549072266e-01
9.798293113708496094e-01
1.623245000839233398e+00
1.315866231918334961e+00
2.404743731021881104e-01
-1.028710484504699707e+00
-1.924399971961975098e+00
-2.176809787750244141e+00
-1.841508150100708008e+00
-1.130775690078735352e+00
-2.307661175727844238e-01
7.006795406341552734e-01
1.472363591194152832e+00
1.792705059051513672e+00
1.440924286842346191e+00
4.391267895698547363e-01
-7.824595570564270020e-01
-1.611275315284729004e+00
-1.555647730827331543e+00
-6.441799402236938477e-01
6.215020418167114258e-01
1.512069344520568848e+00
1.613041400909423828e+00
9.968807697296142578e-01
2.071903347969055176e-01
-2.491925954818725586e-01
-1.738570034503936768e-01
1.150072067975997925e-01
1.667257249355316162e-01
-3.422263264656066895e-01
-1.247532844543457031e+00
-2.134267330169677734e+00
-2.516856908798217773e+00
-2.287509679794311523e+00
-1.614580392837524414e+00
-9.089246988296508789e-01
-3.841381669044494629e-01
-1.098821461200714111e-01
8.300782740116119385e-02
2.117301225662231445e-01
2.298731356859207153e-01
-8.475214242935180664e-02
-7.165151834487915039e-01
-1.475853204727172852e+00
-1.869071006774902344e+00
-1.586616754531860352e+00
-5.579162836074829102e-01
7.518196105957031250e-01
1.793232321739196777e+00
2.060416698455810547e+00
1.593006968498229980e+00
7.173633575439453125e-01
2.859693765640258789e-02
-1.951205134391784668e-01
9.994752705097198486e-02
5.694841742515563965e-01
9.750142097473144531e-01
1.110912561416625977e+00
1.095905542373657227e+00
9.651505947113037109e-01
8.060988187789916992e-01
4.617664813995361328e-01
-7.946693897247314453e-02
