-1.025399446487426758e+00
-9.704711437225341797e-01
-6.712434887886047363e-01
-3.818503320217132568e-01
-8.403523266315460205e-02
3.027685284614562988e-01
9.561656713485717773e-01
1.801602482795715332e+00
2.583634614944458008e+00
2.834066629409790039e+00
2.318320751190185547e+00
1.105958342552185059e+00
-2.829990088939666748e-01
-1.317318201065063477e+00
-1.638594388961791992e+00
-1.383643150329589844e+00
-8.904715180397033691e-01
-5.423361659049987793e-01
-3.666247725486755371e-01
-2.074487209320068359e-01
1.978877484798431396e-01
8.100895881652832031e-01
1.405020952224731445e+00
1.604008674621582031e+00
1.289567708969116211e+00
5.616285204887390137e-01
-2.284648567438125610e-01
-8.731669783592224121e-01
-1.293781161308288574e+00
-1.637213468551635742e+00
-1.926763772964477539e+00
-2.087046384811401367e+00
-1.867607712745666504e+00
-1.220793128013610840e+00
-3.210217356681823730e-01
3.424525856971740723e-01
4.076644778251647949e-01
-1.991361528635025024e-01
-1.034695029258728027e+00
-1.529115557670593262e+00
-1.248546361923217773e+00
-3.286179304122924805e-01
7.217789888381958008e-01
1.233076810836791992e+00
9.462003707885742188e-01
6.456515192985534668e-02
-7.658272385597229004e-01
-9.976974129676818848e-01
-4.128124415874481201e-01
6.406227350234985352e-01
1.602600812911987305e+00
1.940419673919677734e+00
1.571875572204589844e+00
7.669943571090698242e-01
5.456101894378662109e-02
-2.163791358470916748e-01
4.174149036407470703e-02
5.481677651405334473e-01
9.790736436843872070e-01
1.086572647094726562e+00
9.303622245788574219e-01
6.838978528976440430e-01
5.512176752090454102e-01
4.915099740028381348e-01
3.393477201461791992e-01
-1.319081187248229980e-01
-8.970420360565185547e-01
-1.706183910369873047e+00
-2.129191637039184570e+00
-1.926264166831970215e+00
-1.158908367156982422e+00
-2.625759840011596680e-01
3.083365559577941895e-01
3.019521832466125488e-01
-9.862345457077026367e-02
-5.029436349868774414e-01
-5.415749549865722656e-01
-2.109382003545761108e-01
2.096540033817291260e-01
3.257556557655334473e-01
1.566499471664428711e-02
-5.276125669479370117e-01
-8.712789416313171387e-01
-7.279706001281738281e-01
-1.074765920639038086e-01
6.335692405700683594e-01
1.105918169021606445e+00
1.090013861656188965e+00
7.034276723861694336e-01
2.146417796611785889e-01
-1.132701411843299866e-01
-2.311182767152786255e-01
-2.176956236362457275e-01
-2.063258886337280273e-01
-2.129656076431274414e-01
-1.871531009674072266e-01
-5.125141143798828125e-02
1.715655624866485596e-01
4.020305871963500977e-01
5.251201391220092773e-01
5.044976472854614258e-01
3.476147949695587158e-01
1.143667921423912048e-01
-1.511371433734893799e-01
-3.647792339324951172e-01
-4.334178268909454346e-01
-2.597745060920715332e-01
1.191949173808097839e-01
5.008473396301269531e-01
5.575229525566101074e-01
9.647023677825927734e-02
-7.419986724853515625e-01
-1.429486274719238281e+00
-1.356586456298828125e+00
-2.496933937072753906e-01
1.504391193389892578e+00
3.009998798370361328e+00
3.362075805664062500e+00
2.272235155105590820e+00
2.907784581184387207e-01
-1.491664767265319824e+00
-2.164868593215942383e+00
-1.572962522506713867e+00
-4.042188525199890137e-01
3.423744440078735352e-01
6.180518865585327148e-02
-1.017244935035705566e+00
-2.043960094451904297e+00
-2.168155670166015625e+00
-1.180224418640136719e+00
3.584276735782623291e-01
1.510144829750061035e+00
1.636918902397155762e+00
8.059064149856567383e-01
-2.946766018867492676e-01
-8.915368318557739258e-01
-6.429123878479003906e-01
1.630008220672607422e-01
8.988725543022155762e-01
1.057701945304870605e+00
6.029418110847473145e-01
-9.303417801856994629e-02
-5.560801029205322266e-01
-5.661796927452087402e-01
-2.356206178665161133e-01
1.493705511093139648e-01
4.105535447597503662e-01
5.761016011238098145e-01
7.864432334899902344e-01
1.049186110496520996e+00
1.161863923072814941e+00
8.232423663139343262e-01
-5.057227611541748047e-02
-1.157521247863769531e+00
-1.887321949005126953e+00
-1.733024954795837402e+00
-6.666157245635986328e-01
7.264315485954284668e-01
1.596497058868408203e+00
1.368526577949523926e+00
1.996408402919769287e-01
-1.103133201599121094e+00
-1.579665541648864746e+00
-8.152034282684326172e-01
7.599282264709472656e-01
2.096020460128784180e+00
2.261142492294311523e+00
1.053963065147399902e+00
-7.989251613616943359e-01
-2.164126396179199219e+00
-2.221405029296875000e+00
-1.033491492271423340e+00
5.801970362663269043e-01
1.595221519470214844e+00
1.514621615409851074e+00
5.871069431304931641e-01
-4.254021346569061279e-01
-8.926569819450378418e-01
-6.847512722015380859e-01
-2.016545534133911133e-01
9.162747859954833984e-02
7.796347141265869141e-03
-2.184532731771469116e-01
-2.721103429794311523e-01
-5.500566959381103516e-02
1.506267189979553223e-01
6.638228893280029297e-03
-5.750054121017456055e-01
-1.201714873313903809e+00
-1.325622797012329102e+00
-6.316884756088256836e-01
5.747758150100708008e-01
1.586654305458068848e+00
1.714376330375671387e+00
8.725685477256774902e-01
-4.131523370742797852e-01
-1.293349504470825195e+00
-1.271322727203369141e+00
-4.434421658515930176e-01
5.406185984611511230e-01
1.069558858871459961e+00
9.210244417190551758e-01
4.444384872913360596e-01
1.381748318672180176e-01
3.216344416141510010e-01
8.164804577827453613e-01
1.211559295654296875e+00
1.114540576934814453e+00
5.380412936210632324e-01
-2.353508174419403076e-01
-7.899691462516784668e-01
-9.670947790145874023e-01
-8.262431025505065918e-01
-6.268612742424011230e-01
-5.018696784973144531e-01
-4.803612232208251953e-01
-4.235575795173645020e-01
