6.132134199142456055e-01
5.963531732559204102e-01
1.448006510734558105e+00
1.867153406143188477e+00
1.575959205627441406e+00
8.532295227050781250e-01
-2.628881111741065979e-02
-6.623072028160095215e-01
-1.037825465202331543e+00
-1.078247547149658203e+00
-8.868530988693237305e-01
-3.453319072723388672e-01
4.007928669452667236e-01
1.165385007858276367e+00
1.405387639999389648e+00
8.459244966506958008e-01
-5.461434721946716309e-01
-2.116982221603393555e+00
-3.141764163970947266e+00
-2.990745306015014648e+00
-1.841878294944763184e+00
-3.171015083789825439e-01
6.553440093994140625e-01
7.211356163024902344e-01
5.534720793366432190e-02
-5.422848463058471680e-01
-4.820978343486785889e-01
4.534749984741210938e-01
1.750677466392517090e+00
2.774073839187622070e+00
2.951894760131835938e+00
2.312121152877807617e+00
1.134524464607238770e+00
-8.105361461639404297e-02
-1.122393131256103516e+00
-1.864711523056030273e+00
-2.377781391143798828e+00
-2.565988302230834961e+00
-2.402276515960693359e+00
-1.837923526763916016e+00
-1.108233690261840820e+00
-4.696994423866271973e-01
-1.969169527292251587e-01
-2.217300087213516235e-01
-3.189612030982971191e-01
-1.361667811870574951e-01
3.896180689334869385e-01
1.092955589294433594e+00
1.565371870994567871e+00
1.571663141250610352e+00
1.114685177803039551e+00
5.438608527183532715e-01
2.068344354629516602e-01
3.093502223491668701e-01
6.961007118225097656e-01
1.064250588417053223e+00
1.098150491714477539e+00
7.382368445396423340e-01
1.161324828863143921e-01
-5.053857564926147461e-01
-9.629004001617431641e-01
-1.209248185157775879e+00
-1.316605210304260254e+00
-1.329325914382934570e+00
-1.234910130500793457e+00
-9.589391946792602539e-01
-4.816174805164337158e-01
1.149493604898452759e-01
6.440802216529846191e-01
9.191083908081054688e-01
8.643584847450256348e-01
5.582020282745361328e-01
2.001283913850784302e-01
-2.748676016926765442e-02
-4.652968049049377441e-02
6.144581735134124756e-02
1.579598784446716309e-01
1.276725232601165771e-01
9.767711162567138672e-03
-7.201406359672546387e-02
3.770999610424041748e-02
3.275068700313568115e-01
6.366903781890869141e-01
6.653640866279602051e-01
2.364214360713958740e-01
-6.243009567260742188e-01
-1.568703651428222656e+00
-2.166113615036010742e+00
-2.051011323928833008e+00
-1.217754483222961426e+00
5.777004361152648926e-02
1.270691871643066406e+00
2.042382955551147461e+00
2.179478168487548828e+00
1.812163591384887695e+00
1.155122399330139160e+00
4.758326113224029541e-01
-1.183282732963562012e-01
-5.339779257774353027e-01
-7.683205008506774902e-01
-7.415045499801635742e-01
-4.739379584789276123e-01
-4.531919956207275391e-03
4.510485231876373291e-01
7.201182842254638672e-01
6.470721364021301270e-01
3.268602490425109863e-01
-7.258585095405578613e-02
-2.931661903858184814e-01
-2.854646444320678711e-01
-1.212343424558639526e-01
-7.233884930610656738e-02
-2.993480563163757324e-01
-8.557736873626708984e-01
-1.510164976119995117e+00
-1.998155355453491211e+00
-2.046563863754272461e+00
-1.646811127662658691e+00
-9.210532307624816895e-01
-1.589097678661346436e-01
4.715758860111236572e-01
8.804248571395874023e-01
1.180844068527221680e+00
1.445264220237731934e+00
1.724835515022277832e+00
1.872017264366149902e+00
1.738990545272827148e+00
1.190083622932434082e+00
3.468408584594726562e-01
-5.221250057220458984e-01
-1.008862495422363281e+00
-8.844630122184753418e-01
-1.470922827720642090e-01
8.548018336296081543e-01
1.676133394241333008e+00
1.920625925064086914e+00
1.532023429870605469e+00
7.344753146171569824e-01
-2.409246563911437988e-02
-3.983805179595947266e-01
-2.630926370620727539e-01
1.737283468246459961e-01
5.614827871322631836e-01
5.578631162643432617e-01
5.692857503890991211e-02
-8.178685307502746582e-01
-1.755461454391479492e+00
-2.449208736419677734e+00
-2.689244270324707031e+00
-2.438479900360107422e+00
-1.777664542198181152e+00
-8.651204109191894531e-01
1.156383156776428223e-01
9.743247628211975098e-01
1.528646230697631836e+00
1.661648273468017578e+00
1.369931578636169434e+00
8.219135999679565430e-01
2.828637063503265381e-01
1.919603347778320312e-02
1.049211025238037109e-01
4.032640755176544189e-01
5.876331329345703125e-01
4.113897085189819336e-01
-1.685049533843994141e-01
-8.640571832656860352e-01
-1.299234628677368164e+00
-1.187990665435791016e+00
-6.318054199218750000e-01
1.547591388225555420e-02
2.888141274452209473e-01
4.469938576221466064e-02
-5.276882052421569824e-01
-9.188350439071655273e-01
-7.783230543136596680e-01
-5.379314720630645752e-02
8.306457996368408203e-01
1.407676696777343750e+00
1.349662184715270996e+00
8.310972452163696289e-01
2.179843634366989136e-01
-5.874067544937133789e-02
2.940097451210021973e-02
3.167568445205688477e-01
4.631552994251251221e-01
4.437262713909149170e-01
3.755222856998443604e-01
5.524450540542602539e-01
9.301258325576782227e-01
1.279095768928527832e+00
1.136085867881774902e+00
4.137778878211975098e-01
-6.637733578681945801e-01
-1.430629849433898926e+00
-1.472153425216674805e+00
-7.101938128471374512e-01
2.725104093551635742e-01
8.780317306518554688e-01
6.693195104598999023e-01
-8.657248318195343018e-02
-9.106382131576538086e-01
-1.233924150466918945e+00
-1.081533551216125488e+00
-7.338176965713500977e-01
-7.148673534393310547e-01
-1.064394116401672363e+00
-1.569751381874084473e+00
-1.666360735893249512e+00
-1.184096455574035645e+00
-2.099510729312896729e-01
6.890816688537597656e-01
1.189983010292053223e+00
1.130426526069641113e+00
8.726523518562316895e-01
6.563143730163574219e-01
6.906755566596984863e-01
7.179877161979675293e-01
