-3.580517172813415527e-01
-3.456533551216125488e-01
2.962415814399719238e-01
6.630042195320129395e-01
7.020602226257324219e-01
4.829211831092834473e-01
3.363565504550933838e-01
3.948333859443664551e-01
6.862713098526000977e-01
9.198572635650634766e-01
9.086166024208068848e-01
5.344924926757812500e-01
3.954633325338363647e-02
-3.236706256866455078e-01
-2.835828661918640137e-01
7.326805591583251953e-02
5.291038155555725098e-01
6.851065754890441895e-01
3.798102736473083496e-01
-4.013898372650146484e-01
-1.354496240615844727e+00
-2.202130794525146484e+00
-2.647280693054199219e+00
-2.644090175628662109e+00
-2.178245782852172852e+00
-1.386040925979614258e+00
-3.272656798362731934e-01
8.128542304039001465e-01
1.857267379760742188e+00
2.478097438812255859e+00
2.480347394943237305e+00
1.805265903472900391e+00
7.787484526634216309e-01
-1.377969980239868164e-01
-4.753780663013458252e-01
-1.913242340087890625e-01
3.896481394767761230e-01
6.635541915893554688e-01
2.961819767951965332e-01
-5.971249341964721680e-01
-1.384519219398498535e+00
-1.459594607353210449e+00
-6.296572089195251465e-01
5.858646631240844727e-01
1.368443608283996582e+00
1.111867308616638184e+00
-2.391165494918823242e-02
-1.274567246437072754e+00
-1.765552282333374023e+00
-1.256745219230651855e+00
-2.797887921333312988e-01
2.106483280658721924e-01
-3.300612568855285645e-01
-1.608501672744750977e+00
-2.613441467285156250e+00
-2.426940441131591797e+00
-9.268331527709960938e-01
1.016688346862792969e+00
2.176253318786621094e+00
1.830408334732055664e+00
3.229959607124328613e-01
-1.220272421836853027e+00
-1.696726560592651367e+00
-8.204646706581115723e-01
7.458155155181884766e-01
1.931682586669921875e+00
2.051240444183349609e+00
1.212177991867065430e+00
9.933528304100036621e-02
-6.225064992904663086e-01
-7.757084369659423828e-01
-6.299508810043334961e-01
-5.149785280227661133e-01
-4.335202574729919434e-01
-1.066579222679138184e-01
6.765816211700439453e-01
1.680687069892883301e+00
2.295596122741699219e+00
1.953863382339477539e+00
6.727906465530395508e-01
-8.770709633827209473e-01
-1.753279447555541992e+00
-1.448342561721801758e+00
-2.327279895544052124e-01
9.845040440559387207e-01
1.348075032234191895e+00
6.121731996536254883e-01
-6.607043147087097168e-01
-1.567716598510742188e+00
-1.443423628807067871e+00
-3.387349843978881836e-01
1.122358322143554688e+00
2.130228519439697266e+00
2.248100042343139648e+00
1.545315623283386230e+00
5.165203809738159180e-01
-3.437903225421905518e-01
-7.523354291915893555e-01
-7.898985147476196289e-01
-6.865965127944946289e-01
-6.846272945404052734e-01
-7.988302707672119141e-01
-8.856196999549865723e-01
-6.918329000473022461e-01
-1.342956423759460449e-01
6.404113173484802246e-01
1.204140663146972656e+00
1.156803369522094727e+00
3.568792343139648438e-01
-8.221346139907836914e-01
-1.705778121948242188e+00
-1.663287043571472168e+00
-6.414757370948791504e-01
7.691313624382019043e-01
1.591725111007690430e+00
1.169564485549926758e+00
-4.110381901264190674e-01
-2.256664752960205078e+00
-3.293994426727294922e+00
-2.907201051712036133e+00
-1.373367905616760254e+00
4.379398822784423828e-01
1.628328561782836914e+00
1.880511045455932617e+00
1.464462518692016602e+00
9.174950122833251953e-01
5.222244262695312500e-01
2.257572561502456665e-01
-1.624098718166351318e-01
-5.633064508438110352e-01
-6.126667261123657227e-01
5.847866833209991455e-02
1.345330119132995605e+00
2.599784374237060547e+00
2.990393400192260742e+00
2.162924528121948242e+00
5.547612309455871582e-01
-8.436332345008850098e-01
-1.223862886428833008e+00
-5.392899513244628906e-01
4.684480428695678711e-01
8.905069828033447266e-01
3.685211241245269775e-01
-6.298193335533142090e-01
-1.220825672149658203e+00
-8.392028212547302246e-01
3.039287030696868896e-01
1.396865129470825195e+00
1.695659399032592773e+00
1.084253549575805664e+00
1.294049024581909180e-01
-4.474551081657409668e-01
-3.357293009757995605e-01
1.391657143831253052e-01
3.939888477325439453e-01
8.874072134494781494e-02
-5.680269002914428711e-01
-1.089255452156066895e+00
-1.140263676643371582e+00
-8.823909759521484375e-01
-7.539839744567871094e-01
-1.079826951026916504e+00
-1.671094536781311035e+00
-2.012785673141479492e+00
-1.648935914039611816e+00
-6.849784851074218750e-01
3.084057867527008057e-01
6.461999416351318359e-01
1.524504423141479492e-01
-7.685438394546508789e-01
-1.345825433731079102e+00
-1.105567932128906250e+00
-1.039429306983947754e-01
1.058333039283752441e+00
1.801961064338684082e+00
1.849910259246826172e+00
1.443525314331054688e+00
9.508751630783081055e-01
6.885794401168823242e-01
6.349408626556396484e-01
6.887987852096557617e-01
7.034264206886291504e-01
7.218961715698242188e-01
7.291059494018554688e-01
7.142616510391235352e-01
5.093032121658325195e-01
1.051363795995712280e-01
-4.154502153396606445e-01
-7.491106390953063965e-01
-7.728878259658813477e-01
-5.289474725723266602e-01
-3.871303200721740723e-01
-5.805557370185852051e-01
-1.144490242004394531e+00
-1.676240921020507812e+00
-1.812051653861999512e+00
-1.364441275596618652e+00
-6.804163455963134766e-01
-2.040028572082519531e-01
-2.948827147483825684e-01
-7.369998693466186523e-01
-1.078685522079467773e+00
-8.055417537689208984e-01
5.037784576416015625e-02
1.112047910690307617e+00
1.748032808303833008e+00
1.749713540077209473e+00
1.263740420341491699e+00
8.381766080856323242e-01
7.609555721282958984e-01
1.037158966064453125e+00
1.207906126976013184e+00
9.564260840415954590e-01
1.725968271493911743e-01
-7.409984469413757324e-01
-1.388880610466003418e+00
-1.452936887741088867e+00
