-2.081250399351119995e-02
1.208825688809156418e-02
-8.276944160461425781e-01
-1.431293964385986328e+00
-1.663965225219726562e+00
-1.532288193702697754e+00
-1.185092806816101074e+00
-7.808570265769958496e-01
-4.351402819156646729e-01
-1.452808827161788940e-01
1.534136533737182617e-01
5.358387827873229980e-01
9.772634506225585938e-01
1.353699922561645508e+00
1.489886879920959473e+00
1.312444567680358887e+00
9.287256002426147461e-01
6.127304434776306152e-01
6.173513531684875488e-01
9.798881411552429199e-01
1.435656070709228516e+00
1.568035483360290527e+00
1.101177334785461426e+00
1.393661350011825562e-01
-8.450689315795898438e-01
-1.311816096305847168e+00
-1.030459165573120117e+00
-2.764772772789001465e-01
3.405413627624511719e-01
2.869759500026702881e-01
-5.008678436279296875e-01
-1.575465798377990723e+00
-2.264200687408447266e+00
-2.146940946578979492e+00
-1.298249244689941406e+00
-2.155184596776962280e-01
5.836372971534729004e-01
8.830342292785644531e-01
8.799290060997009277e-01
9.205558896064758301e-01
1.212633252143859863e+00
1.619124054908752441e+00
1.820114374160766602e+00
1.544006824493408203e+00
8.260678648948669434e-01
-6.720627099275588989e-02
-7.930192351341247559e-01
-1.204981088638305664e+00
-1.340613603591918945e+00
-1.348931193351745605e+00
-1.255367279052734375e+00
-9.749345183372497559e-01
-3.681188523769378662e-01
5.048972964286804199e-01
1.381610155105590820e+00
1.843034029006958008e+00
1.640417098999023438e+00
8.161606788635253906e-01
-2.130046933889389038e-01
-9.480594396591186523e-01
-1.017187952995300293e+00
-4.522930383682250977e-01
4.183202385902404785e-01
1.091676831245422363e+00
1.249378681182861328e+00
8.371210098266601562e-01
1.462789922952651978e-01
-4.549916386604309082e-01
-6.526179909706115723e-01
-4.263790547847747803e-01
5.419383570551872253e-02
4.800923168659210205e-01
6.768684387207031250e-01
5.960582494735717773e-01
3.692648112773895264e-01
7.663289457559585571e-02
-2.424305379390716553e-01
-6.644844412803649902e-01
-1.147090554237365723e+00
-1.529515624046325684e+00
-1.476874470710754395e+00
-8.018543720245361328e-01
4.087457358837127686e-01
1.638864517211914062e+00
2.286713600158691406e+00
1.951421737670898438e+00
8.199682831764221191e-01
-5.059323310852050781e-01
-1.303165793418884277e+00
-1.303720355033874512e+00
-7.754598259925842285e-01
-3.882289528846740723e-01
-6.025274991989135742e-01
-1.384752273559570312e+00
-2.121766328811645508e+00
-2.158918380737304688e+00
-1.208086371421813965e+00
3.247563838958740234e-01
1.685849785804748535e+00
2.182762145996093750e+00
1.705775022506713867e+00
6.533573269844055176e-01
-3.022064268589019775e-01
-7.453315854072570801e-01
-6.327296495437622070e-01
-2.877522706985473633e-01
-1.652431488037109375e-02
1.086834073066711426e-02
-1.240617409348487854e-01
-3.136292695999145508e-01
-4.450844526290893555e-01
-5.047124624252319336e-01
-4.241240620613098145e-01
-1.547075062990188599e-01
3.378057777881622314e-01
8.895404338836669922e-01
1.240506529808044434e+00
1.123431563377380371e+00
5.616418719291687012e-01
-1.472401469945907593e-01
-5.337685942649841309e-01
-3.469736278057098389e-01
3.090822994709014893e-01
9.790378808975219727e-01
1.242317914962768555e+00
9.586320519447326660e-01
4.007238745689392090e-01
-3.851976618170738220e-02
-1.135630756616592407e-01
4.997958242893218994e-02
1.429519504308700562e-01
-9.175245463848114014e-02
-5.966867208480834961e-01
-1.104393482208251953e+00
-1.325678825378417969e+00
-1.212115764617919922e+00
-9.075434207916259766e-01
-6.040061712265014648e-01
-3.217620253562927246e-01
3.522969037294387817e-02
5.174291133880615234e-01
9.186705350875854492e-01
8.671753406524658203e-01
1.024359613656997681e-01
-1.181617856025695801e+00
-2.331296205520629883e+00
-2.570122241973876953e+00
-1.550217270851135254e+00
3.490807712078094482e-01
2.170008420944213867e+00
2.955338478088378906e+00
2.331961393356323242e+00
7.241494059562683105e-01
-9.564139842987060547e-01
-1.900517940521240234e+00
-1.861443638801574707e+00
-1.195591449737548828e+00
-5.024943947792053223e-01
-1.840594261884689331e-01
-2.158142030239105225e-01
-2.882328331470489502e-01
-1.119734868407249451e-01
3.206900060176849365e-01
7.656265497207641602e-01
9.290213584899902344e-01
7.334281802177429199e-01
3.632022142410278320e-01
1.486448943614959717e-01
2.923361957073211670e-01
7.433353662490844727e-01
1.188974261283874512e+00
1.286419749259948730e+00
8.538671135902404785e-01
3.371403738856315613e-02
-8.095065355300903320e-01
-1.251227021217346191e+00
-1.086427450180053711e+00
-4.093372225761413574e-01
3.915560245513916016e-01
9.018874764442443848e-01
8.720179796218872070e-01
4.036073088645935059e-01
-1.786252558231353760e-01
-4.984650015830993652e-01
-4.209818542003631592e-01
-6.883282959461212158e-02
2.364418655633926392e-01
2.766621112823486328e-01
3.282682597637176514e-02
-2.692317366600036621e-01
-4.159173667430877686e-01
-3.245715498924255371e-01
-1.558904498815536499e-01
-9.862834215164184570e-02
-2.460902929306030273e-01
-4.369147121906280518e-01
-4.423119127750396729e-01
-9.907194972038269043e-02
4.712571799755096436e-01
1.001218199729919434e+00
1.205757379531860352e+00
1.053600668907165527e+00
7.048156261444091797e-01
4.230889976024627686e-01
2.911162674427032471e-01
2.199914902448654175e-01
-9.759326465427875519e-03
-4.592058956623077393e-01
-1.004360437393188477e+00
-1.336584091186523438e+00
-1.259914278984069824e+00
-7.746835350990295410e-01
-1.503823548555374146e-01
3.351811170578002930e-01
5.107011198997497559e-01
4.591319561004638672e-01
3.391366004943847656e-01
