4.842908978462219238e-01
5.054246783256530762e-01
8.535538315773010254e-01
1.007542610168457031e+00
9.251077175140380859e-01
7.867066860198974609e-01
6.614903807640075684e-01
6.442655920982360840e-01
6.428701877593994141e-01
6.552872657775878906e-01
6.003409028053283691e-01
5.127434730529785156e-01
3.100692033767700195e-01
7.800459861755371094e-03
-4.274718165397644043e-01
-8.374012708663940430e-01
-1.107716441154479980e+00
-1.092247247695922852e+00
-8.964320421218872070e-01
-6.604425907135009766e-01
-5.992834568023681641e-01
-6.627497076988220215e-01
-7.074730396270751953e-01
-4.846026897430419922e-01
-3.339624404907226562e-02
4.144942760467529297e-01
4.305070638656616211e-01
-1.507583260536193848e-01
-1.181670784950256348e+00
-2.119410276412963867e+00
-2.484521865844726562e+00
-2.053686141967773438e+00
-1.106132507324218750e+00
-9.977935999631881714e-02
5.298611521720886230e-01
7.331666946411132812e-01
6.900839209556579590e-01
7.081609964370727539e-01
8.799853920936584473e-01
1.136297345161437988e+00
1.258351683616638184e+00
1.151283502578735352e+00
8.198755979537963867e-01
4.066419005393981934e-01
3.554135560989379883e-03
-3.042303025722503662e-01
-4.957002699375152588e-01
-4.984635710716247559e-01
-2.996574640274047852e-01
3.768083453178405762e-02
2.828371226787567139e-01
1.891714930534362793e-01
-3.591846525669097900e-01
-1.161659836769104004e+00
-1.795677423477172852e+00
-1.835221648216247559e+00
-1.166705489158630371e+00
-7.295259833335876465e-02
9.103304147720336914e-01
1.345248579978942871e+00
1.144578695297241211e+00
6.025606989860534668e-01
1.665578186511993408e-01
1.428474783897399902e-01
5.332492589950561523e-01
1.080796957015991211e+00
1.477243304252624512e+00
1.527022361755371094e+00
1.229017734527587891e+00
6.941183805465698242e-01
8.554297685623168945e-02
-4.669861495494842529e-01
-8.362920880317687988e-01
-9.397375583648681641e-01
-7.219368219375610352e-01
-2.533504962921142578e-01
3.117350935935974121e-01
7.268179059028625488e-01
8.072256445884704590e-01
4.637686610221862793e-01
-1.951125860214233398e-01
-9.550712108612060547e-01
-1.508995294570922852e+00
-1.650412917137145996e+00
-1.307043552398681641e+00
-6.700613498687744141e-01
-6.635178625583648682e-02
1.236427724361419678e-01
-2.292263507843017578e-01
-9.648599624633789062e-01
-1.598472595214843750e+00
-1.683852553367614746e+00
-1.021523952484130859e+00
9.864088892936706543e-02
1.144677877426147461e+00
1.592818737030029297e+00
1.345673918724060059e+00
6.758520603179931641e-01
8.774925023317337036e-02
-1.451421827077865601e-01
-4.706177115440368652e-02
6.423383206129074097e-02
-6.802534684538841248e-03
-2.414257824420928955e-01
-3.408440947532653809e-01
-1.161356493830680847e-01
4.006981253623962402e-01
8.466519117355346680e-01
9.110959768295288086e-01
5.008980631828308105e-01
-8.270157873630523682e-02
-4.857856929302215576e-01
-4.906725287437438965e-01
-2.672279179096221924e-01
-8.964109420776367188e-02
-1.548343896865844727e-01
-2.946128547191619873e-01
-2.265730500221252441e-01
2.552021741867065430e-01
9.447548985481262207e-01
1.428296446800231934e+00
1.305880665779113770e+00
6.111120581626892090e-01
-2.850698828697204590e-01
-8.512579798698425293e-01
-8.642952442169189453e-01
-4.376344084739685059e-01
4.750729352235794067e-02
3.510293960571289062e-01
4.509759247303009033e-01
5.491358041763305664e-01
7.434701323509216309e-01
9.772980809211730957e-01
1.034499526023864746e+00
8.378940820693969727e-01
4.785521626472473145e-01
1.937739402055740356e-01
5.901680886745452881e-02
-3.692191094160079956e-02
-3.376955091953277588e-01
-8.703137636184692383e-01
-1.384857177734375000e+00
-1.459517002105712891e+00
-9.272848367691040039e-01
-5.161264166235923767e-02
5.578120946884155273e-01
4.524096250534057617e-01
-3.178285360336303711e-01
-1.169744491577148438e+00
-1.477288603782653809e+00
-1.044389367103576660e+00
-2.833690047264099121e-01
1.765508949756622314e-01
2.449601888656616211e-02
-4.336575269699096680e-01
-5.780358910560607910e-01
-5.840303003787994385e-02
8.125101327896118164e-01
1.264525890350341797e+00
7.315425276756286621e-01
-5.881977081298828125e-01
-1.769686460494995117e+00
-1.848411679267883301e+00
-5.839680433273315430e-01
1.279543042182922363e+00
2.569513082504272461e+00
2.540893554687500000e+00
1.451073765754699707e+00
2.706880867481231689e-01
-8.841612935066223145e-02
4.564512670040130615e-01
1.188410997390747070e+00
1.194698214530944824e+00
2.162789702415466309e-01
-1.172964334487915039e+00
-1.987003326416015625e+00
-1.699225187301635742e+00
-5.977162122726440430e-01
4.111002683639526367e-01
6.410833001136779785e-01
9.584321081638336182e-02
-5.082888603210449219e-01
-4.802608788013458252e-01
3.134228885173797607e-01
1.240089774131774902e+00
1.530773878097534180e+00
8.448836803436279297e-01
-3.324823379516601562e-01
-1.166295766830444336e+00
-1.015313029289245605e+00
-1.407766342163085938e-02
1.186955451965332031e+00
1.826659083366394043e+00
1.690569639205932617e+00
1.046797513961791992e+00
4.597821831703186035e-01
1.935358047485351562e-01
2.136726677417755127e-01
1.963754147291183472e-01
3.728970885276794434e-03
-3.547651171684265137e-01
-6.793064475059509277e-01
-9.610658288002014160e-01
-1.251536965370178223e+00
-1.674863576889038086e+00
-2.035717487335205078e+00
-2.023986577987670898e+00
-1.294162273406982422e+00
1.109454035758972168e-02
1.392133951187133789e+00
2.097056150436401367e+00
1.801876068115234375e+00
6.859931349754333496e-01
-5.049731731414794922e-01
-1.144415616989135742e+00
-9.493280649185180664e-01
-2.882024943828582764e-01
