-4.575260281562805176e-01
-4.160141944885253906e-01
-7.189410328865051270e-01
-8.690107464790344238e-01
-6.245190501213073730e-01
-3.583754878491163254e-03
7.226243615150451660e-01
1.118679046630859375e+00
9.211742877960205078e-01
1.703279018402099609e-01
-7.433304786682128906e-01
-1.371084809303283691e+00
-1.418121695518493652e+00
-9.520841836929321289e-01
-2.587769627571105957e-01
3.067594468593597412e-01
5.994327664375305176e-01
6.662299633026123047e-01
7.190405726432800293e-01
8.877757191658020020e-01
1.183883428573608398e+00
1.433501958847045898e+00
1.471529603004455566e+00
1.192942380905151367e+00
7.025652527809143066e-01
1.944186985492706299e-01
-8.591056615114212036e-02
-5.848488584160804749e-02
2.054188400506973267e-01
4.412995874881744385e-01
4.213898479938507080e-01
2.777409926056861877e-02
-5.849484205245971680e-01
-1.144263029098510742e+00
-1.352021336555480957e+00
-1.142670273780822754e+00
-6.408450603485107422e-01
-1.380741149187088013e-01
1.825723946094512939e-01
2.694784402847290039e-01
2.488718628883361816e-01
1.887444257736206055e-01
7.286968082189559937e-02
-2.471795380115509033e-01
-7.976343035697937012e-01
-1.424194097518920898e+00
-1.747627973556518555e+00
-1.483923316001892090e+00
-6.274557113647460938e-01
3.967515230178833008e-01
1.048596739768981934e+00
9.738853573799133301e-01
3.529002964496612549e-01
-2.660440206527709961e-01
-2.773427963256835938e-01
4.711641967296600342e-01
1.610250711441040039e+00
2.412613630294799805e+00
2.350594758987426758e+00
1.368048667907714844e+00
-3.957062587141990662e-02
-1.243413567543029785e+00
-1.814026951789855957e+00
-1.797501921653747559e+00
-1.511199712753295898e+00
-1.317378282546997070e+00
-1.299658656120300293e+00
-1.324993848800659180e+00
-1.141525506973266602e+00
-6.573701500892639160e-01
5.948037654161453247e-02
7.856884598731994629e-01
1.352120876312255859e+00
1.653205990791320801e+00
1.711840271949768066e+00
1.561073660850524902e+00
1.286070227622985840e+00
9.537267684936523438e-01
6.686191558837890625e-01
4.610102474689483643e-01
2.897366285324096680e-01
-6.619991734623908997e-03
-5.454275608062744141e-01
-1.303839683532714844e+00
-2.000830173492431641e+00
-2.253833293914794922e+00
-1.763506054878234863e+00
-5.856452584266662598e-01
8.848389983177185059e-01
2.051898717880249023e+00
2.474134683609008789e+00
2.040450572967529297e+00
1.032519578933715820e+00
-1.025849804282188416e-01
-9.549213051795959473e-01
-1.351523518562316895e+00
-1.319369316101074219e+00
-1.019727587699890137e+00
-5.980888605117797852e-01
-1.626626551151275635e-01
2.412066012620925903e-01
5.716089010238647461e-01
8.076389431953430176e-01
9.216222763061523438e-01
9.169434905052185059e-01
8.038561344146728516e-01
6.223787665367126465e-01
4.110367596149444580e-01
2.183601707220077515e-01
5.470203608274459839e-02
-1.100013628602027893e-01
-3.535473644733428955e-01
-7.268551588058471680e-01
-1.192643761634826660e+00
-1.579390645027160645e+00
-1.666246891021728516e+00
-1.317627191543579102e+00
-6.180483698844909668e-01
1.469339430332183838e-01
6.408450603485107422e-01
6.948502659797668457e-01
4.014303088188171387e-01
2.941665425896644592e-02
-1.909344941377639771e-01
-2.266724854707717896e-01
-2.141791284084320068e-01
-2.750034034252166748e-01
-3.394114375114440918e-01
-1.718709021806716919e-01
4.115345180034637451e-01
1.294780731201171875e+00
2.037812471389770508e+00
2.124220848083496094e+00
1.344654679298400879e+00
-9.208259172737598419e-03
-1.276364207267761230e+00
-1.860416769981384277e+00
-1.583720922470092773e+00
-7.701091170310974121e-01
5.962969735264778137e-02
5.563281774520874023e-01
7.453712224960327148e-01
8.614450693130493164e-01
1.057058334350585938e+00
1.191349625587463379e+00
9.672155976295471191e-01
2.199031710624694824e-01
-8.315804600715637207e-01
-1.691980242729187012e+00
-1.901878714561462402e+00
-1.400252699851989746e+00
-5.415949225425720215e-01
1.503683775663375854e-01
3.893351554870605469e-01
2.673879265785217285e-01
1.301102042198181152e-01
2.241837680339813232e-01
5.187982916831970215e-01
7.480092644691467285e-01
7.057010531425476074e-01
4.207925498485565186e-01
1.519611626863479614e-01
1.099018156528472900e-01
2.785373926162719727e-01
4.024755656719207764e-01
2.599715590476989746e-01
-1.315536648035049438e-01
-4.701687097549438477e-01
-4.393583834171295166e-01
2.717680670320987701e-02
6.287000775337219238e-01
9.345138669013977051e-01
6.869859099388122559e-01
1.981019973754882812e-02
-6.834518909454345703e-01
-1.063180565834045410e+00
-1.056062817573547363e+00
-8.508929014205932617e-01
-6.948502659797668457e-01
-6.467682123184204102e-01
-5.915684103965759277e-01
-3.990411460399627686e-01
-1.323002874851226807e-01
-7.963899523019790649e-03
-2.017355263233184814e-01
-5.991341471672058105e-01
-8.295397162437438965e-01
-5.147168040275573730e-01
3.647466003894805908e-01
1.386315822601318359e+00
1.910887956619262695e+00
1.548580288887023926e+00
4.434398710727691650e-01
-7.862359881401062012e-01
-1.469588398933410645e+00
-1.312649726867675781e+00
-5.660839080810546875e-01
2.032785415649414062e-01
5.064044594764709473e-01
2.298082709312438965e-01
-3.772399723529815674e-01
-9.274458885192871094e-01
-1.150036931037902832e+00
-9.796591997146606445e-01
-4.871915578842163086e-01
2.251294851303100586e-01
1.043021917343139648e+00
1.792176008224487305e+00
2.221927881240844727e+00
2.097491979598999023e+00
1.375315666198730469e+00
2.983973622322082520e-01
-6.865876913070678711e-01
-1.182390213012695312e+00
-1.062384247779846191e+00
-5.389071106910705566e-01
1.269246451556682587e-02
