1.734557449817657471e-01
1.750942468643188477e-01
6.107120513916015625e-01
7.024190425872802734e-01
4.238221943378448486e-01
-2.350208163261413574e-02
-4.743602573871612549e-01
-7.453427314758300781e-01
-7.892046570777893066e-01
-5.474911928176879883e-01
-1.077871695160865784e-01
4.085615277290344238e-01
7.396382093429565430e-01
7.366228103637695312e-01
3.844981193542480469e-01
-3.204450011253356934e-02
-2.048487365245819092e-01
8.111180365085601807e-02
6.517016887664794922e-01
1.149689793586730957e+00
1.179915428161621094e+00
7.085776925086975098e-01
-1.475617289543151855e-02
-5.546501874923706055e-01
-7.117187976837158203e-01
-5.365328788757324219e-01
-3.139264881610870361e-01
-1.929657459259033203e-01
-1.578108072280883789e-01
-3.308241069316864014e-02
1.598547399044036865e-01
2.045207619667053223e-01
-2.334254384040832520e-01
-1.150135040283203125e+00
-2.126085281372070312e+00
-2.436538219451904297e+00
-1.688946843147277832e+00
-1.360998004674911499e-01
1.283905267715454102e+00
1.649728655815124512e+00
6.694764494895935059e-01
-9.523330926895141602e-01
-2.042105436325073242e+00
-1.715530276298522949e+00
-1.140714883804321289e-01
1.759900569915771484e+00
2.685343503952026367e+00
2.185118675231933594e+00
7.560541033744812012e-01
-4.721421599388122559e-01
-6.870522499084472656e-01
1.045660972595214844e-01
1.077220797538757324e+00
1.373387932777404785e+00
7.172948122024536133e-01
-2.996941804885864258e-01
-8.027299046516418457e-01
-2.643831670284271240e-01
9.707460403442382812e-01
2.005381584167480469e+00
1.963850498199462891e+00
7.071721553802490234e-01
-1.147211909294128418e+00
-2.555022001266479492e+00
-2.804163932800292969e+00
-1.834297657012939453e+00
-2.955234646797180176e-01
9.881999492645263672e-01
1.397794723510742188e+00
9.005420804023742676e-01
-1.235330998897552490e-01
-1.044114828109741211e+00
-1.421410560607910156e+00
-1.089239597320556641e+00
-2.938430309295654297e-01
5.694921612739562988e-01
1.066287040710449219e+00
1.065561413764953613e+00
6.816160082817077637e-01
2.816262841224670410e-01
1.152212321758270264e-01
2.272618860006332397e-01
3.300804495811462402e-01
1.445344090461730957e-01
-4.422735571861267090e-01
-1.133831501007080078e+00
-1.523564577102661133e+00
-1.320828676223754883e+00
-7.223752140998840332e-01
-2.001751363277435303e-01
-2.562661170959472656e-01
-8.894388675689697266e-01
-1.656979918479919434e+00
-1.856144309043884277e+00
-1.177781224250793457e+00
1.473421454429626465e-01
1.353455781936645508e+00
1.797400951385498047e+00
1.272239208221435547e+00
2.501896619796752930e-01
-6.152423620223999023e-01
-8.257741928100585938e-01
-4.642931818962097168e-01
1.113121509552001953e-01
4.693307876586914062e-01
5.632523894309997559e-01
5.343666672706604004e-01
6.193897724151611328e-01
7.420635819435119629e-01
7.196292877197265625e-01
3.398216068744659424e-01
-2.227934896945953369e-01
-6.199098825454711914e-01
-4.497604370117187500e-01
2.261104583740234375e-01
1.005330443382263184e+00
1.259189367294311523e+00
7.622168064117431641e-01
-2.633692622184753418e-01
-1.111607432365417480e+00
-1.251072883605957031e+00
-5.343341827392578125e-01
5.450149774551391602e-01
1.376099586486816406e+00
1.475878477096557617e+00
9.479157924652099609e-01
1.710700988769531250e-01
-3.300403058528900146e-01
-4.097726941108703613e-01
-1.559853553771972656e-01
6.278690695762634277e-02
6.141118332743644714e-02
-2.467318773269653320e-01
-6.669982671737670898e-01
-1.066790819168090820e+00
-1.251258373260498047e+00
-1.207700967788696289e+00
-8.619738817214965820e-01
-3.141055107116699219e-01
3.539843857288360596e-01
8.431028127670288086e-01
9.595052003860473633e-01
5.374918580055236816e-01
-2.115307599306106567e-01
-9.735536575317382812e-01
-1.289232015609741211e+00
-1.044690608978271484e+00
-3.454906642436981201e-01
3.284519910812377930e-01
6.310979127883911133e-01
3.570787310600280762e-01
-2.332092225551605225e-01
-7.947102785110473633e-01
-9.092759490013122559e-01
-5.387110114097595215e-01
1.880295276641845703e-01
8.571670651435852051e-01
1.233657240867614746e+00
1.151526331901550293e+00
7.850764989852905273e-01
2.902458906173706055e-01
-7.286199927330017090e-02
-2.788326740264892578e-01
-2.925746142864227295e-01
-2.701545357704162598e-01
-2.398625314235687256e-01
-3.046535849571228027e-01
-3.781334757804870605e-01
-4.424726963043212891e-01
-3.188979327678680420e-01
2.770817279815673828e-02
6.796558499336242676e-01
1.457223653793334961e+00
2.165340185165405273e+00
2.427572250366210938e+00
2.093052625656127930e+00
1.141677737236022949e+00
-2.871128916740417480e-02
-9.919183254241943359e-01
-1.298239588737487793e+00
-9.626306295394897461e-01
-2.455735206604003906e-01
2.974704504013061523e-01
3.916428685188293457e-01
1.788526773452758789e-02
-3.845647275447845459e-01
-4.643832445144653320e-01
-3.012187778949737549e-02
5.816972255706787109e-01
9.652377963066101074e-01
7.637200951576232910e-01
1.700244843959808350e-01
-3.945298790931701660e-01
-3.882331550121307373e-01
2.308113723993301392e-01
1.154483079910278320e+00
1.740348577499389648e+00
1.659740447998046875e+00
9.199621677398681641e-01
8.704006671905517578e-03
-6.867518424987792969e-01
-9.541165232658386230e-01
-1.015776395797729492e+00
-1.061147451400756836e+00
-1.197416305541992188e+00
-1.167644739151000977e+00
-8.036341667175292969e-01
-9.265232086181640625e-02
5.236265659332275391e-01
6.164402961730957031e-01
-4.850183427333831787e-02
-1.084208250045776367e+00
-1.863217949867248535e+00
-1.763777017593383789e+00
-7.801810503005981445e-01
6.477866768836975098e-01
1.769557237625122070e+00
