-3.088914752006530762e-01
-3.606169819831848145e-01
-1.388501048088073730e+00
-2.009128332138061523e+00
-1.684368133544921875e+00
-5.609646439552307129e-01
8.717586994171142578e-01
1.790221810340881348e+00
1.850357532501220703e+00
1.101882696151733398e+00
1.848078966140747070e-01
-4.230096340179443359e-01
-4.523523449897766113e-01
-2.305729389190673828e-01
-6.924676895141601562e-02
-2.169768363237380981e-01
-3.877258896827697754e-01
-2.737889289855957031e-01
3.957461118698120117e-01
1.317094326019287109e+00
2.036166667938232422e+00
2.023699760437011719e+00
1.311298370361328125e+00
2.142125070095062256e-01
-6.714251637458801270e-01
-1.123035311698913574e+00
-1.142798304557800293e+00
-1.061699151992797852e+00
-9.656472206115722656e-01
-8.398352861404418945e-01
-4.563740491867065430e-01
8.813577890396118164e-02
5.334439277648925781e-01
4.327690899372100830e-01
-2.182721644639968872e-01
-1.045645833015441895e+00
-1.304083108901977539e+00
-6.480988264083862305e-01
6.978580355644226074e-01
1.833230733871459961e+00
1.993410587310791016e+00
9.822577834129333496e-01
-4.609437286853790283e-01
-1.345533609390258789e+00
-1.016039013862609863e+00
1.878746747970581055e-01
1.343566417694091797e+00
1.514510750770568848e+00
6.089207530021667480e-01
-7.118386626243591309e-01
-1.453505992889404297e+00
-1.201240658760070801e+00
-2.941558063030242920e-01
3.898185193538665771e-01
2.920473814010620117e-01
-4.766515493392944336e-01
-1.151803612709045410e+00
-1.062770009040832520e+00
-9.458585083484649658e-02
1.139926433563232422e+00
1.878096818923950195e+00
1.698457241058349609e+00
8.411563038825988770e-01
-1.518024206161499023e-01
-8.285670876502990723e-01
-1.146842360496520996e+00
-1.246058821678161621e+00
-1.174677371978759766e+00
-7.079962491989135742e-01
3.484740853309631348e-01
1.813066840171813965e+00
2.980566501617431641e+00
3.049227714538574219e+00
1.729104638099670410e+00
-3.793796300888061523e-01
-2.094921350479125977e+00
-2.431411266326904297e+00
-1.305971384048461914e+00
4.115458726882934570e-01
1.551671981811523438e+00
1.501997232437133789e+00
6.104321479797363281e-01
-1.921776980161666870e-01
-1.827020943164825439e-01
5.477107763290405273e-01
1.228883504867553711e+00
1.060716152191162109e+00
-6.739798188209533691e-02
-1.506967902183532715e+00
-2.331961631774902344e+00
-2.114475488662719727e+00
-1.193289756774902344e+00
-4.039513170719146729e-01
-3.405455052852630615e-01
-9.524164199829101562e-01
-1.587887525558471680e+00
-1.622893095016479492e+00
-9.144083857536315918e-01
5.528709292411804199e-02
6.687217950820922852e-01
6.160799264907836914e-01
1.738068312406539917e-01
-1.430742740631103516e-01
3.985169529914855957e-02
5.904760956764221191e-01
1.095475196838378906e+00
1.157960057258605957e+00
8.015482425689697266e-01
3.580928444862365723e-01
2.486122846603393555e-01
5.614675879478454590e-01
1.070493221282958984e+00
1.344316244125366211e+00
1.152110338211059570e+00
5.361247658729553223e-01
-1.642196178436279297e-01
-6.372603774070739746e-01
-7.025651335716247559e-01
-4.584650993347167969e-01
-9.974229335784912109e-02
1.232389807701110840e-01
1.056017279624938965e-01
-1.612286120653152466e-01
-5.040503144264221191e-01
-7.280697822570800781e-01
-6.345536708831787109e-01
-2.385122627019882202e-01
2.691547870635986328e-01
5.275175571441650391e-01
3.098236024379730225e-01
-3.592439889907836914e-01
-1.100817203521728516e+00
-1.471856594085693359e+00
-1.203542709350585938e+00
-4.653342068195343018e-01
3.077842593193054199e-01
6.655743122100830078e-01
5.110020041465759277e-01
9.014728665351867676e-02
-1.749425530433654785e-01
-6.423109769821166992e-02
3.436083495616912842e-01
7.376934289932250977e-01
8.866986632347106934e-01
7.697894573211669922e-01
5.626451969146728516e-01
4.060044288635253906e-01
2.968026399612426758e-01
1.208807826042175293e-01
-1.460345387458801270e-01
-3.550319671630859375e-01
-2.835806012153625488e-01
1.091645807027816772e-01
5.536993145942687988e-01
6.183477640151977539e-01
5.810093879699707031e-02
-9.056106805801391602e-01
-1.688941359519958496e+00
-1.745903491973876953e+00
-1.032998442649841309e+00
-6.395384669303894043e-02
4.297232031822204590e-01
1.045216247439384460e-01
-7.510414123535156250e-01
-1.383047103881835938e+00
-1.214299559593200684e+00
-2.515025734901428223e-01
8.570883274078369141e-01
1.397851228713989258e+00
1.082749128341674805e+00
3.240573704242706299e-01
-2.079211622476577759e-01
-6.946569681167602539e-02
5.110408663749694824e-01
9.225913286209106445e-01
6.006510853767395020e-01
-3.957263231277465820e-01
-1.515991449356079102e+00
-2.024563074111938477e+00
-1.655997633934020996e+00
-6.405048966407775879e-01
4.175210893154144287e-01
1.159201025962829590e+00
1.558357477188110352e+00
1.943232655525207520e+00
2.436579942703247070e+00
2.881103754043579102e+00
2.760160923004150391e+00
1.788467645645141602e+00
5.825000628829002380e-02
-1.749618053436279297e+00
-2.936258792877197266e+00
-3.018374204635620117e+00
-2.174921989440917969e+00
-8.817622065544128418e-01
2.099449038505554199e-01
8.068494796752929688e-01
8.027049899101257324e-01
4.048764705657958984e-01
-2.602530717849731445e-01
-9.288277626037597656e-01
-1.432419300079345703e+00
-1.449093580245971680e+00
-9.076600074768066406e-01
1.299022734165191650e-01
1.167883872985839844e+00
1.762977719306945801e+00
1.559205532073974609e+00
7.866560816764831543e-01
-1.154174804687500000e-01
-5.427758693695068359e-01
-3.849939703941345215e-01
1.699685305356979370e-01
5.429361462593078613e-01
4.572960734367370605e-01
-1.267951726913452148e-01
-7.489051818847656250e-01
