1.517153501510620117e+00
1.539265871047973633e+00
8.065786361694335938e-01
-1.472155600786209106e-01
-9.114738106727600098e-01
-1.041774034500122070e+00
-6.146919131278991699e-01
5.564239621162414551e-02
4.337843954563140869e-01
3.917557001113891602e-01
5.990526080131530762e-02
-1.083239912986755371e-01
2.952641248703002930e-02
3.716353178024291992e-01
4.425996541976928711e-01
3.597748279571533203e-02
-7.725222110748291016e-01
-1.420104742050170898e+00
-1.502505064010620117e+00
-9.007965326309204102e-01
-1.111975908279418945e-01
3.337360620498657227e-01
7.372193038463592529e-02
-6.004622578620910645e-01
-1.185569167137145996e+00
-1.166989445686340332e+00
-6.151365637779235840e-01
9.355533123016357422e-02
3.966929614543914795e-01
1.770132780075073242e-01
-3.713983893394470215e-01
-7.519363760948181152e-01
-7.538644075393676758e-01
-3.966128528118133545e-01
-2.261612378060817719e-02
2.084897309541702271e-01
2.714616060256958008e-01
4.003393054008483887e-01
6.463994979858398438e-01
9.404125809669494629e-01
1.000188946723937988e+00
7.733165621757507324e-01
3.998681902885437012e-01
2.902253866195678711e-01
6.298367977142333984e-01
1.326030969619750977e+00
1.885187387466430664e+00
1.920495033264160156e+00
1.329957723617553711e+00
5.243393182754516602e-01
-1.083457469940185547e-02
3.161197900772094727e-02
4.234225153923034668e-01
7.098227739334106445e-01
4.717000722885131836e-01
-2.247457206249237061e-01
-9.816681146621704102e-01
-1.278046607971191406e+00
-9.742361903190612793e-01
-3.228363394737243652e-01
1.294468343257904053e-01
3.093338012695312500e-02
-6.130501627922058105e-01
-1.372634530067443848e+00
-1.763994216918945312e+00
-1.477732539176940918e+00
-6.121500134468078613e-01
4.691473245620727539e-01
1.275931358337402344e+00
1.470111012458801270e+00
9.382275342941284180e-01
-1.180331557989120483e-01
-1.295338988304138184e+00
-2.082939386367797852e+00
-2.107835054397583008e+00
-1.287768840789794922e+00
6.510424613952636719e-02
1.401750564575195312e+00
2.197525739669799805e+00
2.251302957534790039e+00
1.759720444679260254e+00
1.157933831214904785e+00
8.041949868202209473e-01
7.450956106185913086e-01
7.342829108238220215e-01
4.565421342849731445e-01
-1.900170445442199707e-01
-1.013538360595703125e+00
-1.659006118774414062e+00
-1.891431927680969238e+00
-1.741228103637695312e+00
-1.478277087211608887e+00
-1.357042908668518066e+00
-1.439548254013061523e+00
-1.516751408576965332e+00
-1.315783500671386719e+00
-6.935228705406188965e-01
1.825247406959533691e-01
9.577776789665222168e-01
1.257140636444091797e+00
9.839617013931274414e-01
3.469077944755554199e-01
-1.887923479080200195e-01
-2.267451286315917969e-01
3.822995424270629883e-01
1.366274714469909668e+00
2.230968952178955078e+00
2.476331233978271484e+00
1.967539548873901367e+00
9.696750640869140625e-01
6.756812334060668945e-02
-2.824622988700866699e-01
4.248499870300292969e-03
4.906759262084960938e-01
5.893744826316833496e-01
-7.919269800186157227e-02
-1.291930198669433594e+00
-2.405889034271240234e+00
-2.714367866516113281e+00
-2.040312051773071289e+00
-8.154649734497070312e-01
1.206049174070358276e-01
1.967524588108062744e-01
-5.541083812713623047e-01
-1.430469989776611328e+00
-1.643424510955810547e+00
-8.032798767089843750e-01
7.316396236419677734e-01
2.189622163772583008e+00
2.832690715789794922e+00
2.485070705413818359e+00
1.478496313095092773e+00
4.179617762565612793e-01
-3.105061054229736328e-01
-6.251149773597717285e-01
-7.101363539695739746e-01
-6.908469200134277344e-01
-5.904690027236938477e-01
-3.307554125785827637e-01
2.857033908367156982e-02
3.279052376747131348e-01
3.683914840221405029e-01
1.730821132659912109e-01
-5.243677645921707153e-02
-2.812251448631286621e-02
2.768589258193969727e-01
6.307960152626037598e-01
6.496708393096923828e-01
1.760844141244888306e-01
-6.025930047035217285e-01
-1.229179143905639648e+00
-1.360686063766479492e+00
-9.895876049995422363e-01
-4.551884829998016357e-01
-1.042351499199867249e-01
-2.740633487701416016e-02
4.354268312454223633e-03
2.415250092744827271e-01
6.618826389312744141e-01
8.846954107284545898e-01
4.777964055538177490e-01
-6.422967910766601562e-01
-2.014724254608154297e+00
-2.887263298034667969e+00
-2.728233337402343750e+00
-1.613005638122558594e+00
-1.829426586627960205e-01
8.175468444824218750e-01
1.041765332221984863e+00
7.376657128334045410e-01
4.647360444068908691e-01
6.434820890426635742e-01
1.222725749015808105e+00
1.807354927062988281e+00
1.984891176223754883e+00
1.692498564720153809e+00
1.183153510093688965e+00
8.143568634986877441e-01
6.940090656280517578e-01
6.742615699768066406e-01
4.782094955444335938e-01
4.496222734451293945e-02
-4.623374044895172119e-01
-7.265758514404296875e-01
-6.293261647224426270e-01
-2.823157310485839844e-01
-9.809056296944618225e-03
7.596865296363830566e-03
-2.110837101936340332e-01
-3.872452378273010254e-01
-3.246617615222930908e-01
2.566909790039062500e-02
4.387756288051605225e-01
7.231091260910034180e-01
7.682347297668457031e-01
7.196801304817199707e-01
6.957014799118041992e-01
7.639492154121398926e-01
7.410594224929809570e-01
4.798523485660552979e-01
-1.094401180744171143e-01
-7.996976971626281738e-01
-1.321185231208801270e+00
-1.390521168708801270e+00
-1.057816743850708008e+00
-5.134323835372924805e-01
-1.180184185504913330e-01
-1.296605076640844345e-02
-2.210792899131774902e-01
-4.921760559082031250e-01
-6.548919081687927246e-01
-5.363910198211669922e-01
-2.303110808134078979e-01
1.623087823390960693e-01
4.038092494010925293e-01
4.390269219875335693e-01
2.195820510387420654e-01
