1.587301492691040039e-03
1.524746417999267578e-03
8.084759712219238281e-01
1.382676959037780762e+00
1.409326791763305664e+00
8.634104728698730469e-01
1.457715034484863281e-02
-6.599784493446350098e-01
-7.982947826385498047e-01
-3.220193684101104736e-01
4.689562618732452393e-01
1.116493940353393555e+00
1.236504554748535156e+00
7.785951495170593262e-01
1.301223039627075195e-02
-5.975339412689208984e-01
-7.164618968963623047e-01
-3.047329187393188477e-01
3.162199854850769043e-01
6.836124062538146973e-01
4.532490968704223633e-01
-3.438448309898376465e-01
-1.324488401412963867e+00
-1.953905582427978516e+00
-1.906676173210144043e+00
-1.264699339866638184e+00
-4.977071881294250488e-01
-1.373830735683441162e-01
-4.380552768707275391e-01
-1.180743813514709473e+00
-1.826570510864257812e+00
-1.862984657287597656e+00
-1.145905017852783203e+00
3.292882442474365234e-02
1.157544612884521484e+00
1.833043336868286133e+00
1.989995718002319336e+00
1.830506086349487305e+00
1.586679697036743164e+00
1.310542821884155273e+00
8.751817941665649414e-01
1.551124453544616699e-01
-7.631515860557556152e-01
-1.565981745719909668e+00
-1.879934191703796387e+00
-1.543175339698791504e+00
-7.006824612617492676e-01
2.707829177379608154e-01
1.014323830604553223e+00
1.348513126373291016e+00
1.304016113281250000e+00
9.776932597160339355e-01
4.634140729904174805e-01
-1.771069765090942383e-01
-7.900888919830322266e-01
-1.136513590812683105e+00
-9.706146121025085449e-01
-2.822067141532897949e-01
6.269502043724060059e-01
1.211830139160156250e+00
1.048458933830261230e+00
9.634232521057128906e-02
-1.186343550682067871e+00
-2.138260602951049805e+00
-2.246519565582275391e+00
-1.486120581626892090e+00
-2.444538474082946777e-01
9.063112735748291016e-01
1.599242925643920898e+00
1.757649898529052734e+00
1.559436678886413574e+00
1.163942694664001465e+00
6.423479318618774414e-01
-4.765015840530395508e-02
-8.482025861740112305e-01
-1.580183386802673340e+00
-1.938144207000732422e+00
-1.742999672889709473e+00
-1.021956920623779297e+00
-8.923573791980743408e-02
6.892431378364562988e-01
1.021916627883911133e+00
8.985748291015625000e-01
4.856756031513214111e-01
8.020362257957458496e-02
-1.187407970428466797e-01
-1.212042570114135742e-02
3.091188967227935791e-01
7.008191943168640137e-01
9.546176791191101074e-01
9.595428705215454102e-01
6.693404912948608398e-01
2.062312513589859009e-01
-2.737326622009277344e-01
-5.770715475082397461e-01
-6.479347348213195801e-01
-5.103951692581176758e-01
-3.194167017936706543e-01
-1.910532116889953613e-01
-2.205756455659866333e-01
-3.700023889541625977e-01
-5.757738947868347168e-01
-6.839918494224548340e-01
-5.846579074859619141e-01
-1.717932522296905518e-01
4.813736677169799805e-01
1.158741831779479980e+00
1.454595327377319336e+00
1.051999688148498535e+00
-1.107204407453536987e-01
-1.601199150085449219e+00
-2.707032680511474609e+00
-2.733887910842895508e+00
-1.534358263015747070e+00
4.049643874168395996e-01
2.133177518844604492e+00
2.876708507537841797e+00
2.446183681488037109e+00
1.391727924346923828e+00
5.102059841156005859e-01
3.357950448989868164e-01
7.185567021369934082e-01
1.067260503768920898e+00
7.964863181114196777e-01
-1.215460672974586487e-01
-1.189169645309448242e+00
-1.709325671195983887e+00
-1.389215350151062012e+00
-4.968807697296142578e-01
3.066115379333496094e-01
5.357251763343811035e-01
1.654649972915649414e-01
-3.612679243087768555e-01
-5.909668207168579102e-01
-3.721351921558380127e-01
2.297085523605346680e-02
2.438364624977111816e-01
1.458694338798522949e-01
-5.290740728378295898e-02
-5.962640047073364258e-02
2.154303789138793945e-01
4.851842522621154785e-01
3.579032719135284424e-01
-3.300021290779113770e-01
-1.262872099876403809e+00
-1.862826466560363770e+00
-1.673740983009338379e+00
-7.454776167869567871e-01
4.210094213485717773e-01
1.210073471069335938e+00
1.345704793930053711e+00
1.005617260932922363e+00
6.293445825576782227e-01
5.065769553184509277e-01
5.915983319282531738e-01
5.937113165855407715e-01
3.232981264591217041e-01
-1.017390340566635132e-01
-3.112442791461944580e-01
-1.249343156814575195e-02
7.344810962677001953e-01
1.492720961570739746e+00
1.750667691230773926e+00
1.281664967536926270e+00
3.180615007877349854e-01
-6.115789413452148438e-01
-1.040802240371704102e+00
-8.592637777328491211e-01
-3.569732904434204102e-01
-3.646254539489746094e-03
-1.510450243949890137e-01
-8.298707604408264160e-01
-1.764425277709960938e+00
-2.518798828125000000e+00
-2.717396259307861328e+00
-2.189961194992065430e+00
-1.053378224372863770e+00
3.432189822196960449e-01
1.530744314193725586e+00
2.139299392700195312e+00
2.043389320373535156e+00
1.445099830627441406e+00
7.249218225479125977e-01
2.415073812007904053e-01
9.364499151706695557e-02
1.330304741859436035e-01
9.409803152084350586e-02
-1.316854059696197510e-01
-4.262166619300842285e-01
-5.077679753303527832e-01
-2.058030366897583008e-01
4.093180298805236816e-01
1.017505526542663574e+00
1.315477967262268066e+00
1.187715411186218262e+00
8.030323386192321777e-01
4.070535302162170410e-01
1.608452349901199341e-01
-2.970680594444274902e-03
-2.146971076726913452e-01
-5.384764075279235840e-01
-8.278129696846008301e-01
-8.983435630798339844e-01
-6.733832955360412598e-01
-3.557306528091430664e-01
-2.479782104492187500e-01
-5.508571267127990723e-01
-1.101554870605468750e+00
-1.497897982597351074e+00
-1.327723741531372070e+00
-5.471247434616088867e-01
5.025138854980468750e-01
1.251921653747558594e+00
1.342882990837097168e+00
8.039059638977050781e-01
5.899953842163085938e-02
-4.414723515510559082e-01
