-1.336608409881591797e+00
-1.411673188209533691e+00
-7.085157632827758789e-01
1.615567505359649658e-02
6.149502992630004883e-01
9.075108170509338379e-01
8.749313950538635254e-01
5.479605197906494141e-01
1.040248572826385498e-01
-3.351420760154724121e-01
-6.270791888236999512e-01
-7.436414361000061035e-01
-6.132221221923828125e-01
-2.333940863609313965e-01
4.350023865699768066e-01
1.272291421890258789e+00
2.093363285064697266e+00
2.571407794952392578e+00
2.499397993087768555e+00
1.811588644981384277e+00
7.562244534492492676e-01
-3.290217816829681396e-01
-1.088047742843627930e+00
-1.428985953330993652e+00
-1.418662548065185547e+00
-1.268387198448181152e+00
-1.042712211608886719e+00
-7.224165201187133789e-01
-1.880368590354919434e-01
4.820327162742614746e-01
1.043958663940429688e+00
1.100655436515808105e+00
4.936792254447937012e-01
-5.822829604148864746e-01
-1.510930418968200684e+00
-1.691252827644348145e+00
-8.691855072975158691e-01
5.468646883964538574e-01
1.763407707214355469e+00
2.012919664382934570e+00
1.139284491539001465e+00
-3.590393066406250000e-01
-1.573159933090209961e+00
-1.858649492263793945e+00
-1.180564403533935547e+00
-1.672796905040740967e-01
4.196649789810180664e-01
1.690464615821838379e-01
-6.585071682929992676e-01
-1.414369702339172363e+00
-1.505944967269897461e+00
-8.683637380599975586e-01
6.525135040283203125e-02
6.725897192955017090e-01
6.390318870544433594e-01
1.163367554545402527e-01
-4.177362918853759766e-01
-5.822868347167968750e-01
-3.493420183658599854e-01
-3.770336508750915527e-02
6.994217634201049805e-03
-3.005165457725524902e-01
-6.987388730049133301e-01
-7.970492243766784668e-01
-3.779499530792236328e-01
4.346756935119628906e-01
1.266347646713256836e+00
1.755490541458129883e+00
1.760144233703613281e+00
1.406201481819152832e+00
9.280230998992919922e-01
5.257586836814880371e-01
2.578314542770385742e-01
1.151331886649131775e-01
5.115202814340591431e-02
4.078334569931030273e-02
-2.790093421936035156e-04
-1.666470170021057129e-01
-5.456829071044921875e-01
-1.048415899276733398e+00
-1.438034534454345703e+00
-1.390992760658264160e+00
-7.908412218093872070e-01
1.821279823780059814e-01
1.030995249748229980e+00
1.293360590934753418e+00
7.726786136627197266e-01
-2.528353929519653320e-01
-1.277011871337890625e+00
-1.804811477661132812e+00
-1.717267751693725586e+00
-1.188104033470153809e+00
-5.779691934585571289e-01
-6.127849221229553223e-02
3.576322793960571289e-01
8.484647274017333984e-01
1.421780109405517578e+00
1.950540065765380859e+00
2.124555110931396484e+00
1.794762134552001953e+00
9.983031749725341797e-01
7.547448575496673584e-02
-6.498119831085205078e-01
-9.195609688758850098e-01
-7.829920649528503418e-01
-3.828078508377075195e-01
1.855719089508056641e-02
2.950790524482727051e-01
3.228042423725128174e-01
1.393832564353942871e-01
-2.237468361854553223e-01
-5.649112462997436523e-01
-7.201838493347167969e-01
-4.925373196601867676e-01
4.776859283447265625e-02
7.001122832298278809e-01
1.072755813598632812e+00
9.773971438407897949e-01
4.147942662239074707e-01
-2.527024149894714355e-01
-6.992945671081542969e-01
-7.029294967651367188e-01
-4.425454139709472656e-01
-1.881950497627258301e-01
-2.399718463420867920e-01
-5.432944893836975098e-01
-8.986195921897888184e-01
-9.683094024658203125e-01
-6.888320446014404297e-01
-1.447880566120147705e-01
3.538079261779785156e-01
6.586521863937377930e-01
6.991381645202636719e-01
6.351829171180725098e-01
5.413292050361633301e-01
5.131793618202209473e-01
4.857754409313201904e-01
4.978204071521759033e-01
5.254614949226379395e-01
6.259436011314392090e-01
6.739915013313293457e-01
5.634269714355468750e-01
1.364568024873733521e-01
-4.918055534362792969e-01
-1.103280186653137207e+00
-1.341575384140014648e+00
-1.132547736167907715e+00
-6.105691790580749512e-01
-1.952404975891113281e-01
-1.300084590911865234e-01
-4.317554831504821777e-01
-7.220390439033508301e-01
-6.513187289237976074e-01
-2.784772962331771851e-02
8.880040049552917480e-01
1.702617645263671875e+00
2.014396905899047852e+00
1.790808320045471191e+00
1.185345649719238281e+00
5.087406039237976074e-01
-1.072089523077011108e-01
-5.727725625038146973e-01
-8.791349530220031738e-01
-8.769684433937072754e-01
-4.958459138870239258e-01
2.165541648864746094e-01
8.744052052497863770e-01
1.046685814857482910e+00
4.746875166893005371e-01
-5.347675085067749023e-01
-1.320604443550109863e+00
-1.194179177284240723e+00
-7.076112926006317139e-02
1.459315419197082520e+00
2.369833469390869141e+00
1.973362922668457031e+00
3.506045937538146973e-01
-1.575031399726867676e+00
-2.707160472869873047e+00
-2.421480417251586914e+00
-1.028810620307922363e+00
5.506566166877746582e-01
1.369092941284179688e+00
1.120603084564208984e+00
1.921377182006835938e-01
-6.631895303726196289e-01
-9.562939405441284180e-01
-7.124027013778686523e-01
-3.911283910274505615e-01
-3.994280993938446045e-01
-7.865150570869445801e-01
-1.182960033416748047e+00
-1.145668506622314453e+00
-4.849076867103576660e-01
5.589731931686401367e-01
1.503633975982666016e+00
1.918265938758850098e+00
1.668531656265258789e+00
9.238429665565490723e-01
9.367868304252624512e-03
-7.800519466400146484e-01
-1.266024351119995117e+00
-1.372343897819519043e+00
-1.113458991050720215e+00
-5.880866050720214844e-01
-1.015672087669372559e-02
3.546405434608459473e-01
2.986922860145568848e-01
-1.578116714954376221e-01
-7.624663114547729492e-01
-1.119925260543823242e+00
-9.659330248832702637e-01
-2.970326542854309082e-01
5.853078365325927734e-01
1.311770558357238770e+00
1.625903129577636719e+00
1.558549404144287109e+00
