7.749393582344055176e-01
7.565817832946777344e-01
-1.724369227886199951e-01
-1.025100469589233398e+00
-1.412787914276123047e+00
-1.172459006309509277e+00
-4.927924871444702148e-01
2.066007107496261597e-01
5.064206719398498535e-01
2.427558302879333496e-01
-4.322435259819030762e-01
-1.149620890617370605e+00
-1.566493868827819824e+00
-1.529343128204345703e+00
-1.142589092254638672e+00
-6.483653187751770020e-01
-3.050471842288970947e-01
-2.428802996873855591e-01
-4.518457055091857910e-01
-7.769306898117065430e-01
-1.001951217651367188e+00
-8.905611038208007812e-01
-3.082208931446075439e-01
7.146393060684204102e-01
1.911990046501159668e+00
2.881830930709838867e+00
3.235852479934692383e+00
2.843559980392456055e+00
1.903091311454772949e+00
8.796709775924682617e-01
2.138815224170684814e-01
9.471273422241210938e-02
3.351660966873168945e-01
5.593776702880859375e-01
4.563262164592742920e-01
3.391487523913383484e-02
-4.204199910163879395e-01
-5.279519557952880859e-01
-1.308056265115737915e-01
6.081030368804931641e-01
1.267171740531921387e+00
1.451618909835815430e+00
9.883852601051330566e-01
2.968329563736915588e-02
-1.086458325386047363e+00
-1.982246756553649902e+00
-2.414801359176635742e+00
-2.288787364959716797e+00
-1.680373191833496094e+00
-7.726991176605224609e-01
1.423180252313613892e-01
7.675963044166564941e-01
8.859561085700988770e-01
5.161284208297729492e-01
-9.297031909227371216e-02
-5.447537899017333984e-01
-5.498566031455993652e-01
-7.479941099882125854e-02
6.094098687171936035e-01
1.138419747352600098e+00
1.266985058784484863e+00
1.044080376625061035e+00
7.224801778793334961e-01
5.888742804527282715e-01
7.414600849151611328e-01
1.082537889480590820e+00
1.402395725250244141e+00
1.569294214248657227e+00
1.564502596855163574e+00
1.450623273849487305e+00
1.229336500167846680e+00
8.272117972373962402e-01
1.392687857151031494e-01
-8.127746582031250000e-01
-1.847333908081054688e+00
-2.669007301330566406e+00
-3.051841020584106445e+00
-2.944620132446289062e+00
-2.500428676605224609e+00
-1.937379479408264160e+00
-1.427411794662475586e+00
-1.011161088943481445e+00
-6.618690490722656250e-01
-3.414512276649475098e-01
-6.807866692543029785e-02
1.244582608342170715e-01
2.151260972023010254e-01
2.367818355560302734e-01
2.328613996505737305e-01
2.455561459064483643e-01
2.949038445949554443e-01
4.168107211589813232e-01
6.554594039916992188e-01
1.031012177467346191e+00
1.455974936485290527e+00
1.731338858604431152e+00
1.626607179641723633e+00
1.058019638061523438e+00
1.975774914026260376e-01
-5.636092424392700195e-01
-8.346170783042907715e-01
-4.661584198474884033e-01
3.387753963470458984e-01
1.154661536216735840e+00
1.595430493354797363e+00
1.537184000015258789e+00
1.135806083679199219e+00
6.607488989830017090e-01
2.905478179454803467e-01
3.491054102778434753e-02
-1.754861474037170410e-01
-3.550794124603271484e-01
-4.191131889820098877e-01
-2.884320318698883057e-01
-2.663406729698181152e-02
1.379619836807250977e-01
-2.962106652557849884e-02
-5.596265792846679688e-01
-1.187020659446716309e+00
-1.513163566589355469e+00
-1.297104001045227051e+00
-6.740659475326538086e-01
-8.232913911342620850e-02
3.354150056838989258e-02
-4.417645931243896484e-01
-1.216143846511840820e+00
-1.792572379112243652e+00
-1.839430809020996094e+00
-1.391443371772766113e+00
-7.893142700195312500e-01
-3.730636239051818848e-01
-2.393954694271087646e-01
-1.989465355873107910e-01
-1.929103047586977482e-03
4.377819299697875977e-01
9.536614418029785156e-01
1.300588846206665039e+00
1.358026266098022461e+00
1.241906762123107910e+00
1.161195516586303711e+00
1.214899301528930664e+00
1.257090687751770020e+00
1.029456496238708496e+00
3.861317634582519531e-01
-5.125191211700439453e-01
-1.285467147827148438e+00
-1.566556096076965332e+00
-1.286587238311767578e+00
-6.929835677146911621e-01
-1.804022490978240967e-01
1.543282438069581985e-02
-6.571396440267562866e-02
-1.734948158264160156e-01
-1.098966449499130249e-01
1.268229633569717407e-01
3.319301903247833252e-01
3.088431656360626221e-01
1.941548846662044525e-02
-3.599332869052886963e-01
-6.004488468170166016e-01
-5.675296783447265625e-01
-3.176797032356262207e-01
1.095232646912336349e-02
3.070385158061981201e-01
5.812823176383972168e-01
8.807911276817321777e-01
1.203822493553161621e+00
1.415588259696960449e+00
1.351056694984436035e+00
9.271517992019653320e-01
2.614245712757110596e-01
-4.013778865337371826e-01
-8.165706396102905273e-01
-9.118434190750122070e-01
-7.853938341140747070e-01
-6.297587752342224121e-01
-5.562039613723754883e-01
-5.529057979583740234e-01
-5.008822679519653320e-01
-3.207289278507232666e-01
-2.825202420353889465e-02
2.435648143291473389e-01
3.662806451320648193e-01
2.819601893424987793e-01
6.496721506118774414e-02
-1.513412445783615112e-01
-2.328613996505737305e-01
-1.382731199264526367e-01
8.724524080753326416e-02
3.148171603679656982e-01
4.127036035060882568e-01
2.880586385726928711e-01
-4.262695461511611938e-02
-4.604333341121673584e-01
-7.685297727584838867e-01
-8.083564043045043945e-01
-5.440070629119873047e-01
-1.204755976796150208e-01
2.248338460922241211e-01
2.926013767719268799e-01
7.542170584201812744e-02
-2.426936030387878418e-01
-3.962751030921936035e-01
-2.454939186573028564e-01
1.227158457040786743e-01
4.347327053546905518e-01
4.397732615470886230e-01
9.471273422241210938e-02
-3.731258511543273926e-01
-6.218556761741638184e-01
-4.274519085884094238e-01
1.416957229375839233e-01
7.678452134132385254e-01
1.086147189140319824e+00
9.310100078582763672e-01
4.285098016262054443e-01
-9.987775236368179321e-02
