-1.463873982429504395e+00
-1.503960013389587402e+00
-1.091205358505249023e+00
-6.780629158020019531e-01
-2.978740334510803223e-01
-9.672343730926513672e-03
3.165171742439270020e-01
6.621968746185302734e-01
1.070523619651794434e+00
1.414036512374877930e+00
1.706144213676452637e+00
1.865843534469604492e+00
1.931348323822021484e+00
1.769920825958251953e+00
1.351263761520385742e+00
6.061377525329589844e-01
-2.315338104963302612e-01
-8.960785269737243652e-01
-1.026476144790649414e+00
-6.261353492736816406e-01
9.325677156448364258e-02
6.319278478622436523e-01
7.335298657417297363e-01
3.750383853912353516e-01
-5.438017845153808594e-02
-2.669082581996917725e-01
-1.573600769042968750e-01
-7.925498485565185547e-02
-3.674201965332031250e-01
-1.181377649307250977e+00
-2.119739532470703125e+00
-2.625621795654296875e+00
-2.224496603012084961e+00
-1.066471934318542480e+00
3.016507029533386230e-01
1.137864351272583008e+00
1.155076742172241211e+00
5.105994343757629395e-01
-2.279434204101562500e-01
-6.724181175231933594e-01
-7.116339206695556641e-01
-6.096060872077941895e-01
-5.488044619560241699e-01
-5.594412088394165039e-01
-4.069108963012695312e-01
-8.521631360054016113e-03
5.018559694290161133e-01
6.924878954887390137e-01
2.918691933155059814e-01
-6.425512433052062988e-01
-1.585600852966308594e+00
-1.985343813896179199e+00
-1.546684622764587402e+00
-5.180354714393615723e-01
6.054584980010986328e-01
1.351250886917114258e+00
1.619637966156005859e+00
1.541181087493896484e+00
1.318211555480957031e+00
9.561527967453002930e-01
4.102678000926971436e-01
-2.739260792732238770e-01
-7.690227627754211426e-01
-6.993851661682128906e-01
7.355040311813354492e-02
1.170272231101989746e+00
1.904394507408142090e+00
1.715775728225708008e+00
6.494113206863403320e-01
-6.501305103302001953e-01
-1.353190183639526367e+00
-1.067546367645263672e+00
-9.673818200826644897e-02
7.949576377868652344e-01
9.807493090629577637e-01
4.136160016059875488e-01
-4.012927114963531494e-01
-8.618528246879577637e-01
-7.609754800796508789e-01
-3.978816866874694824e-01
-2.668939828872680664e-01
-5.843798518180847168e-01
-1.107859969139099121e+00
-1.333832740783691406e+00
-9.548293352127075195e-01
-9.552347660064697266e-02
7.598950862884521484e-01
1.177495598793029785e+00
1.035719871520996094e+00
5.754581093788146973e-01
9.009468555450439453e-02
-2.602518200874328613e-01
-5.283683538436889648e-01
-7.359262108802795410e-01
-7.804762721061706543e-01
-4.409106969833374023e-01
3.059633970260620117e-01
1.186771512031555176e+00
1.681189894676208496e+00
1.474717020988464355e+00
6.877515912055969238e-01
-8.497285842895507812e-02
-2.808970212936401367e-01
2.451584339141845703e-01
1.010337948799133301e+00
1.353764176368713379e+00
9.052946567535400391e-01
-1.509994268417358398e-02
-7.187252044677734375e-01
-6.322801113128662109e-01
1.355614960193634033e-01
9.378558397293090820e-01
1.009384632110595703e+00
1.610183715820312500e-01
-1.154134631156921387e+00
-2.103074789047241211e+00
-2.182424306869506836e+00
-1.469285726547241211e+00
-5.703740119934082031e-01
-1.834487915039062500e-02
3.148466348648071289e-02
-9.667104482650756836e-02
-6.967115402221679688e-02
1.980521529912948608e-01
3.956248164176940918e-01
2.372758984565734863e-01
-2.831854224205017090e-01
-7.248090505599975586e-01
-6.199721693992614746e-01
1.957946866750717163e-01
1.307927727699279785e+00
2.070858955383300781e+00
1.996320486068725586e+00
1.190204143524169922e+00
1.849894076585769653e-01
-3.790864050388336182e-01
-2.767379879951477051e-01
2.687638998031616211e-01
7.288509607315063477e-01
7.418519258499145508e-01
2.575700283050537109e-01
-4.270430207252502441e-01
-9.916024804115295410e-01
-1.225330233573913574e+00
-1.149341702461242676e+00
-8.461210131645202637e-01
-4.287214279174804688e-01
5.897298455238342285e-02
5.342035889625549316e-01
9.211968779563903809e-01
1.119908452033996582e+00
1.121124029159545898e+00
9.511334896087646484e-01
6.687815189361572266e-01
2.661373019218444824e-01
-2.531843781471252441e-01
-8.210785388946533203e-01
-1.214076280593872070e+00
-1.172410249710083008e+00
-5.775203108787536621e-01
3.671097755432128906e-01
1.208859086036682129e+00
1.501778125762939453e+00
1.123483896255493164e+00
3.567860722541809082e-01
-3.289048075675964355e-01
-6.421281695365905762e-01
-6.819094419479370117e-01
-7.976667881011962891e-01
-1.230866909027099609e+00
-1.807073593139648438e+00
-2.032806873321533203e+00
-1.473765134811401367e+00
-2.048151046037673950e-01
1.169565677642822266e+00
1.863669276237487793e+00
1.529783368110656738e+00
4.945172071456909180e-01
-4.223476052284240723e-01
-5.739012360572814941e-01
7.310758531093597412e-02
8.606719970703125000e-01
1.026852846145629883e+00
2.544717788696289062e-01
-9.821967482566833496e-01
-1.830475687980651855e+00
-1.618343234062194824e+00
-4.476225972175598145e-01
9.535328149795532227e-01
1.650706410408020020e+00
1.239439964294433594e+00
-1.303440332412719727e-02
-1.305387973785400391e+00
-1.970981717109680176e+00
-1.776709675788879395e+00
-1.086206674575805664e+00
-3.984179794788360596e-01
-1.043411344289779663e-01
-1.660247892141342163e-01
-3.892414569854736328e-01
-5.101647377014160156e-01
-5.130056142807006836e-01
-4.252634942531585693e-01
-3.402770161628723145e-01
-1.530689448118209839e-01
2.000887095928192139e-01
7.795015573501586914e-01
1.364025115966796875e+00
1.715269923210144043e+00
1.575066447257995605e+00
1.030167341232299805e+00
3.117178678512573242e-01
-1.741433292627334595e-01
-2.834554016590118408e-01
-4.177957773208618164e-02
2.105221152305603027e-01
2.463909089565277100e-01
