1.255523972213268280e-02
1.606685854494571686e-02
-1.760619878768920898e-02
3.689604997634887695e-02
2.040106207132339478e-01
3.606384396553039551e-01
4.594929218292236328e-01
4.927811622619628906e-01
5.848048329353332520e-01
7.740473747253417969e-01
1.038958191871643066e+00
1.221658587455749512e+00
1.246384143829345703e+00
1.110248804092407227e+00
9.551122188568115234e-01
8.308586478233337402e-01
6.970322728157043457e-01
3.623701930046081543e-01
-2.481704354286193848e-01
-1.027076363563537598e+00
-1.621261477470397949e+00
-1.729592561721801758e+00
-1.270195841789245605e+00
-5.457921624183654785e-01
2.376355789601802826e-02
1.207900717854499817e-01
-1.899160444736480713e-01
-6.115027070045471191e-01
-8.113763928413391113e-01
-7.447037100791931152e-01
-6.027958393096923828e-01
-6.665822267532348633e-01
-9.807999730110168457e-01
-1.347114682197570801e+00
-1.433413982391357422e+00
-1.107122063636779785e+00
-5.081745386123657227e-01
1.019812654703855515e-02
2.011724710464477539e-01
6.431554257869720459e-02
-1.524908542633056641e-01
-2.211838811635971069e-01
-9.928741306066513062e-02
2.106971293687820435e-02
-6.354586780071258545e-02
-3.941671848297119141e-01
-7.651000022888183594e-01
-9.151856303215026855e-01
-7.100685834884643555e-01
-2.655360996723175049e-01
1.871740967035293579e-01
4.711822867393493652e-01
6.037098169326782227e-01
7.042479515075683594e-01
8.500522971153259277e-01
9.608366489410400391e-01
8.909410238265991211e-01
5.901443958282470703e-01
2.284957468509674072e-01
9.644925594329833984e-02
3.871439695358276367e-01
9.906613826751708984e-01
1.528420090675354004e+00
1.589368343353271484e+00
1.025296449661254883e+00
6.623971462249755859e-02
-8.245088458061218262e-01
-1.242824435234069824e+00
-1.073256611824035645e+00
-5.067313909530639648e-01
1.312768161296844482e-01
5.861517190933227539e-01
7.727004885673522949e-01
7.326776385307312012e-01
5.444933176040649414e-01
2.861247956752777100e-01
4.728659242391586304e-02
-5.657073855400085449e-02
4.949939623475074768e-02
2.995459139347076416e-01
4.393371939659118652e-01
1.507590860128402710e-01
-7.205072045326232910e-01
-1.963379740715026855e+00
-3.039859294891357422e+00
-3.353499889373779297e+00
-2.630587339401245117e+00
-1.122948408126831055e+00
4.863832592964172363e-01
1.475024223327636719e+00
1.480604410171508789e+00
6.974652409553527832e-01
-2.875679135322570801e-01
-8.526499271392822266e-01
-6.998704671859741211e-01
3.564533591270446777e-02
9.190820455551147461e-01
1.511391162872314453e+00
1.593938231468200684e+00
1.237196207046508789e+00
6.929434537887573242e-01
2.346049994230270386e-01
2.939176931977272034e-02
1.136706247925758362e-01
4.147558510303497314e-01
8.098370432853698730e-01
1.151811003684997559e+00
1.298769831657409668e+00
1.143344640731811523e+00
6.712483763694763184e-01
-5.387689452618360519e-03
-6.690836548805236816e-01
-1.084657311439514160e+00
-1.119099974632263184e+00
-8.205643296241760254e-01
-3.856527209281921387e-01
-3.218182176351547241e-02
1.382038444280624390e-01
1.999217569828033447e-01
3.043082356452941895e-01
5.176029801368713379e-01
7.030934691429138184e-01
5.859112143516540527e-01
-4.266857355833053589e-02
-1.082059621810913086e+00
-2.101968526840209961e+00
-2.542171478271484375e+00
-2.093405961990356445e+00
-9.234595894813537598e-01
3.691529333591461182e-01
1.147818326950073242e+00
1.138053178787231445e+00
6.181411147117614746e-01
1.643726229667663574e-01
2.268120944499969482e-01
7.520155906677246094e-01
1.266539931297302246e+00
1.240996479988098145e+00
5.729711055755615234e-01
-3.189319670200347900e-01
-7.606743574142456055e-01
-3.843539059162139893e-01
5.994285345077514648e-01
1.482336163520812988e+00
1.608177185058593750e+00
8.098370432853698730e-01
-4.296201169490814209e-01
-1.382134675979614258e+00
-1.542177915573120117e+00
-9.943653941154479980e-01
-2.205104231834411621e-01
2.601484358310699463e-01
3.251374363899230957e-01
2.047802954912185669e-01
2.572140693664550781e-01
5.550282001495361328e-01
8.771350383758544922e-01
8.633772134780883789e-01
4.362104237079620361e-01
-1.484981924295425415e-01
-4.030665159225463867e-01
-6.181411445140838623e-02
7.556715011596679688e-01
1.534433126449584961e+00
1.792994141578674316e+00
1.325227260589599609e+00
3.873363733291625977e-01
-6.073176264762878418e-01
-1.292852997779846191e+00
-1.628284811973571777e+00
-1.727235436439514160e+00
-1.766681075096130371e+00
-1.725936651229858398e+00
-1.529767036437988281e+00
-1.084801554679870605e+00
-5.151496529579162598e-01
-2.246473915874958038e-02
1.438320577144622803e-01
-4.223563522100448608e-02
-4.727216362953186035e-01
-8.799251317977905273e-01
-1.101060867309570312e+00
-1.030972838401794434e+00
-7.398452162742614746e-01
-2.839119732379913330e-01
2.034814804792404175e-01
6.510445475578308105e-01
9.097498059272766113e-01
9.251432418823242188e-01
6.570094823837280273e-01
2.510567009449005127e-01
-1.360391527414321899e-01
-2.844892442226409912e-01
-1.376266032457351685e-01
3.066172301769256592e-01
8.863710761070251465e-01
1.469877123832702637e+00
1.852643489837646484e+00
1.934757709503173828e+00
1.622897028923034668e+00
1.038813829421997070e+00
3.854121863842010498e-01
6.301672197878360748e-03
4.512189701199531555e-02
4.251464009284973145e-01
7.049214243888854980e-01
4.657464921474456787e-01
-4.946572184562683105e-01
-1.808195114135742188e+00
-2.819156408309936523e+00
-2.856581687927246094e+00
-1.827484965324401855e+00
-2.075703442096710205e-01
1.104572534561157227e+00
1.474687576293945312e+00
7.949727773666381836e-01
-3.667477071285247803e-01
