-1.358741164207458496e+00
-1.405110120773315430e+00
-2.175769329071044922e+00
-1.993599891662597656e+00
-6.363838911056518555e-01
1.056385040283203125e+00
2.207086086273193359e+00
2.046519756317138672e+00
9.268394112586975098e-01
-3.999835252761840820e-01
-8.772058486938476562e-01
-3.464420437812805176e-01
8.191994428634643555e-01
1.587188124656677246e+00
1.468586802482604980e+00
4.160856604576110840e-01
-7.734444141387939453e-01
-1.501155138015747070e+00
-1.382784008979797363e+00
-8.638422489166259766e-01
-3.947379589080810547e-01
-4.160819053649902344e-01
-6.348940134048461914e-01
-6.705569028854370117e-01
-5.096537247300148010e-02
9.897720813751220703e-01
1.987387418746948242e+00
2.217529296875000000e+00
1.577808141708374023e+00
3.435983657836914062e-01
-6.812583804130554199e-01
-1.035739183425903320e+00
-5.755610466003417969e-01
1.673481464385986328e-01
6.990111470222473145e-01
6.218499541282653809e-01
1.543922424316406250e-01
-3.595041930675506592e-01
-4.702198505401611328e-01
-1.861038804054260254e-01
3.276604413986206055e-01
6.766170859336853027e-01
7.423666715621948242e-01
4.860190451145172119e-01
1.049700677394866943e-01
-3.499822616577148438e-01
-7.759792804718017578e-01
-1.160660266876220703e+00
-1.296085357666015625e+00
-1.034997105598449707e+00
-2.806534767150878906e-01
6.908298730850219727e-01
1.459838628768920898e+00
1.588525056838989258e+00
1.076853990554809570e+00
3.037900626659393311e-01
-1.159779131412506104e-01
1.174535602331161499e-01
8.139837980270385742e-01
1.329063892364501953e+00
1.108414173126220703e+00
7.422354817390441895e-02
-1.231340408325195312e+00
-2.069829940795898438e+00
-2.028837680816650391e+00
-1.358035564422607422e+00
-7.583801746368408203e-01
-8.310034275054931641e-01
-1.590153455734252930e+00
-2.407199382781982422e+00
-2.481288909912109375e+00
-1.401567101478576660e+00
5.069519281387329102e-01
2.441410303115844727e+00
3.594535350799560547e+00
3.689659357070922852e+00
2.976672410964965820e+00
2.023338556289672852e+00
1.220052719116210938e+00
6.938982009887695312e-01
2.929704189300537109e-01
-6.539010256528854370e-02
-4.004764258861541748e-01
-5.961151123046875000e-01
-6.836119890213012695e-01
-7.305499911308288574e-01
-8.828673362731933594e-01
-1.054638147354125977e+00
-1.098937511444091797e+00
-8.074972629547119141e-01
-3.040030002593994141e-01
1.288525462150573730e-01
9.239572286605834961e-02
-4.112976789474487305e-01
-1.066914200782775879e+00
-1.264827251434326172e+00
-7.469310760498046875e-01
3.221359550952911377e-01
1.236297369003295898e+00
1.428562045097351074e+00
7.082892060279846191e-01
-3.885262906551361084e-01
-1.168124437332153320e+00
-1.073259353637695312e+00
-2.533233165740966797e-01
7.828835248947143555e-01
1.363268852233886719e+00
1.313969969749450684e+00
8.117120862007141113e-01
3.670508861541748047e-01
2.079934477806091309e-01
3.414173722267150879e-01
4.288476109504699707e-01
3.151224553585052490e-01
-2.797500044107437134e-02
-2.991888523101806641e-01
-3.301642239093780518e-01
-3.284239768981933594e-02
3.482648134231567383e-01
6.228760480880737305e-01
5.956063270568847656e-01
3.592890202999114990e-01
-3.626927733421325684e-03
-3.108562231063842773e-01
-5.673672556877136230e-01
-7.341933250427246094e-01
-8.934010267257690430e-01
-1.005627036094665527e+00
-1.109930157661437988e+00
-1.118006110191345215e+00
-9.995740652084350586e-01
-6.164889931678771973e-01
1.941695809364318848e-02
8.228073120117187500e-01
1.444837570190429688e+00
1.567330837249755859e+00
9.836894869804382324e-01
-7.388369739055633545e-02
-1.130453467369079590e+00
-1.629424929618835449e+00
-1.403998255729675293e+00
-6.866387724876403809e-01
-1.677566766738891602e-02
2.588272988796234131e-01
1.568702161312103271e-01
6.252500414848327637e-02
2.835338115692138672e-01
7.807727456092834473e-01
1.106779694557189941e+00
8.225812911987304688e-01
-1.100104823708534241e-01
-1.172397732734680176e+00
-1.638552784919738770e+00
-1.108538389205932617e+00
1.633417904376983643e-01
1.424266099929809570e+00
1.980444192886352539e+00
1.652302980422973633e+00
8.747829198837280273e-01
2.533627152442932129e-01
1.263283491134643555e-01
2.988026738166809082e-01
3.681880235671997070e-01
6.520286202430725098e-02
-4.159573018550872803e-01
-7.113084197044372559e-01
-5.642652511596679688e-01
-2.077987343072891235e-01
-5.983168259263038635e-02
-4.566754400730133057e-01
-1.167562842369079590e+00
-1.677139043807983398e+00
-1.449157953262329102e+00
-5.554221868515014648e-01
5.186243057250976562e-01
1.066881537437438965e+00
9.168728590011596680e-01
3.532238006591796875e-01
5.996793508529663086e-02
3.111190795898437500e-01
9.519345760345458984e-01
1.297456979751586914e+00
9.550891518592834473e-01
-8.483938127756118774e-02
-1.171588301658630371e+00
-1.777107477188110352e+00
-1.608687400817871094e+00
-1.059362649917602539e+00
-5.164887905120849609e-01
-3.133393526077270508e-01
-1.955679804086685181e-01
3.527279198169708252e-02
5.446776151657104492e-01
9.053167104721069336e-01
7.792763710021972656e-01
-7.895998656749725342e-02
-1.160888314247131348e+00
-1.882929325103759766e+00
-1.638448953628540039e+00
-6.448738574981689453e-01
6.059793829917907715e-01
1.324000835418701172e+00
1.380814671516418457e+00
9.051785469055175781e-01
4.684374034404754639e-01
1.495278179645538330e-01
-8.101241290569305420e-02
-6.233076453208923340e-01
-1.321267127990722656e+00
-1.872674703598022461e+00
-1.587229013442993164e+00
-4.444086551666259766e-01
1.207098484039306641e+00
2.339077949523925781e+00
2.419857501983642578e+00
1.336453437805175781e+00
-4.844400286674499512e-02
