2.575561404228210449e-03
1.410707831382751465e-02
2.683061957359313965e-01
2.316596508026123047e-01
-7.125329971313476562e-02
-2.139095664024353027e-01
-2.935102581977844238e-02
4.739888310432434082e-01
7.879260778427124023e-01
5.828845500946044922e-01
-2.495156675577163696e-01
-1.155140161514282227e+00
-1.533520221710205078e+00
-9.099386334419250488e-01
4.244290292263031006e-01
1.825937032699584961e+00
2.461833953857421875e+00
2.090579032897949219e+00
9.394187927246093750e-01
-2.841807901859283447e-01
-1.126951813697814941e+00
-1.431096196174621582e+00
-1.530463218688964844e+00
-1.652205467224121094e+00
-1.853975653648376465e+00
-1.758843302726745605e+00
-1.077245831489562988e+00
2.623548209667205811e-01
1.758518218994140625e+00
2.763967752456665039e+00
2.707711696624755859e+00
1.623581409454345703e+00
-9.880006313323974609e-03
-1.399288415908813477e+00
-2.022096157073974609e+00
-1.733466863632202148e+00
-9.021997451782226562e-01
-1.183032989501953125e-03
5.503289699554443359e-01
6.815513968467712402e-01
5.021440982818603516e-01
2.453584969043731689e-01
6.983697414398193359e-03
-1.983094811439514160e-01
-4.431454539299011230e-01
-6.907393336296081543e-01
-8.204389810562133789e-01
-6.302128434181213379e-01
-3.312474489212036133e-02
8.702573776245117188e-01
1.759040236473083496e+00
2.254568815231323242e+00
2.103188276290893555e+00
1.331600785255432129e+00
2.477812767028808594e-01
-7.159279584884643555e-01
-1.200264930725097656e+00
-1.100405812263488770e+00
-5.605936050415039062e-01
8.957153558731079102e-02
5.372139811515808105e-01
5.597198605537414551e-01
1.367681026458740234e-01
-6.239743828773498535e-01
-1.456451892852783203e+00
-2.083353757858276367e+00
-2.206253051757812500e+00
-1.708074808120727539e+00
-6.411128044128417969e-01
6.489086747169494629e-01
1.733249068260192871e+00
2.175233840942382812e+00
1.851976990699768066e+00
9.069874286651611328e-01
-1.900655925273895264e-01
-9.995244145393371582e-01
-1.188151478767395020e+00
-8.132226467132568359e-01
-1.124947071075439453e-01
4.889897108078002930e-01
7.540746927261352539e-01
5.744286775588989258e-01
1.470085978507995605e-01
-3.287691175937652588e-01
-6.102570891380310059e-01
-7.037604451179504395e-01
-6.630610227584838867e-01
-6.877627372741699219e-01
-7.938009500503540039e-01
-9.602159857749938965e-01
-9.765173792839050293e-01
-7.970394492149353027e-01
-4.307161569595336914e-01
-1.407719403505325317e-01
-5.120049789547920227e-02
-1.845245510339736938e-01
-1.946682035923004150e-01
2.115953862667083740e-01
1.188889265060424805e+00
2.322851181030273438e+00
2.992832183837890625e+00
2.568236827850341797e+00
1.101215600967407227e+00
-7.886559963226318359e-01
-2.037660837173461914e+00
-2.023407220840454102e+00
-7.992646098136901855e-01
7.299827337265014648e-01
1.633606195449829102e+00
1.417856574058532715e+00
5.490949153900146484e-01
-1.374179720878601074e-01
6.032690405845642090e-02
9.347595572471618652e-01
1.688742756843566895e+00
1.373157262802124023e+00
-1.344492733478546143e-01
-2.123197317123413086e+00
-3.319235563278198242e+00
-2.968769073486328125e+00
-1.209722757339477539e+00
8.278672695159912109e-01
1.978032588958740234e+00
1.642841815948486328e+00
2.948283255100250244e-01
-1.111433625221252441e+00
-1.684963107109069824e+00
-1.315128087997436523e+00
-4.554311335086822510e-01
1.820963919162750244e-01
3.063141405582427979e-01
2.416362613439559937e-02
-2.515591979026794434e-01
-3.286872506141662598e-01
-2.465280890464782715e-01
-2.633065879344940186e-01
-4.433880448341369629e-01
-6.760792732238769531e-01
-6.915653944015502930e-01
-4.394655823707580566e-01
-7.952657341957092285e-02
7.108531147241592407e-02
-8.067210018634796143e-02
-3.535990118980407715e-01
-3.530094027519226074e-01
1.235247850418090820e-01
9.366378784179687500e-01
1.622338652610778809e+00
1.783329367637634277e+00
1.359067916870117188e+00
7.110753655433654785e-01
3.119481205940246582e-01
4.109379351139068604e-01
8.447369337081909180e-01
1.205208778381347656e+00
1.161069154739379883e+00
6.919201612472534180e-01
7.375609874725341797e-02
-3.862309157848358154e-01
-5.574433207511901855e-01
-5.701016783714294434e-01
-6.153273582458496094e-01
-7.984335422515869141e-01
-1.009366989135742188e+00
-1.093687295913696289e+00
-9.367659091949462891e-01
-6.263453364372253418e-01
-2.925001978874206543e-01
-7.986253499984741211e-02
4.240044951438903809e-02
1.250275522470474243e-01
2.802032232284545898e-01
4.792033731937408447e-01
7.199572324752807617e-01
9.220989346504211426e-01
1.100374341011047363e+00
1.157240509986877441e+00
1.030772924423217773e+00
5.495321750640869141e-01
-2.444731146097183228e-01
-1.204749345779418945e+00
-1.901998162269592285e+00
-2.034044265747070312e+00
-1.434546470642089844e+00
-3.974055647850036621e-01
6.688726544380187988e-01
1.270235538482666016e+00
1.308850049972534180e+00
8.759502172470092773e-01
3.677877485752105713e-01
-9.223997592926025391e-03
-9.760940074920654297e-02
-6.141787767410278320e-02
1.831713318824768066e-02
-4.361533373594284058e-02
-1.932689547538757324e-01
-4.602123796939849854e-01
-6.729339957237243652e-01
-7.934362888336181641e-01
-6.190544366836547852e-01
-1.853447854518890381e-01
5.024830102920532227e-01
1.126382589340209961e+00
1.511784076690673828e+00
1.446565389633178711e+00
1.133914351463317871e+00
7.566497325897216797e-01
6.255952715873718262e-01
6.233235597610473633e-01
5.765606164932250977e-01
1.063136160373687744e-01
-7.140908837318420410e-01
-1.641141653060913086e+00
-2.066213130950927734e+00
-1.760543346405029297e+00
-7.389112710952758789e-01
3.991686105728149414e-01
