8.815044164657592773e-01
9.165346622467041016e-01
9.406353235244750977e-01
5.950607061386108398e-01
-8.277440071105957031e-02
-7.089325189590454102e-01
-9.938939809799194336e-01
-7.992249131202697754e-01
-3.779558241367340088e-01
9.647101163864135742e-03
1.616418957710266113e-01
2.175721526145935059e-01
3.266987204551696777e-01
5.951734185218811035e-01
7.971923351287841797e-01
6.984118223190307617e-01
1.431372165679931641e-01
-6.097055077552795410e-01
-1.175357580184936523e+00
-1.171807885169982910e+00
-6.465383768081665039e-01
9.882189333438873291e-02
5.922102332115173340e-01
6.546269655227661133e-01
3.414531946182250977e-01
-3.517848253250122070e-02
-3.064989447593688965e-01
-4.152091145515441895e-01
-4.971825480461120605e-01
-5.655751824378967285e-01
-5.842444896697998047e-01
-4.169133901596069336e-01
-1.375806033611297607e-01
5.890491604804992676e-02
-1.295561194419860840e-01
-7.282583117485046387e-01
-1.489409208297729492e+00
-1.894704699516296387e+00
-1.599021911621093750e+00
-5.817329883575439453e-01
7.193616628646850586e-01
1.771044850349426270e+00
2.157280445098876953e+00
1.861187696456909180e+00
1.097532510757446289e+00
2.159052491188049316e-01
-5.459949374198913574e-01
-9.922314882278442383e-01
-1.011852264404296875e+00
-5.072830319404602051e-01
4.195361137390136719e-01
1.452808856964111328e+00
2.068416595458984375e+00
1.871507287025451660e+00
8.412948250770568848e-01
-5.171104073524475098e-01
-1.472110629081726074e+00
-1.468053340911865234e+00
-5.305736660957336426e-01
7.807870507240295410e-01
1.705621600151062012e+00
1.800444245338439941e+00
1.158747673034667969e+00
2.977924048900604248e-01
-2.733619809150695801e-01
-3.919310867786407471e-01
-3.138385415077209473e-01
-4.348806738853454590e-01
-9.345222711563110352e-01
-1.596849799156188965e+00
-1.948811054229736328e+00
-1.617523670196533203e+00
-6.264754533767700195e-01
5.575748085975646973e-01
1.307829737663269043e+00
1.218678832054138184e+00
3.969337940216064453e-01
-6.075241565704345703e-01
-1.113642692565917969e+00
-7.739000320434570312e-01
2.180692851543426514e-01
1.198234796524047852e+00
1.494904518127441406e+00
8.424028158187866211e-01
-3.764485716819763184e-01
-1.415138959884643555e+00
-1.620231866836547852e+00
-9.384925961494445801e-01
9.888347983360290527e-02
7.169205546379089355e-01
5.383656620979309082e-01
-1.831734478473663330e-01
-7.033803462982177734e-01
-4.544993937015533447e-01
5.318046808242797852e-01
1.536570191383361816e+00
1.773540735244750977e+00
9.633013010025024414e-01
-3.223934769630432129e-01
-1.145364046096801758e+00
-8.640557527542114258e-01
2.510714530944824219e-01
1.272415041923522949e+00
1.256816983222961426e+00
9.246526658535003662e-02
-1.459628105163574219e+00
-2.255343198776245117e+00
-1.745849370956420898e+00
-3.215886056423187256e-01
9.198709726333618164e-01
1.141809225082397461e+00
3.371693491935729980e-01
-6.177798509597778320e-01
-8.179918527603149414e-01
-2.966825291514396667e-02
1.001535177230834961e+00
1.255245327949523926e+00
2.264249920845031738e-01
-1.497378945350646973e+00
-2.719613075256347656e+00
-2.450425148010253906e+00
-7.663447856903076172e-01
1.325924873352050781e+00
2.547687292098999023e+00
2.365036964416503906e+00
1.212868690490722656e+00
1.525204628705978394e-01
-8.526247739791870117e-02
4.628131389617919922e-01
1.033895254135131836e+00
9.265216588973999023e-01
1.529261469841003418e-02
-1.070560693740844727e+00
-1.551149487495422363e+00
-1.032179832458496094e+00
1.197847425937652588e-01
1.152275562286376953e+00
1.392518162727355957e+00
7.585755586624145508e-01
-3.379983603954315186e-01
-1.242514491081237793e+00
-1.528367996215820312e+00
-1.082140922546386719e+00
-1.260183006525039673e-01
1.020545482635498047e+00
1.973330259323120117e+00
2.428437709808349609e+00
2.176433563232421875e+00
1.297900319099426270e+00
1.378720104694366455e-01
-7.758938074111938477e-01
-1.113179922103881836e+00
-9.443210959434509277e-01
-7.629615664482116699e-01
-1.057814478874206543e+00
-1.911613941192626953e+00
-2.801023483276367188e+00
-2.973195075988769531e+00
-2.015465974807739258e+00
-3.047004640102386475e-01
1.182402849197387695e+00
1.502833604812622070e+00
4.750759899616241455e-01
-1.159435629844665527e+00
-2.217754840850830078e+00
-1.930775403976440430e+00
-4.852792024612426758e-01
1.119166016578674316e+00
1.819607257843017578e+00
1.264040946960449219e+00
4.295551776885986328e-02
-7.751445770263671875e-01
-4.545506238937377930e-01
8.868723511695861816e-01
2.374142885208129883e+00
3.044858694076538086e+00
2.507302761077880859e+00
1.205001473426818848e+00
2.952489256858825684e-02
-2.905762195587158203e-01
2.966067492961883545e-01
1.225277543067932129e+00
1.704425573348999023e+00
1.311499834060668945e+00
1.980110406875610352e-01
-9.964907169342041016e-01
-1.640620231628417969e+00
-1.447141408920288086e+00
-6.806111335754394531e-01
1.161967217922210693e-01
4.105102419853210449e-01
7.023328542709350586e-02
-6.683245897293090820e-01
-1.311983585357666016e+00
-1.522419810295104980e+00
-1.228572964668273926e+00
-7.097721099853515625e-01
-2.613403201103210449e-01
-5.461899936199188232e-02
6.462006270885467529e-02
3.076034784317016602e-01
8.049826025962829590e-01
1.324226260185241699e+00
1.503323078155517578e+00
1.022612690925598145e+00
1.765549182891845703e-02
-1.048997640609741211e+00
-1.541842579841613770e+00
-1.207123398780822754e+00
-2.380245923995971680e-01
7.225285172462463379e-01
1.146252274513244629e+00
8.332557082176208496e-01
1.341722607612609863e-01
-4.862603545188903809e-01
-6.661059260368347168e-01
-5.043396353721618652e-01
