1.701687574386596680e-01
1.692877411842346191e-01
1.348012983798980713e-01
2.641454041004180908e-01
5.019217729568481445e-01
5.371951460838317871e-01
2.694475352764129639e-01
-3.630286455154418945e-01
-1.001238465309143066e+00
-1.307079553604125977e+00
-9.201617240905761719e-01
7.158443331718444824e-03
1.100153207778930664e+00
1.733405113220214844e+00
1.699413776397705078e+00
1.122766256332397461e+00
5.945942401885986328e-01
5.065108537673950195e-01
9.629554152488708496e-01
1.502784490585327148e+00
1.668792486190795898e+00
1.172940611839294434e+00
2.995526790618896484e-01
-5.257214307785034180e-01
-8.989080190658569336e-01
-8.955692648887634277e-01
-7.620993852615356445e-01
-8.086720108985900879e-01
-9.735816717147827148e-01
-1.083351254463195801e+00
-9.534285068511962891e-01
-7.827984690666198730e-01
-8.772387504577636719e-01
-1.457456946372985840e+00
-2.217558622360229492e+00
-2.570031166076660156e+00
-1.973559141159057617e+00
-5.349562168121337891e-01
1.046592593193054199e+00
1.826946020126342773e+00
1.385346412658691406e+00
6.494820117950439453e-02
-1.188640236854553223e+00
-1.588069438934326172e+00
-9.844738245010375977e-01
3.752423822879791260e-02
7.215281128883361816e-01
6.910660266876220703e-01
2.114290297031402588e-01
-1.501623243093490601e-01
-1.802700012922286987e-02
4.846994280815124512e-01
9.173324704170227051e-01
9.527944326400756836e-01
6.590721011161804199e-01
4.015845060348510742e-01
4.307031631469726562e-01
6.286502480506896973e-01
5.699411034584045410e-01
-2.791813015937805176e-02
-1.011739015579223633e+00
-1.784510612487792969e+00
-1.804150581359863281e+00
-9.739943742752075195e-01
1.699821352958679199e-01
9.060192108154296875e-01
7.684991359710693359e-01
-4.209284484386444092e-02
-9.285300374031066895e-01
-1.229711771011352539e+00
-7.471731305122375488e-01
3.344159126281738281e-01
1.543817877769470215e+00
2.566174745559692383e+00
3.194589614868164062e+00
3.403938293457031250e+00
3.077685356140136719e+00
2.223433732986450195e+00
9.368963241577148438e-01
-3.479872941970825195e-01
-1.201244115829467773e+00
-1.311879634857177734e+00
-8.871124982833862305e-01
-3.573642373085021973e-01
-2.287066578865051270e-01
-5.430999994277954102e-01
-1.051698684692382812e+00
-1.292856931686401367e+00
-1.170333743095397949e+00
-8.521500825881958008e-01
-7.647216916084289551e-01
-9.885636568069458008e-01
-1.320381641387939453e+00
-1.228825926780700684e+00
-5.210823416709899902e-01
6.150929927825927734e-01
1.463507890701293945e+00
1.469954967498779297e+00
4.276506900787353516e-01
-1.151799440383911133e+00
-2.578371763229370117e+00
-3.185326099395751953e+00
-2.892310142517089844e+00
-1.916201233863830566e+00
-7.795552015304565430e-01
2.203027009963989258e-01
8.536202907562255859e-01
1.170263886451721191e+00
1.156518220901489258e+00
9.790741205215454102e-01
7.299644351005554199e-01
6.502078771591186523e-01
7.608693838119506836e-01
1.029484272003173828e+00
1.145055055618286133e+00
9.437947273254394531e-01
3.494344949722290039e-01
-3.355655968189239502e-01
-8.341191411018371582e-01
-8.730409741401672363e-01
-5.564020276069641113e-01
-4.759091138839721680e-02
3.801522850990295410e-01
7.046846747398376465e-01
8.871855735778808594e-01
9.802823066711425781e-01
8.487366437911987305e-01
4.863219559192657471e-01
-5.785546451807022095e-02
-4.500352144241333008e-01
-4.714903831481933594e-01
-6.854395568370819092e-02
3.756976723670959473e-01
4.618025422096252441e-01
-2.977192401885986328e-02
-7.481392621994018555e-01
-1.139253854751586914e+00
-7.450513243675231934e-01
2.501891553401947021e-01
1.241297483444213867e+00
1.529592514038085938e+00
9.996303319931030273e-01
1.051528677344322205e-01
-4.006170928478240967e-01
-1.895048618316650391e-01
4.790114760398864746e-01
9.175739884376525879e-01
7.315350770950317383e-01
1.071911156177520752e-01
-2.684006094932556152e-01
8.748261630535125732e-02
1.014380693435668945e+00
1.710247516632080078e+00
1.434031248092651367e+00
1.319220960140228271e-01
-1.392199754714965820e+00
-2.108017921447753906e+00
-1.564407825469970703e+00
-3.151024878025054932e-01
5.060127377510070801e-01
7.258170843124389648e-02
-1.457563638687133789e+00
-3.034118413925170898e+00
-3.533856630325317383e+00
-2.589684963226318359e+00
-8.643854856491088867e-01
5.331912040710449219e-01
8.449528217315673828e-01
2.021334767341613770e-01
-6.597248315811157227e-01
-1.005217194557189941e+00
-7.107337713241577148e-01
-1.553124040365219116e-01
1.436721533536911011e-01
9.006846696138381958e-02
-7.158766686916351318e-02
2.301164716482162476e-02
3.656620979309082031e-01
7.035843729972839355e-01
7.292987704277038574e-01
5.578002333641052246e-01
5.376962423324584961e-01
1.025945782661437988e+00
1.826958060264587402e+00
2.399314403533935547e+00
2.136222124099731445e+00
1.094316601753234863e+00
-1.041913032531738281e-01
-5.418691635131835938e-01
8.394728600978851318e-02
1.344305157661437988e+00
2.187869071960449219e+00
1.946094632148742676e+00
6.740224361419677734e-01
-6.804775595664978027e-01
-1.214774608612060547e+00
-5.480248928070068359e-01
6.961379647254943848e-01
1.636373519897460938e+00
1.594501376152038574e+00
7.929219603538513184e-01
-1.480004489421844482e-01
-5.230079889297485352e-01
-3.344215750694274902e-01
4.542696475982666016e-02
2.946445345878601074e-02
-4.073064923286437988e-01
-9.757286310195922852e-01
-1.113302707672119141e+00
-7.601783871650695801e-01
-1.582525968551635742e-01
8.810704946517944336e-02
-2.020849883556365967e-01
-9.105089306831359863e-01
-1.454897880554199219e+00
-1.538098692893981934e+00
-1.090887904167175293e+00
