-3.179873228073120117e-01
-4.066641032695770264e-01
-1.685638725757598877e-01
6.208149343729019165e-02
2.690728306770324707e-01
3.345026969909667969e-01
1.987389326095581055e-01
-2.329128980636596680e-01
-8.384488821029663086e-01
-1.414831042289733887e+00
-1.635539174079895020e+00
-1.389582872390747070e+00
-7.501106262207031250e-01
-6.151932477951049805e-02
4.183518290519714355e-01
5.733356475830078125e-01
5.918186902999877930e-01
6.561014056205749512e-01
8.671560883522033691e-01
1.050893664360046387e+00
1.044908642768859863e+00
7.904558777809143066e-01
5.329570174217224121e-01
5.215033292770385742e-01
8.491094112396240234e-01
1.209098100662231445e+00
1.199450492858886719e+00
5.919094085693359375e-01
-3.055553138256072998e-01
-8.904455304145812988e-01
-6.288536190986633301e-01
3.949036300182342529e-01
1.532169103622436523e+00
1.914107322692871094e+00
1.160113692283630371e+00
-4.020022749900817871e-01
-1.895248889923095703e+00
-2.597655057907104492e+00
-2.365458250045776367e+00
-1.710451841354370117e+00
-1.243126869201660156e+00
-1.201912045478820801e+00
-1.245533943176269531e+00
-8.888689875602722168e-01
1.404643151909112930e-02
9.901025891304016113e-01
1.328927516937255859e+00
6.520554423332214355e-01
-6.475622057914733887e-01
-1.657103419303894043e+00
-1.575415492057800293e+00
-3.771067261695861816e-01
1.155488610267639160e+00
1.958335876464843750e+00
1.484461784362792969e+00
6.998386979103088379e-02
-1.303277730941772461e+00
-1.728631019592285156e+00
-9.604216217994689941e-01
4.822702407836914062e-01
1.754355907440185547e+00
2.251111745834350586e+00
1.918935656547546387e+00
1.139471173286437988e+00
3.816792368888854980e-01
-7.426613569259643555e-02
-1.909064799547195435e-01
-5.279473215341567993e-02
2.218470871448516846e-01
5.000380873680114746e-01
6.006681919097900391e-01
3.845102787017822266e-01
-1.204975545406341553e-01
-6.200932264328002930e-01
-7.200791835784912109e-01
-2.074413895606994629e-01
6.816730499267578125e-01
1.371022939682006836e+00
1.307387590408325195e+00
4.338067173957824707e-01
-7.383212447166442871e-01
-1.433680772781372070e+00
-1.218257308006286621e+00
-2.944222390651702881e-01
6.163538694381713867e-01
8.648455739021301270e-01
3.109823763370513916e-01
-5.829339623451232910e-01
-1.225921869277954102e+00
-1.352545619010925293e+00
-1.234812974929809570e+00
-1.302525877952575684e+00
-1.701045036315917969e+00
-2.020436286926269531e+00
-1.658447861671447754e+00
-3.385761678218841553e-01
1.470885634422302246e+00
2.836670875549316406e+00
2.959862709045410156e+00
1.839579105377197266e+00
2.541516721248626709e-01
-7.377734780311584473e-01
-6.128729581832885742e-01
3.260934352874755859e-01
1.182319045066833496e+00
1.231076002120971680e+00
4.011532068252563477e-01
-6.684513092041015625e-01
-1.216232657432556152e+00
-8.814397454261779785e-01
2.651253342628479004e-02
8.914392590522766113e-01
1.237110376358032227e+00
1.094820261001586914e+00
8.249121904373168945e-01
7.991947531700134277e-01
1.034758687019348145e+00
1.269213676452636719e+00
1.176018953323364258e+00
6.985763907432556152e-01
3.260993957519531250e-02
-5.118757486343383789e-01
-8.064785599708557129e-01
-9.200149774551391602e-01
-1.042271733283996582e+00
-1.241515636444091797e+00
-1.443814039230346680e+00
-1.478344440460205078e+00
-1.277158260345458984e+00
-8.895295262336730957e-01
-4.495208263397216797e-01
-1.459997892379760742e-02
4.283304810523986816e-01
9.140216112136840820e-01
1.347595691680908203e+00
1.528415441513061523e+00
1.246817469596862793e+00
4.846234619617462158e-01
-5.489703416824340820e-01
-1.498543620109558105e+00
-2.076198339462280273e+00
-2.170178174972534180e+00
-1.844864130020141602e+00
-1.212560176849365234e+00
-3.718248009681701660e-01
5.688092708587646484e-01
1.400613069534301758e+00
1.818855643272399902e+00
1.575104951858520508e+00
6.923841238021850586e-01
-4.399140775203704834e-01
-1.234926700592041016e+00
-1.243724822998046875e+00
-4.621076881885528564e-01
6.707607507705688477e-01
1.545871019363403320e+00
1.800667881965637207e+00
1.502406477928161621e+00
1.054612278938293457e+00
8.231106996536254883e-01
8.818287849426269531e-01
9.629332423210144043e-01
7.532739639282226562e-01
1.558835059404373169e-01
-5.601054430007934570e-01
-9.927133917808532715e-01
-8.731698393821716309e-01
-3.281577229499816895e-01
2.504567205905914307e-01
4.302890598773956299e-01
9.639552235603332520e-02
-5.356352925300598145e-01
-1.020544767379760742e+00
-1.054872393608093262e+00
-6.086378097534179688e-01
-1.008033752441406250e-03
3.799750208854675293e-01
2.341496646404266357e-01
-4.150606393814086914e-01
-1.335866928100585938e+00
-2.132876396179199219e+00
-2.515785455703735352e+00
-2.308650732040405273e+00
-1.582407236099243164e+00
-5.034075379371643066e-01
6.273339390754699707e-01
1.565522670745849609e+00
2.067735433578491211e+00
2.054224252700805664e+00
1.508846163749694824e+00
6.027900576591491699e-01
-4.615171253681182861e-01
-1.374212861061096191e+00
-1.925363898277282715e+00
-1.948271155357360840e+00
-1.510504841804504395e+00
-7.726066112518310547e-01
-6.404656171798706055e-02
3.765543401241302490e-01
3.689919412136077881e-01
2.154093235731124878e-03
-5.410120487213134766e-01
-9.287510514259338379e-01
-9.650415778160095215e-01
-5.350364446640014648e-01
2.039651572704315186e-01
1.033539056777954102e+00
1.625595092773437500e+00
1.832285284996032715e+00
1.605856537818908691e+00
1.159285664558410645e+00
6.992628574371337891e-01
4.493885636329650879e-01
3.726809024810791016e-01
3.479188680648803711e-01
1.199704408645629883e-01
-3.618737459182739258e-01
