6.927648186683654785e-01
7.079762816429138184e-01
5.078074932098388672e-01
1.522323340177536011e-01
-2.878708541393280029e-01
-5.408587455749511719e-01
-6.540864706039428711e-01
-5.838677883148193359e-01
-5.120233893394470215e-01
-3.647481203079223633e-01
-2.044088244438171387e-01
8.465802669525146484e-02
3.335740566253662109e-01
4.693432748317718506e-01
2.309150099754333496e-01
-3.393400907516479492e-01
-1.189347505569458008e+00
-1.938717961311340332e+00
-2.357258558273315430e+00
-2.170576333999633789e+00
-1.499502778053283691e+00
-5.194218754768371582e-01
3.256156444549560547e-01
8.192497491836547852e-01
8.127760887145996094e-01
5.785310864448547363e-01
4.060326218605041504e-01
6.818442344665527344e-01
1.399145245552062988e+00
2.370954751968383789e+00
3.089919805526733398e+00
3.246844768524169922e+00
2.690074920654296875e+00
1.709939718246459961e+00
6.396557092666625977e-01
-1.508624851703643799e-01
-6.296337842941284180e-01
-8.511878848075866699e-01
-1.012564897537231445e+00
-1.109298348426818848e+00
-1.120899319648742676e+00
-9.302222728729248047e-01
-6.140477061271667480e-01
-2.821248471736907959e-01
-1.275278180837631226e-01
-1.502119451761245728e-01
-2.716552615165710449e-01
-2.909732162952423096e-01
-1.496961712837219238e-01
1.321284919977188110e-01
4.006743729114532471e-01
5.872875452041625977e-01
6.647906899452209473e-01
6.941620111465454102e-01
6.517080664634704590e-01
4.812554121017456055e-01
1.058972924947738647e-01
-3.887721896171569824e-01
-7.850320935249328613e-01
-8.141965270042419434e-01
-4.068599641323089600e-01
2.240762412548065186e-01
6.586158871650695801e-01
5.621547698974609375e-01
-7.161539793014526367e-02
-8.819345831871032715e-01
-1.368289947509765625e+00
-1.235738158226013184e+00
-5.812482237815856934e-01
1.616120934486389160e-01
5.468752980232238770e-01
3.834975957870483398e-01
-1.288604736328125000e-01
-5.979709029197692871e-01
-6.698989868164062500e-01
-2.929205596446990967e-01
3.343107104301452637e-01
8.583660125732421875e-01
1.054430007934570312e+00
8.700614571571350098e-01
4.853052198886871338e-01
1.000109910964965820e-01
-1.184623390436172485e-01
-2.085700631141662598e-01
-2.858565151691436768e-01
-5.297084450721740723e-01
-9.351391196250915527e-01
-1.350396275520324707e+00
-1.426220417022705078e+00
-9.286847114562988281e-01
1.640945672988891602e-01
1.450694680213928223e+00
2.378305196762084961e+00
2.437511920928955078e+00
1.601731061935424805e+00
2.621402144432067871e-01
-8.796075582504272461e-01
-1.353155255317687988e+00
-1.078283905982971191e+00
-4.807753860950469971e-01
-4.253825545310974121e-02
-7.901048660278320312e-02
-4.520696401596069336e-01
-8.625459671020507812e-01
-1.004166841506958008e+00
-8.921051025390625000e-01
-6.621313095092773438e-01
-4.950332641601562500e-01
-3.294168412685394287e-01
-6.658178567886352539e-02
3.594515621662139893e-01
7.162060737609863281e-01
7.122603654861450195e-01
1.492853760719299316e-01
-7.346370816230773926e-01
-1.472517371177673340e+00
-1.583806753158569336e+00
-1.037282228469848633e+00
-1.769582778215408325e-01
4.624957442283630371e-01
6.806278228759765625e-01
6.598896980285644531e-01
8.463479876518249512e-01
1.407350778579711914e+00
2.082340002059936523e+00
2.254950761795043945e+00
1.535577416419982910e+00
7.192835211753845215e-02
-1.400352478027343750e+00
-2.116016149520874023e+00
-1.755614995956420898e+00
-7.122129201889038086e-01
2.900249660015106201e-01
7.009085416793823242e-01
5.579479336738586426e-01
3.134000897407531738e-01
4.085956215858459473e-01
8.307296037673950195e-01
1.148455739021301270e+00
8.875988125801086426e-01
-3.348648548126220703e-03
-1.065140962600708008e+00
-1.652393102645874023e+00
-1.433152079582214355e+00
-6.563491821289062500e-01
4.636043310165405273e-02
1.060992181301116943e-01
-5.627360939979553223e-01
-1.566859960556030273e+00
-2.298949718475341797e+00
-2.368928432464599609e+00
-1.729515194892883301e+00
-6.554369330406188965e-01
5.373723506927490234e-01
1.560014367103576660e+00
2.252935647964477539e+00
2.459850788116455078e+00
2.158667564392089844e+00
1.431979894638061523e+00
6.070533990859985352e-01
3.032088279724121094e-03
-1.574416458606719971e-01
-2.927960455417633057e-02
9.310135245323181152e-02
-1.123601496219635010e-01
-5.909470915794372559e-01
-1.091258168220520020e+00
-1.234504818916320801e+00
-9.948143959045410156e-01
-5.674840807914733887e-01
-3.545706868171691895e-01
-4.350219964981079102e-01
-6.565617322921752930e-01
-5.983753800392150879e-01
-1.472746580839157104e-01
5.540340542793273926e-01
1.009422063827514648e+00
9.963164329528808594e-01
5.709343552589416504e-01
2.516553699970245361e-01
3.588157296180725098e-01
9.520820975303649902e-01
1.534352898597717285e+00
1.714695692062377930e+00
1.316824078559875488e+00
7.918958663940429688e-01
5.751742124557495117e-01
9.395157694816589355e-01
1.453240871429443359e+00
1.589314937591552734e+00
9.129425883293151855e-01
-2.159300148487091064e-01
-1.157683134078979492e+00
-1.187581539154052734e+00
-3.832789063453674316e-01
7.093403339385986328e-01
1.181228518486022949e+00
7.652384638786315918e-01
-2.885977029800415039e-01
-1.121460676193237305e+00
-1.275113344192504883e+00
-7.090714573860168457e-01
-1.079725623130798340e-01
4.510897397994995117e-02
-4.642164707183837891e-01
-1.097985267639160156e+00
-1.387936830520629883e+00
-1.001385331153869629e+00
-3.547625243663787842e-01
9.632122516632080078e-02
-9.392058849334716797e-02
-6.378021240234375000e-01
-1.107361793518066406e+00
-9.236418008804321289e-01
-1.750033795833587646e-01
8.371381163597106934e-01
1.480901241302490234e+00
