-1.170396208763122559e+00
-1.163565874099731445e+00
-1.612393140792846680e+00
-1.221330285072326660e+00
-2.538108825683593750e-02
1.219081163406372070e+00
1.822916030883789062e+00
1.376472473144531250e+00
3.229877948760986328e-01
-6.501612663269042969e-01
-8.316146731376647949e-01
-2.476005405187606812e-01
6.911819577217102051e-01
1.269541263580322266e+00
1.267769813537597656e+00
7.900735139846801758e-01
3.644892275333404541e-01
2.125474363565444946e-01
3.446738123893737793e-01
3.290525376796722412e-01
-6.504559516906738281e-02
-9.262519478797912598e-01
-1.856522321701049805e+00
-2.506701231002807617e+00
-2.508854389190673828e+00
-1.917461156845092773e+00
-8.417168855667114258e-01
3.666474223136901855e-01
1.512545347213745117e+00
2.275660753250122070e+00
2.539028644561767578e+00
2.155953884124755859e+00
1.325608968734741211e+00
2.997485995292663574e-01
-4.653538465499877930e-01
-7.984987497329711914e-01
-6.591212153434753418e-01
-3.659840524196624756e-01
-1.231592595577239990e-01
-9.842348098754882812e-02
-1.218539178371429443e-01
-8.290599286556243896e-02
1.403348892927169800e-01
3.569807112216949463e-01
4.163962006568908691e-01
1.546081304550170898e-01
-2.570975720882415771e-01
-6.111080646514892578e-01
-6.298184394836425781e-01
-3.588448762893676758e-01
4.025477170944213867e-02
2.271233201026916504e-01
9.754423797130584717e-02
-3.129696846008300781e-01
-6.838741302490234375e-01
-7.730759382247924805e-01
-4.107365012168884277e-01
2.478090524673461914e-01
9.515501260757446289e-01
1.339478373527526855e+00
1.269985675811767578e+00
7.606369853019714355e-01
1.129248142242431641e-01
-3.725680708885192871e-01
-4.491031169891357422e-01
-1.770513653755187988e-01
2.276626229286193848e-01
4.459339976310729980e-01
3.771370947360992432e-01
1.161230802536010742e-01
-5.839091539382934570e-02
-7.702678442001342773e-03
1.899244040250778198e-01
2.196701020002365112e-01
-1.345611065626144409e-01
-8.079765439033508301e-01
-1.372156143188476562e+00
-1.377159953117370605e+00
-6.859493255615234375e-01
2.997055351734161377e-01
8.970575928688049316e-01
5.956134796142578125e-01
-5.009390115737915039e-01
-1.703401088714599609e+00
-2.164192199707031250e+00
-1.477302789688110352e+00
3.431567549705505371e-02
1.527083754539489746e+00
2.204835891723632812e+00
1.835812211036682129e+00
8.345159292221069336e-01
-6.788942217826843262e-02
-3.514460921287536621e-01
3.014409542083740234e-02
7.088801264762878418e-01
1.277019739151000977e+00
1.523362755775451660e+00
1.513340234756469727e+00
1.355138301849365234e+00
1.079860925674438477e+00
5.789028406143188477e-01
-1.708815395832061768e-01
-1.034183382987976074e+00
-1.675280213356018066e+00
-1.837646961212158203e+00
-1.472329497337341309e+00
-8.558180928230285645e-01
-3.316905200481414795e-01
-1.545185446739196777e-01
-2.713500857353210449e-01
-4.885705709457397461e-01
-5.671045780181884766e-01
-4.743008017539978027e-01
-2.880765795707702637e-01
-1.865820288658142090e-01
-2.224723696708679199e-01
-3.951854407787322998e-01
-5.815907716751098633e-01
-7.151546478271484375e-01
-6.937391757965087891e-01
-4.919283390045166016e-01
-5.512946844100952148e-02
5.381240844726562500e-01
1.163028955459594727e+00
1.559005856513977051e+00
1.565242528915405273e+00
1.116986393928527832e+00
4.065486490726470947e-01
-3.260262012481689453e-01
-8.125289678573608398e-01
-9.795627593994140625e-01
-8.205137252807617188e-01
-4.418720602989196777e-01
1.172220110893249512e-01
7.576398849487304688e-01
1.391133904457092285e+00
1.813304662704467773e+00
1.887790203094482422e+00
1.525625705718994141e+00
8.407678008079528809e-01
-1.820576190948486328e-02
-8.463502526283264160e-01
-1.533694267272949219e+00
-1.917511463165283203e+00
-1.849401116371154785e+00
-1.158094644546508789e+00
7.038599252700805664e-02
1.452957153320312500e+00
2.307594060897827148e+00
2.103694915771484375e+00
7.909017801284790039e-01
-9.776412248611450195e-01
-2.256327629089355469e+00
-2.357744693756103516e+00
-1.409136295318603516e+00
-2.174888849258422852e-01
2.650620639324188232e-01
-2.741523385047912598e-01
-1.308995485305786133e+00
-1.833682298660278320e+00
-1.216214895248413086e+00
3.058927059173583984e-01
1.738605499267578125e+00
2.121603488922119141e+00
1.247609972953796387e+00
-1.612212657928466797e-01
-1.063007831573486328e+00
-9.151965975761413574e-01
-1.000185906887054443e-01
4.446887075901031494e-01
4.643517732620239258e-02
-1.092687726020812988e+00
-2.011128664016723633e+00
-1.760021686553955078e+00
-1.753753125667572021e-01
1.925183773040771484e+00
3.347178459167480469e+00
3.348813056945800781e+00
2.163841485977172852e+00
7.035993933677673340e-01
-1.270432621240615845e-01
-1.018411442637443542e-01
3.450984060764312744e-01
5.329915881156921387e-01
1.678817570209503174e-01
-5.653839111328125000e-01
-1.195714950561523438e+00
-1.477734088897705078e+00
-1.456657171249389648e+00
-1.376769781112670898e+00
-1.258950710296630859e+00
-9.425458908081054688e-01
-2.028119266033172607e-01
7.898239493370056152e-01
1.553191542625427246e+00
1.487501502037048340e+00
4.975045323371887207e-01
-9.672256112098693848e-01
-2.041628360748291016e+00
-2.188313961029052734e+00
-1.429494738578796387e+00
-4.273716211318969727e-01
2.109567075967788696e-01
2.487575411796569824e-01
9.689450263977050781e-02
2.277315855026245117e-01
8.781055808067321777e-01
1.645076274871826172e+00
1.988473892211914062e+00
1.513373613357543945e+00
4.949396848678588867e-01
-5.110167860984802246e-01
-8.967661261558532715e-01
-6.392393112182617188e-01
-5.800941586494445801e-02
2.771914899349212646e-01
1.984218060970306396e-01
