-1.784458518028259277e+00
-1.793636560440063477e+00
-7.871810793876647949e-01
5.195701718330383301e-01
1.582009196281433105e+00
1.741261482238769531e+00
1.129966855049133301e+00
1.940875947475433350e-01
-2.178171575069427490e-01
1.369082927703857422e-01
1.141419053077697754e+00
2.056805610656738281e+00
2.472913503646850586e+00
2.192322969436645508e+00
1.666876554489135742e+00
1.189002990722656250e+00
1.001863002777099609e+00
7.959675788879394531e-01
4.092299640178680420e-01
-3.054570257663726807e-01
-9.684582948684692383e-01
-1.328576803207397461e+00
-1.164056420326232910e+00
-8.202337026596069336e-01
-6.071738004684448242e-01
-8.536074161529541016e-01
-1.309133291244506836e+00
-1.657521605491638184e+00
-1.484501481056213379e+00
-9.287368059158325195e-01
-2.924147844314575195e-01
-9.217241406440734863e-02
-3.723880052566528320e-01
-9.612955451011657715e-01
-1.349760770797729492e+00
-1.350480079650878906e+00
-9.510989189147949219e-01
-5.182508230209350586e-01
-2.323315739631652832e-01
-2.050619721412658691e-01
-2.466339766979217529e-01
-3.436989486217498779e-01
-5.184296965599060059e-01
-9.962862133979797363e-01
-1.704354524612426758e+00
-2.362997531890869141e+00
-2.378703832626342773e+00
-1.451508522033691406e+00
2.964513897895812988e-01
2.100576877593994141e+00
3.141451835632324219e+00
2.901427268981933594e+00
1.662000775337219238e+00
1.706686019897460938e-01
-7.208861112594604492e-01
-7.299878597259521484e-01
-1.353093683719635010e-01
4.038930833339691162e-01
4.908660054206848145e-01
1.788418292999267578e-01
-3.810983896255493164e-02
2.399457693099975586e-01
1.026631236076354980e+00
1.831464886665344238e+00
2.087516307830810547e+00
1.526836752891540527e+00
4.359720051288604736e-01
-5.956966876983642578e-01
-1.063282608985900879e+00
-8.963547945022583008e-01
-4.085954427719116211e-01
-3.517985343933105469e-03
1.517495810985565186e-01
1.817768514156341553e-01
2.734308838844299316e-01
4.118146598339080811e-01
3.164972662925720215e-01
-2.782570123672485352e-01
-1.313194155693054199e+00
-2.260474920272827148e+00
-2.461035013198852539e+00
-1.571791648864746094e+00
5.189201235771179199e-02
1.572689533233642578e+00
2.156893968582153320e+00
1.618149995803833008e+00
4.692384600639343262e-01
-3.988278210163116455e-01
-4.678889513015747070e-01
1.190989315509796143e-01
6.260421276092529297e-01
4.389598965644836426e-01
-5.056826472282409668e-01
-1.547879099845886230e+00
-1.918317079544067383e+00
-1.244381904602050781e+00
4.162825644016265869e-02
1.146069049835205078e+00
1.410529375076293945e+00
9.153590202331542969e-01
2.537388205528259277e-01
1.401978731155395508e-01
7.059381008148193359e-01
1.525623917579650879e+00
1.845928430557250977e+00
1.315797209739685059e+00
1.181699335575103760e-01
-1.064286947250366211e+00
-1.710793972015380859e+00
-1.676427602767944336e+00
-1.339694738388061523e+00
-1.077725291252136230e+00
-1.076983094215393066e+00
-1.105558633804321289e+00
-9.236823916435241699e-01
-4.098296761512756348e-01
2.063791751861572266e-01
7.128223180770874023e-01
9.963619112968444824e-01
1.243882656097412109e+00
1.566443562507629395e+00
1.910552859306335449e+00
1.895224809646606445e+00
1.258371353149414062e+00
5.204960703849792480e-02
-1.139621138572692871e+00
-1.683915615081787109e+00
-1.258247733116149902e+00
-2.431040853261947632e-01
6.536552309989929199e-01
8.340210914611816406e-01
3.872148394584655762e-01
-9.170258045196533203e-02
8.916638791561126709e-02
1.021081924438476562e+00
2.160845994949340820e+00
2.644463062286376953e+00
2.049218893051147461e+00
6.619856357574462891e-01
-6.558609008789062500e-01
-1.190581440925598145e+00
-8.323843479156494141e-01
-1.668782681226730347e-01
8.808147907257080078e-02
-3.865292370319366455e-01
-1.240074515342712402e+00
-1.807608962059020996e+00
-1.624243617057800293e+00
-8.068151473999023438e-01
8.906471729278564453e-02
5.010654330253601074e-01
2.759605646133422852e-01
-2.761899828910827637e-01
-6.768392324447631836e-01
-6.297079324722290039e-01
-2.013336420059204102e-01
3.306292891502380371e-01
6.781600117683410645e-01
7.353239655494689941e-01
5.066504478454589844e-01
8.237141370773315430e-02
-4.603687524795532227e-01
-9.327364563941955566e-01
-1.111317873001098633e+00
-7.591685652732849121e-01
7.391907274723052979e-02
1.072091221809387207e+00
1.682209968566894531e+00
1.582597732543945312e+00
8.170837163925170898e-01
-8.102706074714660645e-02
-5.875216126441955566e-01
-4.283878803253173828e-01
9.433220326900482178e-02
5.110672712326049805e-01
4.088204503059387207e-01
-9.528294205665588379e-02
-6.500944495201110840e-01
-7.983191609382629395e-01
-5.137488842010498047e-01
1.798796653747558594e-02
4.049701094627380371e-01
5.727432966232299805e-01
5.415061116218566895e-01
5.053255558013916016e-01
3.471356034278869629e-01
-5.211317539215087891e-02
-8.625053167343139648e-01
-1.767855048179626465e+00
-2.340159177780151367e+00
-2.084200859069824219e+00
-1.157190918922424316e+00
-7.492558658123016357e-02
3.492895662784576416e-01
-6.966024637222290039e-02
-9.855609536170959473e-01
-1.446809172630310059e+00
-9.404300451278686523e-01
4.819783270359039307e-01
1.877812862396240234e+00
2.430739402770996094e+00
1.741641044616699219e+00
4.585698544979095459e-01
-5.675588846206665039e-01
-5.899686813354492188e-01
1.449794620275497437e-01
1.002490282058715820e+00
1.146391630172729492e+00
5.553337335586547852e-01
-3.682424426078796387e-01
-8.057561516761779785e-01
-5.654422044754028320e-01
1.631073653697967529e-01
6.297702789306640625e-01
5.289680957794189453e-01
-1.610764861106872559e-01
-8.247404098510742188e-01
