8.831146359443664551e-01
8.970948457717895508e-01
4.734066128730773926e-02
-7.674083709716796875e-01
-1.373591899871826172e+00
-1.614522576332092285e+00
-1.591438293457031250e+00
-1.394546747207641602e+00
-1.194617271423339844e+00
-9.623157382011413574e-01
-6.764826774597167969e-01
-2.171929478645324707e-01
3.355082273483276367e-01
8.651226162910461426e-01
1.105722904205322266e+00
9.744101166725158691e-01
4.854600727558135986e-01
-8.063797652721405029e-02
-4.939512014389038086e-01
-5.632138252258300781e-01
-3.829642534255981445e-01
-9.787446260452270508e-02
8.487868309020996094e-02
1.773530840873718262e-01
2.383666187524795532e-01
4.084209203720092773e-01
6.291275024414062500e-01
7.933140397071838379e-01
7.207922339439392090e-01
4.587007761001586914e-01
1.733565181493759155e-01
1.549831330776214600e-01
4.700835943222045898e-01
9.817549586296081543e-01
1.316859960556030273e+00
1.233599781990051270e+00
7.053691148757934570e-01
3.750948607921600342e-02
-4.564580321311950684e-01
-5.867745280265808105e-01
-4.746788740158081055e-01
-3.031487762928009033e-01
-1.877483129501342773e-01
1.089860498905181885e-02
4.497918188571929932e-01
1.130711674690246582e+00
1.696160197257995605e+00
1.690532684326171875e+00
8.705480098724365234e-01
-4.379128217697143555e-01
-1.507081270217895508e+00
-1.607661366462707520e+00
-5.992496609687805176e-01
9.517791271209716797e-01
2.067051649093627930e+00
2.054666519165039062e+00
9.517130851745605469e-01
-4.754734039306640625e-01
-1.316330909729003906e+00
-1.133376836776733398e+00
-2.698591351509094238e-01
4.702045917510986328e-01
4.200869798660278320e-01
-4.428867101669311523e-01
-1.524063348770141602e+00
-2.063218593597412109e+00
-1.703283190727233887e+00
-7.158056497573852539e-01
2.242640852928161621e-01
5.289677977561950684e-01
7.222443819046020508e-02
-8.008782863616943359e-01
-1.565805673599243164e+00
-1.876475334167480469e+00
-1.694200992584228516e+00
-1.197243452072143555e+00
-5.492745041847229004e-01
1.938892900943756104e-01
1.056273341178894043e+00
1.980649590492248535e+00
2.794416427612304688e+00
3.247251987457275391e+00
3.191795349121093750e+00
2.638033866882324219e+00
1.769031286239624023e+00
7.887932062149047852e-01
-1.271668374538421631e-01
-8.987022638320922852e-01
-1.458435416221618652e+00
-1.776700496673583984e+00
-1.827632069587707520e+00
-1.677350044250488281e+00
-1.406883716583251953e+00
-1.100441694259643555e+00
-7.190361022949218750e-01
-1.832412779331207275e-01
5.641790628433227539e-01
1.367487192153930664e+00
1.921688914299011230e+00
1.878312587738037109e+00
1.164071559906005859e+00
4.645228385925292969e-02
-9.130663871765136719e-01
-1.249040603637695312e+00
-8.362149000167846680e-01
-4.283779114484786987e-02
5.662541389465332031e-01
5.426336526870727539e-01
-9.729462862014770508e-02
-9.585276842117309570e-01
-1.490341782569885254e+00
-1.410416603088378906e+00
-8.125319480895996094e-01
-1.244146227836608887e-01
2.584069669246673584e-01
1.722917556762695312e-01
-1.883293688297271729e-01
-5.010802149772644043e-01
-5.086965560913085938e-01
-2.461841106414794922e-01
4.726286977529525757e-02
5.564539134502410889e-02
-3.371745645999908447e-01
-1.002342820167541504e+00
-1.573919534683227539e+00
-1.695768475532531738e+00
-1.172987937927246094e+00
-1.291349828243255615e-01
1.095759987831115723e+00
2.071142196655273438e+00
2.522114276885986328e+00
2.402259588241577148e+00
1.911800861358642578e+00
1.318790555000305176e+00
8.324457406997680664e-01
4.822261333465576172e-01
1.801490783691406250e-01
-1.880184412002563477e-01
-6.316170096397399902e-01
-1.055043339729309082e+00
-1.310199737548828125e+00
-1.315499663352966309e+00
-1.100910663604736328e+00
-7.855179309844970703e-01
-4.903459548950195312e-01
-2.721115052700042725e-01
-1.124686151742935181e-01
3.288648277521133423e-02
1.765030771493911743e-01
2.893145978450775146e-01
3.183168470859527588e-01
2.446608543395996094e-01
9.053355455398559570e-02
-7.210886478424072266e-02
-1.731323301792144775e-01
-1.498398035764694214e-01
1.313388347625732422e-04
2.349327653646469116e-01
4.254459738731384277e-01
4.280506372451782227e-01
1.122660040855407715e-01
-4.956036806106567383e-01
-1.219064950942993164e+00
-1.730765342712402344e+00
-1.774769306182861328e+00
-1.272745728492736816e+00
-4.568950533866882324e-01
3.098940551280975342e-01
6.836817264556884766e-01
6.125622987747192383e-01
2.844142913818359375e-01
5.655203759670257568e-02
1.302105635404586792e-01
5.080909729003906250e-01
9.299721717834472656e-01
1.151464700698852539e+00
1.006810426712036133e+00
5.756163001060485840e-01
-1.971475780010223389e-03
-5.131246447563171387e-01
-8.531338572502136230e-01
-8.917691111564636230e-01
-5.953511595726013184e-01
6.272158026695251465e-02
8.901492357254028320e-01
1.607660770416259766e+00
1.835921406745910645e+00
1.460446476936340332e+00
6.323876976966857910e-01
-1.440070271492004395e-01
-4.539504647254943848e-01
-1.261944621801376343e-01
4.892579317092895508e-01
8.931773304939270020e-01
6.533181667327880859e-01
-1.304438412189483643e-01
-1.039106130599975586e+00
-1.492457747459411621e+00
-1.317234873771667480e+00
-7.053872346878051758e-01
-1.842167973518371582e-01
-3.926348686218261719e-02
-2.510254979133605957e-01
-3.844878077507019043e-01
-1.411299705505371094e-01
5.106731653213500977e-01
1.101559638977050781e+00
1.168377161026000977e+00
4.594688117504119873e-01
-6.622998714447021484e-01
-1.606246829032897949e+00
-1.766738653182983398e+00
-1.103247642517089844e+00
2.887661568820476532e-02
9.498246908187866211e-01
1.276705980300903320e+00
9.421844482421875000e-01
