-1.456624716520309448e-01
-1.774650216102600098e-01
4.275487065315246582e-01
1.191915392875671387e+00
1.688766360282897949e+00
1.454158782958984375e+00
5.922586917877197266e-01
-4.811198413372039795e-01
-1.067426204681396484e+00
-9.034815430641174316e-01
-1.169211342930793762e-01
6.448094248771667480e-01
9.222739338874816895e-01
5.368168354034423828e-01
-9.676818549633026123e-02
-5.601160526275634766e-01
-5.588405132293701172e-01
-3.378383219242095947e-01
-2.240634113550186157e-01
-4.988068342208862305e-01
-9.385153651237487793e-01
-1.192255496978759766e+00
-9.114746451377868652e-01
-2.728726863861083984e-01
3.124132752418518066e-01
3.445559740066528320e-01
-1.768697947263717651e-01
-9.036515951156616211e-01
-1.240129351615905762e+00
-9.830729365348815918e-01
-3.089269101619720459e-01
2.318865060806274414e-01
3.322260975837707520e-01
2.534000016748905182e-02
-2.278048992156982422e-01
-1.027205362915992737e-01
4.190453588962554932e-01
8.989747166633605957e-01
9.461683630943298340e-01
4.583308696746826172e-01
-1.465978473424911499e-01
-3.801850080490112305e-01
8.248254656791687012e-03
7.040778398513793945e-01
1.161983489990234375e+00
9.658961296081542969e-01
2.532299160957336426e-01
-4.780586361885070801e-01
-7.098600864410400391e-01
-4.079059660434722900e-01
2.619033493101596832e-02
3.877530246973037720e-02
-5.323950648307800293e-01
-1.352543711662292480e+00
-1.792252182960510254e+00
-1.469209790229797363e+00
-5.158135294914245605e-01
4.963408708572387695e-01
1.035198450088500977e+00
9.840933084487915039e-01
7.101151943206787109e-01
7.113056778907775879e-01
1.193956136703491211e+00
1.894037365913391113e+00
2.277623653411865234e+00
1.966911196708679199e+00
1.016916275024414062e+00
-1.218530833721160889e-01
-9.515254497528076172e-01
-1.231626033782958984e+00
-1.114704847335815430e+00
-9.191277027130126953e-01
-8.966788053512573242e-01
-1.010708808898925781e+00
-1.055946707725524902e+00
-7.906419634819030762e-01
-1.917506605386734009e-01
5.857961773872375488e-01
1.226779103279113770e+00
1.494039535522460938e+00
1.243700742721557617e+00
5.658132433891296387e-01
-3.491477668285369873e-01
-1.174483418464660645e+00
-1.668868541717529297e+00
-1.667423009872436523e+00
-1.272357106208801270e+00
-6.909826397895812988e-01
-2.355429530143737793e-01
-3.282295167446136475e-02
-9.277160465717315674e-02
-2.249137461185455322e-01
-3.233826160430908203e-01
-3.170901238918304443e-01
-2.942160964012145996e-01
-2.447265684604644775e-01
-1.463427543640136719e-01
1.507644951343536377e-01
6.141123175621032715e-01
1.119126558303833008e+00
1.353989243507385254e+00
1.208241820335388184e+00
7.612203955650329590e-01
4.135181903839111328e-01
4.424295723438262939e-01
8.959135413169860840e-01
1.359856605529785156e+00
1.392509460449218750e+00
7.262715697288513184e-01
-3.545899093151092529e-01
-1.358240962028503418e+00
-1.810449361801147461e+00
-1.766487121582031250e+00
-1.578222751617431641e+00
-1.699820756912231445e+00
-2.084682703018188477e+00
-2.307470560073852539e+00
-1.736385226249694824e+00
-2.443864345550537109e-01
1.730177760124206543e+00
3.245985984802246094e+00
3.637480258941650391e+00
2.814015388488769531e+00
1.448546648025512695e+00
3.335866332054138184e-01
-2.295905910432338715e-02
1.779752224683761597e-01
4.319704473018646240e-01
2.551006674766540527e-01
-3.051003813743591309e-01
-8.991448283195495605e-01
-1.076694846153259277e+00
-7.939583063125610352e-01
-2.809508740901947021e-01
6.454046815633773804e-02
1.464277803897857666e-01
8.562879264354705811e-02
1.662406027317047119e-01
4.209161102771759033e-01
6.882615685462951660e-01
6.629216074943542480e-01
3.061207830905914307e-01
-1.903050988912582397e-01
-4.520383775234222412e-01
-3.517838120460510254e-01
-5.068000033497810364e-02
3.222771733999252319e-02
-3.468518555164337158e-01
-1.108327388763427734e+00
-1.802456259727478027e+00
-2.010873556137084961e+00
-1.575246572494506836e+00
-7.583292126655578613e-01
4.073107242584228516e-02
5.125822424888610840e-01
6.579896211624145508e-01
6.356258392333984375e-01
5.977858901023864746e-01
5.099462270736694336e-01
2.612230777740478516e-01
-1.952370405197143555e-01
-7.052683234214782715e-01
-1.011134028434753418e+00
-9.283112883567810059e-01
-5.030584931373596191e-01
3.979570418596267700e-02
4.689600467681884766e-01
7.001662850379943848e-01
8.145363926887512207e-01
9.139406681060791016e-01
1.017511487007141113e+00
1.043786883354187012e+00
9.655560255050659180e-01
8.477845191955566406e-01
8.507606983184814453e-01
9.912361502647399902e-01
1.095997452735900879e+00
8.251656293869018555e-01
3.469369187951087952e-02
-1.078140497207641602e+00
-1.912574768066406250e+00
-1.920652866363525391e+00
-9.367296099662780762e-01
5.408984422683715820e-01
1.718783259391784668e+00
1.930771946907043457e+00
1.183326959609985352e+00
2.755087241530418396e-02
-7.461694478988647461e-01
-7.841794490814208984e-01
-2.644543647766113281e-01
1.847779154777526855e-01
1.393699944019317627e-01
-4.162392616271972656e-01
-9.804368615150451660e-01
-1.114959955215454102e+00
-6.839248538017272949e-01
-1.263598650693893433e-01
6.522073596715927124e-02
-3.954060375690460205e-01
-1.153225064277648926e+00
-1.629327893257141113e+00
-1.283411383628845215e+00
-2.198117375373840332e-01
1.045062422752380371e+00
1.751691222190856934e+00
1.615212321281433105e+00
8.072235584259033203e-01
-7.482952903956174850e-03
-3.598619997501373291e-01
-8.732946217060089111e-02
3.982121348381042480e-01
6.723603010177612305e-01
4.151338040828704834e-01
-1.618188470602035522e-01
-7.304382324218750000e-01
-8.915768265724182129e-01
