2.373583316802978516e-01
2.456898242235183716e-01
-5.727326869964599609e-01
-1.110953330993652344e+00
-9.262927770614624023e-01
-1.412793099880218506e-01
8.368220925331115723e-01
1.384333372116088867e+00
1.298817873001098633e+00
7.065292596817016602e-01
1.344189643859863281e-01
-1.082202196121215820e-01
3.946085274219512939e-02
1.740356385707855225e-01
-1.538419723510742188e-02
-6.465066075325012207e-01
-1.297466397285461426e+00
-1.477741599082946777e+00
-8.025232553482055664e-01
4.864990115165710449e-01
1.805778264999389648e+00
2.375809669494628906e+00
1.896794438362121582e+00
5.394638180732727051e-01
-9.749037027359008789e-01
-1.998600602149963379e+00
-2.127917289733886719e+00
-1.554230928421020508e+00
-6.825494766235351562e-01
-2.332162857055664062e-02
2.599069774150848389e-01
1.807088553905487061e-01
-1.455804705619812012e-02
-2.133091539144515991e-01
-3.117083907127380371e-01
-3.519274592399597168e-01
-2.512452006340026855e-01
1.764607429504394531e-02
5.152004361152648926e-01
1.067677974700927734e+00
1.443927049636840820e+00
1.334444642066955566e+00
7.049178481101989746e-01
-2.733121514320373535e-01
-1.160107493400573730e+00
-1.630613446235656738e+00
-1.528731942176818848e+00
-1.057924032211303711e+00
-4.935052990913391113e-01
-1.072678565979003906e-01
9.080898761749267578e-02
1.833268851041793823e-01
3.176738619804382324e-01
4.669950306415557861e-01
5.544587373733520508e-01
4.674828052520751953e-01
2.835049927234649658e-01
1.652712225914001465e-01
3.248655200004577637e-01
7.653734683990478516e-01
1.316101431846618652e+00
1.651278734207153320e+00
1.567978382110595703e+00
1.049837112426757812e+00
3.325343132019042969e-01
-3.064688742160797119e-01
-6.498694419860839844e-01
-6.777768731117248535e-01
-4.750032424926757812e-01
-1.878431588411331177e-01
8.405303955078125000e-02
2.484194636344909668e-01
2.429660260677337646e-01
2.089885622262954712e-02
-3.646661639213562012e-01
-7.492507696151733398e-01
-8.979983925819396973e-01
-6.670711636543273926e-01
-1.273062527179718018e-01
4.216201901435852051e-01
6.247104406356811523e-01
3.131932318210601807e-01
-3.494427800178527832e-01
-9.405713081359863281e-01
-1.055009365081787109e+00
-5.702958106994628906e-01
2.367894351482391357e-01
8.838405013084411621e-01
9.707509875297546387e-01
4.678995907306671143e-01
-3.022999763488769531e-01
-8.523665666580200195e-01
-8.748134374618530273e-01
-3.884427845478057861e-01
2.589465379714965820e-01
6.622843742370605469e-01
5.623220801353454590e-01
2.915400266647338867e-02
-6.516245603561401367e-01
-1.105383992195129395e+00
-1.128121256828308105e+00
-7.373148202896118164e-01
-2.159815728664398193e-01
9.987506270408630371e-02
-5.934737622737884521e-02
-6.623283624649047852e-01
-1.421276330947875977e+00
-1.844397544860839844e+00
-1.554715752601623535e+00
-4.604716598987579346e-01
1.077612280845642090e+00
2.471175432205200195e+00
3.138056755065917969e+00
2.890427350997924805e+00
1.955781221389770508e+00
8.848013877868652344e-01
1.284512579441070557e-01
-1.530194878578186035e-01
-1.907193362712860107e-01
-2.913203835487365723e-01
-6.158235669136047363e-01
-9.623191952705383301e-01
-9.946175217628479004e-01
-4.736444652080535889e-01
4.161272644996643066e-01
1.199586391448974609e+00
1.341653823852539062e+00
7.012634873390197754e-01
-4.010952711105346680e-01
-1.295455455780029297e+00
-1.461548924446105957e+00
-8.021581172943115234e-01
2.344298511743545532e-01
1.019934415817260742e+00
1.079158425331115723e+00
4.290400743484497070e-01
-5.493196845054626465e-01
-1.329645276069641113e+00
-1.616127252578735352e+00
-1.384277105331420898e+00
-8.379977941513061523e-01
-1.428620219230651855e-01
6.059730052947998047e-01
1.376909971237182617e+00
2.004102468490600586e+00
2.210916042327880859e+00
1.716519713401794434e+00
5.400617122650146484e-01
-9.087187647819519043e-01
-1.933840036392211914e+00
-1.984276294708251953e+00
-9.960199594497680664e-01
4.751769602298736572e-01
1.591265916824340820e+00
1.717182159423828125e+00
8.326367139816284180e-01
-5.058407187461853027e-01
-1.557909011840820312e+00
-1.920590758323669434e+00
-1.745226144790649414e+00
-1.540553808212280273e+00
-1.689941883087158203e+00
-2.087445020675659180e+00
-2.198350429534912109e+00
-1.496503710746765137e+00
1.965129375457763672e-02
1.702003836631774902e+00
2.604357719421386719e+00
2.161098241806030273e+00
6.187427639961242676e-01
-1.030646681785583496e+00
-1.708484530448913574e+00
-9.332140088081359863e-01
8.198397159576416016e-01
2.483344554901123047e+00
3.081418752670288086e+00
2.410171985626220703e+00
1.060516357421875000e+00
-3.558456897735595703e-03
-2.036978304386138916e-01
3.458731770515441895e-01
9.371927380561828613e-01
9.256834387779235840e-01
1.662213206291198730e-01
-8.071442842483520508e-01
-1.274823427200317383e+00
-7.963182330131530762e-01
3.613074421882629395e-01
1.488971471786499023e+00
1.813584804534912109e+00
1.106279253959655762e+00
-2.965630888938903809e-01
-1.614709734916687012e+00
-2.221630573272705078e+00
-1.865948677062988281e+00
-8.757284283638000488e-01
2.066014707088470459e-01
8.115203380584716797e-01
7.472853660583496094e-01
1.071552038192749023e-01
-6.754908561706542969e-01
-1.199736833572387695e+00
-1.135071992874145508e+00
-5.324465036392211914e-01
3.509250879287719727e-01
1.015559434890747070e+00
1.145485758781433105e+00
6.383606195449829102e-01
-1.536483466625213623e-01
-7.840912342071533203e-01
-8.280045986175537109e-01
-3.290741145610809326e-01
3.924813866615295410e-01
7.813982963562011719e-01
6.054996848106384277e-01
-6.317596137523651123e-02
-7.325682640075683594e-01
