1.641384959220886230e+00
1.721483469009399414e+00
2.446864604949951172e+00
2.471432447433471680e+00
1.692061781883239746e+00
6.484563946723937988e-01
-1.260420382022857666e-01
-2.253532558679580688e-01
9.587177634239196777e-02
4.349669516086578369e-01
3.353571295738220215e-01
-1.009366512298583984e-01
-6.060763597488403320e-01
-7.629970312118530273e-01
-6.340339183807373047e-01
-4.305472970008850098e-01
-5.415668487548828125e-01
-8.983206152915954590e-01
-1.264482975006103516e+00
-1.196246266365051270e+00
-7.149401307106018066e-01
-8.579704165458679199e-02
1.170395910739898682e-01
-2.684094011783599854e-01
-1.098996281623840332e+00
-1.773802995681762695e+00
-1.961122512817382812e+00
-1.595781803131103516e+00
-1.146207571029663086e+00
-9.556657075881958008e-01
-1.183723330497741699e+00
-1.436419486999511719e+00
-1.340577363967895508e+00
-6.255387663841247559e-01
3.977414667606353760e-01
1.291720986366271973e+00
1.560097336769104004e+00
1.203982830047607422e+00
4.405719637870788574e-01
-2.549271583557128906e-01
-6.698705554008483887e-01
-6.852030158042907715e-01
-4.610905349254608154e-01
-5.035871267318725586e-02
3.825163841247558594e-01
7.816795110702514648e-01
9.318361282348632812e-01
7.844843864440917969e-01
3.424226641654968262e-01
-7.178509235382080078e-02
-1.925459802150726318e-01
1.674890518188476562e-01
7.432705760002136230e-01
1.137609720230102539e+00
9.372868537902832031e-01
2.207828164100646973e-01
-6.045148968696594238e-01
-9.017676115036010742e-01
-4.205232262611389160e-01
6.512855887413024902e-01
1.642840385437011719e+00
1.993169903755187988e+00
1.485769033432006836e+00
4.992566108703613281e-01
-4.082827568054199219e-01
-7.747772336006164551e-01
-6.320763826370239258e-01
-3.212178945541381836e-01
-2.924046814441680908e-01
-6.805331707000732422e-01
-1.315260648727416992e+00
-1.785281658172607422e+00
-1.819971561431884766e+00
-1.388727664947509766e+00
-7.573115229606628418e-01
-2.206611633300781250e-01
3.115141391754150391e-02
5.761045217514038086e-02
2.949655055999755859e-02
1.241871714591979980e-01
3.613164424896240234e-01
6.336828470230102539e-01
7.730405330657958984e-01
6.793156266212463379e-01
3.666042983531951904e-01
-5.116498470306396484e-02
-4.303295612335205078e-01
-6.552621722221374512e-01
-6.558209657669067383e-01
-4.141512513160705566e-01
4.582064226269721985e-02
6.158313751220703125e-01
1.109923362731933594e+00
1.286325573921203613e+00
1.014126658439636230e+00
3.603523075580596924e-01
-3.284839391708374023e-01
-6.320502161979675293e-01
-2.775114178657531738e-01
5.621904134750366211e-01
1.370694637298583984e+00
1.523925662040710449e+00
8.002205491065979004e-01
-4.805791974067687988e-01
-1.541493058204650879e+00
-1.751984834671020508e+00
-1.009058475494384766e+00
7.402513921260833740e-02
6.909716725349426270e-01
3.621073067188262939e-01
-5.760632157325744629e-01
-1.302397251129150391e+00
-1.040374040603637695e+00
1.917518377304077148e-01
1.641713023185729980e+00
2.229966402053833008e+00
1.487751960754394531e+00
-1.720626503229141235e-01
-1.596314787864685059e+00
-1.842229723930358887e+00
-7.366406321525573730e-01
8.809258341789245605e-01
1.913365483283996582e+00
1.667024493217468262e+00
4.494115114212036133e-01
-8.490782976150512695e-01
-1.296040534973144531e+00
-6.857637763023376465e-01
5.502221584320068359e-01
1.604173898696899414e+00
2.017829418182373047e+00
1.747933506965637207e+00
1.161415100097656250e+00
5.003871917724609375e-01
-1.356377601623535156e-01
-8.511779904365539551e-01
-1.547049403190612793e+00
-1.994160652160644531e+00
-1.839372158050537109e+00
-1.064666509628295898e+00
6.183153390884399414e-02
9.983276724815368652e-01
1.429634332656860352e+00
1.309825420379638672e+00
9.438896179199218750e-01
5.406249761581420898e-01
1.895974427461624146e-01
-2.502248883247375488e-01
-7.501807808876037598e-01
-1.138344049453735352e+00
-1.087953686714172363e+00
-5.786324143409729004e-01
7.318040728569030762e-02
2.641997337341308594e-01
-2.933651804924011230e-01
-1.354091644287109375e+00
-2.108512163162231445e+00
-1.868206024169921875e+00
-5.254645943641662598e-01
1.176124095916748047e+00
2.234076023101806641e+00
2.006193637847900391e+00
7.782129049301147461e-01
-5.496211051940917969e-01
-1.051636815071105957e+00
-5.104568004608154297e-01
5.816090703010559082e-01
1.403916835784912109e+00
1.525996565818786621e+00
1.088879823684692383e+00
6.128789186477661133e-01
4.165055751800537109e-01
3.976275324821472168e-01
1.716594099998474121e-01
-4.144175052642822266e-01
-1.057330965995788574e+00
-1.149172782897949219e+00
-3.488428294658660889e-01
1.057355880737304688e+00
2.227720260620117188e+00
2.350194454193115234e+00
1.224943161010742188e+00
-5.811074972152709961e-01
-2.130341053009033203e+00
-2.758242368698120117e+00
-2.438676834106445312e+00
-1.674146175384521484e+00
-1.006561517715454102e+00
-6.572934985160827637e-01
-4.583950042724609375e-01
-1.903877854347229004e-01
1.787748932838439941e-01
4.192979931831359863e-01
3.450243473052978516e-01
-6.676062941551208496e-03
-2.997553646564483643e-01
-2.434221059083938599e-01
2.070737928152084351e-01
7.181226015090942383e-01
9.321960806846618652e-01
6.741627454757690430e-01
1.914128065109252930e-01
-1.588208973407745361e-01
-1.018851175904273987e-01
2.419217973947525024e-01
6.065437197685241699e-01
7.113066911697387695e-01
6.021052598953247070e-01
4.370428323745727539e-01
4.262740015983581543e-01
4.784045517444610596e-01
4.317331612110137939e-01
7.982027530670166016e-02
-4.586056470870971680e-01
-9.699174761772155762e-01
-1.160875201225280762e+00
-1.072674274444580078e+00
