-1.451058030128479004e+00
-1.408158659934997559e+00
-1.076699376106262207e+00
-5.327306389808654785e-01
4.890611767768859863e-02
3.078471124172210693e-01
2.847871780395507812e-01
5.145490169525146484e-03
-2.109373509883880615e-01
-3.183780014514923096e-01
-1.995939016342163086e-01
-5.025714635848999023e-02
1.280671358108520508e-01
1.877332329750061035e-01
2.631039023399353027e-01
3.363685011863708496e-01
5.858974456787109375e-01
9.351587295532226562e-01
1.405158996582031250e+00
1.730562448501586914e+00
1.808490514755249023e+00
1.445562124252319336e+00
8.396102190017700195e-01
2.140725255012512207e-01
1.939117908477783203e-02
3.342733681201934814e-01
1.049803733825683594e+00
1.590234398841857910e+00
1.546554803848266602e+00
6.850351095199584961e-01
-5.823622941970825195e-01
-1.702951550483703613e+00
-2.070200920104980469e+00
-1.680174589157104492e+00
-8.666723966598510742e-01
-3.061021864414215088e-01
-3.156448304653167725e-01
-8.987920880317687988e-01
-1.562613606452941895e+00
-1.911306500434875488e+00
-1.692799806594848633e+00
-1.133008956909179688e+00
-5.146678686141967773e-01
-1.683447659015655518e-01
-8.468709141016006470e-02
-1.840247511863708496e-01
-2.312698215246200562e-01
-1.703964173793792725e-01
6.162399053573608398e-02
3.686867952346801758e-01
7.149062156677246094e-01
9.361240863800048828e-01
9.371736049652099609e-01
5.924053788185119629e-01
1.081150025129318237e-02
-5.958809852600097656e-01
-8.835473060607910156e-01
-7.280102968215942383e-01
-2.246088832616806030e-01
2.506139278411865234e-01
4.128380417823791504e-01
1.980760693550109863e-01
-1.038597226142883301e-01
-1.794425249099731445e-01
9.317340701818466187e-02
4.457134604454040527e-01
4.963002800941467285e-01
4.585802555084228516e-02
-6.368427872657775879e-01
-1.013072967529296875e+00
-6.469015479087829590e-01
3.681356906890869141e-01
1.439565777778625488e+00
1.844898223876953125e+00
1.285541296005249023e+00
1.152149140834808350e-01
-8.810436725616455078e-01
-1.040543437004089355e+00
-2.691810727119445801e-01
9.315245151519775391e-01
1.839040756225585938e+00
2.012399435043334961e+00
1.509416818618774414e+00
7.593462467193603516e-01
1.737957000732421875e-01
-8.545160293579101562e-02
-1.433200538158416748e-01
-1.650332808494567871e-01
-2.282544523477554321e-01
-2.700149714946746826e-01
-2.812646627426147461e-01
-3.417122960090637207e-01
-6.242653131484985352e-01
-1.146448612213134766e+00
-1.728956460952758789e+00
-2.001913547515869141e+00
-1.725194096565246582e+00
-9.008928537368774414e-01
1.400536745786666870e-01
1.032538890838623047e+00
1.516683936119079590e+00
1.615269064903259277e+00
1.432694315910339355e+00
1.097008466720581055e+00
6.113805770874023438e-01
5.235786736011505127e-02
-4.318860769271850586e-01
-5.613992810249328613e-01
-2.331232726573944092e-01
3.950416743755340576e-01
8.374769091606140137e-01
6.906811594963073730e-01
-1.074020862579345703e-01
-1.056171774864196777e+00
-1.482273936271667480e+00
-9.436604380607604980e-01
3.069629073143005371e-01
1.524688482284545898e+00
1.879641294479370117e+00
1.128443717956542969e+00
-2.935227155685424805e-01
-1.487327575683593750e+00
-1.785408258438110352e+00
-1.088477373123168945e+00
6.445004045963287354e-02
1.015600681304931641e+00
1.360309720039367676e+00
1.206348896026611328e+00
8.696834444999694824e-01
6.040783524513244629e-01
3.319241106510162354e-01
-1.460534334182739258e-01
-9.346458911895751953e-01
-1.795554757118225098e+00
-2.330485343933105469e+00
-2.225327491760253906e+00
-1.555956721305847168e+00
-6.949036121368408203e-01
-7.763546705245971680e-02
1.535792946815490723e-01
1.842158436775207520e-01
3.596077859401702881e-01
8.405885100364685059e-01
1.468150138854980469e+00
1.854952931404113770e+00
1.696635603904724121e+00
9.963911771774291992e-01
7.877451181411743164e-02
-6.327171325683593750e-01
-8.800213932991027832e-01
-6.788349151611328125e-01
-2.414030432701110840e-01
2.286838293075561523e-01
6.339077353477478027e-01
9.937951564788818359e-01
1.292821168899536133e+00
1.450649857521057129e+00
1.328717708587646484e+00
9.218190908432006836e-01
3.836394548416137695e-01
3.636646270751953125e-02
9.649705886840820312e-02
5.631585121154785156e-01
1.095278024673461914e+00
1.284072875976562500e+00
8.343762755393981934e-01
-1.278572678565979004e-01
-1.213166236877441406e+00
-1.899344086647033691e+00
-1.974985480308532715e+00
-1.543717622756958008e+00
-1.057052850723266602e+00
-8.586419224739074707e-01
-1.081098794937133789e+00
-1.434295892715454102e+00
-1.583909392356872559e+00
-1.262786626815795898e+00
-6.232922673225402832e-01
5.198048055171966553e-02
4.009763598442077637e-01
4.101594388484954834e-01
1.937607228755950928e-01
1.497930288314819336e-02
-1.656056940555572510e-01
-4.750126600265502930e-01
-1.161733746528625488e+00
-2.067956209182739258e+00
-2.822247266769409180e+00
-2.817819356918334961e+00
-1.902602672576904297e+00
-3.471961617469787598e-01
1.018125295639038086e+00
1.594677686691284180e+00
1.190017819404602051e+00
4.174156188964843750e-01
-2.502899616956710815e-02
3.614348173141479492e-01
1.211639642715454102e+00
1.845223784446716309e+00
1.555418491363525391e+00
5.001567602157592773e-01
-6.285775899887084961e-01
-8.132153749465942383e-01
1.913473606109619141e-01
1.886420965194702148e+00
3.009285688400268555e+00
2.720559120178222656e+00
9.077584147453308105e-01
-1.373160123825073242e+00
-2.911875724792480469e+00
-2.805469512939453125e+00
-1.342115283012390137e+00
5.908399820327758789e-01
1.785279989242553711e+00
1.805296778678894043e+00
7.903581261634826660e-01
-4.353364706039428711e-01
