-6.826615929603576660e-01
-6.954684853553771973e-01
-2.658055722713470459e-01
5.624215602874755859e-01
1.355390787124633789e+00
1.654533147811889648e+00
1.116710186004638672e+00
-6.425426900386810303e-02
-1.303035497665405273e+00
-1.780218124389648438e+00
-1.087543487548828125e+00
5.550374984741210938e-01
2.219352722167968750e+00
2.923368692398071289e+00
2.164161443710327148e+00
4.039500951766967773e-01
-1.308418273925781250e+00
-1.933671474456787109e+00
-1.260912179946899414e+00
4.979276657104492188e-02
8.696600198745727539e-01
5.336024761199951172e-01
-7.460220456123352051e-01
-1.952987551689147949e+00
-2.117501020431518555e+00
-9.766199588775634766e-01
7.378023266792297363e-01
1.896595954895019531e+00
1.711169600486755371e+00
3.440250754356384277e-01
-1.305186748504638672e+00
-2.183630466461181641e+00
-1.838030934333801270e+00
-5.694507360458374023e-01
8.213073015213012695e-01
1.656229496002197266e+00
1.699186444282531738e+00
1.197374939918518066e+00
5.435396432876586914e-01
4.712814092636108398e-02
-1.936902999877929688e-01
-1.737339198589324951e-01
5.310404300689697266e-02
3.886815011501312256e-01
6.065281033515930176e-01
4.455453157424926758e-01
-2.232993841171264648e-01
-1.191298604011535645e+00
-1.961528539657592773e+00
-2.021249055862426758e+00
-1.229397773742675781e+00
4.763719439506530762e-02
1.132511019706726074e+00
1.490664243698120117e+00
1.063350200653076172e+00
2.656248807907104492e-01
-3.532708883285522461e-01
-4.868402481079101562e-01
-2.094956338405609131e-01
1.989426165819168091e-01
5.410193800926208496e-01
8.255212306976318359e-01
1.153002142906188965e+00
1.494668245315551758e+00
1.629477381706237793e+00
1.308209896087646484e+00
5.171641707420349121e-01
-4.416796565055847168e-01
-1.128101944923400879e+00
-1.300159931182861328e+00
-1.075346350669860840e+00
-8.097385168075561523e-01
-7.620824575424194336e-01
-8.820658922195434570e-01
-8.849105834960937500e-01
-5.773114562034606934e-01
-9.023251384496688843e-02
1.866262555122375488e-01
-3.003880381584167480e-02
-6.113041639328002930e-01
-1.040687322616577148e+00
-8.252016305923461914e-01
6.746029853820800781e-02
1.107091069221496582e+00
1.590281248092651367e+00
1.202848076820373535e+00
3.071383833885192871e-01
-3.274811804294586182e-01
-1.432606875896453857e-01
7.174089550971984863e-01
1.480271935462951660e+00
1.323441028594970703e+00
2.981427311897277832e-02
-1.799970507621765137e+00
-3.153346538543701172e+00
-3.298692941665649414e+00
-2.260123729705810547e+00
-7.175937891006469727e-01
5.105249285697937012e-01
1.012184739112854004e+00
9.151138067245483398e-01
6.243394017219543457e-01
4.041029810905456543e-01
2.209858894348144531e-01
-1.286157816648483276e-01
-7.024992108345031738e-01
-1.309473276138305664e+00
-1.624602079391479492e+00
-1.498386740684509277e+00
-1.062702536582946777e+00
-6.500635147094726562e-01
-4.782012999057769775e-01
-5.205047130584716797e-01
-5.257598161697387695e-01
-3.153917193412780762e-01
8.743003010749816895e-02
4.429846107959747314e-01
5.818624496459960938e-01
5.376956462860107422e-01
5.932412743568420410e-01
9.751116633415222168e-01
1.683569550514221191e+00
2.364866733551025391e+00
2.605613231658935547e+00
2.146657466888427734e+00
1.143518567085266113e+00
-1.396989822387695312e-02
-8.639907240867614746e-01
-1.205499887466430664e+00
-1.059186100959777832e+00
-6.639682650566101074e-01
-2.065381407737731934e-01
1.569348573684692383e-01
4.121340811252593994e-01
5.161805748939514160e-01
5.039486885070800781e-01
3.665364086627960205e-01
1.953866481781005859e-01
1.847869157791137695e-02
-9.871175140142440796e-02
-2.037084102630615234e-01
-2.735188603401184082e-01
-3.222810029983520508e-01
-2.530816793441772461e-01
-8.434411883354187012e-02
1.493975073099136353e-01
2.477443814277648926e-01
1.247243732213973999e-01
-2.498828619718551636e-01
-6.591691970825195312e-01
-9.375125169754028320e-01
-9.563723802566528320e-01
-8.739194273948669434e-01
-8.454212546348571777e-01
-1.023727059364318848e+00
-1.250154376029968262e+00
-1.330853462219238281e+00
-1.042716264724731445e+00
-5.135550498962402344e-01
1.874688267707824707e-02
2.052036225795745850e-01
2.987450547516345978e-02
-3.623517751693725586e-01
-6.080547571182250977e-01
-5.946285128593444824e-01
-3.299109935760498047e-01
-6.755748391151428223e-02
1.411907374858856201e-01
3.069614768028259277e-01
6.328614950180053711e-01
1.058515191078186035e+00
1.403090119361877441e+00
1.277529954910278320e+00
6.389134526252746582e-01
-2.604598104953765869e-01
-7.480620145797729492e-01
-3.964678943157196045e-01
8.360669612884521484e-01
2.282401561737060547e+00
3.186233043670654297e+00
2.985788822174072266e+00
1.919494271278381348e+00
6.465696096420288086e-01
2.285803109407424927e-02
3.150923252105712891e-01
1.276372671127319336e+00
2.126569271087646484e+00
2.313422679901123047e+00
1.628485083580017090e+00
5.352122783660888672e-01
-3.859803080558776855e-01
-5.703969001770019531e-01
-1.350289583206176758e-02
9.798455834388732910e-01
1.746569633483886719e+00
1.848899126052856445e+00
1.063419103622436523e+00
-2.590243816375732422e-01
-1.593419194221496582e+00
-2.262042045593261719e+00
-2.040739774703979492e+00
-1.071388363838195801e+00
-3.798794746398925781e-02
4.629971981048583984e-01
6.385004520416259766e-02
-9.028140306472778320e-01
-1.851505279541015625e+00
-2.122135162353515625e+00
-1.662246346473693848e+00
-8.316333293914794922e-01
-3.364444077014923096e-01
-4.701955914497375488e-01
-1.086720466613769531e+00
-1.486018896102905273e+00
-1.144019007682800293e+00
9.839124977588653564e-02
1.694923639297485352e+00
