-1.056556463241577148e+00
-1.098378062248229980e+00
-6.623238325119018555e-01
-1.786562651395797729e-01
1.324252486228942871e-01
1.568407416343688965e-01
-1.525819301605224609e-03
-1.043939590454101562e-01
5.122548341751098633e-02
4.356701374053955078e-01
8.080564737319946289e-01
8.754228949546813965e-01
5.632700324058532715e-01
6.721785664558410645e-02
-2.471613585948944092e-01
-1.599327027797698975e-01
2.597638070583343506e-01
6.809278726577758789e-01
8.174294233322143555e-01
6.148067116737365723e-01
2.981379330158233643e-01
9.893175959587097168e-02
5.544126033782958984e-02
-6.944215297698974609e-02
-4.985243082046508789e-01
-1.198606610298156738e+00
-1.752291083335876465e+00
-1.680285215377807617e+00
-7.907395362854003906e-01
5.509960651397705078e-01
1.683693885803222656e+00
2.055926322937011719e+00
1.681899309158325195e+00
1.033142924308776855e+00
6.936680078506469727e-01
8.093395829200744629e-01
1.039415955543518066e+00
8.158383369445800781e-01
-6.888545304536819458e-02
-1.292378664016723633e+00
-2.148990631103515625e+00
-2.164465188980102539e+00
-1.404352784156799316e+00
-4.773020148277282715e-01
1.785320043563842773e-02
-1.070272326469421387e-01
-4.692909717559814453e-01
-5.660564899444580078e-01
-1.739040613174438477e-01
3.922933638095855713e-01
6.479812264442443848e-01
3.439134061336517334e-01
-2.003004997968673706e-01
-3.983448445796966553e-01
1.585366129875183105e-01
1.237968921661376953e+00
2.142376899719238281e+00
2.146259307861328125e+00
1.108036756515502930e+00
-4.902058839797973633e-01
-1.838278889656066895e+00
-2.434590339660644531e+00
-2.307477235794067383e+00
-1.923958659172058105e+00
-1.666693449020385742e+00
-1.575204253196716309e+00
-1.326972961425781250e+00
-6.689975857734680176e-01
3.197687864303588867e-01
1.175092220306396484e+00
1.445537805557250977e+00
1.014452934265136719e+00
2.610181570053100586e-01
-2.755494117736816406e-01
-2.490720003843307495e-01
2.001503556966781616e-01
6.407139897346496582e-01
6.687363982200622559e-01
2.781717181205749512e-01
-1.857076883316040039e-01
-2.556864619255065918e-01
2.668466567993164062e-01
1.187234044075012207e+00
2.013033390045166016e+00
2.281728267669677734e+00
1.789010405540466309e+00
7.070783972740173340e-01
-5.532618761062622070e-01
-1.516733407974243164e+00
-1.863630175590515137e+00
-1.520567417144775391e+00
-7.057376503944396973e-01
1.877814531326293945e-01
7.501656413078308105e-01
7.753384709358215332e-01
3.707474172115325928e-01
-9.666270017623901367e-02
-2.210327982902526855e-01
1.684118956327438354e-01
8.855435848236083984e-01
1.489637374877929688e+00
1.580362319946289062e+00
1.053666591644287109e+00
1.900256276130676270e-01
-5.473076105117797852e-01
-7.755267024040222168e-01
-4.379743635654449463e-01
2.246286123991012573e-01
8.184329271316528320e-01
1.050545334815979004e+00
8.264732360839843750e-01
2.789015173912048340e-01
-3.757171332836151123e-01
-9.141031503677368164e-01
-1.233054041862487793e+00
-1.323186039924621582e+00
-1.300990104675292969e+00
-1.270251512527465820e+00
-1.295021772384643555e+00
-1.281480431556701660e+00
-1.083206892013549805e+00
-5.636512041091918945e-01
1.848245561122894287e-01
8.875515460968017578e-01
1.159148335456848145e+00
8.367161154747009277e-01
6.639896333217620850e-02
-6.826582551002502441e-01
-1.002404451370239258e+00
-7.648390531539916992e-01
-2.940042018890380859e-01
-4.058454558253288269e-02
-3.028063774108886719e-01
-8.983527421951293945e-01
-1.382812261581420898e+00
-1.305684328079223633e+00
-6.537125706672668457e-01
2.439476251602172852e-01
8.943817615509033203e-01
1.119578361511230469e+00
1.068784475326538086e+00
1.133331060409545898e+00
1.479589819908142090e+00
1.998379468917846680e+00
2.313704013824462891e+00
2.240224361419677734e+00
1.857829213142395020e+00
1.533219456672668457e+00
1.459267377853393555e+00
1.542788147926330566e+00
1.358112335205078125e+00
6.436132192611694336e-01
-5.138359665870666504e-01
-1.547966837882995605e+00
-1.942803263664245605e+00
-1.527105689048767090e+00
-7.518672943115234375e-01
-2.282907068729400635e-01
-3.742771744728088379e-01
-9.740982055664062500e-01
-1.496482372283935547e+00
-1.427503824234008789e+00
-8.115093708038330078e-01
-8.301150798797607422e-02
1.890216618776321411e-01
-1.066313683986663818e-01
-6.720586419105529785e-01
-9.427927136421203613e-01
-6.761713027954101562e-01
-1.436427235603332520e-03
6.103925108909606934e-01
8.728365302085876465e-01
7.640207409858703613e-01
5.744383335113525391e-01
4.503356218338012695e-01
3.477479219436645508e-01
-1.729625463485717773e-02
-7.066988945007324219e-01
-1.507128477096557617e+00
-1.897647976875305176e+00
-1.569209814071655273e+00
-5.820302963256835938e-01
5.249464511871337891e-01
1.249109745025634766e+00
1.366460561752319336e+00
1.149837493896484375e+00
9.345053434371948242e-01
8.637626171112060547e-01
6.401525735855102539e-01
-6.591981649398803711e-02
-1.312547922134399414e+00
-2.566951513290405273e+00
-3.117009878158569336e+00
-2.500299453735351562e+00
-1.012608885765075684e+00
5.388464927673339844e-01
1.289549350738525391e+00
1.012035965919494629e+00
1.492592394351959229e-01
-4.740557670593261719e-01
-3.807916045188903809e-01
3.198434710502624512e-01
1.006639719009399414e+00
1.165161252021789551e+00
7.155216932296752930e-01
1.089854091405868530e-01
-1.697514653205871582e-01
5.644310265779495239e-02
4.602406620979309082e-01
5.909783840179443359e-01
2.148280888795852661e-01
-4.057426750659942627e-01
-7.845592498779296875e-01
-5.465189218521118164e-01
2.023355066776275635e-01
1.006920576095581055e+00
1.345205307006835938e+00
