8.368143439292907715e-02
8.158309757709503174e-02
-3.817387819290161133e-01
-9.055742621421813965e-01
-1.189979314804077148e+00
-1.211149096488952637e+00
-9.075413346290588379e-01
-4.550808668136596680e-01
1.115462183952331543e-01
5.893971323966979980e-01
9.286420345306396484e-01
9.562406539916992188e-01
7.622055411338806152e-01
4.332100152969360352e-01
2.878652215003967285e-01
4.218462109565734863e-01
8.568893671035766602e-01
1.255919456481933594e+00
1.372337102890014648e+00
9.939266443252563477e-01
3.135135471820831299e-01
-4.319677948951721191e-01
-9.152826070785522461e-01
-1.120084285736083984e+00
-1.074786424636840820e+00
-9.457492828369140625e-01
-6.947473287582397461e-01
-3.397517204284667969e-01
1.236372292041778564e-01
4.375283718109130859e-01
4.021927714347839355e-01
-8.062434196472167969e-02
-6.747403144836425781e-01
-9.268752336502075195e-01
-4.566308856010437012e-01
5.514078140258789062e-01
1.527906656265258789e+00
1.767973542213439941e+00
1.091688036918640137e+00
-8.874607086181640625e-02
-9.283371567726135254e-01
-8.834745287895202637e-01
-4.810905084013938904e-02
8.030415773391723633e-01
8.762583732604980469e-01
-9.858472645282745361e-02
-1.565571784973144531e+00
-2.595212697982788086e+00
-2.484447956085205078e+00
-1.288401722908020020e+00
3.120208084583282471e-01
1.485402107238769531e+00
1.828833580017089844e+00
1.493319749832153320e+00
9.321652650833129883e-01
4.623189568519592285e-01
8.895497769117355347e-02
-3.330879211425781250e-01
-8.018909096717834473e-01
-1.046380639076232910e+00
-7.624834179878234863e-01
5.839967727661132812e-02
9.637668728828430176e-01
1.339722990989685059e+00
8.471726179122924805e-01
-2.128074318170547485e-01
-1.119588136672973633e+00
-1.201568126678466797e+00
-4.161046743392944336e-01
6.702699661254882812e-01
1.242392301559448242e+00
9.468997120857238770e-01
7.960000634193420410e-02
-5.713025331497192383e-01
-4.588668942451477051e-01
3.679170608520507812e-01
1.180273771286010742e+00
1.246567845344543457e+00
3.063759803771972656e-01
-1.072157621383666992e+00
-2.002616405487060547e+00
-1.786139965057373047e+00
-5.440104007720947266e-01
1.007931351661682129e+00
1.918269276618957520e+00
1.780235409736633301e+00
7.997376322746276855e-01
-2.663333117961883545e-01
-8.248005509376525879e-01
-6.685304641723632812e-01
-1.897494792938232422e-01
1.540975570678710938e-01
5.027401447296142578e-02
-2.833263278007507324e-01
-4.720025658607482910e-01
-1.338540315628051758e-01
6.242568492889404297e-01
1.423681974411010742e+00
1.670337200164794922e+00
1.131531476974487305e+00
-8.559982478618621826e-02
-1.392196416854858398e+00
-2.237509012222290039e+00
-2.210151672363281250e+00
-1.437001705169677734e+00
-2.905139625072479248e-01
6.238815188407897949e-01
9.641451835632324219e-01
5.900511741638183594e-01
-2.073069661855697632e-01
-1.071721315383911133e+00
-1.550581693649291992e+00
-1.487426042556762695e+00
-8.757269382476806641e-01
-4.900749027729034424e-02
6.768646836280822754e-01
9.677426218986511230e-01
8.417822122573852539e-01
4.788323640823364258e-01
3.013809323310852051e-01
5.206119418144226074e-01
1.145505428314208984e+00
1.748424530029296875e+00
1.889544725418090820e+00
1.238036990165710449e+00
4.865795373916625977e-03
-1.307762145996093750e+00
-2.036894321441650391e+00
-1.934204459190368652e+00
-1.157654285430908203e+00
-2.877944111824035645e-01
2.427193522453308105e-01
2.993744015693664551e-01
2.274565100669860840e-01
3.843384981155395508e-01
9.336332082748413086e-01
1.558275222778320312e+00
1.836350083351135254e+00
1.486240625381469727e+00
7.383255362510681152e-01
6.778803467750549316e-02
-8.845332264900207520e-02
2.035320401191711426e-01
5.033375024795532227e-01
2.728793323040008545e-01
-5.736418366432189941e-01
-1.623418211936950684e+00
-2.176728487014770508e+00
-1.854702234268188477e+00
-8.520358204841613770e-01
1.328992545604705811e-01
4.630727767944335938e-01
-2.809159457683563232e-03
-7.775682210922241211e-01
-1.159236907958984375e+00
-7.440909743309020996e-01
2.526010274887084961e-01
1.182182192802429199e+00
1.426210999488830566e+00
8.243096470832824707e-01
-2.562388479709625244e-01
-1.221779108047485352e+00
-1.631033301353454590e+00
-1.429217338562011719e+00
-8.500391840934753418e-01
-2.195178866386413574e-01
2.644446194171905518e-01
5.119440555572509766e-01
5.379261970520019531e-01
3.566505610942840576e-01
9.153649210929870605e-02
-9.216558933258056641e-02
3.054070472717285156e-02
4.793083667755126953e-01
1.073794722557067871e+00
1.404245853424072266e+00
1.218559026718139648e+00
5.375700592994689941e-01
-1.948040723800659180e-01
-5.296769142150878906e-01
-2.226017713546752930e-01
4.383489489555358887e-01
9.774371385574340820e-01
9.477872848510742188e-01
4.055724740028381348e-01
-3.183131814002990723e-01
-7.480661869049072266e-01
-8.040626049041748047e-01
-6.546829342842102051e-01
-6.758716106414794922e-01
-8.931958675384521484e-01
-1.112017273902893066e+00
-9.042703509330749512e-01
-2.257414162158966064e-01
6.656873226165771484e-01
1.149114727973937988e+00
9.367635250091552734e-01
1.154380813241004944e-01
-6.604536175727844238e-01
-8.768076300621032715e-01
-3.234359622001647949e-01
5.020469427108764648e-01
1.000018715858459473e+00
6.693695783615112305e-01
-2.858543992042541504e-01
-1.361972570419311523e+00
-1.853355646133422852e+00
-1.565713882446289062e+00
-6.173406839370727539e-01
4.362297058105468750e-01
1.243284225463867188e+00
1.526696324348449707e+00
1.411122083663940430e+00
9.543201923370361328e-01
3.878131508827209473e-01
-2.370982468128204346e-01
-6.751033663749694824e-01
