-6.555210947990417480e-01
-7.609378099441528320e-01
-1.075413703918457031e+00
-1.024891972541809082e+00
-5.219143629074096680e-01
8.899229764938354492e-02
4.732979536056518555e-01
3.350538015365600586e-01
-1.254591047763824463e-01
-5.628111958503723145e-01
-5.333331227302551270e-01
-6.268715858459472656e-02
5.624912977218627930e-01
7.889921069145202637e-01
4.280826151371002197e-01
-3.910045325756072998e-01
-1.086679458618164062e+00
-1.251266002655029297e+00
-7.368658185005187988e-01
3.584480285644531250e-02
5.809867382049560547e-01
4.967597126960754395e-01
-7.030054926872253418e-02
-7.465990185737609863e-01
-1.009058117866516113e+00
-7.328439950942993164e-01
-4.070538282394409180e-02
6.258146166801452637e-01
1.010966897010803223e+00
9.963063001632690430e-01
8.043113350868225098e-01
6.205173730850219727e-01
6.424820423126220703e-01
8.088747262954711914e-01
1.065102577209472656e+00
1.247972965240478516e+00
1.347726106643676758e+00
1.300573468208312988e+00
1.166099190711975098e+00
9.267429113388061523e-01
6.832152009010314941e-01
4.662968516349792480e-01
3.804968297481536865e-01
3.770551383495330811e-01
4.176239669322967529e-01
3.545249998569488525e-01
1.780528724193572998e-01
-1.025950312614440918e-01
-3.381068706512451172e-01
-4.816106259822845459e-01
-5.166403055191040039e-01
-5.835120677947998047e-01
-7.555516958236694336e-01
-1.066298484802246094e+00
-1.353675961494445801e+00
-1.460577249526977539e+00
-1.236769437789916992e+00
-7.349039912223815918e-01
-9.227013587951660156e-02
4.521158933639526367e-01
7.586694359779357910e-01
7.452678084373474121e-01
4.691945314407348633e-01
2.453006803989410400e-02
-4.164877533912658691e-01
-7.026174664497375488e-01
-6.929609179496765137e-01
-3.900018930435180664e-01
6.659957021474838257e-02
3.870040476322174072e-01
3.160635530948638916e-01
-2.431296557188034058e-01
-1.098144769668579102e+00
-1.871412277221679688e+00
-2.167997837066650391e+00
-1.808878540992736816e+00
-9.056645631790161133e-01
2.041149288415908813e-01
1.148001909255981445e+00
1.681433320045471191e+00
1.752046585083007812e+00
1.461655974388122559e+00
9.755653142929077148e-01
4.844879508018493652e-01
1.544796824455261230e-01
1.250833868980407715e-01
4.266905784606933594e-01
9.672986268997192383e-01
1.516611576080322266e+00
1.846827507019042969e+00
1.822073101997375488e+00
1.502487897872924805e+00
1.024526834487915039e+00
5.216315984725952148e-01
-2.309536933898925781e-02
-6.588234901428222656e-01
-1.378193378448486328e+00
-1.941064596176147461e+00
-2.026849031448364258e+00
-1.402272462844848633e+00
-2.372602373361587524e-01
9.748380184173583984e-01
1.605044722557067871e+00
1.373532056808471680e+00
4.726548790931701660e-01
-4.914085268974304199e-01
-1.001435518264770508e+00
-9.202675819396972656e-01
-6.231025457382202148e-01
-5.755078196525573730e-01
-9.922733306884765625e-01
-1.550508379936218262e+00
-1.728435754776000977e+00
-1.168389558792114258e+00
-1.061874032020568848e-01
8.474021553993225098e-01
1.076581954956054688e+00
5.385906100273132324e-01
-2.731025815010070801e-01
-6.116050481796264648e-01
-1.588920056819915771e-01
8.088153004646301270e-01
1.542850971221923828e+00
1.514077186584472656e+00
7.530286908149719238e-01
-8.121830970048904419e-02
-3.184354603290557861e-01
2.670540213584899902e-01
1.173660516738891602e+00
1.657512903213500977e+00
1.241460323333740234e+00
1.839365512132644653e-01
-8.145089149475097656e-01
-1.097411155700683594e+00
-6.649916172027587891e-01
-8.782023191452026367e-02
-1.088558435440063477e-01
-9.319577217102050781e-01
-2.095277786254882812e+00
-2.731309413909912109e+00
-2.322191238403320312e+00
-1.058440208435058594e+00
1.954161524772644043e-01
6.048474311828613281e-01
-8.622878044843673706e-02
-1.293998718261718750e+00
-2.089560270309448242e+00
-1.791368007659912109e+00
-4.910117983818054199e-01
1.117042899131774902e+00
2.190262556076049805e+00
2.353966236114501953e+00
1.813175201416015625e+00
1.145767569541931152e+00
7.929049730300903320e-01
8.287048339843750000e-01
9.750005602836608887e-01
9.490061402320861816e-01
6.806654930114746094e-01
3.647333383560180664e-01
2.288509011268615723e-01
3.445997834205627441e-01
5.618677139282226562e-01
6.716423034667968750e-01
5.766095519065856934e-01
3.660276234149932861e-01
1.972583085298538208e-01
1.396650671958923340e-01
1.011555790901184082e-01
-7.945695519447326660e-02
-4.606841206550598145e-01
-9.206919670104980469e-01
-1.209278583526611328e+00
-1.144819617271423340e+00
-7.344882488250732422e-01
-2.106862068176269531e-01
1.327829658985137939e-01
6.897610425949096680e-02
-4.190277755260467529e-01
-1.192130804061889648e+00
-1.968508124351501465e+00
-2.465108633041381836e+00
-2.403715610504150391e+00
-1.666965126991271973e+00
-3.147727251052856445e-01
1.285723686218261719e+00
2.621713161468505859e+00
3.161123275756835938e+00
2.710407733917236328e+00
1.451041698455810547e+00
-4.601791501045227051e-02
-1.231853127479553223e+00
-1.772831320762634277e+00
-1.786632537841796875e+00
-1.570416569709777832e+00
-1.441298365592956543e+00
-1.395264506340026855e+00
-1.274939775466918945e+00
-8.479543924331665039e-01
-1.748828291893005371e-01
5.169224739074707031e-01
8.664372563362121582e-01
7.954162359237670898e-01
4.372845888137817383e-01
1.765118837356567383e-01
2.045086026191711426e-01
5.256860852241516113e-01
8.211458921432495117e-01
8.782570958137512207e-01
6.123903393745422363e-01
2.897860407829284668e-01
1.394571661949157715e-01
3.143284320831298828e-01
5.933837890625000000e-01
7.279611229896545410e-01
4.753767251968383789e-01
-2.601465582847595215e-02
