7.535339891910552979e-02
1.020054221153259277e-01
4.914360940456390381e-01
5.306206345558166504e-01
1.712048649787902832e-01
-2.127909660339355469e-01
-4.334450364112854004e-01
-3.960496187210083008e-01
-3.994357287883758545e-01
-5.656901597976684570e-01
-9.260460138320922852e-01
-1.115436434745788574e+00
-9.478728771209716797e-01
-3.832090497016906738e-01
1.481531560420989990e-01
3.215384483337402344e-01
-2.778381109237670898e-02
-5.091546177864074707e-01
-7.104125022888183594e-01
-3.298059701919555664e-01
3.278151154518127441e-01
7.917366623878479004e-01
5.996831655502319336e-01
-9.808067977428436279e-02
-8.308306932449340820e-01
-9.597120881080627441e-01
-3.670172095298767090e-01
6.518583297729492188e-01
1.431271791458129883e+00
1.615049719810485840e+00
1.198275446891784668e+00
6.434550881385803223e-01
3.080441951751708984e-01
3.610883057117462158e-01
5.688291788101196289e-01
7.279571294784545898e-01
7.134792208671569824e-01
6.856189966201782227e-01
7.268911600112915039e-01
8.249154090881347656e-01
7.089259028434753418e-01
2.312282919883728027e-01
-5.630282759666442871e-01
-1.265821099281311035e+00
-1.494945645332336426e+00
-1.069400310516357422e+00
-2.795829772949218750e-01
4.172261953353881836e-01
6.125569343566894531e-01
3.201071023941040039e-01
-1.701183915138244629e-01
-4.515249133110046387e-01
-3.965853154659271240e-01
-1.407150179147720337e-01
-1.499076001346111298e-02
-1.933863312005996704e-01
-6.240758895874023438e-01
-1.009287238121032715e+00
-1.081259727478027344e+00
-7.228130698204040527e-01
-7.408082485198974609e-02
6.188858747482299805e-01
1.104594826698303223e+00
1.275937557220458984e+00
1.148375272750854492e+00
8.534796833992004395e-01
5.494620800018310547e-01
3.860848546028137207e-01
4.311615228652954102e-01
6.560587882995605469e-01
9.227241277694702148e-01
1.051472783088684082e+00
8.992407321929931641e-01
4.342864155769348145e-01
-2.443298697471618652e-01
-9.556246995925903320e-01
-1.488812208175659180e+00
-1.681517839431762695e+00
-1.448298215866088867e+00
-8.481186032295227051e-01
-8.209447562694549561e-02
5.116844177246093750e-01
6.142569780349731445e-01
6.766323745250701904e-02
-9.596152305603027344e-01
-2.050840854644775391e+00
-2.717319250106811523e+00
-2.714310884475708008e+00
-2.130373716354370117e+00
-1.332420349121093750e+00
-6.413790583610534668e-01
-1.587467789649963379e-01
2.900307178497314453e-01
8.738408088684082031e-01
1.572952985763549805e+00
2.080388545989990234e+00
2.079927444458007812e+00
1.485118031501770020e+00
6.195189952850341797e-01
-4.324439167976379395e-02
-1.694295704364776611e-01
1.317280977964401245e-01
4.770158529281616211e-01
4.943224191665649414e-01
2.023359537124633789e-01
-5.246806144714355469e-02
1.538872718811035156e-01
8.849298357963562012e-01
1.796680927276611328e+00
2.323618888854980469e+00
2.143040418624877930e+00
1.344468355178833008e+00
3.783974051475524902e-01
-3.432127833366394043e-01
-6.477426886558532715e-01
-6.521504521369934082e-01
-4.848765730857849121e-01
-1.700643151998519897e-01
3.687142729759216309e-01
1.036805510520935059e+00
1.493241190910339355e+00
1.273882865905761719e+00
2.111973464488983154e-01
-1.348928213119506836e+00
-2.650205850601196289e+00
-3.058830261230468750e+00
-2.513521671295166016e+00
-1.611340284347534180e+00
-1.130268335342407227e+00
-1.427363157272338867e+00
-2.133782625198364258e+00
-2.467140913009643555e+00
-1.871657490730285645e+00
-5.013409852981567383e-01
8.794792294502258301e-01
1.488975763320922852e+00
1.121817350387573242e+00
2.781340479850769043e-01
-2.958370149135589600e-01
-2.125321775674819946e-01
2.654562890529632568e-01
5.450168848037719727e-01
2.528650462627410889e-01
-3.667589724063873291e-01
-6.758933663368225098e-01
-1.609201431274414062e-01
1.058122038841247559e+00
2.324350595474243164e+00
2.883188486099243164e+00
2.500603199005126953e+00
1.528244137763977051e+00
6.354267001152038574e-01
1.987826526165008545e-01
1.407471895217895508e-01
3.226831555366516113e-02
-3.793270587921142578e-01
-1.010252237319946289e+00
-1.452554464340209961e+00
-1.455430507659912109e+00
-1.055550694465637207e+00
-6.218364238739013672e-01
-3.945342004299163818e-01
-3.813936114311218262e-01
-2.876876592636108398e-01
1.808565855026245117e-02
4.288875460624694824e-01
5.359261035919189453e-01
1.662561446428298950e-01
-4.971455633640289307e-01
-8.278880715370178223e-01
-4.009759426116943359e-01
7.461429834365844727e-01
1.884237527847290039e+00
2.259699344635009766e+00
1.515764355659484863e+00
1.824352890253067017e-01
-8.587431907653808594e-01
-8.327720165252685547e-01
1.734487712383270264e-01
1.488081693649291992e+00
2.167876720428466797e+00
1.865753412246704102e+00
7.996080517768859863e-01
-3.020903170108795166e-01
-9.966917037963867188e-01
-1.175509095191955566e+00
-1.210330724716186523e+00
-1.290647625923156738e+00
-1.428624629974365234e+00
-1.267688632011413574e+00
-7.147756814956665039e-01
8.781789243221282959e-02
5.573309659957885742e-01
3.651634752750396729e-01
-5.040842294692993164e-01
-1.420018434524536133e+00
-1.798685073852539062e+00
-1.273424863815307617e+00
-2.381494343280792236e-01
6.861159205436706543e-01
8.217012882232666016e-01
1.803007125854492188e-01
-8.227695226669311523e-01
-1.368912577629089355e+00
-1.047186970710754395e+00
1.756816208362579346e-01
1.645792245864868164e+00
2.690568923950195312e+00
2.682425975799560547e+00
1.664461255073547363e+00
1.709178090095520020e-02
-1.420891165733337402e+00
-2.078438282012939453e+00
-1.622144937515258789e+00
-4.337622225284576416e-01
9.164412617683410645e-01
1.680651783943176270e+00
