-1.557189106941223145e+00
-1.593040347099304199e+00
-6.528760194778442383e-01
4.862391650676727295e-01
1.320666074752807617e+00
1.364930510520935059e+00
7.349037528038024902e-01
-1.086055263876914978e-01
-4.665448665618896484e-01
-1.269613951444625854e-01
6.689373850822448730e-01
1.211678147315979004e+00
1.090357422828674316e+00
3.435032069683074951e-01
-3.646315634250640869e-01
-4.783996939659118652e-01
1.582237184047698975e-01
9.437972903251647949e-01
1.166266560554504395e+00
4.175958931446075439e-01
-8.417884111404418945e-01
-1.761971712112426758e+00
-1.568948268890380859e+00
-3.467537164688110352e-01
1.170377492904663086e+00
1.963408112525939941e+00
1.637304782867431641e+00
4.974247813224792480e-01
-5.814602375030517578e-01
-1.012631773948669434e+00
-7.331829071044921875e-01
-2.916861474514007568e-01
-1.424491405487060547e-01
-3.939818441867828369e-01
-6.248641610145568848e-01
-4.819370210170745850e-01
6.873888522386550903e-02
5.336585044860839844e-01
4.594702124595642090e-01
-2.608062326908111572e-01
-1.104315519332885742e+00
-1.452312111854553223e+00
-9.807958602905273438e-01
-7.208500802516937256e-02
5.979040265083312988e-01
4.956082999706268311e-01
-2.319339811801910400e-01
-9.948495626449584961e-01
-1.145998597145080566e+00
-5.947490930557250977e-01
2.551656067371368408e-01
7.880592942237854004e-01
7.720934748649597168e-01
4.262958168983459473e-01
2.403470873832702637e-01
4.414011538028717041e-01
8.634904026985168457e-01
1.063779592514038086e+00
8.020173907279968262e-01
1.940750181674957275e-01
-3.596602082252502441e-01
-6.247685551643371582e-01
-7.053622603416442871e-01
-9.692278504371643066e-01
-1.599159002304077148e+00
-2.356338262557983398e+00
-2.659401416778564453e+00
-2.081765174865722656e+00
-7.341389060020446777e-01
7.080391645431518555e-01
1.480897545814514160e+00
1.275636911392211914e+00
4.656844139099121094e-01
-2.001936286687850952e-01
-1.615698337554931641e-01
5.504847168922424316e-01
1.392559885978698730e+00
1.756713509559631348e+00
1.415217995643615723e+00
6.405431628227233887e-01
-7.351905852556228638e-02
-3.640579581260681152e-01
-2.150121629238128662e-01
1.642467379570007324e-01
5.264882445335388184e-01
7.601430416107177734e-01
8.239105939865112305e-01
6.982876062393188477e-01
3.392010629177093506e-01
-1.687400937080383301e-01
-6.020149588584899902e-01
-6.384398937225341797e-01
-1.534435451030731201e-01
6.619583368301391602e-01
1.319805741310119629e+00
1.408238887786865234e+00
8.413103818893432617e-01
-2.925465628504753113e-02
-7.664529085159301758e-01
-1.126877903938293457e+00
-1.272959947586059570e+00
-1.467130661010742188e+00
-1.791321873664855957e+00
-1.906906485557556152e+00
-1.383668780326843262e+00
-7.189379632472991943e-02
1.545047402381896973e+00
2.651848554611206055e+00
2.583014249801635742e+00
1.414261937141418457e+00
-1.360437124967575073e-01
-1.134143829345703125e+00
-1.179172992706298828e+00
-5.680757164955139160e-01
-6.787845492362976074e-02
-1.821245849132537842e-01
-8.342357277870178223e-01
-1.392464280128479004e+00
-1.311392545700073242e+00
-5.167366862297058105e-01
4.684569239616394043e-01
1.064735651016235352e+00
1.034716248512268066e+00
7.262038588523864746e-01
6.330860853195190430e-01
1.001063823699951172e+00
1.511394977569580078e+00
1.634723424911499023e+00
1.026685476303100586e+00
-6.128181517124176025e-02
-1.034142613410949707e+00
-1.348677992820739746e+00
-1.019610881805419922e+00
-5.196048021316528320e-01
-4.504834711551666260e-01
-9.790749549865722656e-01
-1.759868383407592773e+00
-2.142091035842895508e+00
-1.731187343597412109e+00
-6.058390736579895020e-01
6.862416267395019531e-01
1.579655885696411133e+00
1.777172565460205078e+00
1.417990446090698242e+00
8.434136509895324707e-01
4.029685556888580322e-01
2.426415681838989258e-01
3.528723418712615967e-01
5.995292663574218750e-01
8.341401219367980957e-01
8.872000575065612793e-01
6.621495485305786133e-01
1.819333732128143311e-01
-3.288758993148803711e-01
-5.631043314933776855e-01
-3.106156289577484131e-01
3.208451867103576660e-01
9.334721565246582031e-01
1.071332335472106934e+00
5.696054100990295410e-01
-2.898696660995483398e-01
-9.466654062271118164e-01
-9.492467045783996582e-01
-2.878620028495788574e-01
6.153038144111633301e-01
1.212921023368835449e+00
1.234909772872924805e+00
8.176963329315185547e-01
3.458932936191558838e-01
8.575630187988281250e-02
2.160638011991977692e-02
-8.891121298074722290e-02
-3.935994207859039307e-01
-8.116733431816101074e-01
-1.055079698562622070e+00
-9.682717919349670410e-01
-6.607154607772827148e-01
-5.161630511283874512e-01
-8.129161596298217773e-01
-1.516939997673034668e+00
-2.196584939956665039e+00
-2.397543430328369141e+00
-1.907480120658874512e+00
-9.968572258949279785e-01
-1.164450049400329590e-01
3.417823612689971924e-01
3.898708820343017578e-01
2.473261356353759766e-01
1.966563016176223755e-01
2.391042411327362061e-01
2.518194913864135742e-01
8.480026572942733765e-02
-1.152977645397186279e-01
-9.321337193250656128e-02
3.991444110870361328e-01
1.189498186111450195e+00
1.855376243591308594e+00
1.865988254547119141e+00
1.127642750740051270e+00
-2.944586426019668579e-02
-8.937966823577880859e-01
-9.971440434455871582e-01
-2.816477715969085693e-01
7.126281261444091797e-01
1.376498579978942871e+00
1.266172170639038086e+00
5.294519066810607910e-01
-4.164486527442932129e-01
-1.014161467552185059e+00
-1.078598141670227051e+00
-6.753427982330322266e-01
-1.786828637123107910e-01
1.840366572141647339e-01
2.629095017910003662e-01
2.022969126701354980e-01
8.546949177980422974e-02
5.181707069277763367e-02
