5.506361722946166992e-01
6.072452068328857422e-01
1.490223050117492676e+00
2.453402042388916016e+00
2.773462772369384766e+00
2.179911851882934570e+00
7.906059026718139648e-01
-6.319288015365600586e-01
-1.468633890151977539e+00
-1.359703660011291504e+00
-7.004498243331909180e-01
-2.396304160356521606e-02
1.356477141380310059e-01
-1.063473522663116455e-01
-4.108693003654479980e-01
-2.820503711700439453e-01
2.289898842573165894e-01
7.958356142044067383e-01
8.156818151473999023e-01
1.500095129013061523e-01
-9.958339929580688477e-01
-1.941758751869201660e+00
-2.263648033142089844e+00
-1.824775695800781250e+00
-1.077222228050231934e+00
-4.769231677055358887e-01
-3.882654905319213867e-01
-6.414015293121337891e-01
-9.243357777595520020e-01
-8.213962912559509277e-01
-3.244070410728454590e-01
3.855091929435729980e-01
8.595025539398193359e-01
8.620896339416503906e-01
3.043807744979858398e-01
-5.275728702545166016e-01
-1.311364889144897461e+00
-1.670354008674621582e+00
-1.522070169448852539e+00
-9.409069418907165527e-01
-2.716757059097290039e-01
2.220571637153625488e-01
3.622579574584960938e-01
2.900929450988769531e-01
2.098167538642883301e-01
3.287643194198608398e-01
5.597703456878662109e-01
6.880956888198852539e-01
4.748536348342895508e-01
1.972724497318267822e-02
-3.178267478942871094e-01
-7.361275702714920044e-02
8.387734889984130859e-01
2.023351907730102539e+00
2.730719804763793945e+00
2.435527563095092773e+00
1.219212174415588379e+00
-1.683556437492370605e-01
-8.412113785743713379e-01
-3.898133039474487305e-01
7.721834778785705566e-01
1.701416730880737305e+00
1.590882778167724609e+00
3.642834722995758057e-01
-1.279368400573730469e+00
-2.388230323791503906e+00
-2.411164045333862305e+00
-1.535569548606872559e+00
-4.175101518630981445e-01
3.359176218509674072e-01
6.112887859344482422e-01
6.698727607727050781e-01
8.067988157272338867e-01
9.363173246383666992e-01
7.166392803192138672e-01
-1.323083937168121338e-01
-1.370567917823791504e+00
-2.356640338897705078e+00
-2.405058383941650391e+00
-1.426513910293579102e+00
3.388229385018348694e-02
1.050817489624023438e+00
1.081659793853759766e+00
2.390148341655731201e-01
-7.180268764495849609e-01
-1.085996747016906738e+00
-6.013965010643005371e-01
2.971711456775665283e-01
9.969274997711181641e-01
1.052767038345336914e+00
6.135256290435791016e-01
7.969966530799865723e-02
-1.089885234832763672e-01
6.576444208621978760e-02
4.165131151676177979e-01
6.079037785530090332e-01
5.681645274162292480e-01
3.034331202507019043e-01
-4.270613193511962891e-02
-5.005413293838500977e-01
-1.019034504890441895e+00
-1.542244553565979004e+00
-1.764282941818237305e+00
-1.505713224411010742e+00
-7.413149476051330566e-01
8.208854496479034424e-02
4.828650951385498047e-01
9.158594906330108643e-02
-8.385227918624877930e-01
-1.759304642677307129e+00
-1.992943644523620605e+00
-1.394845366477966309e+00
-2.431871294975280762e-01
7.811421155929565430e-01
1.266229867935180664e+00
1.099553585052490234e+00
6.530627012252807617e-01
2.562748193740844727e-01
1.790144294500350952e-01
3.577189147472381592e-01
7.636900544166564941e-01
1.284547328948974609e+00
1.927940487861633301e+00
2.473113536834716797e+00
2.683295011520385742e+00
2.243843793869018555e+00
1.247618556022644043e+00
6.040400266647338867e-02
-6.717775464057922363e-01
-6.498851776123046875e-01
2.564030885696411133e-02
7.358308434486389160e-01
9.858101606369018555e-01
6.050713062286376953e-01
1.981437206268310547e-02
-3.034382462501525879e-01
-1.207481622695922852e-01
2.201983332633972168e-01
2.475070953369140625e-01
-3.315369486808776855e-01
-1.171336174011230469e+00
-1.680494546890258789e+00
-1.390401959419250488e+00
-5.395803451538085938e-01
1.753484457731246948e-01
2.035200595855712891e-04
-1.132474899291992188e+00
-2.597702980041503906e+00
-3.386593341827392578e+00
-2.944069623947143555e+00
-1.463172674179077148e+00
1.723758578300476074e-01
1.118115901947021484e+00
1.039791107177734375e+00
3.365924656391143799e-01
-3.311758637428283691e-01
-4.772197306156158447e-01
-1.329062581062316895e-01
3.737459182739257812e-01
7.074629068374633789e-01
8.152951002120971680e-01
8.134883642196655273e-01
8.053468465805053711e-01
7.158738374710083008e-01
4.275238811969757080e-01
-2.076607942581176758e-02
-3.434272110462188721e-01
-2.099817544221878052e-01
4.199070632457733154e-01
1.155626535415649414e+00
1.377028942108154297e+00
7.254927158355712891e-01
-5.710402131080627441e-01
-1.734250545501708984e+00
-1.976684331893920898e+00
-1.014601230621337891e+00
6.528548598289489746e-01
2.121788740158081055e+00
2.607928752899169922e+00
2.003754138946533203e+00
7.949199676513671875e-01
-2.442097216844558716e-01
-6.536582112312316895e-01
-3.996348977088928223e-01
1.451982259750366211e-01
6.658677458763122559e-01
9.902616739273071289e-01
1.213358879089355469e+00
1.352406144142150879e+00
1.378791689872741699e+00
1.112743020057678223e+00
5.851807594299316406e-01
-3.737269341945648193e-02
-3.557970523834228516e-01
-2.017896771430969238e-01
3.661357462406158447e-01
8.776808977127075195e-01
9.475302696228027344e-01
3.617185056209564209e-01
-5.609083771705627441e-01
-1.379047393798828125e+00
-1.623198866844177246e+00
-1.308498620986938477e+00
-6.848893761634826660e-01
-2.540652155876159668e-01
-1.975428760051727295e-01
-5.061770677566528320e-01
-8.028715252876281738e-01
-8.757030963897705078e-01
-5.982865691184997559e-01
-2.406279146671295166e-01
5.418300628662109375e-03
-7.249832153320312500e-02
-2.974379658699035645e-01
-5.080690979957580566e-01
-4.284109771251678467e-01
-1.425433903932571411e-01
