-8.534646034240722656e-01
-8.410567641258239746e-01
-1.430865049362182617e+00
-1.691737294197082520e+00
-1.720074772834777832e+00
-1.559030055999755859e+00
-1.322092890739440918e+00
-9.508602023124694824e-01
-4.671962559223175049e-01
1.760282963514328003e-01
8.841485977172851562e-01
1.633219480514526367e+00
2.291951894760131836e+00
2.779228448867797852e+00
2.865135908126831055e+00
2.393723011016845703e+00
1.255019903182983398e+00
-3.143915534019470215e-01
-1.875544071197509766e+00
-2.827976465225219727e+00
-2.853244781494140625e+00
-1.991816520690917969e+00
-7.349349856376647949e-01
3.825051486492156982e-01
9.937151074409484863e-01
1.158423662185668945e+00
1.122456908226013184e+00
1.140492796897888184e+00
1.194027900695800781e+00
1.133010983467102051e+00
8.157476782798767090e-01
3.604447543621063232e-01
2.788664400577545166e-02
5.399683117866516113e-02
3.760563433170318604e-01
7.006957530975341797e-01
6.996185779571533203e-01
3.211344182491302490e-01
-1.876755058765411377e-01
-4.642369747161865234e-01
-3.509048819541931152e-01
4.369199275970458984e-03
3.064221143722534180e-01
4.230701327323913574e-01
5.220455527305603027e-01
8.938404917716979980e-01
1.602714300155639648e+00
2.271762609481811523e+00
2.287375211715698242e+00
1.259626269340515137e+00
-5.469927787780761719e-01
-2.290673494338989258e+00
-3.035289287567138672e+00
-2.428024530410766602e+00
-9.147535562515258789e-01
5.306034088134765625e-01
1.138023853302001953e+00
7.931681275367736816e-01
7.580545544624328613e-02
-3.246387839317321777e-01
-1.043747290968894958e-01
4.056550264358520508e-01
6.546454429626464844e-01
3.067816197872161865e-01
-4.071226119995117188e-01
-9.916610717773437500e-01
-1.054306983947753906e+00
-7.160214781761169434e-01
-3.821196556091308594e-01
-4.304469227790832520e-01
-7.639663815498352051e-01
-9.938157200813293457e-01
-7.327079772949218750e-01
-9.506887197494506836e-02
4.443991780281066895e-01
3.594875037670135498e-01
-3.171648681163787842e-01
-1.034134149551391602e+00
-1.023986816406250000e+00
-6.835624575614929199e-02
1.332589983940124512e+00
2.146243095397949219e+00
1.688861846923828125e+00
8.143106848001480103e-02
-1.637804985046386719e+00
-2.325186729431152344e+00
-1.413194298744201660e+00
5.737312436103820801e-01
2.504646539688110352e+00
3.290083169937133789e+00
2.678975105285644531e+00
1.192085504531860352e+00
-2.330095171928405762e-01
-1.022418856620788574e+00
-1.136882305145263672e+00
-1.027132749557495117e+00
-1.041162252426147461e+00
-1.239680767059326172e+00
-1.301726102828979492e+00
-9.753441810607910156e-01
-2.236976027488708496e-01
6.250903606414794922e-01
1.240354895591735840e+00
1.412162661552429199e+00
1.239094018936157227e+00
8.539491891860961914e-01
3.628690242767333984e-01
-3.024157583713531494e-01
-1.117838144302368164e+00
-1.919688701629638672e+00
-2.313600778579711914e+00
-2.024866342544555664e+00
-1.070431232452392578e+00
6.924380362033843994e-02
7.981598377227783203e-01
7.188974618911743164e-01
4.658102989196777344e-04
-7.967650294303894043e-01
-1.036982774734497070e+00
-5.210961699485778809e-01
4.417982399463653564e-01
1.203340053558349609e+00
1.292669534683227539e+00
6.775230169296264648e-01
-2.033907175064086914e-01
-8.319392800331115723e-01
-9.421441555023193359e-01
-6.996130943298339844e-01
-4.714468717575073242e-01
-5.154673457145690918e-01
-7.321512699127197266e-01
-7.775731086730957031e-01
-3.588121533393859863e-01
4.636445045471191406e-01
1.267627954483032227e+00
1.548026561737060547e+00
1.086621880531311035e+00
1.425971388816833496e-01
-7.198764681816101074e-01
-9.998489618301391602e-01
-6.184824109077453613e-01
7.928729057312011719e-02
5.709127783775329590e-01
5.820708274841308594e-01
2.299312353134155273e-01
-6.184537708759307861e-02
3.031305223703384399e-02
5.121250152587890625e-01
1.009941458702087402e+00
1.132221221923828125e+00
7.168722748756408691e-01
3.261169046163558960e-02
-5.156087875366210938e-01
-6.310719251632690430e-01
-4.497237801551818848e-01
-3.309347927570343018e-01
-6.438230276107788086e-01
-1.332847833633422852e+00
-2.013476848602294922e+00
-2.116120338439941406e+00
-1.413971900939941406e+00
-8.609664440155029297e-02
1.251538038253784180e+00
2.060840129852294922e+00
2.047912597656250000e+00
1.423351168632507324e+00
5.465070605278015137e-01
-1.773938536643981934e-01
-6.580311655998229980e-01
-9.058934450149536133e-01
-1.081660747528076172e+00
-1.171153068542480469e+00
-1.187115192413330078e+00
-1.033118247985839844e+00
-7.802043557167053223e-01
-4.262831211090087891e-01
-5.733877420425415039e-02
4.092459678649902344e-01
9.362519979476928711e-01
1.522085785865783691e+00
1.939306735992431641e+00
2.075336933135986328e+00
1.813354015350341797e+00
1.347273230552673340e+00
8.324667215347290039e-01
4.820539355278015137e-01
1.979210525751113892e-01
-9.219312667846679688e-02
-5.194556117057800293e-01
-8.521345257759094238e-01
-8.353094458580017090e-01
-1.572045236825942993e-01
1.005437135696411133e+00
2.230468511581420898e+00
2.805748701095581055e+00
2.414185523986816406e+00
1.101256608963012695e+00
-4.874897599220275879e-01
-1.746805548667907715e+00
-2.195437908172607422e+00
-1.950781106948852539e+00
-1.286692976951599121e+00
-6.421861648559570312e-01
-9.304813295602798462e-02
3.328127264976501465e-01
7.785727977752685547e-01
1.076755166053771973e+00
1.064241766929626465e+00
4.632814228534698486e-01
-5.883681178092956543e-01
-1.787818431854248047e+00
-2.520059823989868164e+00
-2.463581323623657227e+00
-1.508421182632446289e+00
-8.754485845565795898e-02
1.325878620147705078e+00
2.188812732696533203e+00
