-3.831273913383483887e-01
-3.654361963272094727e-01
-2.645858526229858398e-01
-7.339483499526977539e-02
2.691414952278137207e-01
6.672618985176086426e-01
8.949772119522094727e-01
7.584477663040161133e-01
2.595042288303375244e-01
-3.578589558601379395e-01
-7.402666211128234863e-01
-6.491121053695678711e-01
-1.248505711555480957e-01
5.289399623870849609e-01
9.353176355361938477e-01
8.802622556686401367e-01
4.442911148071289062e-01
-6.568154692649841309e-02
-3.205025196075439453e-01
-1.813689470291137695e-01
2.332628816366195679e-01
6.451815366744995117e-01
8.148947358131408691e-01
6.779502630233764648e-01
3.534067869186401367e-01
1.054741442203521729e-02
-2.605838775634765625e-01
-5.030801296234130859e-01
-8.015809655189514160e-01
-1.171503663063049316e+00
-1.492430686950683594e+00
-1.592753529548645020e+00
-1.374296665191650391e+00
-9.089315533638000488e-01
-3.777410984039306641e-01
5.881246179342269897e-02
3.866800963878631592e-01
6.958271265029907227e-01
1.048136472702026367e+00
1.327434301376342773e+00
1.288495063781738281e+00
7.390180230140686035e-01
-2.191704511642456055e-01
-1.177005648612976074e+00
-1.632109165191650391e+00
-1.360921621322631836e+00
-5.978738069534301758e-01
8.800454437732696533e-02
2.295736521482467651e-01
-1.816626042127609253e-01
-6.429256796836853027e-01
-5.308500528335571289e-01
4.042506814002990723e-01
1.761035799980163574e+00
2.725031375885009766e+00
2.601827144622802734e+00
1.320880770683288574e+00
-5.247347354888916016e-01
-2.066652059555053711e+00
-2.731932878494262695e+00
-2.518727302551269531e+00
-1.862782478332519531e+00
-1.197425603866577148e+00
-6.457589864730834961e-01
-3.102114796638488770e-02
7.997560501098632812e-01
1.712375402450561523e+00
2.292878627777099609e+00
2.183326482772827148e+00
1.408982992172241211e+00
4.406946003437042236e-01
-1.287990361452102661e-01
-6.130835041403770447e-03
5.841486454010009766e-01
1.093864440917968750e+00
1.070287227630615234e+00
4.950905442237854004e-01
-2.422292530536651611e-01
-6.645757555961608887e-01
-5.718828439712524414e-01
-1.467977017164230347e-01
2.282049953937530518e-01
2.742683291435241699e-01
-2.477692067623138428e-02
-4.918684363365173340e-01
-9.529260993003845215e-01
-1.344414234161376953e+00
-1.664563179016113281e+00
-1.850106477737426758e+00
-1.751545310020446777e+00
-1.263453841209411621e+00
-4.943689703941345215e-01
2.107558250427246094e-01
4.711592495441436768e-01
1.522762775421142578e-01
-4.947783946990966797e-01
-9.892326593399047852e-01
-9.477728605270385742e-01
-3.560876548290252686e-01
4.616698026657104492e-01
1.104772448539733887e+00
1.400255084037780762e+00
1.460014581680297852e+00
1.504512548446655273e+00
1.588060617446899414e+00
1.538750290870666504e+00
1.126261234283447266e+00
3.592456877231597900e-01
-4.297217726707458496e-01
-7.654288411140441895e-01
-4.157041311264038086e-01
3.945465385913848877e-01
1.068121194839477539e+00
1.054980039596557617e+00
2.147378027439117432e-01
-1.057846069335937500e+00
-2.122092723846435547e+00
-2.472372531890869141e+00
-2.030835866928100586e+00
-1.074550867080688477e+00
-7.647410035133361816e-03
9.167055487632751465e-01
1.614290952682495117e+00
2.083701133728027344e+00
2.236573219299316406e+00
1.939499735832214355e+00
1.120480656623840332e+00
-4.951130971312522888e-02
-1.197963833808898926e+00
-1.884903430938720703e+00
-1.880413055419921875e+00
-1.249966621398925781e+00
-3.491253852844238281e-01
4.114747047424316406e-01
7.260538339614868164e-01
5.634537935256958008e-01
1.136407107114791870e-01
-2.681797742843627930e-01
-2.734986543655395508e-01
2.446996271610260010e-01
1.121799707412719727e+00
1.969294428825378418e+00
2.309621334075927734e+00
1.893097639083862305e+00
8.224301934242248535e-01
-4.390280246734619141e-01
-1.396569967269897461e+00
-1.787965893745422363e+00
-1.777226209640502930e+00
-1.731717109680175781e+00
-1.939242124557495117e+00
-2.305158138275146484e+00
-2.475378990173339844e+00
-2.106353998184204102e+00
-1.246417522430419922e+00
-2.932991981506347656e-01
2.644455730915069580e-01
3.186401128768920898e-01
2.136859595775604248e-01
5.234993696212768555e-01
1.486581444740295410e+00
2.770038127899169922e+00
3.592010021209716797e+00
3.350855350494384766e+00
2.069077014923095703e+00
4.895567893981933594e-01
-4.904772639274597168e-01
-4.169698953628540039e-01
3.468693494796752930e-01
9.733610153198242188e-01
7.652866840362548828e-01
-2.653061151504516602e-01
-1.483902692794799805e+00
-2.090835094451904297e+00
-1.775398135185241699e+00
-8.523616790771484375e-01
-8.861869573593139648e-03
2.969789803028106689e-01
8.636274933815002441e-02
-2.134212255477905273e-01
-2.569097876548767090e-01
-3.728608042001724243e-02
1.043760851025581360e-01
-9.850300848484039307e-02
-5.810799002647399902e-01
-9.001034498214721680e-01
-6.435503363609313965e-01
2.517243623733520508e-01
1.353129863739013672e+00
2.083922147750854492e+00
2.087827205657958984e+00
1.506906986236572266e+00
7.688111662864685059e-01
2.740713655948638916e-01
6.273578107357025146e-02
-9.107242524623870850e-02
-4.554545879364013672e-01
-1.020930528640747070e+00
-1.546472549438476562e+00
-1.734297275543212891e+00
-1.539474368095397949e+00
-1.163923740386962891e+00
-9.128643870353698730e-01
-8.825044631958007812e-01
-9.245139360427856445e-01
-7.553175687789916992e-01
-2.671651244163513184e-01
3.852202296257019043e-01
8.539370894432067871e-01
9.090318083763122559e-01
5.835582613945007324e-01
1.783069372177124023e-01
-9.680986404418945312e-03
1.301673203706741333e-01
4.406291246414184570e-01
6.893112659454345703e-01
7.328391075134277344e-01
