5.200789570808410645e-01
5.413363575935363770e-01
1.704307198524475098e-01
7.164646405726671219e-03
4.085876047611236572e-02
2.019957154989242554e-01
2.557643651962280273e-01
2.923310920596122742e-02
-5.937869548797607422e-01
-1.446717858314514160e+00
-2.231685876846313477e+00
-2.542199134826660156e+00
-2.207927703857421875e+00
-1.306703090667724609e+00
-2.480251938104629517e-01
5.613433122634887695e-01
8.486726284027099609e-01
7.151128053665161133e-01
4.325824379920959473e-01
3.368059694766998291e-01
5.117990970611572266e-01
8.621232509613037109e-01
1.128127694129943848e+00
1.172061800956726074e+00
9.719924330711364746e-01
6.822974085807800293e-01
4.163605868816375732e-01
2.542435526847839355e-01
1.508631259202957153e-01
9.577645361423492432e-02
7.475565373897552490e-02
1.445095688104629517e-01
2.876335084438323975e-01
4.587063491344451904e-01
5.343068838119506836e-01
4.638770520687103271e-01
2.461664378643035889e-01
-1.977036893367767334e-02
-2.758050858974456787e-01
-4.902713596820831299e-01
-7.062246203422546387e-01
-9.040296673774719238e-01
-1.005990743637084961e+00
-8.462055921554565430e-01
-3.324463665485382080e-01
4.970304369926452637e-01
1.405250787734985352e+00
2.095422506332397461e+00
2.320466756820678711e+00
2.032427787780761719e+00
1.352698802947998047e+00
5.224784612655639648e-01
-2.353518754243850708e-01
-7.607367634773254395e-01
-1.003793954849243164e+00
-9.948043823242187500e-01
-8.493485450744628906e-01
-7.226154208183288574e-01
-7.612774968147277832e-01
-1.006396293640136719e+00
-1.342222213745117188e+00
-1.520425796508789062e+00
-1.292508959770202637e+00
-5.739152431488037109e-01
4.696222841739654541e-01
1.479634642601013184e+00
2.096740484237670898e+00
2.146386146545410156e+00
1.728234410285949707e+00
1.115386724472045898e+00
5.906440019607543945e-01
2.750953733921051025e-01
1.250095665454864502e-01
-2.872617682442069054e-03
-1.995286494493484497e-01
-4.725625216960906982e-01
-7.476916909217834473e-01
-9.798330068588256836e-01
-1.159456133842468262e+00
-1.322282791137695312e+00
-1.440398097038269043e+00
-1.426339149475097656e+00
-1.131777524948120117e+00
-4.985174536705017090e-01
3.938865661621093750e-01
1.272840023040771484e+00
1.827964901924133301e+00
1.821003079414367676e+00
1.261146783828735352e+00
3.575564026832580566e-01
-5.418770909309387207e-01
-1.179294109344482422e+00
-1.451956152915954590e+00
-1.476424098014831543e+00
-1.417045354843139648e+00
-1.404439687728881836e+00
-1.394402384757995605e+00
-1.269291520118713379e+00
-8.928095698356628418e-01
-2.851664423942565918e-01
4.312306046485900879e-01
1.052391886711120605e+00
1.476863503456115723e+00
1.683252573013305664e+00
1.739082694053649902e+00
1.632390379905700684e+00
1.304472565650939941e+00
6.662107110023498535e-01
-1.868553310632705688e-01
-9.749664664268493652e-01
-1.280106067657470703e+00
-8.758442401885986328e-01
1.183518469333648682e-01
1.171622514724731445e+00
1.686699748039245605e+00
1.322722196578979492e+00
2.909454703330993652e-01
-8.211293220520019531e-01
-1.372334003448486328e+00
-1.136441349983215332e+00
-3.728657662868499756e-01
3.315676748752593994e-01
5.283926725387573242e-01
1.383925825357437134e-01
-5.003762245178222656e-01
-9.692888259887695312e-01
-1.017346024513244629e+00
-7.341058850288391113e-01
-3.693510293960571289e-01
-1.662062853574752808e-01
-1.790485680103302002e-01
-3.589082360267639160e-01
-6.181873083114624023e-01
-9.313026666641235352e-01
-1.230730772018432617e+00
-1.374969959259033203e+00
-1.137252449989318848e+00
-4.157522618770599365e-01
6.310296058654785156e-01
1.553342700004577637e+00
1.888188481330871582e+00
1.458647727966308594e+00
5.683051943778991699e-01
-1.953717917203903198e-01
-3.374142944812774658e-01
1.733709275722503662e-01
9.028468132019042969e-01
1.259389400482177734e+00
9.448208808898925781e-01
1.512010842561721802e-01
-5.885148644447326660e-01
-8.119369149208068848e-01
-4.490070343017578125e-01
1.531612128019332886e-01
5.086222887039184570e-01
3.348796367645263672e-01
-2.925676703453063965e-01
-1.040664911270141602e+00
-1.566353917121887207e+00
-1.687916398048400879e+00
-1.419580101966857910e+00
-8.740530610084533691e-01
-2.156490981578826904e-01
3.718519210815429688e-01
6.676301360130310059e-01
5.268718600273132324e-01
-6.387350149452686310e-03
-5.990928411483764648e-01
-7.948701977729797363e-01
-2.761768400669097900e-01
8.267393708229064941e-01
1.975414752960205078e+00
2.495628833770751953e+00
2.064837694168090820e+00
9.006839394569396973e-01
-3.334602117538452148e-01
-1.024848580360412598e+00
-9.518502950668334961e-01
-4.189290404319763184e-01
9.516813606023788452e-02
2.597184479236602783e-01
1.467062681913375854e-01
1.368717849254608154e-02
7.583710551261901855e-02
2.496811747550964355e-01
3.367383778095245361e-01
2.030771672725677490e-01
1.990555040538311005e-02
5.441075935959815979e-02
4.618831276893615723e-01
9.987584948539733887e-01
1.243606925010681152e+00
8.744248151779174805e-01
8.117679506540298462e-02
-5.878051519393920898e-01
-5.380243659019470215e-01
2.873969376087188721e-01
1.381898045539855957e+00
1.910966634750366211e+00
1.415930151939392090e+00
8.114299923181533813e-02
-1.277537584304809570e+00
-1.883389592170715332e+00
-1.437559247016906738e+00
-3.957115411758422852e-01
5.049386024475097656e-01
6.812835335731506348e-01
1.800962239503860474e-01
-5.507314801216125488e-01
-9.526951909065246582e-01
-8.745937943458557129e-01
-5.013225078582763672e-01
-2.296404391527175903e-01
-2.009142637252807617e-01
-3.194688856601715088e-01
-2.756023108959197998e-01
4.190642386674880981e-02
