6.657487750053405762e-01
6.821268200874328613e-01
2.961549162864685059e-01
-3.185113668441772461e-01
-9.224418401718139648e-01
-1.214595079421997070e+00
-1.160838961601257324e+00
-9.744504690170288086e-01
-1.021572589874267578e+00
-1.432189345359802246e+00
-2.022344112396240234e+00
-2.314077854156494141e+00
-1.944925308227539062e+00
-8.493661880493164062e-01
6.252124905586242676e-01
2.033675670623779297e+00
3.016904354095458984e+00
3.496273517608642578e+00
3.480143547058105469e+00
2.993507623672485352e+00
1.971454739570617676e+00
5.072957277297973633e-01
-1.075615167617797852e+00
-2.181784868240356445e+00
-2.343305826187133789e+00
-1.491907000541687012e+00
-1.536164134740829468e-01
9.129678010940551758e-01
1.121980547904968262e+00
4.914419949054718018e-01
-4.961672425270080566e-01
-1.210077285766601562e+00
-1.364194989204406738e+00
-1.048947572708129883e+00
-5.756213068962097168e-01
-7.570034265518188477e-02
5.197854042053222656e-01
1.352838754653930664e+00
2.269627571105957031e+00
2.847185611724853516e+00
2.610915660858154297e+00
1.522474765777587891e+00
5.925609171390533447e-02
-1.008959770202636719e+00
-1.230305194854736328e+00
-7.499099969863891602e-01
-2.331161051988601685e-01
-2.519488632678985596e-01
-8.614678382873535156e-01
-1.513617396354675293e+00
-1.591871500015258789e+00
-9.183395504951477051e-01
1.780337095260620117e-02
5.099782347679138184e-01
2.023290395736694336e-01
-5.347554683685302734e-01
-9.381309151649475098e-01
-4.633307754993438721e-01
6.720652580261230469e-01
1.649913787841796875e+00
1.644146323204040527e+00
5.366492867469787598e-01
-9.889034032821655273e-01
-1.902828693389892578e+00
-1.617720365524291992e+00
-3.527337312698364258e-01
1.055927276611328125e+00
1.834754586219787598e+00
1.757465481758117676e+00
1.201033234596252441e+00
6.825773119926452637e-01
4.367986321449279785e-01
2.822493314743041992e-01
-5.821740627288818359e-02
-6.326280236244201660e-01
-1.162077665328979492e+00
-1.342374324798583984e+00
-1.153795838356018066e+00
-9.302151203155517578e-01
-1.024393916130065918e+00
-1.430272221565246582e+00
-1.679736375808715820e+00
-1.212808370590209961e+00
1.143538430333137512e-01
1.775258898735046387e+00
2.876874685287475586e+00
2.778185606002807617e+00
1.574963927268981934e+00
3.134662285447120667e-02
-9.662129878997802734e-01
-1.017997384071350098e+00
-4.069159030914306641e-01
2.288561016321182251e-01
4.441437125205993652e-01
2.923307716846466064e-01
1.733236163854598999e-01
4.055702090263366699e-01
9.107297658920288086e-01
1.290299534797668457e+00
1.179931640625000000e+00
5.729516148567199707e-01
-1.932890266180038452e-01
-7.202191352844238281e-01
-8.606224060058593750e-01
-7.579244375228881836e-01
-6.448628306388854980e-01
-5.910298824310302734e-01
-4.931380748748779297e-01
-2.596053481101989746e-01
-1.920658349990844727e-02
-5.477926135063171387e-02
-5.269417166709899902e-01
-1.193011760711669922e+00
-1.487078189849853516e+00
-9.192115068435668945e-01
4.469538331031799316e-01
1.927054882049560547e+00
2.624175786972045898e+00
2.107526540756225586e+00
7.633001804351806641e-01
-4.402942359447479248e-01
-6.949485540390014648e-01
3.060925006866455078e-02
9.264651536941528320e-01
9.845008850097656250e-01
-2.040188461542129517e-01
-2.046089172363281250e+00
-3.346735954284667969e+00
-3.153581619262695312e+00
-1.495088100433349609e+00
6.174331903457641602e-01
1.850945949554443359e+00
1.476264715194702148e+00
-1.822231709957122803e-01
-1.984765887260437012e+00
-2.775651931762695312e+00
-2.096314907073974609e+00
-4.158061146736145020e-01
1.279064178466796875e+00
2.124645233154296875e+00
1.876150369644165039e+00
9.116417765617370605e-01
-9.554550051689147949e-02
-6.322773098945617676e-01
-5.601512789726257324e-01
-8.961793780326843262e-02
4.551190435886383057e-01
8.258114457130432129e-01
9.481493234634399414e-01
8.678825497627258301e-01
6.816976070404052734e-01
4.656251072883605957e-01
2.805802226066589355e-01
1.748732924461364746e-01
1.964237838983535767e-01
3.630815744400024414e-01
6.406648755073547363e-01
9.171389937400817871e-01
1.035720825195312500e+00
8.564122915267944336e-01
3.493869304656982422e-01
-3.598780333995819092e-01
-1.014358997344970703e+00
-1.352541685104370117e+00
-1.253736853599548340e+00
-8.224760293960571289e-01
-3.324261903762817383e-01
-5.173015594482421875e-02
-6.567269563674926758e-02
-2.183875739574432373e-01
-2.417159080505371094e-01
3.143495321273803711e-02
5.088012814521789551e-01
8.836615085601806641e-01
8.389851450920104980e-01
2.872254252433776855e-01
-5.568142533302307129e-01
-1.298254609107971191e+00
-1.630403280258178711e+00
-1.502660632133483887e+00
-1.127163767814636230e+00
-7.773044705390930176e-01
-6.079390048980712891e-01
-5.643485784530639648e-01
-5.103952288627624512e-01
-3.672259449958801270e-01
-2.179526984691619873e-01
-1.999934613704681396e-01
-3.702018857002258301e-01
-5.732938051223754883e-01
-5.464792251586914062e-01
-8.817993104457855225e-02
7.190747261047363281e-01
1.530855298042297363e+00
1.898748159408569336e+00
1.594468474388122559e+00
7.458319664001464844e-01
-1.794482767581939697e-01
-6.889271140098571777e-01
-5.236800312995910645e-01
1.447674632072448730e-01
8.766157031059265137e-01
1.209454059600830078e+00
9.904063940048217773e-01
4.110838174819946289e-01
-9.776355326175689697e-02
-2.184241712093353271e-01
8.921223133802413940e-02
5.258897542953491211e-01
7.273775935173034668e-01
4.811646342277526855e-01
-7.550956308841705322e-02
-6.155452728271484375e-01
-8.110353946685791016e-01
-6.244860887527465820e-01
-2.642299234867095947e-01
-6.920762360095977783e-02
