8.943139314651489258e-01
9.500401616096496582e-01
7.279618382453918457e-01
4.842001199722290039e-01
4.429453611373901367e-02
-3.937564492225646973e-01
-7.915566563606262207e-01
-8.511626124382019043e-01
-6.083328723907470703e-01
-1.122137904167175293e-02
5.966318845748901367e-01
1.021036863327026367e+00
8.952939510345458984e-01
2.835759818553924561e-01
-6.898335814476013184e-01
-1.484318375587463379e+00
-1.804317474365234375e+00
-1.422719359397888184e+00
-6.927539110183715820e-01
5.525603890419006348e-03
1.884147822856903076e-01
-7.760219275951385498e-02
-5.516771674156188965e-01
-7.126722335815429688e-01
-4.684745073318481445e-01
4.783614724874496460e-02
3.072612583637237549e-01
9.245628118515014648e-02
-5.620675683021545410e-01
-1.113453269004821777e+00
-1.160182476043701172e+00
-5.178724527359008789e-01
4.050475358963012695e-01
1.130694985389709473e+00
1.253777742385864258e+00
9.151646494865417480e-01
4.608742296695709229e-01
3.301240205764770508e-01
5.555034875869750977e-01
9.538139700889587402e-01
1.171781301498413086e+00
1.133507490158081055e+00
9.326711893081665039e-01
8.302962183952331543e-01
8.754979968070983887e-01
9.721440076828002930e-01
8.882639408111572266e-01
5.898052453994750977e-01
2.121126949787139893e-01
2.549946308135986328e-02
1.283327937126159668e-01
4.080461263656616211e-01
5.916137695312500000e-01
5.326470136642456055e-01
3.180175423622131348e-01
2.198387980461120605e-01
4.204005897045135498e-01
8.279039263725280762e-01
1.099281907081604004e+00
8.783660531044006348e-01
8.837002515792846680e-02
-1.015041828155517578e+00
-1.975688099861145020e+00
-2.450592517852783203e+00
-2.342648983001708984e+00
-1.829708814620971680e+00
-1.133309841156005859e+00
-4.529696106910705566e-01
1.331487596035003662e-01
5.064941048622131348e-01
5.791561007499694824e-01
2.628900408744812012e-01
-3.007124960422515869e-01
-8.428559303283691406e-01
-9.884725213050842285e-01
-6.376628875732421875e-01
4.060280323028564453e-02
5.520522594451904297e-01
5.332100391387939453e-01
-1.220127344131469727e-01
-1.018473505973815918e+00
-1.647967457771301270e+00
-1.560647726058959961e+00
-7.946096658706665039e-01
3.200471103191375732e-01
1.217737078666687012e+00
1.593847870826721191e+00
1.368486762046813965e+00
8.434722423553466797e-01
3.040305972099304199e-01
3.037579357624053955e-02
-6.832331418991088867e-03
1.110456883907318115e-01
1.469303071498870850e-01
4.562926292419433594e-02
-2.274074405431747437e-01
-4.923073947429656982e-01
-6.697468757629394531e-01
-6.546180844306945801e-01
-5.859386324882507324e-01
-5.608276724815368652e-01
-7.241169214248657227e-01
-9.319539070129394531e-01
-9.922738075256347656e-01
-5.980114936828613281e-01
2.305091172456741333e-01
1.273155689239501953e+00
2.010861396789550781e+00
2.136571407318115234e+00
1.594892859458923340e+00
8.140815496444702148e-01
2.504630088806152344e-01
2.401004433631896973e-01
6.031784415245056152e-01
9.463066458702087402e-01
7.988656759262084961e-01
1.019339561462402344e-01
-9.241604804992675781e-01
-1.802579879760742188e+00
-2.271748542785644531e+00
-2.260201454162597656e+00
-1.983673810958862305e+00
-1.591847181320190430e+00
-1.207186937332153320e+00
-7.986540794372558594e-01
-4.411099553108215332e-01
-2.109386026859283447e-01
-2.288309037685394287e-01
-4.058058261871337891e-01
-5.377798676490783691e-01
-3.522419631481170654e-01
1.773523986339569092e-01
8.473153114318847656e-01
1.292565107345581055e+00
1.336788654327392578e+00
1.081503391265869141e+00
8.596642017364501953e-01
8.972133398056030273e-01
1.130891561508178711e+00
1.232728838920593262e+00
9.249753952026367188e-01
2.476296871900558472e-01
-4.361392855644226074e-01
-7.307361960411071777e-01
-5.583164095878601074e-01
-2.167311608791351318e-01
-1.384129375219345093e-01
-4.534533619880676270e-01
-8.872889876365661621e-01
-9.445598721504211426e-01
-4.368800520896911621e-01
3.332024216651916504e-01
6.762996912002563477e-01
1.557015627622604370e-01
-1.086469531059265137e+00
-2.243337154388427734e+00
-2.510248422622680664e+00
-1.559901952743530273e+00
7.320120930671691895e-02
1.518644571304321289e+00
2.035728454589843750e+00
1.632258653640747070e+00
7.739421725273132324e-01
1.003786325454711914e-01
-2.456636428833007812e-01
-4.198896884918212891e-01
-7.653309106826782227e-01
-1.177301883697509766e+00
-1.339929103851318359e+00
-8.046662807464599609e-01
3.061776161193847656e-01
1.525686025619506836e+00
2.107164382934570312e+00
1.863518714904785156e+00
1.053649425506591797e+00
4.239070415496826172e-01
3.060402572154998779e-01
6.200615763664245605e-01
6.798350214958190918e-01
1.276745796203613281e-01
-9.816572666168212891e-01
-1.821222543716430664e+00
-1.732972383499145508e+00
-4.365604817867279053e-01
1.347295880317687988e+00
2.720352172851562500e+00
2.843021392822265625e+00
1.843360424041748047e+00
2.768200039863586426e-01
-9.092599153518676758e-01
-1.363653898239135742e+00
-1.014019727706909180e+00
-3.342827856540679932e-01
4.872050881385803223e-01
1.193728566169738770e+00
1.872626543045043945e+00
2.274829626083374023e+00
2.335279464721679688e+00
1.832516431808471680e+00
1.102041244506835938e+00
4.443570077419281006e-01
3.677347600460052490e-01
7.137122154235839844e-01
1.167196273803710938e+00
1.000869274139404297e+00
8.419027179479598999e-02
-1.451753258705139160e+00
-2.812409400939941406e+00
-3.559055089950561523e+00
-3.391406297683715820e+00
-2.752327442169189453e+00
-1.938017606735229492e+00
-1.335682034492492676e+00
-7.211900353431701660e-01
-4.853957146406173706e-02
8.638961315155029297e-01
1.633185625076293945e+00
