-1.408114075660705566e+00
-1.554368138313293457e+00
-1.838064551353454590e+00
-1.405982494354248047e+00
-4.740205109119415283e-01
3.391545712947845459e-01
7.239935398101806641e-01
5.692076683044433594e-01
2.151857912540435791e-01
-1.399150937795639038e-01
-3.064043819904327393e-01
-4.162170588970184326e-01
-4.246549308300018311e-01
-3.342345356941223145e-01
4.831786453723907471e-02
5.902962088584899902e-01
1.067640781402587891e+00
1.008911013603210449e+00
3.401546180248260498e-01
-7.191677093505859375e-01
-1.466150164604187012e+00
-1.446301698684692383e+00
-5.451935529708862305e-01
6.467738747596740723e-01
1.497567653656005859e+00
1.542690277099609375e+00
1.045056700706481934e+00
5.109905600547790527e-01
4.950552582740783691e-01
9.263910055160522461e-01
1.425837397575378418e+00
1.436263799667358398e+00
9.365296959877014160e-01
2.716690003871917725e-01
7.127268612384796143e-02
4.995773732662200928e-01
1.264742136001586914e+00
1.603527426719665527e+00
1.060849547386169434e+00
-3.202054202556610107e-01
-1.779699802398681641e+00
-2.524731397628784180e+00
-2.068571805953979492e+00
-7.151045799255371094e-01
8.489752411842346191e-01
1.840977311134338379e+00
1.992808580398559570e+00
1.445457100868225098e+00
6.775059103965759277e-01
-1.713151484727859497e-02
-5.281168222427368164e-01
-1.003408432006835938e+00
-1.463571310043334961e+00
-1.810521602630615234e+00
-1.746861934661865234e+00
-1.144192218780517578e+00
-1.009818315505981445e-01
9.186698198318481445e-01
1.428238868713378906e+00
1.105974435806274414e+00
1.107709407806396484e-01
-1.067847967147827148e+00
-1.773177027702331543e+00
-1.633798360824584961e+00
-6.939821243286132812e-01
5.391030311584472656e-01
1.456302165985107422e+00
1.637429594993591309e+00
1.135147094726562500e+00
3.531734645366668701e-01
-2.066314816474914551e-01
-3.201518058776855469e-01
-1.344766616821289062e-01
-3.855411708354949951e-02
-3.101335167884826660e-01
-8.845962882041931152e-01
-1.378444910049438477e+00
-1.385350942611694336e+00
-8.104230761528015137e-01
3.572481125593185425e-02
6.389519572257995605e-01
6.738842725753784180e-01
2.241239398717880249e-01
-2.633250653743743896e-01
-3.497717678546905518e-01
9.754260629415512085e-02
7.915457487106323242e-01
1.304036498069763184e+00
1.355724453926086426e+00
1.049900889396667480e+00
6.853829622268676758e-01
5.326719880104064941e-01
5.474553108215332031e-01
5.001184940338134766e-01
1.514451801776885986e-01
-4.249060750007629395e-01
-9.312962889671325684e-01
-9.884310364723205566e-01
-5.229443311691284180e-01
2.402738034725189209e-01
8.387082219123840332e-01
9.844408631324768066e-01
6.488892436027526855e-01
1.359974145889282227e-01
-2.683638632297515869e-01
-3.803901672363281250e-01
-2.955892682075500488e-01
-1.305893659591674805e-01
1.358866691589355469e-03
1.687290668487548828e-01
3.908706307411193848e-01
6.509320139884948730e-01
7.271908521652221680e-01
4.446088671684265137e-01
-3.036333620548248291e-01
-1.319932222366333008e+00
-2.301088809967041016e+00
-2.841380357742309570e+00
-2.730569362640380859e+00
-1.891306757926940918e+00
-5.246316790580749512e-01
1.073002338409423828e+00
2.425557851791381836e+00
3.131942272186279297e+00
2.871126651763916016e+00
1.711715698242187500e+00
1.357170939445495605e-02
-1.540070772171020508e+00
-2.377487659454345703e+00
-2.188641309738159180e+00
-1.207069277763366699e+00
4.553914070129394531e-02
9.100287556648254395e-01
1.035267233848571777e+00
3.858258128166198730e-01
-6.635969877243041992e-01
-1.662167310714721680e+00
-2.147635459899902344e+00
-1.944159746170043945e+00
-1.089859962463378906e+00
5.745020508766174316e-02
1.064496517181396484e+00
1.503663063049316406e+00
1.281821608543395996e+00
6.196376681327819824e-01
4.223394393920898438e-02
-4.083564877510070801e-02
4.569353759288787842e-01
1.107898235321044922e+00
1.327080607414245605e+00
7.164400815963745117e-01
-5.105515718460083008e-01
-1.679156780242919922e+00
-2.003485918045043945e+00
-1.201458454132080078e+00
3.504914045333862305e-01
1.786132574081420898e+00
2.379457712173461914e+00
1.954495787620544434e+00
9.937595129013061523e-01
2.038692086935043335e-01
4.517918825149536133e-02
4.207736253738403320e-01
8.648271560668945312e-01
9.314268827438354492e-01
5.423004627227783203e-01
-2.285131812095642090e-02
-4.062758088111877441e-01
-4.805789589881896973e-01
-4.254136085510253906e-01
-5.162054896354675293e-01
-8.492727279663085938e-01
-1.215960264205932617e+00
-1.285948395729064941e+00
-8.738071918487548828e-01
-1.525695025920867920e-01
4.681407213211059570e-01
5.840477943420410156e-01
1.121474206447601318e-01
-7.195177078247070312e-01
-1.487269639968872070e+00
-1.909067869186401367e+00
-1.911488652229309082e+00
-1.667543172836303711e+00
-1.336712360382080078e+00
-1.015134334564208984e+00
-6.227720975875854492e-01
-1.150645017623901367e-01
5.174555182456970215e-01
1.101267218589782715e+00
1.486516714096069336e+00
1.532044410705566406e+00
1.321141481399536133e+00
9.881978631019592285e-01
7.681990861892700195e-01
7.162874341011047363e-01
8.192883729934692383e-01
8.545635938644409180e-01
6.938797831535339355e-01
2.441834211349487305e-01
-3.031127750873565674e-01
-7.372245788574218750e-01
-7.951893210411071777e-01
-5.296973586082458496e-01
-1.287061125040054321e-01
1.130099594593048096e-02
-2.511129081249237061e-01
-8.560867309570312500e-01
-1.350848197937011719e+00
-1.383678555488586426e+00
-7.538698911666870117e-01
2.236694246530532837e-01
1.123084425926208496e+00
1.472083091735839844e+00
1.281588315963745117e+00
7.751115560531616211e-01
4.137340784072875977e-01
