-4.321455359458923340e-01
-4.531572759151458740e-01
8.167357183992862701e-03
4.042163491249084473e-03
-5.450907945632934570e-01
-1.042440176010131836e+00
-9.551253914833068848e-01
-1.761212944984436035e-02
1.201918601989746094e+00
1.919707775115966797e+00
1.439571380615234375e+00
-4.573589563369750977e-02
-1.803877115249633789e+00
-2.791867971420288086e+00
-2.594148874282836914e+00
-1.406114816665649414e+00
-6.510883569717407227e-02
7.880520820617675781e-01
8.732030391693115234e-01
5.641440749168395996e-01
2.880530953407287598e-01
3.790682554244995117e-01
6.773730516433715820e-01
9.227899312973022461e-01
8.172154426574707031e-01
4.378743171691894531e-01
-1.693841814994812012e-02
-2.108458280563354492e-01
-5.518192052841186523e-02
4.249286055564880371e-01
9.748260974884033203e-01
1.402641057968139648e+00
1.505619049072265625e+00
1.280378818511962891e+00
7.824608087539672852e-01
2.378524690866470337e-01
-1.717600524425506592e-01
-2.966850996017456055e-01
-2.096513807773590088e-01
-6.357845664024353027e-02
-5.929039418697357178e-02
-1.978398114442825317e-01
-3.424882292747497559e-01
-2.740359306335449219e-01
4.246497154235839844e-02
4.318221509456634521e-01
5.766845941543579102e-01
3.147409558296203613e-01
-2.263158559799194336e-01
-6.646310091018676758e-01
-6.649284958839416504e-01
-1.883930563926696777e-01
4.596006870269775391e-01
8.709236383438110352e-01
8.558882474899291992e-01
5.610438585281372070e-01
3.231695592403411865e-01
3.359928727149963379e-01
5.010575056076049805e-01
5.058718919754028320e-01
1.762969195842742920e-01
-3.617293238639831543e-01
-7.167336940765380859e-01
-6.349118947982788086e-01
-2.110365927219390869e-01
8.160394430160522461e-02
-1.454873681068420410e-01
-8.824220895767211914e-01
-1.564997553825378418e+00
-1.561112642288208008e+00
-6.184844374656677246e-01
7.516638040542602539e-01
1.666380405426025391e+00
1.404321551322937012e+00
7.503606379032135010e-02
-1.508713006973266602e+00
-2.267998456954956055e+00
-1.733329296112060547e+00
-2.546312808990478516e-01
1.131019115447998047e+00
1.564788341522216797e+00
8.156372904777526855e-01
-4.791953265666961670e-01
-1.451977849006652832e+00
-1.486305832862854004e+00
-7.394093275070190430e-01
1.960996985435485840e-01
6.233583688735961914e-01
3.632333576679229736e-01
-3.403549790382385254e-01
-9.346694946289062500e-01
-1.134043574333190918e+00
-9.355069994926452637e-01
-6.938797831535339355e-01
-6.410401463508605957e-01
-8.474982380867004395e-01
-1.037643909454345703e+00
-9.714355468750000000e-01
-4.768429994583129883e-01
2.856464982032775879e-01
1.107035875320434570e+00
1.721925020217895508e+00
2.105579376220703125e+00
2.269013881683349609e+00
2.327476024627685547e+00
2.228119850158691406e+00
1.936084985733032227e+00
1.361445307731628418e+00
6.402176618576049805e-01
-3.018343448638916016e-02
-3.411402404308319092e-01
-2.180472910404205322e-01
2.402229607105255127e-01
6.523668169975280762e-01
7.132081985473632812e-01
2.506980895996093750e-01
-5.356034636497497559e-01
-1.329353332519531250e+00
-1.775606513023376465e+00
-1.801924705505371094e+00
-1.504078507423400879e+00
-1.141360878944396973e+00
-8.405270576477050781e-01
-6.557493805885314941e-01
-5.263074040412902832e-01
-4.971194267272949219e-01
-6.241719126701354980e-01
-9.583841562271118164e-01
-1.312821626663208008e+00
-1.372462034225463867e+00
-8.347076177597045898e-01
2.211090028285980225e-01
1.316711068153381348e+00
1.754452466964721680e+00
1.155202388763427734e+00
-2.437838613986968994e-01
-1.611230373382568359e+00
-2.075622558593750000e+00
-1.299880027770996094e+00
2.333516925573348999e-01
1.554262876510620117e+00
1.866228580474853516e+00
1.091488242149353027e+00
-1.181923598051071167e-01
-9.014297723770141602e-01
-8.085980415344238281e-01
-9.449812769889831543e-02
5.783282518386840820e-01
6.585271358489990234e-01
1.339972019195556641e-01
-5.887728929519653320e-01
-1.030594944953918457e+00
-1.067622423171997070e+00
-8.637505173683166504e-01
-6.525356769561767578e-01
-3.605244159698486328e-01
2.459116727113723755e-01
1.326367735862731934e+00
2.532747507095336914e+00
3.204350948333740234e+00
2.722679615020751953e+00
1.173118829727172852e+00
-6.989401578903198242e-01
-1.814069986343383789e+00
-1.655605316162109375e+00
-5.149784088134765625e-01
5.775222778320312500e-01
7.938469052314758301e-01
-2.141085267066955566e-02
-1.079044580459594727e+00
-1.451821565628051758e+00
-6.281431317329406738e-01
9.044833183288574219e-01
2.235953330993652344e+00
2.529448509216308594e+00
1.825396180152893066e+00
7.318618893623352051e-01
1.110086292028427124e-01
1.894150972366333008e-01
6.605231761932373047e-01
7.694031000137329102e-01
1.840647161006927490e-01
-9.808284044265747070e-01
-2.021536588668823242e+00
-2.429659843444824219e+00
-1.977998375892639160e+00
-1.078660488128662109e+00
-1.646513640880584717e-01
3.324748575687408447e-01
4.795062541961669922e-01
3.965424001216888428e-01
3.975508213043212891e-01
4.987679123878479004e-01
7.762790918350219727e-01
1.064167976379394531e+00
1.360167980194091797e+00
1.454355716705322266e+00
1.333489775657653809e+00
8.800872564315795898e-01
3.327592909336090088e-01
-1.454085111618041992e-01
-2.470878213644027710e-01
-1.099050045013427734e-01
5.694103240966796875e-02
-2.141152322292327881e-01
-9.307399988174438477e-01
-1.890576958656311035e+00
-2.440225839614868164e+00
-2.278778553009033203e+00
-1.365648269653320312e+00
-3.134941756725311279e-01
3.965047895908355713e-01
4.292119145393371582e-01
1.648340672254562378e-01
3.227728605270385742e-02
4.879144430160522461e-01
1.319602847099304199e+00
