-2.585694193840026855e-01
-2.954876720905303955e-01
-5.945985317230224609e-01
-1.159251213073730469e+00
-1.642613887786865234e+00
-1.705270409584045410e+00
-1.271306037902832031e+00
-6.061459779739379883e-01
-1.117078289389610291e-01
-2.596628665924072266e-02
-2.313422113656997681e-01
-3.571440577507019043e-01
-6.090972572565078735e-02
6.891125440597534180e-01
1.575418472290039062e+00
2.121407032012939453e+00
1.995729446411132812e+00
1.197007060050964355e+00
5.667597055435180664e-02
-9.417239427566528320e-01
-1.365268826484680176e+00
-1.004415273666381836e+00
5.838143825531005859e-02
1.437348365783691406e+00
2.557110071182250977e+00
2.851258516311645508e+00
2.052337646484375000e+00
3.854953050613403320e-01
-1.447103977203369141e+00
-2.594707965850830078e+00
-2.507557630538940430e+00
-1.270604610443115234e+00
4.537433981895446777e-01
1.822671175003051758e+00
2.332296848297119141e+00
2.064778327941894531e+00
1.541598439216613770e+00
1.263715267181396484e+00
1.332280158996582031e+00
1.384726405143737793e+00
9.284040927886962891e-01
-2.382206022739410400e-01
-1.792422533035278320e+00
-3.060416936874389648e+00
-3.426192283630371094e+00
-2.732313871383666992e+00
-1.363320350646972656e+00
-1.770597323775291443e-02
7.063419818878173828e-01
6.049142479896545410e-01
-6.445196270942687988e-02
-7.998710274696350098e-01
-1.144176244735717773e+00
-9.345408082008361816e-01
-3.369604051113128662e-01
2.808874845504760742e-01
6.031413674354553223e-01
5.455743074417114258e-01
2.991240620613098145e-01
1.615075170993804932e-01
3.045101463794708252e-01
6.058295965194702148e-01
7.317549586296081543e-01
3.998558521270751953e-01
-3.258030116558074951e-01
-9.942432641983032227e-01
-1.030382275581359863e+00
-1.887747347354888916e-01
1.182529926300048828e+00
2.271615505218505859e+00
2.328389167785644531e+00
1.188227295875549316e+00
-5.644932985305786133e-01
-1.977896213531494141e+00
-2.366482734680175781e+00
-1.763395309448242188e+00
-8.176612854003906250e-01
-2.611714601516723633e-01
-3.376264870166778564e-01
-6.705283522605895996e-01
-6.340854763984680176e-01
6.681573390960693359e-02
1.119211673736572266e+00
1.830153226852416992e+00
1.694676637649536133e+00
8.118388652801513672e-01
-1.670845448970794678e-01
-5.265858769416809082e-01
2.243667840957641602e-03
1.089744925498962402e+00
2.114725112915039062e+00
2.619553089141845703e+00
2.557783126831054688e+00
2.154895305633544922e+00
1.591278791427612305e+00
8.245233297348022461e-01
-2.724008262157440186e-01
-1.621392607688903809e+00
-2.803541898727416992e+00
-3.272016286849975586e+00
-2.757617712020874023e+00
-1.531297445297241211e+00
-2.658026814460754395e-01
4.164444208145141602e-01
3.570212125778198242e-01
-9.356224536895751953e-02
-4.157235324382781982e-01
-3.524946570396423340e-01
-6.990775465965270996e-02
5.773404240608215332e-02
-1.778584420680999756e-01
-6.315411329269409180e-01
-9.556604623794555664e-01
-9.254139065742492676e-01
-6.285418868064880371e-01
-3.329667747020721436e-01
-1.820966005325317383e-01
-1.594051718711853027e-02
4.690672159194946289e-01
1.359712243080139160e+00
2.294057846069335938e+00
2.635714054107666016e+00
1.950726032257080078e+00
4.242973327636718750e-01
-1.172468662261962891e+00
-1.973552346229553223e+00
-1.628084540367126465e+00
-5.380997061729431152e-01
4.471574425697326660e-01
6.665871739387512207e-01
9.971621632575988770e-02
-6.694443225860595703e-01
-9.462631940841674805e-01
-4.433975219726562500e-01
5.410901904106140137e-01
1.404485225677490234e+00
1.685093164443969727e+00
1.341304779052734375e+00
6.647350788116455078e-01
-5.401201546192169189e-03
-5.217797160148620605e-01
-9.159871339797973633e-01
-1.237979412078857422e+00
-1.414563655853271484e+00
-1.308025360107421875e+00
-8.658273220062255859e-01
-2.352208048105239868e-01
3.240692317485809326e-01
6.219766736030578613e-01
6.790480613708496094e-01
6.635619997978210449e-01
7.180100083351135254e-01
8.089625239372253418e-01
7.722666859626770020e-01
4.803833067417144775e-01
-6.181776523590087891e-03
-4.766008853912353516e-01
-7.350257635116577148e-01
-7.665171027183532715e-01
-7.059080004692077637e-01
-6.769851446151733398e-01
-6.227190494537353516e-01
-3.472640514373779297e-01
2.839354872703552246e-01
1.123204350471496582e+00
1.760005474090576172e+00
1.766094326972961426e+00
1.029832363128662109e+00
-1.322884559631347656e-01
-1.149191379547119141e+00
-1.571538925170898438e+00
-1.323068141937255859e+00
-6.946718692779541016e-01
-7.606428861618041992e-02
2.975981831550598145e-01
4.307949841022491455e-01
4.278619289398193359e-01
3.373316526412963867e-01
1.114001423120498657e-01
-2.645515203475952148e-01
-6.636099815368652344e-01
-8.450067639350891113e-01
-6.514205932617187500e-01
-1.737646311521530151e-01
2.655746936798095703e-01
3.634525537490844727e-01
8.744406700134277344e-02
-2.618834376335144043e-01
-2.940928637981414795e-01
1.421327441930770874e-01
7.873383164405822754e-01
1.147210121154785156e+00
8.556443452835083008e-01
-2.654176950454711914e-02
-1.049702763557434082e+00
-1.683451414108276367e+00
-1.681246042251586914e+00
-1.191571712493896484e+00
-5.901616811752319336e-01
-1.757806837558746338e-01
-1.037122309207916260e-02
1.613041013479232788e-02
-1.868897676467895508e-02
-1.698232293128967285e-01
-5.430020093917846680e-01
-1.096851587295532227e+00
-1.559795141220092773e+00
-1.555817008018493652e+00
-8.863680362701416016e-01
2.848647236824035645e-01
1.483581542968750000e+00
2.214137315750122070e+00
2.253013610839843750e+00
1.750845313072204590e+00
1.077643990516662598e+00
5.621097683906555176e-01
3.176535069942474365e-01
