-6.032168865203857422e-01
-6.036671996116638184e-01
1.066443398594856262e-01
5.646492838859558105e-01
8.029507398605346680e-01
9.847379922866821289e-01
1.207919478416442871e+00
1.372782707214355469e+00
1.295470952987670898e+00
8.859889507293701172e-01
2.829974889755249023e-01
-2.616618275642395020e-01
-5.764405727386474609e-01
-7.084796428680419922e-01
-8.256012201309204102e-01
-1.018917798995971680e+00
-1.163021326065063477e+00
-1.031362533569335938e+00
-5.191056132316589355e-01
1.884295195341110229e-01
7.318414449691772461e-01
8.554625511169433594e-01
6.415576934814453125e-01
4.384732246398925781e-01
5.589865446090698242e-01
9.795899391174316406e-01
1.340364933013916016e+00
1.244465470314025879e+00
6.248581409454345703e-01
-1.737969219684600830e-01
-6.625990271568298340e-01
-6.150084733963012695e-01
-2.468215823173522949e-01
-1.802653074264526367e-02
-2.165113687515258789e-01
-7.112103104591369629e-01
-1.082187414169311523e+00
-1.019914388656616211e+00
-6.219207644462585449e-01
-3.062406182289123535e-01
-4.249446988105773926e-01
-9.168418049812316895e-01
-1.354432344436645508e+00
-1.339271545410156250e+00
-9.094926118850708008e-01
-5.466579794883728027e-01
-7.517172694206237793e-01
-1.523738622665405273e+00
-2.252238750457763672e+00
-2.141484498977661133e+00
-8.915184736251831055e-01
9.801926612854003906e-01
2.431780576705932617e+00
2.672527313232421875e+00
1.736825466156005859e+00
4.590958952903747559e-01
-2.133226841688156128e-01
5.829063057899475098e-02
7.523310184478759766e-01
9.846953153610229492e-01
2.614176273345947266e-01
-1.050819873809814453e+00
-1.999560713768005371e+00
-1.752955317497253418e+00
-2.732277810573577881e-01
1.666957736015319824e+00
2.986124992370605469e+00
3.035376548767089844e+00
1.908077955245971680e+00
2.925374805927276611e-01
-1.073639154434204102e+00
-1.763221979141235352e+00
-1.767297387123107910e+00
-1.266084194183349609e+00
-4.804433584213256836e-01
4.107498824596405029e-01
1.157498240470886230e+00
1.497665047645568848e+00
1.248441576957702637e+00
5.272434353828430176e-01
-3.076894879341125488e-01
-8.301246166229248047e-01
-8.923016190528869629e-01
-6.653406023979187012e-01
-5.114485025405883789e-01
-6.025848388671875000e-01
-8.156756162643432617e-01
-8.141216635704040527e-01
-4.270611107349395752e-01
2.049097418785095215e-01
6.702695488929748535e-01
6.842912435531616211e-01
2.773112654685974121e-01
-1.931223273277282715e-01
-4.276583194732666016e-01
-4.016907513141632080e-01
-4.149272143840789795e-01
-7.010482549667358398e-01
-1.182086586952209473e+00
-1.398352146148681641e+00
-9.435184001922607422e-01
1.849642395973205566e-01
1.420565843582153320e+00
2.062717676162719727e+00
1.747998595237731934e+00
8.017209172248840332e-01
-8.547756075859069824e-02
-3.516367077827453613e-01
-7.898634672164916992e-02
1.703290939331054688e-01
-1.929953098297119141e-01
-1.162202477455139160e+00
-2.126962900161743164e+00
-2.250881671905517578e+00
-1.196596264839172363e+00
6.310667395591735840e-01
2.267757654190063477e+00
2.900643825531005859e+00
2.313211679458618164e+00
1.017146825790405273e+00
-2.320060729980468750e-01
-8.649973869323730469e-01
-8.315215110778808594e-01
-3.995738625526428223e-01
6.547158956527709961e-02
3.939249813556671143e-01
5.377438664436340332e-01
5.418922901153564453e-01
4.088355898857116699e-01
2.145960330963134766e-01
7.195192575454711914e-02
1.408437490463256836e-01
3.974913060665130615e-01
6.356524229049682617e-01
5.201627016067504883e-01
-5.591890960931777954e-02
-8.635489940643310547e-01
-1.369750499725341797e+00
-1.199438929557800293e+00
-4.205549657344818115e-01
3.696432709693908691e-01
5.223203897476196289e-01
-2.044379115104675293e-01
-1.336930155754089355e+00
-2.043187856674194336e+00
-1.677986383438110352e+00
-3.307404220104217529e-01
1.274610042572021484e+00
2.231600046157836914e+00
2.127898216247558594e+00
1.217059731483459473e+00
2.040899395942687988e-01
-3.679303228855133057e-01
-4.176256060600280762e-01
-3.172782063484191895e-01
-4.330768883228302002e-01
-8.252815604209899902e-01
-1.165619969367980957e+00
-1.091744780540466309e+00
-4.883823394775390625e-01
3.692611455917358398e-01
1.093494772911071777e+00
1.443330407142639160e+00
1.511347532272338867e+00
1.526490330696105957e+00
1.634990572929382324e+00
1.705080509185791016e+00
1.488816738128662109e+00
8.360385298728942871e-01
-8.487309515476226807e-02
-9.044343233108520508e-01
-1.274163961410522461e+00
-1.154528498649597168e+00
-8.076537847518920898e-01
-6.225988864898681641e-01
-7.940676212310791016e-01
-1.207667827606201172e+00
-1.492298364639282227e+00
-1.320762872695922852e+00
-6.265830993652343750e-01
2.868708372116088867e-01
9.291049242019653320e-01
8.875094652175903320e-01
1.215792149305343628e-01
-9.812874794006347656e-01
-1.759163141250610352e+00
-1.657400846481323242e+00
-5.618662834167480469e-01
1.057196140289306641e+00
2.394040346145629883e+00
2.761393308639526367e+00
2.046771287918090820e+00
7.872307300567626953e-01
-1.662785410881042480e-01
-2.452635169029235840e-01
4.471381902694702148e-01
1.201640725135803223e+00
1.243675947189331055e+00
3.209667801856994629e-01
-1.077970862388610840e+00
-2.073668241500854492e+00
-2.038164138793945312e+00
-1.052964568138122559e+00
1.800748854875564575e-01
8.856096863746643066e-01
7.924211025238037109e-01
2.772392928600311279e-01
-1.492884010076522827e-02
2.552469074726104736e-01
8.303554654121398926e-01
1.088842272758483887e+00
5.933710336685180664e-01
-5.014513731002807617e-01
-1.532070636749267578e+00
-1.812448978424072266e+00
-1.154357194900512695e+00
2.362403273582458496e-02
