-4.888913333415985107e-01
-4.674798548221588135e-01
-5.022041201591491699e-01
-3.564189374446868896e-01
-6.179562211036682129e-02
2.783359289169311523e-01
5.157263278961181641e-01
4.784276187419891357e-01
1.113734096288681030e-01
-4.660181701183319092e-01
-9.485948085784912109e-01
-1.050361633300781250e+00
-6.726922392845153809e-01
-3.777250647544860840e-02
4.791463911533355713e-01
5.708261132240295410e-01
2.585608959197998047e-01
-1.649042963981628418e-01
-3.145823478698730469e-01
-3.200042247772216797e-02
5.680986642837524414e-01
1.178766131401062012e+00
1.589726924896240234e+00
1.751590847969055176e+00
1.751903772354125977e+00
1.580239772796630859e+00
1.117251276969909668e+00
2.202699631452560425e-01
-9.738754034042358398e-01
-2.020534753799438477e+00
-2.316612005233764648e+00
-1.576674938201904297e+00
-6.169384717941284180e-02
1.439787745475769043e+00
2.138285636901855469e+00
1.689635515213012695e+00
4.558221399784088135e-01
-8.364830613136291504e-01
-1.554922103881835938e+00
-1.610068678855895996e+00
-1.343433260917663574e+00
-1.216007232666015625e+00
-1.342963814735412598e+00
-1.494400739669799805e+00
-1.304678440093994141e+00
-7.112882733345031738e-01
-3.443181514739990234e-03
3.444653153419494629e-01
1.455826759338378906e-01
-3.611588776111602783e-01
-6.009948253631591797e-01
-1.657226085662841797e-01
9.067103862762451172e-01
2.054552316665649414e+00
2.624389886856079102e+00
2.252393960952758789e+00
1.168813586235046387e+00
-1.840968802571296692e-02
-6.440371274948120117e-01
-4.373879134654998779e-01
4.173548817634582520e-01
1.359931111335754395e+00
1.842986464500427246e+00
1.555809736251831055e+00
6.336465477943420410e-01
-4.734561443328857422e-01
-1.156038045883178711e+00
-1.016453146934509277e+00
-4.021790623664855957e-02
1.286298274993896484e+00
2.250699043273925781e+00
2.237273931503295898e+00
1.148524045944213867e+00
-5.634396076202392578e-01
-2.088383913040161133e+00
-2.775130271911621094e+00
-2.438127040863037109e+00
-1.454081296920776367e+00
-4.104724228382110596e-01
2.339165359735488892e-01
4.150933921337127686e-01
3.246724903583526611e-01
1.997747570276260376e-01
8.334831893444061279e-02
-1.045948341488838196e-01
-4.409067928791046143e-01
-8.357733488082885742e-01
-1.134200811386108398e+00
-1.249243974685668945e+00
-1.296140432357788086e+00
-1.446750044822692871e+00
-1.737593531608581543e+00
-1.915507078170776367e+00
-1.621782779693603516e+00
-6.905190348625183105e-01
5.872354507446289062e-01
1.601584792137145996e+00
1.816437482833862305e+00
1.201352000236511230e+00
2.660611271858215332e-01
-2.973133325576782227e-01
-1.526846289634704590e-01
4.497899115085601807e-01
8.966057896614074707e-01
7.510448098182678223e-01
1.166994124650955200e-01
-4.457347393035888672e-01
-4.058822393417358398e-01
2.814260423183441162e-01
1.128612518310546875e+00
1.525135636329650879e+00
1.244718074798583984e+00
6.084269881248474121e-01
1.795733571052551270e-01
2.475032806396484375e-01
5.873067378997802734e-01
6.831713914871215820e-01
2.551528811454772949e-01
-4.319755434989929199e-01
-7.321250438690185547e-01
-2.019717693328857422e-01
9.537329077720642090e-01
1.910296440124511719e+00
1.824718594551086426e+00
4.711885154247283936e-01
-1.515941739082336426e+00
-3.086652755737304688e+00
-3.471001148223876953e+00
-2.696594715118408203e+00
-1.439628005027770996e+00
-4.906090497970581055e-01
-1.548092514276504517e-01
-1.796060204505920410e-01
-6.955674290657043457e-02
3.841204047203063965e-01
9.657310247421264648e-01
1.221570611000061035e+00
9.344769120216369629e-01
2.960448265075683594e-01
-2.008129656314849854e-01
-2.060479521751403809e-01
2.627415657043457031e-01
8.133379220962524414e-01
1.054915785789489746e+00
8.370127081871032715e-01
3.602459728717803955e-01
-8.488868176937103271e-02
-2.978981137275695801e-01
-3.107324838638305664e-01
-2.161966115236282349e-01
-9.683763980865478516e-02
6.062507629394531250e-02
1.872882544994354248e-01
1.230054944753646851e-01
-3.685751557350158691e-01
-1.306510806083679199e+00
-2.408084869384765625e+00
-3.110381126403808594e+00
-2.978754997253417969e+00
-1.970045566558837891e+00
-5.742348432540893555e-01
5.474598407745361328e-01
9.333700537681579590e-01
6.745258569717407227e-01
2.426349520683288574e-01
1.916012167930603027e-01
7.038798928260803223e-01
1.568264722824096680e+00
2.312471628189086914e+00
2.609243392944335938e+00
2.388942241668701172e+00
1.871978044509887695e+00
1.293002724647521973e+00
8.171772360801696777e-01
4.445566534996032715e-01
1.682482212781906128e-01
-3.833296895027160645e-02
-1.598180085420608521e-01
-2.653620243072509766e-01
-4.303164482116699219e-01
-7.213609814643859863e-01
-1.029003977775573730e+00
-1.155760884284973145e+00
-8.902037143707275391e-01
-2.596758008003234863e-01
4.905547499656677246e-01
9.649077057838439941e-01
9.404234886169433594e-01
4.603222310543060303e-01
-1.385563462972640991e-01
-5.223776102066040039e-01
-5.237834453582763672e-01
-2.807253003120422363e-01
-3.743034601211547852e-02
1.806169748306274414e-03
-1.288238167762756348e-01
-2.548547089099884033e-01
-1.507614552974700928e-01
2.561157941818237305e-01
8.923931121826171875e-01
1.533137083053588867e+00
1.944920420646667480e+00
1.911847829818725586e+00
1.352006435394287109e+00
3.201677203178405762e-01
-9.159307479858398438e-01
-1.977801561355590820e+00
-2.480427980422973633e+00
-2.272459506988525391e+00
-1.500267267227172852e+00
-5.783355236053466797e-01
8.404982089996337891e-02
2.888913452625274658e-01
1.707451194524765015e-01
2.802103757858276367e-02
1.087439656257629395e-01
4.112671911716461182e-01
