-5.456915497779846191e-01
-5.394995212554931641e-01
-5.660281777381896973e-01
-7.599481344223022461e-01
-1.000342488288879395e+00
-1.022330999374389648e+00
-6.234057545661926270e-01
1.122373938560485840e-01
8.072336912155151367e-01
1.008574128150939941e+00
5.235446095466613770e-01
-4.134194850921630859e-01
-1.250385642051696777e+00
-1.476844429969787598e+00
-9.352337121963500977e-01
8.665501326322555542e-02
1.084761857986450195e+00
1.655819177627563477e+00
1.726485610008239746e+00
1.498766660690307617e+00
1.249254584312438965e+00
1.100099325180053711e+00
9.928438663482666016e-01
7.854880094528198242e-01
4.358917474746704102e-01
4.245048761367797852e-02
-2.150153517723083496e-01
-2.385410070419311523e-01
-7.825607061386108398e-02
7.514511048793792725e-02
2.768561244010925293e-02
-3.105787932872772217e-01
-8.537469506263732910e-01
-1.387293100357055664e+00
-1.644620537757873535e+00
-1.441116213798522949e+00
-7.526134848594665527e-01
2.176936119794845581e-01
1.108158349990844727e+00
1.523869395256042480e+00
1.249155998229980469e+00
3.742808699607849121e-01
-6.973696947097778320e-01
-1.445706725120544434e+00
-1.485404610633850098e+00
-7.792801260948181152e-01
3.612040281295776367e-01
1.442735075950622559e+00
2.050446987152099609e+00
2.018541574478149414e+00
1.463950157165527344e+00
6.670376658439636230e-01
-7.439917325973510742e-02
-5.604671239852905273e-01
-7.206625938415527344e-01
-5.987559556961059570e-01
-3.029181659221649170e-01
4.164063930511474609e-02
3.464630544185638428e-01
5.776304602622985840e-01
7.389830946922302246e-01
8.119620084762573242e-01
7.189847230911254883e-01
3.616672754287719727e-01
-2.630544304847717285e-01
-9.559371471405029297e-01
-1.343552827835083008e+00
-1.088080644607543945e+00
-1.753260493278503418e-01
9.596848487854003906e-01
1.598851680755615234e+00
1.191160798072814941e+00
-2.418446540832519531e-01
-2.018710374832153320e+00
-3.187506198883056641e+00
-3.125132322311401367e+00
-1.965054392814636230e+00
-4.986527860164642334e-01
3.596147000789642334e-01
2.071682214736938477e-01
-6.193283796310424805e-01
-1.327877879142761230e+00
-1.300419688224792480e+00
-5.222979784011840820e-01
4.359540939331054688e-01
9.137129783630371094e-01
6.546001434326171875e-01
1.789689064025878906e-03
-4.231217801570892334e-01
-1.908207535743713379e-01
5.967494845390319824e-01
1.442338466644287109e+00
1.823265790939331055e+00
1.588180184364318848e+00
9.852385520935058594e-01
4.514717757701873779e-01
2.511575222015380859e-01
3.768263459205627441e-01
6.284933686256408691e-01
8.689479827880859375e-01
1.097944021224975586e+00
1.407124400138854980e+00
1.770790815353393555e+00
2.013977289199829102e+00
1.870824813842773438e+00
1.233534812927246094e+00
2.275828123092651367e-01
-8.051540851593017578e-01
-1.558869838714599609e+00
-1.891916036605834961e+00
-1.911626577377319336e+00
-1.799673676490783691e+00
-1.703624486923217773e+00
-1.609138488769531250e+00
-1.432436466217041016e+00
-1.066868782043457031e+00
-5.100699663162231445e-01
1.744506359100341797e-01
8.237922191619873047e-01
1.267222523689270020e+00
1.309388518333435059e+00
8.627017736434936523e-01
-2.865499258041381836e-02
-1.089254379272460938e+00
-1.955493688583374023e+00
-2.295602083206176758e+00
-2.057420015335083008e+00
-1.445807814598083496e+00
-8.425018787384033203e-01
-4.947378039360046387e-01
-4.221226572990417480e-01
-3.891032040119171143e-01
-1.734148263931274414e-01
3.057951927185058594e-01
8.823617100715637207e-01
1.346215009689331055e+00
1.540424227714538574e+00
1.490128517150878906e+00
1.247603178024291992e+00
8.524848222732543945e-01
2.649488449096679688e-01
-4.425424933433532715e-01
-1.054148912429809570e+00
-1.204113364219665527e+00
-6.971516609191894531e-01
3.240306377410888672e-01
1.314228653907775879e+00
1.712512850761413574e+00
1.283886194229125977e+00
3.862860798835754395e-01
-3.268273472785949707e-01
-3.195317983627319336e-01
3.622416853904724121e-01
1.194238424301147461e+00
1.528948187828063965e+00
1.149368047714233398e+00
3.507244288921356201e-01
-2.893493473529815674e-01
-4.621658325195312500e-01
-3.044035434722900391e-01
-2.760148942470550537e-01
-6.308466792106628418e-01
-1.183359384536743164e+00
-1.382249355316162109e+00
-8.639947175979614258e-01
2.117749750614166260e-01
1.141793489456176758e+00
1.252230048179626465e+00
3.897374272346496582e-01
-8.666502237319946289e-01
-1.689851045608520508e+00
-1.588075160980224609e+00
-8.255304694175720215e-01
-1.270492076873779297e-01
-1.054502129554748535e-01
-6.908516287803649902e-01
-1.234687209129333496e+00
-1.007953405380249023e+00
1.112178564071655273e-01
1.536386251449584961e+00
2.347776412963867188e+00
2.042397022247314453e+00
8.763105869293212891e-01
-2.862003743648529053e-01
-6.675957441329956055e-01
-9.301611781120300293e-02
8.819485306739807129e-01
1.469792604446411133e+00
1.193123221397399902e+00
2.196534723043441772e-01
-8.778790831565856934e-01
-1.538432478904724121e+00
-1.609115362167358398e+00
-1.293786644935607910e+00
-9.214873909950256348e-01
-6.181707382202148438e-01
-3.107509016990661621e-01
1.334190368652343750e-01
6.659445166587829590e-01
1.073283910751342773e+00
1.120966672897338867e+00
8.024388551712036133e-01
3.472061455249786377e-01
8.940868079662322998e-02
1.954851597547531128e-01
5.661439299583435059e-01
8.901337385177612305e-01
8.896672725677490234e-01
4.769937098026275635e-01
-1.886295080184936523e-01
-8.400599360466003418e-01
-1.231081247329711914e+00
-1.255336403846740723e+00
-9.321095347404479980e-01
-3.847421407699584961e-01
2.270679175853729248e-01
7.305290102958679199e-01
