1.885866284370422363e+00
1.954183459281921387e+00
2.264897346496582031e+00
2.048297166824340820e+00
1.399722337722778320e+00
8.018672466278076172e-01
4.139466881752014160e-01
3.016769289970397949e-01
1.113417595624923706e-01
-2.591222524642944336e-01
-8.508034944534301758e-01
-1.265297532081604004e+00
-1.317864656448364258e+00
-9.014383554458618164e-01
-4.471717178821563721e-01
-3.022025227546691895e-01
-7.971747517585754395e-01
-1.644511342048645020e+00
-2.433403015136718750e+00
-2.562577247619628906e+00
-1.968008995056152344e+00
-8.395762443542480469e-01
1.739097535610198975e-01
6.947145462036132812e-01
5.036054849624633789e-01
-3.707352280616760254e-02
-5.686556696891784668e-01
-6.487238407135009766e-01
-3.233177065849304199e-01
2.472484111785888672e-01
6.108973026275634766e-01
6.253324151039123535e-01
2.468880712985992432e-01
-1.460297107696533203e-01
-2.966152727603912354e-01
4.416415095329284668e-02
6.446329355239868164e-01
1.194981336593627930e+00
1.214393496513366699e+00
6.474842429161071777e-01
-3.292139172554016113e-01
-1.114502668380737305e+00
-1.303152799606323242e+00
-6.897276043891906738e-01
3.298209309577941895e-01
1.244351744651794434e+00
1.501195907592773438e+00
1.091171026229858398e+00
2.979254126548767090e-01
-2.899663448333740234e-01
-4.113176167011260986e-01
-8.465053141117095947e-02
2.225485444068908691e-01
1.614333093166351318e-01
-4.245498180389404297e-01
-1.182316541671752930e+00
-1.688494801521301270e+00
-1.569523811340332031e+00
-9.520069360733032227e-01
-1.980534493923187256e-01
1.815489679574966431e-01
4.780802130699157715e-02
-4.311186075210571289e-01
-7.564731240272521973e-01
-5.956861972808837891e-01
1.253921538591384888e-01
1.045044898986816406e+00
1.736450552940368652e+00
1.863634943962097168e+00
1.481359362602233887e+00
8.374819755554199219e-01
2.710711359977722168e-01
-1.098704338073730469e-01
-3.490194082260131836e-01
-5.964034795761108398e-01
-8.264961242675781250e-01
-8.753624558448791504e-01
-4.975002706050872803e-01
3.251934647560119629e-01
1.330059051513671875e+00
2.021141290664672852e+00
2.021716594696044922e+00
1.306011319160461426e+00
2.764036655426025391e-01
-5.120233893394470215e-01
-6.947799921035766602e-01
-3.480949997901916504e-01
1.071453616023063660e-01
2.125899046659469604e-01
-1.992702335119247437e-01
-9.206879734992980957e-01
-1.569831609725952148e+00
-1.882397294044494629e+00
-1.879988551139831543e+00
-1.746185541152954102e+00
-1.609980106353759766e+00
-1.372759103775024414e+00
-8.455507755279541016e-01
2.882593870162963867e-02
9.542173743247985840e-01
1.456023573875427246e+00
1.181999325752258301e+00
2.821662425994873047e-01
-6.709811687469482422e-01
-9.969270229339599609e-01
-4.709367454051971436e-01
5.462822318077087402e-01
1.290918588638305664e+00
1.230542540550231934e+00
3.964066207408905029e-01
-5.618639588356018066e-01
-9.504452943801879883e-01
-4.675189852714538574e-01
5.086563825607299805e-01
1.331429123878479004e+00
1.503257155418395996e+00
1.114747405052185059e+00
6.034976840019226074e-01
4.278925061225891113e-01
5.794667601585388184e-01
7.236441373825073242e-01
4.524164795875549316e-01
-2.005067765712738037e-01
-8.335331678390502930e-01
-8.951991796493530273e-01
-2.610382437705993652e-01
7.209473848342895508e-01
1.374130010604858398e+00
1.309455394744873047e+00
6.071190237998962402e-01
-1.740761399269104004e-01
-5.636551976203918457e-01
-4.364008307456970215e-01
-1.555966287851333618e-01
-1.080380752682685852e-01
-4.409981369972229004e-01
-8.517699241638183594e-01
-9.750533103942871094e-01
-6.408112645149230957e-01
-1.319700926542282104e-01
1.585726141929626465e-01
2.888947725296020508e-03
-3.581427931785583496e-01
-5.043989419937133789e-01
-1.430817544460296631e-01
5.066747665405273438e-01
9.363078474998474121e-01
6.765472888946533203e-01
-2.137103676795959473e-01
-1.221626520156860352e+00
-1.682137250900268555e+00
-1.332442045211791992e+00
-4.199026226997375488e-01
4.736618697643280029e-01
9.542495608329772949e-01
1.028594017028808594e+00
1.048281192779541016e+00
1.264774799346923828e+00
1.584322452545166016e+00
1.583532452583312988e+00
9.288828372955322266e-01
-3.031339049339294434e-01
-1.566611647605895996e+00
-2.230916738510131836e+00
-2.016588449478149414e+00
-1.199843168258666992e+00
-3.818397223949432373e-01
-4.462763667106628418e-02
-2.320682555437088013e-01
-5.878351926803588867e-01
-7.001457214355468750e-01
-4.055947959423065186e-01
1.220106258988380432e-01
6.226276159286499023e-01
9.716697931289672852e-01
1.289780497550964355e+00
1.706540822982788086e+00
2.172949314117431641e+00
2.349492549896240234e+00
1.893466472625732422e+00
7.084154486656188965e-01
-8.130854368209838867e-01
-2.056157112121582031e+00
-2.473198175430297852e+00
-2.021764516830444336e+00
-1.073941469192504883e+00
-2.469827234745025635e-01
1.091259717941284180e-01
-2.354490756988525391e-02
-2.805178165435791016e-01
-3.561732769012451172e-01
-9.264290332794189453e-02
3.213493227958679199e-01
6.881672143936157227e-01
8.330835103988647461e-01
8.731398582458496094e-01
9.350919723510742188e-01
1.173468351364135742e+00
1.454800248146057129e+00
1.608537197113037109e+00
1.365234971046447754e+00
7.517160177230834961e-01
-8.899652957916259766e-02
-7.584908604621887207e-01
-1.040942907333374023e+00
-8.239989280700683594e-01
-3.904750347137451172e-01
-3.397945314645767212e-02
-1.040510982275009155e-01
-5.443952679634094238e-01
-1.153875112533569336e+00
-1.461024761199951172e+00
-1.284023761749267578e+00
-6.196882724761962891e-01
7.844275236129760742e-02
4.461600482463836670e-01
1.914011090993881226e-01
