-7.492573261260986328e-01
-7.143225073814392090e-01
-7.378391027450561523e-01
-7.446193695068359375e-01
-9.236598014831542969e-01
-1.301200509071350098e+00
-1.610666632652282715e+00
-1.570196747779846191e+00
-1.019509315490722656e+00
-1.330499053001403809e-01
7.698427438735961914e-01
1.327590584754943848e+00
1.409763932228088379e+00
1.059455394744873047e+00
5.235671401023864746e-01
3.947925567626953125e-02
-1.434559524059295654e-01
6.756862998008728027e-02
6.624096035957336426e-01
1.397153258323669434e+00
1.957662940025329590e+00
2.014989852905273438e+00
1.522228479385375977e+00
6.918056011199951172e-01
-1.832018047571182251e-02
-2.802348732948303223e-01
-2.502411603927612305e-02
4.313951730728149414e-01
7.181432247161865234e-01
5.958944559097290039e-01
2.005953490734100342e-01
-1.907919347286224365e-01
-3.298611044883728027e-01
-2.794578373432159424e-01
-2.430051714181900024e-01
-4.193043410778045654e-01
-6.995099186897277832e-01
-8.214757442474365234e-01
-5.289198160171508789e-01
6.908968091011047363e-02
6.109015941619873047e-01
6.594449281692504883e-01
1.516749560832977295e-01
-6.011121869087219238e-01
-1.054402232170104980e+00
-9.377214908599853516e-01
-3.908489048480987549e-01
6.934219598770141602e-02
5.960381031036376953e-02
-4.242886304855346680e-01
-9.121572375297546387e-01
-9.122848510742187500e-01
-2.384368330240249634e-01
7.488251328468322754e-01
1.480820178985595703e+00
1.520047545433044434e+00
9.332910776138305664e-01
1.202372312545776367e-01
-4.466755092144012451e-01
-6.230918169021606445e-01
-5.475682616233825684e-01
-4.974904060363769531e-01
-5.416777133941650391e-01
-5.616153478622436523e-01
-3.520810008049011230e-01
6.537294387817382812e-02
4.691510200500488281e-01
5.501249432563781738e-01
2.501060366630554199e-01
-2.140229791402816772e-01
-4.597568213939666748e-01
-3.175165653228759766e-01
6.191572546958923340e-02
2.689985334873199463e-01
3.095717728137969971e-02
-5.805006027221679688e-01
-1.117900848388671875e+00
-1.137469530105590820e+00
-5.010513663291931152e-01
4.552839994430541992e-01
1.206363558769226074e+00
1.376984596252441406e+00
1.043719887733459473e+00
6.079554557800292969e-01
5.062756538391113281e-01
8.334288001060485840e-01
1.326148152351379395e+00
1.551245093345642090e+00
1.288246393203735352e+00
6.634904146194458008e-01
7.698974013328552246e-02
-1.447892785072326660e-01
3.546661138534545898e-02
3.144400715827941895e-01
3.151228427886962891e-01
-1.551325023174285889e-01
-9.337275028228759766e-01
-1.644872903823852539e+00
-1.939550757408142090e+00
-1.744494080543518066e+00
-1.260590314865112305e+00
-8.106518983840942383e-01
-5.851089954376220703e-01
-5.474355220794677734e-01
-4.986977875232696533e-01
-2.898611724376678467e-01
4.739844799041748047e-02
3.084453642368316650e-01
3.062420487403869629e-01
3.853854537010192871e-02
-2.621532976627349854e-01
-3.029144406318664551e-01
3.920677304267883301e-02
5.829193592071533203e-01
9.508253335952758789e-01
8.451037406921386719e-01
2.931893765926361084e-01
-3.368806242942810059e-01
-5.831912159919738770e-01
-2.292411327362060547e-01
5.157072544097900391e-01
1.145925283432006836e+00
1.199658155441284180e+00
5.716221332550048828e-01
-4.389122724533081055e-01
-1.349003553390502930e+00
-1.811890125274658203e+00
-1.775530576705932617e+00
-1.406764984130859375e+00
-8.766345977783203125e-01
-2.571125030517578125e-01
4.208612442016601562e-01
9.935889244079589844e-01
1.149161815643310547e+00
6.213175654411315918e-01
-4.874804317951202393e-01
-1.607771396636962891e+00
-1.956768274307250977e+00
-1.086856603622436523e+00
7.157963514328002930e-01
2.492190599441528320e+00
3.215025424957275391e+00
2.490444183349609375e+00
8.807990550994873047e-01
-4.775300025939941406e-01
-6.673609018325805664e-01
3.292894363403320312e-01
1.633370637893676758e+00
2.106642723083496094e+00
1.209611177444458008e+00
-6.146659851074218750e-01
-2.255732774734497070e+00
-2.748446941375732422e+00
-1.919991612434387207e+00
-4.580984115600585938e-01
6.645452380180358887e-01
8.758159875869750977e-01
3.478906154632568359e-01
-2.686098515987396240e-01
-3.945408761501312256e-01
5.151182413101196289e-02
6.916030645370483398e-01
1.053538322448730469e+00
9.538028240203857422e-01
5.511039495468139648e-01
1.227149069309234619e-01
-2.200184166431427002e-01
-5.748981237411499023e-01
-1.061695456504821777e+00
-1.588723421096801758e+00
-1.856322050094604492e+00
-1.608171701431274414e+00
-9.296402931213378906e-01
-2.868477404117584229e-01
-2.243362963199615479e-01
-9.242029190063476562e-01
-1.976114511489868164e+00
-2.590071439743041992e+00
-2.118260860443115234e+00
-5.391550660133361816e-01
1.470481395721435547e+00
2.929365158081054688e+00
3.163526535034179688e+00
2.218714714050292969e+00
8.204710483551025391e-01
-1.017086207866668701e-01
2.532805502414703369e-02
1.081654787063598633e+00
2.367654561996459961e+00
3.028858184814453125e+00
2.570610284805297852e+00
1.115971684455871582e+00
-6.663355827331542969e-01
-1.966220021247863770e+00
-2.261157274246215820e+00
-1.604065895080566406e+00
-5.320837497711181641e-01
2.591087520122528076e-01
3.626760840415954590e-01
-1.410619914531707764e-01
-7.599394917488098145e-01
-9.828926920890808105e-01
-6.140307188034057617e-01
8.468149602413177490e-02
6.433876752853393555e-01
7.180241942405700684e-01
3.784799575805664062e-01
-1.100420579314231873e-02
-6.805874407291412354e-02
2.466425895690917969e-01
6.356204748153686523e-01
6.776010990142822266e-01
2.344759702682495117e-01
-4.546195268630981445e-01
-8.991879224777221680e-01
-7.900834083557128906e-01
-1.965886950492858887e-01
