-1.219639480113983154e-01
-1.061445474624633789e-01
-1.353581428527832031e+00
-1.946552276611328125e+00
-1.840569019317626953e+00
-1.253094553947448730e+00
-4.555401206016540527e-01
2.893810272216796875e-01
7.917582392692565918e-01
9.051785469055175781e-01
6.386774778366088867e-01
1.660450547933578491e-01
-1.780253648757934570e-01
-1.487383842468261719e-01
2.446017563343048096e-01
6.543450951576232910e-01
6.832782030105590820e-01
1.754087209701538086e-01
-5.513980388641357422e-01
-9.463164210319519043e-01
-6.036859154701232910e-01
3.206319212913513184e-01
1.203811407089233398e+00
1.330472469329833984e+00
4.757001399993896484e-01
-9.567712545394897461e-01
-2.140165328979492188e+00
-2.430198907852172852e+00
-1.691228866577148438e+00
-3.532929420471191406e-01
1.019032835960388184e+00
2.026094436645507812e+00
2.611073493957519531e+00
2.808387756347656250e+00
2.612682342529296875e+00
1.901842474937438965e+00
7.258243560791015625e-01
-5.887498855590820312e-01
-1.453240394592285156e+00
-1.460589766502380371e+00
-6.512666344642639160e-01
3.913516402244567871e-01
1.010143160820007324e+00
8.861871361732482910e-01
3.234617710113525391e-01
-1.012855768203735352e-01
1.892846822738647461e-02
5.039045810699462891e-01
8.109467625617980957e-01
4.637521207332611084e-01
-4.185911715030670166e-01
-1.207394719123840332e+00
-1.169631838798522949e+00
-1.166891381144523621e-01
1.466183662414550781e+00
2.684264659881591797e+00
2.917297840118408203e+00
2.164735317230224609e+00
1.032231330871582031e+00
1.743040829896926880e-01
-1.115659773349761963e-01
-7.400867342948913574e-02
-1.381650865077972412e-01
-5.563680529594421387e-01
-1.146788597106933594e+00
-1.526449918746948242e+00
-1.404265522956848145e+00
-8.825600743293762207e-01
-3.286629915237426758e-01
-1.400718688964843750e-01
-4.070687890052795410e-01
-9.109833836555480957e-01
-1.253454089164733887e+00
-1.175288081169128418e+00
-6.642468571662902832e-01
1.567962765693664551e-02
5.406714677810668945e-01
6.558963656425476074e-01
3.374935090541839600e-01
-2.526214718818664551e-01
-8.128142356872558594e-01
-1.081506609916687012e+00
-9.335125684738159180e-01
-4.718270599842071533e-01
7.183288782835006714e-02
4.627735614776611328e-01
6.434395909309387207e-01
7.164812684059143066e-01
8.341152667999267578e-01
9.949076175689697266e-01
1.015200018882751465e+00
6.718282699584960938e-01
-2.761730551719665527e-02
-7.501997351646423340e-01
-1.002296447753906250e+00
-5.288324952125549316e-01
4.222589135169982910e-01
1.185031175613403320e+00
1.134607672691345215e+00
1.812501400709152222e-01
-1.109626770019531250e+00
-1.898390054702758789e+00
-1.698231697082519531e+00
-7.439557313919067383e-01
1.865988969802856445e-01
3.899366259574890137e-01
-2.243111729621887207e-01
-1.071893215179443359e+00
-1.405714511871337891e+00
-9.109691381454467773e-01
3.642317652702331543e-02
7.288748025894165039e-01
6.998288631439208984e-01
1.044737100601196289e-01
-4.911098182201385498e-01
-6.076689362525939941e-01
-2.835903763771057129e-01
5.600327253341674805e-02
3.319877386093139648e-02
-2.381245195865631104e-01
-2.717692255973815918e-01
3.384876847267150879e-01
1.387007832527160645e+00
2.137659549713134766e+00
1.843204498291015625e+00
4.707603156566619873e-01
-1.190459132194519043e+00
-2.011448621749877930e+00
-1.448718190193176270e+00
4.628558456897735596e-02
1.280768990516662598e+00
1.289756774902343750e+00
3.628061711788177490e-02
-1.493449687957763672e+00
-2.114636182785034180e+00
-1.299972176551818848e+00
3.733480274677276611e-01
1.754323720932006836e+00
1.940619945526123047e+00
9.908193349838256836e-01
-2.801483869552612305e-01
-9.271923303604125977e-01
-6.701905131340026855e-01
4.372030496597290039e-02
4.225997030735015869e-01
7.511773705482482910e-02
-7.760804891586303711e-01
-1.464499831199645996e+00
-1.517804861068725586e+00
-9.352339506149291992e-01
-1.973029375076293945e-01
2.339684963226318359e-01
1.813301444053649902e-01
-1.156144738197326660e-01
-3.613933622837066650e-01
-3.956553339958190918e-01
-3.609867095947265625e-01
-4.329428076744079590e-01
-7.043066024780273438e-01
-1.024217724800109863e+00
-1.214887619018554688e+00
-1.136946320533752441e+00
-8.380101919174194336e-01
-3.810796737670898438e-01
1.410467028617858887e-01
7.025487422943115234e-01
1.167417764663696289e+00
1.368038415908813477e+00
1.117687821388244629e+00
4.885312020778656006e-01
-2.254309505224227905e-01
-5.706588625907897949e-01
-3.342505097389221191e-01
3.506952524185180664e-01
9.971411824226379395e-01
1.193529844284057617e+00
8.419830799102783203e-01
3.048948943614959717e-01
4.341137409210205078e-02
3.384552001953125000e-01
1.013555407524108887e+00
1.672762155532836914e+00
1.936227798461914062e+00
1.759037494659423828e+00
1.311996221542358398e+00
8.455497622489929199e-01
4.303468465805053711e-01
6.059628725051879883e-02
-2.627502977848052979e-01
-3.618777394294738770e-01
-8.091139793395996094e-02
5.566210150718688965e-01
1.159999847412109375e+00
1.239103317260742188e+00
5.260490179061889648e-01
-6.833689212799072266e-01
-1.705782651901245117e+00
-1.872538328170776367e+00
-1.081384539604187012e+00
1.549188196659088135e-01
1.015789508819580078e+00
1.009372711181640625e+00
2.641884088516235352e-01
-5.625050067901611328e-01
-8.486819863319396973e-01
-4.253375530242919922e-01
3.022135496139526367e-01
7.403982281684875488e-01
5.252748131752014160e-01
-2.118459641933441162e-01
-1.034571886062622070e+00
-1.507376790046691895e+00
-1.484816431999206543e+00
-1.074683785438537598e+00
-4.867027997970581055e-01
1.472062468528747559e-01
7.557703256607055664e-01
