2.957274019718170166e-01
2.464247047901153564e-01
3.637791574001312256e-01
1.925638914108276367e-01
-3.474972248077392578e-01
-1.084621310234069824e+00
-1.721991062164306641e+00
-1.909362077713012695e+00
-1.519993901252746582e+00
-6.796464323997497559e-01
2.045913785696029663e-01
7.379968166351318359e-01
6.989099383354187012e-01
2.499902546405792236e-01
-2.329345941543579102e-01
-3.331312537193298340e-01
5.573737621307373047e-02
7.143701910972595215e-01
1.161355018615722656e+00
1.042138814926147461e+00
3.132209181785583496e-01
-6.277318596839904785e-01
-1.238072752952575684e+00
-1.093724250793457031e+00
-2.181635499000549316e-01
9.953624010086059570e-01
1.950346350669860840e+00
2.254606723785400391e+00
1.841327905654907227e+00
1.013087511062622070e+00
1.582452654838562012e-01
-4.050118327140808105e-01
-5.972684025764465332e-01
-4.534180760383605957e-01
-8.988165855407714844e-02
4.172469675540924072e-01
9.182685613632202148e-01
1.210599899291992188e+00
1.024652838706970215e+00
2.622597217559814453e-01
-9.029806852340698242e-01
-1.960641264915466309e+00
-2.375868797302246094e+00
-1.879334449768066406e+00
-7.547674775123596191e-01
3.477984070777893066e-01
7.670928239822387695e-01
3.399664461612701416e-01
-5.254803895950317383e-01
-1.082395911216735840e+00
-8.455133438110351562e-01
8.385484665632247925e-02
1.024259805679321289e+00
1.261372447013854980e+00
5.475442409515380859e-01
-6.366870403289794922e-01
-1.456069350242614746e+00
-1.276569843292236328e+00
-1.761435270309448242e-01
1.152967333793640137e+00
1.853066444396972656e+00
1.548863887786865234e+00
5.401992201805114746e-01
-4.069771766662597656e-01
-6.642485857009887695e-01
-1.153264343738555908e-01
7.859941124916076660e-01
1.439073085784912109e+00
1.486564397811889648e+00
1.036153078079223633e+00
4.453573226928710938e-01
3.824326395988464355e-02
-1.478851139545440674e-01
-2.653943300247192383e-01
-4.825169742107391357e-01
-7.756553888320922852e-01
-9.928772449493408203e-01
-9.747113585472106934e-01
-7.266591191291809082e-01
-3.615806698799133301e-01
-1.419496908783912659e-02
2.882145643234252930e-01
5.428206920623779297e-01
6.875962615013122559e-01
5.232428312301635742e-01
-1.156941950321197510e-01
-1.164027690887451172e+00
-2.179672002792358398e+00
-2.552514553070068359e+00
-1.869071960449218750e+00
-2.917909026145935059e-01
1.467021346092224121e+00
2.511167764663696289e+00
2.344394922256469727e+00
1.161230683326721191e+00
-2.633489370346069336e-01
-1.122081518173217773e+00
-1.064829349517822266e+00
-3.918987512588500977e-01
2.582439184188842773e-01
3.801614046096801758e-01
-2.139133960008621216e-02
-5.033956766128540039e-01
-5.255706310272216797e-01
1.214273422956466675e-01
1.187537431716918945e+00
2.112526416778564453e+00
2.409383058547973633e+00
1.921490907669067383e+00
8.927925825119018555e-01
-2.373177409172058105e-01
-1.066529273986816406e+00
-1.429419398307800293e+00
-1.390486359596252441e+00
-1.156810402870178223e+00
-9.034796953201293945e-01
-7.013194561004638672e-01
-4.884559512138366699e-01
-1.806535720825195312e-01
2.338198423385620117e-01
6.027250885963439941e-01
6.893278360366821289e-01
3.134176135063171387e-01
-4.427175819873809814e-01
-1.219861268997192383e+00
-1.525289297103881836e+00
-1.080171942710876465e+00
-4.098231345415115356e-02
1.003457307815551758e+00
1.401840090751647949e+00
8.663902282714843750e-01
-2.604775726795196533e-01
-1.217821240425109863e+00
-1.301500320434570312e+00
-3.791273832321166992e-01
1.026105046272277832e+00
2.065708160400390625e+00
2.165646553039550781e+00
1.371331930160522461e+00
2.897500991821289062e-01
-4.032555222511291504e-01
-4.119966924190521240e-01
8.849360048770904541e-03
3.475203812122344971e-01
2.334384620189666748e-01
-2.920687794685363770e-01
-9.098595380783081055e-01
-1.306817531585693359e+00
-1.443017840385437012e+00
-1.473358511924743652e+00
-1.539366364479064941e+00
-1.538018941879272461e+00
-1.215592265129089355e+00
-3.964373469352722168e-01
7.473499178886413574e-01
1.767507433891296387e+00
2.198062181472778320e+00
1.926804900169372559e+00
1.231914043426513672e+00
5.893800854682922363e-01
2.693866491317749023e-01
1.968737542629241943e-01
5.004549026489257812e-02
-3.632734715938568115e-01
-9.287032485008239746e-01
-1.264304399490356445e+00
-1.089007139205932617e+00
-4.530967772006988525e-01
2.329127788543701172e-01
5.507702827453613281e-01
3.672777414321899414e-01
-3.955720365047454834e-02
-2.771939039230346680e-01
-1.480038911104202271e-01
1.445026993751525879e-01
2.267991900444030762e-01
-1.175045371055603027e-01
-6.677205562591552734e-01
-9.510061144828796387e-01
-5.897796154022216797e-01
2.956406176090240479e-01
1.154204726219177246e+00
1.344583153724670410e+00
6.732600927352905273e-01
-4.693599641323089600e-01
-1.313803434371948242e+00
-1.299776792526245117e+00
-4.277841746807098389e-01
6.970788240432739258e-01
1.346216320991516113e+00
1.122822523117065430e+00
2.701308131217956543e-01
-5.720744729042053223e-01
-7.587768435478210449e-01
-1.143045425415039062e-01
1.035542368888854980e+00
2.033492803573608398e+00
2.342858791351318359e+00
1.767106056213378906e+00
5.643728971481323242e-01
-7.955986261367797852e-01
-1.818563222885131836e+00
-2.263192653656005859e+00
-2.145245552062988281e+00
-1.746804952621459961e+00
-1.392626523971557617e+00
-1.339057445526123047e+00
-1.560907721519470215e+00
-1.817759513854980469e+00
-1.716062545776367188e+00
-1.019023299217224121e+00
2.316538989543914795e-01
1.614778637886047363e+00
2.594845056533813477e+00
2.749945640563964844e+00
2.083869457244873047e+00
9.582017660140991211e-01
