-1.171034276485443115e-01
-1.387916803359985352e-01
-8.625086396932601929e-02
-1.907619982957839966e-01
-4.375277757644653320e-01
-6.518052816390991211e-01
-6.298011541366577148e-01
-2.910879254341125488e-01
2.509322166442871094e-01
7.543669939041137695e-01
9.840389490127563477e-01
8.415580987930297852e-01
4.079283475875854492e-01
-9.243223071098327637e-02
-3.974039852619171143e-01
-3.214374780654907227e-01
1.408684253692626953e-01
7.902632951736450195e-01
1.290106773376464844e+00
1.342472553253173828e+00
8.690394163131713867e-01
9.435784071683883667e-02
-5.779665708541870117e-01
-8.259533047676086426e-01
-6.544412374496459961e-01
-4.032429456710815430e-01
-4.939562976360321045e-01
-1.057920455932617188e+00
-1.757997512817382812e+00
-1.965423583984375000e+00
-1.230924367904663086e+00
3.094111084938049316e-01
1.908159732818603516e+00
2.657776355743408203e+00
2.107647657394409180e+00
6.166815757751464844e-01
-8.661535382270812988e-01
-1.441714406013488770e+00
-8.879017829895019531e-01
2.112451791763305664e-01
9.108469486236572266e-01
6.202247142791748047e-01
-4.693785905838012695e-01
-1.534962177276611328e+00
-1.748143672943115234e+00
-8.815935850143432617e-01
5.299555659294128418e-01
1.592181682586669922e+00
1.674227595329284668e+00
8.137795925140380859e-01
-3.847729265689849854e-01
-1.209506988525390625e+00
-1.312078237533569336e+00
-8.430818915367126465e-01
-2.413463294506072998e-01
1.247957497835159302e-01
1.591652184724807739e-01
3.937602508813142776e-03
-1.459126770496368408e-01
-1.726683229207992554e-01
-4.928562790155410767e-02
2.228158563375473022e-01
6.151590943336486816e-01
1.021014571189880371e+00
1.222636818885803223e+00
1.000571846961975098e+00
3.295974135398864746e-01
-4.910784959793090820e-01
-9.629256129264831543e-01
-7.253602743148803711e-01
1.158049702644348145e-01
9.767580628395080566e-01
1.159651160240173340e+00
3.778753280639648438e-01
-9.753805994987487793e-01
-2.040482044219970703e+00
-2.079240798950195312e+00
-9.966425895690917969e-01
5.913907885551452637e-01
1.812985420227050781e+00
2.157889604568481445e+00
1.792892098426818848e+00
1.330780863761901855e+00
1.271292448043823242e+00
1.570029735565185547e+00
1.698584079742431641e+00
1.129542350769042969e+00
-1.580767035484313965e-01
-1.589001536369323730e+00
-2.396014928817749023e+00
-2.201368331909179688e+00
-1.296994805335998535e+00
-4.051912724971771240e-01
-1.150369048118591309e-01
-4.574737548828125000e-01
-9.492070674896240234e-01
-1.051856756210327148e+00
-6.450632214546203613e-01
-1.197052299976348877e-01
-2.172465994954109192e-02
-5.554467439651489258e-01
-1.373877167701721191e+00
-1.833988785743713379e+00
-1.510189056396484375e+00
-5.390747785568237305e-01
4.856335520744323730e-01
9.809346199035644531e-01
8.185884952545166016e-01
3.891277313232421875e-01
2.379036843776702881e-01
5.866692066192626953e-01
1.130366802215576172e+00
1.282234787940979004e+00
6.665545105934143066e-01
-5.291614532470703125e-01
-1.629016757011413574e+00
-1.913270831108093262e+00
-1.111664891242980957e+00
4.149256646633148193e-01
1.906834602355957031e+00
2.678924083709716797e+00
2.496431350708007812e+00
1.646049380302429199e+00
6.917474269866943359e-01
1.295612752437591553e-01
1.389956176280975342e-01
5.533219575881958008e-01
9.973509907722473145e-01
1.105402350425720215e+00
7.024425268173217773e-01
-9.556925296783447266e-02
-9.218146800994873047e-01
-1.323571801185607910e+00
-1.023872852325439453e+00
-1.282260417938232422e-01
8.535442352294921875e-01
1.261694192886352539e+00
6.833311319351196289e-01
-7.313097119331359863e-01
-2.297693729400634766e+00
-3.175694227218627930e+00
-2.895540952682495117e+00
-1.656087160110473633e+00
-1.978535652160644531e-01
6.906885504722595215e-01
6.710367202758789062e-01
2.894958853721618652e-02
-6.021542549133300781e-01
-7.216508388519287109e-01
-3.042396306991577148e-01
2.576152682304382324e-01
5.105785131454467773e-01
3.168280124664306641e-01
-6.632995605468750000e-02
-2.216667979955673218e-01
7.003173977136611938e-02
6.636227369308471680e-01
1.171423554420471191e+00
1.273425936698913574e+00
9.289928674697875977e-01
3.605935573577880859e-01
-1.633961796760559082e-01
-5.119525194168090820e-01
-7.114440202713012695e-01
-7.967015504837036133e-01
-7.032426595687866211e-01
-3.073062300682067871e-01
3.792819976806640625e-01
1.088307857513427734e+00
1.387365341186523438e+00
9.922466874122619629e-01
3.856879472732543945e-02
-9.160594344139099121e-01
-1.242288112640380859e+00
-6.852071285247802734e-01
4.092583656311035156e-01
1.309729218482971191e+00
1.396155118942260742e+00
6.003405451774597168e-01
-5.607073903083801270e-01
-1.356864452362060547e+00
-1.356053113937377930e+00
-6.719853281974792480e-01
1.911868900060653687e-01
7.620213031768798828e-01
9.137264490127563477e-01
8.540182709693908691e-01
8.252474069595336914e-01
8.304355740547180176e-01
6.256358623504638672e-01
6.014555692672729492e-03
-8.993009328842163086e-01
-1.600591421127319336e+00
-1.579332947731018066e+00
-7.181933522224426270e-01
5.128912329673767090e-01
1.320018529891967773e+00
1.118473410606384277e+00
-3.554491698741912842e-02
-1.459251165390014648e+00
-2.286626100540161133e+00
-2.033305883407592773e+00
-8.686393499374389648e-01
5.601015090942382812e-01
1.598180532455444336e+00
1.969173312187194824e+00
1.832058906555175781e+00
1.515755653381347656e+00
1.210670948028564453e+00
8.605474829673767090e-01
3.242754638195037842e-01
-3.912713229656219482e-01
-1.047481536865234375e+00
-1.334134697914123535e+00
-1.124361634254455566e+00
-6.016981601715087891e-01
-1.355420053005218506e-01
