4.621688127517700195e-01
4.486995935440063477e-01
-2.262057065963745117e-01
-9.322547912597656250e-01
-1.361895322799682617e+00
-1.380932688713073730e+00
-1.110905647277832031e+00
-8.216819167137145996e-01
-6.728349924087524414e-01
-5.797988176345825195e-01
-2.941875457763671875e-01
3.152916133403778076e-01
1.077504158020019531e+00
1.582757949829101562e+00
1.509675979614257812e+00
9.097381234169006348e-01
2.186864465475082397e-01
-7.805252075195312500e-02
1.674560904502868652e-01
6.334623098373413086e-01
8.080856800079345703e-01
4.331828355789184570e-01
-2.499002814292907715e-01
-7.009578347206115723e-01
-5.547016263008117676e-01
3.159910440444946289e-02
4.877343177795410156e-01
3.269711732864379883e-01
-3.855051994323730469e-01
-1.022948145866394043e+00
-8.949335217475891113e-01
1.374145746231079102e-01
1.452007293701171875e+00
2.085201978683471680e+00
1.465633869171142578e+00
-1.064621210098266602e-01
-1.649725437164306641e+00
-2.212268829345703125e+00
-1.566509842872619629e+00
-3.288896977901458740e-01
5.526839494705200195e-01
5.377419590950012207e-01
-1.534585952758789062e-01
-7.936479449272155762e-01
-7.911788225173950195e-01
-1.364639401435852051e-01
6.555280685424804688e-01
1.050739526748657227e+00
9.433282613754272461e-01
7.048240303993225098e-01
7.762134075164794922e-01
1.237410783767700195e+00
1.692386150360107422e+00
1.623720407485961914e+00
8.448433279991149902e-01
-2.919619977474212646e-01
-1.168500423431396484e+00
-1.357639789581298828e+00
-9.445341229438781738e-01
-3.883281350135803223e-01
-1.388617604970932007e-01
-2.704562246799468994e-01
-5.020198822021484375e-01
-4.780833721160888672e-01
-1.163975000381469727e-01
3.481081128120422363e-01
5.594968795776367188e-01
3.550797104835510254e-01
-1.452802419662475586e-01
-6.474025845527648926e-01
-9.309046268463134766e-01
-9.313123822212219238e-01
-7.070167064666748047e-01
-2.992297112941741943e-01
2.545296251773834229e-01
8.511232137680053711e-01
1.234632253646850586e+00
1.140595436096191406e+00
5.168262124061584473e-01
-2.899970710277557373e-01
-7.079485058784484863e-01
-3.210214972496032715e-01
7.300417423248291016e-01
1.776508331298828125e+00
2.036140918731689453e+00
1.219706535339355469e+00
-2.450526058673858643e-01
-1.484209179878234863e+00
-1.854936838150024414e+00
-1.395819902420043945e+00
-7.810596227645874023e-01
-7.071961164474487305e-01
-1.314976215362548828e+00
-2.021762609481811523e+00
-2.016739606857299805e+00
-9.204034805297851562e-01
8.313820362091064453e-01
2.298018217086791992e+00
2.690362691879272461e+00
1.954751014709472656e+00
7.405124902725219727e-01
-9.839369356632232666e-02
-1.447078287601470947e-01
3.927416205406188965e-01
9.408265352249145508e-01
1.093851923942565918e+00
8.608874678611755371e-01
5.550311803817749023e-01
3.911267518997192383e-01
2.867984771728515625e-01
-4.228350520133972168e-02
-7.158113121986389160e-01
-1.505006551742553711e+00
-1.944725990295410156e+00
-1.741246461868286133e+00
-1.028892159461975098e+00
-3.079954683780670166e-01
-2.535575628280639648e-02
-2.377743721008300781e-01
-5.813065171241760254e-01
-6.541993021965026855e-01
-3.943141996860504150e-01
-1.724068522453308105e-01
-4.187300205230712891e-01
-1.167520880699157715e+00
-1.867804050445556641e+00
-1.746258616447448730e+00
-4.069319367408752441e-01
1.741630196571350098e+00
3.669342756271362305e+00
4.363527297973632812e+00
3.519197940826416016e+00
1.712674856185913086e+00
-1.287657022476196289e-02
-8.837569952011108398e-01
-8.527549505233764648e-01
-5.133197307586669922e-01
-5.286735296249389648e-01
-1.091883897781372070e+00
-1.785481691360473633e+00
-1.959592580795288086e+00
-1.264310479164123535e+00
4.528790712356567383e-02
1.291810989379882812e+00
1.847748160362243652e+00
1.554614782333374023e+00
7.666948437690734863e-01
3.752055764198303223e-02
-2.952506244182586670e-01
-2.977540791034698486e-01
-3.023429512977600098e-01
-5.704282522201538086e-01
-1.055794358253479004e+00
-1.432224988937377930e+00
-1.359680533409118652e+00
-7.596572637557983398e-01
1.060399115085601807e-01
8.072099089622497559e-01
1.030453681945800781e+00
7.595943212509155273e-01
2.404475957155227661e-01
-2.312196195125579834e-01
-5.078729987144470215e-01
-6.437778472900390625e-01
-7.676054239273071289e-01
-9.169076085090637207e-01
-9.686875343322753906e-01
-7.513688802719116211e-01
-2.179576754570007324e-01
4.470002055168151855e-01
9.235519766807556152e-01
9.683604240417480469e-01
6.077533960342407227e-01
1.228058934211730957e-01
-1.435115635395050049e-01
-4.768545180559158325e-02
2.722355723381042480e-01
5.169415473937988281e-01
5.014947652816772461e-01
3.009788095951080322e-01
1.919552832841873169e-01
3.792330622673034668e-01
7.910392880439758301e-01
1.084651708602905273e+00
9.335430860519409180e-01
3.161892294883728027e-01
-3.888303041458129883e-01
-6.745209693908691406e-01
-2.957473993301391602e-01
4.713534116744995117e-01
9.912777543067932129e-01
6.990560293197631836e-01
-4.451299905776977539e-01
-1.896559000015258789e+00
-2.848090171813964844e+00
-2.779888391494750977e+00
-1.765919208526611328e+00
-4.060161411762237549e-01
6.220631003379821777e-01
9.683696031570434570e-01
7.684440016746520996e-01
4.147464334964752197e-01
2.392507791519165039e-01
2.904059290885925293e-01
4.197275042533874512e-01
4.701335132122039795e-01
4.505075216293334961e-01
4.704625010490417480e-01
6.044045090675354004e-01
7.587608098983764648e-01
7.527262568473815918e-01
4.689724743366241455e-01
1.076370477676391602e-03
-4.180344939231872559e-01
-5.738481283187866211e-01
-4.576182365417480469e-01
-2.420395016670227051e-01
