-1.786439865827560425e-01
-1.734786629676818848e-01
-2.491213679313659668e-01
-2.829726040363311768e-01
-3.296659588813781738e-01
-3.819532096385955811e-01
-4.217163324356079102e-01
-3.783087730407714844e-01
-2.492926120758056641e-01
-5.664014816284179688e-02
1.223936676979064941e-01
2.629450559616088867e-01
3.512165546417236328e-01
4.055967032909393311e-01
3.810659945011138916e-01
2.267228811979293823e-01
-8.834043145179748535e-02
-4.584905803203582764e-01
-6.932989358901977539e-01
-5.976437330245971680e-01
-1.516784578561782837e-01
4.684754312038421631e-01
9.651322364807128906e-01
1.135115265846252441e+00
9.750317335128784180e-01
6.633692979812622070e-01
3.728996813297271729e-01
1.357633471488952637e-01
-1.580123454332351685e-01
-5.942098498344421387e-01
-1.077621817588806152e+00
-1.335684180259704590e+00
-1.114603281021118164e+00
-4.122527539730072021e-01
4.671031832695007324e-01
1.092165112495422363e+00
1.217106580734252930e+00
9.341182708740234375e-01
5.892342925071716309e-01
4.670382142066955566e-01
5.823130607604980469e-01
6.702690124511718750e-01
4.672228991985321045e-01
-6.919056177139282227e-02
-6.903551816940307617e-01
-1.104297637939453125e+00
-1.190313816070556641e+00
-1.103156924247741699e+00
-1.031617283821105957e+00
-9.879480600357055664e-01
-7.002495527267456055e-01
1.020009592175483704e-01
1.396283030509948730e+00
2.679328918457031250e+00
3.271562099456787109e+00
2.730150461196899414e+00
1.245221614837646484e+00
-5.120624303817749023e-01
-1.783802866935729980e+00
-2.262340545654296875e+00
-2.140332698822021484e+00
-1.879917502403259277e+00
-1.696712493896484375e+00
-1.448054432868957520e+00
-7.805479764938354492e-01
3.698767125606536865e-01
1.639862298965454102e+00
2.368232488632202148e+00
2.165782451629638672e+00
1.193111777305603027e+00
1.457713842391967773e-01
-3.173528909683227539e-01
1.011002063751220703e-02
6.938884258270263672e-01
1.108537077903747559e+00
8.738343119621276855e-01
1.939849257469177246e-01
-4.304421246051788330e-01
-5.714198946952819824e-01
-2.753631472587585449e-01
1.027923747897148132e-01
1.684019863605499268e-01
-1.212571710348129272e-01
-5.592775940895080566e-01
-8.787209987640380859e-01
-1.092988252639770508e+00
-1.370605468750000000e+00
-1.842548131942749023e+00
-2.276905775070190430e+00
-2.251428604125976562e+00
-1.444947004318237305e+00
-8.232212066650390625e-02
1.177542805671691895e+00
1.596932649612426758e+00
9.864323139190673828e-01
-1.897019743919372559e-01
-1.068398833274841309e+00
-1.089170455932617188e+00
-3.168954551219940186e-01
6.027347445487976074e-01
1.066561460494995117e+00
9.322563409805297852e-01
6.406368613243103027e-01
7.097101211547851562e-01
1.289690613746643066e+00
1.938147783279418945e+00
2.045511722564697266e+00
1.321613907814025879e+00
1.443243622779846191e-01
-7.556844949722290039e-01
-8.113116621971130371e-01
-1.266484856605529785e-01
6.423077583312988281e-01
7.414191961288452148e-01
-6.393304467201232910e-02
-1.367315649986267090e+00
-2.390399932861328125e+00
-2.574257612228393555e+00
-1.874911308288574219e+00
-7.332766056060791016e-01
3.387368619441986084e-01
1.054737567901611328e+00
1.449790954589843750e+00
1.644517660140991211e+00
1.660697221755981445e+00
1.365136861801147461e+00
6.745326519012451172e-01
-2.814935445785522461e-01
-1.130969882011413574e+00
-1.486200809478759766e+00
-1.192256450653076172e+00
-4.490762650966644287e-01
3.204339146614074707e-01
7.239482402801513672e-01
6.202419400215148926e-01
1.623551547527313232e-01
-3.248802423477172852e-01
-5.263677239418029785e-01
-2.897404730319976807e-01
3.219885230064392090e-01
1.044400215148925781e+00
1.526628613471984863e+00
1.466956138610839844e+00
7.913407683372497559e-01
-2.974209785461425781e-01
-1.382568717002868652e+00
-2.088301897048950195e+00
-2.274159431457519531e+00
-2.129539728164672852e+00
-1.961785316467285156e+00
-1.960281729698181152e+00
-1.993530511856079102e+00
-1.766865253448486328e+00
-1.072245836257934570e+00
-7.696062326431274414e-02
7.957721948623657227e-01
1.141861438751220703e+00
9.845756888389587402e-01
7.471491098403930664e-01
9.788941740989685059e-01
1.814469456672668457e+00
2.841347217559814453e+00
3.296797513961791992e+00
2.715389013290405273e+00
1.266865491867065430e+00
-2.471024096012115479e-01
-1.034226417541503906e+00
-8.215559720993041992e-01
-1.123343110084533691e-01
3.156339228153228760e-01
-2.698618173599243164e-02
-8.684791326522827148e-01
-1.487663984298706055e+00
-1.244130611419677734e+00
-2.112130075693130493e-01
9.339535832405090332e-01
1.353694915771484375e+00
8.041628599166870117e-01
-2.502240538597106934e-01
-9.092763662338256836e-01
-6.406026482582092285e-01
3.933329880237579346e-01
1.362823724746704102e+00
1.516242027282714844e+00
6.630575060844421387e-01
-5.796246528625488281e-01
-1.351884841918945312e+00
-1.079536557197570801e+00
2.071440219879150391e-02
1.232603073120117188e+00
1.755577564239501953e+00
1.344559907913208008e+00
2.970263957977294922e-01
-7.174677848815917969e-01
-1.249160408973693848e+00
-1.206117868423461914e+00
-9.201461076736450195e-01
-7.146811485290527344e-01
-7.733308076858520508e-01
-9.457585811614990234e-01
-1.037000179290771484e+00
-8.731980323791503906e-01
-5.332451462745666504e-01
-1.448471248149871826e-01
1.153218746185302734e-01
2.552492618560791016e-01
3.188288211822509766e-01
4.288777709007263184e-01
5.664093494415283203e-01
6.890025138854980469e-01
6.566796302795410156e-01
4.532603025436401367e-01
1.094268560409545898e-01
-1.847419291734695435e-01
-2.908962368965148926e-01
-9.308069944381713867e-02
3.167656064033508301e-01
