1.396450996398925781e+00
1.497509002685546875e+00
1.176832437515258789e+00
7.086300849914550781e-01
1.119240149855613708e-01
-3.905323147773742676e-01
-8.488550186157226562e-01
-1.238048553466796875e+00
-1.701366186141967773e+00
-2.080207347869873047e+00
-2.261868000030517578e+00
-2.000048637390136719e+00
-1.431429624557495117e+00
-7.793754339218139648e-01
-4.855278134346008301e-01
-6.092051863670349121e-01
-1.010913848876953125e+00
-1.183038353919982910e+00
-8.941261172294616699e-01
-1.493678390979766846e-01
5.567023754119873047e-01
8.654333353042602539e-01
6.202206611633300781e-01
2.440393567085266113e-01
1.852803081274032593e-01
7.651925086975097656e-01
1.668480873107910156e+00
2.365638971328735352e+00
2.290971279144287109e+00
1.480272173881530762e+00
3.614701330661773682e-01
-3.510380387306213379e-01
-3.401498198509216309e-01
3.101878166198730469e-01
1.048921823501586914e+00
1.438591003417968750e+00
1.263848423957824707e+00
7.601460814476013184e-01
2.115156054496765137e-01
-1.119961738586425781e-01
-2.157785296440124512e-01
-1.241605728864669800e-01
8.351150155067443848e-02
4.489984214305877686e-01
8.950991034507751465e-01
1.290913581848144531e+00
1.377876877784729004e+00
1.077850341796875000e+00
5.072623491287231445e-01
2.853971719741821289e-02
-9.894907474517822266e-02
1.304285526275634766e-01
3.591502606868743896e-01
2.013014554977416992e-01
-4.849994480609893799e-01
-1.366775751113891602e+00
-1.886961698532104492e+00
-1.614764928817749023e+00
-6.325433850288391113e-01
5.033985376358032227e-01
1.082743525505065918e+00
7.209890484809875488e-01
-4.241660535335540771e-01
-1.751715183258056641e+00
-2.616432666778564453e+00
-2.678370237350463867e+00
-2.027266979217529297e+00
-1.043314337730407715e+00
-1.345826387405395508e-01
4.304417967796325684e-01
5.868991613388061523e-01
3.995483517646789551e-01
3.916186094284057617e-02
-2.824050784111022949e-01
-3.176957666873931885e-01
5.757886171340942383e-02
7.808259725570678711e-01
1.511779069900512695e+00
1.841530799865722656e+00
1.480180978775024414e+00
5.446410179138183594e-01
-5.301688909530639648e-01
-1.162317991256713867e+00
-1.042184352874755859e+00
-2.453390359878540039e-01
7.618902325630187988e-01
1.507253766059875488e+00
1.708118915557861328e+00
1.467504143714904785e+00
1.032082319259643555e+00
6.599971652030944824e-01
3.694287538528442383e-01
9.874146431684494019e-02
-2.482673227787017822e-01
-5.666231513023376465e-01
-6.979854702949523926e-01
-4.769347310066223145e-01
-6.061792373657226562e-05
4.893109798431396484e-01
6.315146088600158691e-01
2.852025628089904785e-01
-4.754511415958404541e-01
-1.292464852333068848e+00
-1.838056802749633789e+00
-1.875251531600952148e+00
-1.477675199508666992e+00
-8.428452014923095703e-01
-2.795634865760803223e-01
5.962324142456054688e-02
1.178176403045654297e-01
3.739959001541137695e-02
-3.401825577020645142e-02
8.662560582160949707e-02
4.334633946418762207e-01
9.769153594970703125e-01
1.528738856315612793e+00
1.912486910820007324e+00
1.927609920501708984e+00
1.530188798904418945e+00
7.443579435348510742e-01
-2.542325258255004883e-01
-1.300192713737487793e+00
-2.186200857162475586e+00
-2.789351940155029297e+00
-2.969387769699096680e+00
-2.672626018524169922e+00
-1.868506789207458496e+00
-6.869266033172607422e-01
6.358670592308044434e-01
1.728816032409667969e+00
2.280312538146972656e+00
2.123917579650878906e+00
1.394794821739196777e+00
4.326164722442626953e-01
-3.327922523021697998e-01
-6.532945632934570312e-01
-5.528526306152343750e-01
-3.260664939880371094e-01
-3.024052083492279053e-01
-6.293478012084960938e-01
-1.131071686744689941e+00
-1.421459674835205078e+00
-1.160971522331237793e+00
-3.318393826484680176e-01
6.992685794830322266e-01
1.374780774116516113e+00
1.294015645980834961e+00
5.134477019309997559e-01
-4.653850197792053223e-01
-9.623770713806152344e-01
-5.687437653541564941e-01
6.076287627220153809e-01
1.946713447570800781e+00
2.715990781784057617e+00
2.442164659500122070e+00
1.222784399986267090e+00
-4.177164435386657715e-01
-1.773743391036987305e+00
-2.404845237731933594e+00
-2.219605445861816406e+00
-1.511015415191650391e+00
-6.366037726402282715e-01
8.321434259414672852e-02
5.619524717330932617e-01
7.716919183731079102e-01
7.849529981613159180e-01
5.868974924087524414e-01
2.434504181146621704e-01
-2.053642570972442627e-01
-5.667918324470520020e-01
-7.127677202224731445e-01
-4.917216300964355469e-01
1.716420799493789673e-02
6.820834875106811523e-01
1.185282230377197266e+00
1.325962543487548828e+00
9.355388879776000977e-01
1.575461924076080322e-01
-7.831540703773498535e-01
-1.460399627685546875e+00
-1.643580436706542969e+00
-1.205660581588745117e+00
-4.087045192718505859e-01
4.405164420604705811e-01
9.187928438186645508e-01
9.312089681625366211e-01
4.987795352935791016e-01
-4.060953855514526367e-02
-4.773233532905578613e-01
-5.700209736824035645e-01
-3.812470436096191406e-01
6.489207595586776733e-02
5.439676046371459961e-01
9.830816984176635742e-01
1.162490129470825195e+00
1.074380397796630859e+00
6.603766083717346191e-01
1.832253932952880859e-01
-1.597374975681304932e-01
-6.308962404727935791e-02
3.617495894432067871e-01
8.850954174995422363e-01
9.696496725082397461e-01
4.373550415039062500e-01
-6.557006835937500000e-01
-1.686941385269165039e+00
-2.148552656173706055e+00
-1.679365158081054688e+00
-6.365276575088500977e-01
4.477707147598266602e-01
9.069363474845886230e-01
6.941992044448852539e-01
5.868113040924072266e-02
-3.560692071914672852e-01
-3.162602186203002930e-01
1.776515245437622070e-01
6.229456663131713867e-01
