2.448167204856872559e-01
2.040045708417892456e-01
3.579216003417968750e-01
5.440728068351745605e-01
4.812401235103607178e-01
5.454719066619873047e-03
-7.946209907531738281e-01
-1.559035301208496094e+00
-1.863544583320617676e+00
-1.461745738983154297e+00
-4.749284684658050537e-01
6.750538349151611328e-01
1.488808274269104004e+00
1.688785791397094727e+00
1.333991646766662598e+00
7.439668178558349609e-01
2.360835075378417969e-01
-6.605941057205200195e-02
-2.826016247272491455e-01
-6.088507175445556641e-01
-1.131169676780700684e+00
-1.717662215232849121e+00
-2.115057945251464844e+00
-2.109496831893920898e+00
-1.677705049514770508e+00
-9.698957800865173340e-01
-2.105682045221328735e-01
4.413256049156188965e-01
9.177383184432983398e-01
1.213486909866333008e+00
1.310085415840148926e+00
1.187633633613586426e+00
8.626784086227416992e-01
4.504137039184570312e-01
1.245483756065368652e-01
3.494657576084136963e-02
1.972009241580963135e-01
4.914522469043731689e-01
7.332593202590942383e-01
8.057310581207275391e-01
7.123877406120300293e-01
5.605730414390563965e-01
4.594047665596008301e-01
4.575882554054260254e-01
5.184255838394165039e-01
5.723613500595092773e-01
5.490753054618835449e-01
4.074286818504333496e-01
1.306685209274291992e-01
-2.447547912597656250e-01
-6.167000532150268555e-01
-8.159189224243164062e-01
-6.990767717361450195e-01
-2.564121186733245850e-01
3.113743662834167480e-01
6.801010966300964355e-01
5.954021811485290527e-01
8.335000276565551758e-02
-5.332644581794738770e-01
-8.229826688766479492e-01
-5.641177892684936523e-01
7.714815437793731689e-02
6.300701498985290527e-01
6.593585610389709473e-01
8.426621556282043457e-02
-7.307854890823364258e-01
-1.232951402664184570e+00
-1.061162352561950684e+00
-3.080935478210449219e-01
5.670760869979858398e-01
1.062324404716491699e+00
9.823713302612304688e-01
5.163968205451965332e-01
5.433817207813262939e-02
-1.365697085857391357e-01
-6.995341181755065918e-02
2.515245974063873291e-02
-4.717629402875900269e-02
-2.849467992782592773e-01
-4.946480393409729004e-01
-4.908499717712402344e-01
-2.565720379352569580e-01
2.451956272125244141e-02
1.322644352912902832e-01
-2.579933404922485352e-02
-3.369798362255096436e-01
-5.978809595108032227e-01
-6.613954305648803711e-01
-5.463626980781555176e-01
-3.833053112030029297e-01
-3.125252127647399902e-01
-3.714267909526824951e-01
-5.010545849800109863e-01
-5.785551667213439941e-01
-4.885544180870056152e-01
-1.298943608999252319e-01
5.404525399208068848e-01
1.469121932983398438e+00
2.421450138092041016e+00
3.012227058410644531e+00
2.836006641387939453e+00
1.732964515686035156e+00
-4.590477049350738525e-02
-1.858759880065917969e+00
-2.992001056671142578e+00
-3.029643058776855469e+00
-2.106232166290283203e+00
-7.896001338958740234e-01
2.601494789123535156e-01
6.997184157371520996e-01
6.288868188858032227e-01
4.471591711044311523e-01
4.911485612392425537e-01
8.077161908149719238e-01
1.131158471107482910e+00
1.136332511901855469e+00
6.772975921630859375e-01
-7.689765095710754395e-02
-7.699242234230041504e-01
-1.048428893089294434e+00
-7.692883014678955078e-01
-2.019563317298889160e-02
9.204074144363403320e-01
1.731027483940124512e+00
2.120657444000244141e+00
1.934462308883666992e+00
1.173256039619445801e+00
3.849714994430541992e-02
-1.146359443664550781e+00
-2.025669097900390625e+00
-2.384534835815429688e+00
-2.202823162078857422e+00
-1.657757520675659180e+00
-9.782561659812927246e-01
-3.627610206604003906e-01
9.454971551895141602e-02
3.337883949279785156e-01
3.265620768070220947e-01
6.569394469261169434e-02
-3.333544731140136719e-01
-6.465100646018981934e-01
-6.105161905288696289e-01
-1.490778326988220215e-01
5.320200920104980469e-01
9.819776415824890137e-01
8.220153450965881348e-01
1.747834682464599609e-02
-9.908357262611389160e-01
-1.557343721389770508e+00
-1.226121306419372559e+00
-9.623914957046508789e-02
1.237615108489990234e+00
2.030090332031250000e+00
1.901991724967956543e+00
1.045084595680236816e+00
9.584760665893554688e-02
-3.460551500320434570e-01
-8.418264985084533691e-02
5.421990156173706055e-01
9.583028554916381836e-01
7.193828821182250977e-01
-1.784071326255798340e-01
-1.360366344451904297e+00
-2.287413358688354492e+00
-2.593323230743408203e+00
-2.198248386383056641e+00
-1.320236682891845703e+00
-2.859705686569213867e-01
5.823729038238525391e-01
1.107946276664733887e+00
1.254873752593994141e+00
1.152169585227966309e+00
9.887554645538330078e-01
9.463579654693603516e-01
1.053269624710083008e+00
1.190093874931335449e+00
1.130063652992248535e+00
7.450927495956420898e-01
9.893077611923217773e-02
-5.189924240112304688e-01
-7.998486757278442383e-01
-5.849213600158691406e-01
-9.783595800399780273e-03
6.229997873306274414e-01
1.008749604225158691e+00
1.047623634338378906e+00
8.093438744544982910e-01
4.403271377086639404e-01
-1.559415087103843689e-02
-5.821331739425659180e-01
-1.269026756286621094e+00
-1.910407662391662598e+00
-2.226899623870849609e+00
-1.976935386657714844e+00
-1.204907894134521484e+00
-2.468232065439224243e-01
4.265250861644744873e-01
5.556562542915344238e-01
2.387491464614868164e-01
-1.198126748204231262e-01
-1.573702991008758545e-01
1.947523951530456543e-01
6.272865533828735352e-01
7.299559116363525391e-01
2.908972203731536865e-01
-4.887113869190216064e-01
-1.154972791671752930e+00
-1.284842371940612793e+00
-8.028619289398193359e-01
2.041971683502197266e-02
7.463208436965942383e-01
1.090219378471374512e+00
1.033187270164489746e+00
7.822781205177307129e-01
5.343659520149230957e-01
3.602679967880249023e-01
1.776341795921325684e-01
