1.059982299804687500e+00
1.153800010681152344e+00
1.557668924331665039e+00
1.639811515808105469e+00
9.320925474166870117e-01
-2.514885663986206055e-01
-1.524595618247985840e+00
-2.079374551773071289e+00
-1.786927461624145508e+00
-7.514969706535339355e-01
1.977162957191467285e-01
5.870636701583862305e-01
6.419265270233154297e-02
-8.904250860214233398e-01
-1.844141483306884766e+00
-2.206860065460205078e+00
-2.071207761764526367e+00
-1.549041748046875000e+00
-1.074280738830566406e+00
-6.044099330902099609e-01
-1.778270006179809570e-01
4.448915123939514160e-01
1.061265230178833008e+00
1.567940235137939453e+00
1.644860267639160156e+00
1.455059528350830078e+00
1.146235466003417969e+00
1.110683441162109375e+00
1.249312400817871094e+00
1.372576475143432617e+00
9.847043156623840332e-01
6.667222082614898682e-02
-1.152593255043029785e+00
-1.950969576835632324e+00
-1.913996100425720215e+00
-9.324686527252197266e-01
3.861766457557678223e-01
1.389259099960327148e+00
1.509269714355468750e+00
8.781890869140625000e-01
-5.651788786053657532e-02
-5.949758291244506836e-01
-4.570713043212890625e-01
3.212645649909973145e-01
1.248474359512329102e+00
1.899961233139038086e+00
1.933329105377197266e+00
1.402861237525939941e+00
5.015579462051391602e-01
-3.748676776885986328e-01
-9.366430044174194336e-01
-9.547111988067626953e-01
-4.887224137783050537e-01
2.321551591157913208e-01
7.915060520172119141e-01
8.973257541656494141e-01
4.817620515823364258e-01
-1.576792001724243164e-01
-5.917164683341979980e-01
-4.997927546501159668e-01
6.050944328308105469e-02
6.944739818572998047e-01
9.181245565414428711e-01
5.064052343368530273e-01
-3.435138761997222900e-01
-1.162128448486328125e+00
-1.511169075965881348e+00
-1.308145761489868164e+00
-8.117849826812744141e-01
-4.579878747463226318e-01
-4.758410453796386719e-01
-8.122423291206359863e-01
-1.124689102172851562e+00
-1.135585784912109375e+00
-7.298967838287353516e-01
-1.140801012516021729e-01
4.606205821037292480e-01
7.413343191146850586e-01
7.246392965316772461e-01
4.659639000892639160e-01
1.536814570426940918e-01
-1.466117501258850098e-01
-3.227788805961608887e-01
-3.856959640979766846e-01
-2.670844495296478271e-01
-4.040100798010826111e-02
2.723332047462463379e-01
5.029523372650146484e-01
6.115638017654418945e-01
5.016881823539733887e-01
2.633913755416870117e-01
-9.501942992210388184e-02
-4.259998798370361328e-01
-6.993102431297302246e-01
-7.476329803466796875e-01
-5.581276416778564453e-01
-8.359330892562866211e-02
4.417625963687896729e-01
8.057364225387573242e-01
7.030921578407287598e-01
1.830487251281738281e-01
-5.500108003616333008e-01
-9.997414946556091309e-01
-9.225897789001464844e-01
-2.757703661918640137e-01
5.012959241867065430e-01
1.004058718681335449e+00
9.058188199996948242e-01
3.997003734111785889e-01
-1.883319169282913208e-01
-4.321506619453430176e-01
-3.245034217834472656e-01
-2.964605391025543213e-02
8.249026536941528320e-02
-4.214496165513992310e-02
-3.003756701946258545e-01
-3.418189585208892822e-01
-8.558371663093566895e-02
3.764289319515228271e-01
6.371179819107055664e-01
4.795256257057189941e-01
-1.243057847023010254e-01
-7.897832393646240234e-01
-1.155541539192199707e+00
-9.462519884109497070e-01
-3.074578344821929932e-01
4.797204136848449707e-01
1.017356157302856445e+00
1.146611690521240234e+00
8.180962204933166504e-01
1.951380372047424316e-01
-5.708904266357421875e-01
-1.224447727203369141e+00
-1.563183307647705078e+00
-1.380445718765258789e+00
-7.074597477912902832e-01
2.158920317888259888e-01
9.264523386955261230e-01
1.061109066009521484e+00
5.371502041816711426e-01
-3.044864833354949951e-01
-9.498544335365295410e-01
-1.021210551261901855e+00
-5.628211498260498047e-01
3.009006381034851074e-02
3.168229162693023682e-01
1.624544560909271240e-01
-1.521955281496047974e-01
-1.955403089523315430e-01
2.534215450286865234e-01
9.318664073944091797e-01
1.295724987983703613e+00
8.778510689735412598e-01
-2.336979806423187256e-01
-1.455546498298645020e+00
-1.971098303794860840e+00
-1.391858935356140137e+00
6.942367553710937500e-02
1.580783486366271973e+00
2.355537414550781250e+00
1.981923818588256836e+00
7.947947382926940918e-01
-5.722318291664123535e-01
-1.439719200134277344e+00
-1.670698881149291992e+00
-1.438065648078918457e+00
-1.201732873916625977e+00
-1.094746589660644531e+00
-1.082234621047973633e+00
-8.017836809158325195e-01
-1.640437990427017212e-01
7.946346402168273926e-01
1.625087499618530273e+00
2.066792249679565430e+00
1.914709091186523438e+00
1.448299527168273926e+00
8.773160576820373535e-01
5.169316530227661133e-01
2.428594678640365601e-01
9.238392114639282227e-03
-3.961009979248046875e-01
-7.404464483261108398e-01
-8.550258874893188477e-01
-3.684581518173217773e-01
5.708430409431457520e-01
1.739723682403564453e+00
2.494748115539550781e+00
2.601419448852539062e+00
1.913538813591003418e+00
9.145080447196960449e-01
-7.786536216735839844e-02
-6.199442744255065918e-01
-8.581385612487792969e-01
-8.356651663780212402e-01
-8.702169656753540039e-01
-7.719980478286743164e-01
-5.080561041831970215e-01
2.182350456714630127e-01
1.117713093757629395e+00
1.948555588722229004e+00
2.081594467163085938e+00
1.479813337326049805e+00
2.019392102956771851e-01
-1.024218201637268066e+00
-1.823714375495910645e+00
-1.818293333053588867e+00
-1.434318780899047852e+00
-9.977291822433471680e-01
-1.088923811912536621e+00
-1.541127204895019531e+00
-2.158854484558105469e+00
-2.247734069824218750e+00
-1.691584825515747070e+00
-4.129728376865386963e-01
9.439007043838500977e-01
2.034308910369873047e+00
2.358631372451782227e+00
