-2.161121368408203125e+00
-2.199819564819335938e+00
-1.367151618003845215e+00
-6.948976516723632812e-01
-2.360277324914932251e-01
-5.219671130180358887e-02
-4.143947362899780273e-02
-2.345199435949325562e-01
-4.831620752811431885e-01
-6.736075878143310547e-01
-5.221297740936279297e-01
6.320863962173461914e-03
8.344148993492126465e-01
1.574001073837280273e+00
2.000194072723388672e+00
2.013201236724853516e+00
1.895251274108886719e+00
1.827547907829284668e+00
1.877362012863159180e+00
1.702970981597900391e+00
1.059018611907958984e+00
-9.655615687370300293e-02
-1.230807065963745117e+00
-1.739999413490295410e+00
-1.193964004516601562e+00
1.009111925959587097e-01
1.454705595970153809e+00
2.056800127029418945e+00
1.704365611076354980e+00
6.978270411491394043e-01
-2.565968930721282959e-01
-7.502886056900024414e-01
-7.150374650955200195e-01
-5.004867911338806152e-01
-3.261446952819824219e-01
-2.719069123268127441e-01
-1.682150661945343018e-01
-4.862366616725921631e-02
-7.492583990097045898e-02
-5.452289581298828125e-01
-1.392460703849792480e+00
-2.230955600738525391e+00
-2.436073303222656250e+00
-1.780200004577636719e+00
-5.494881868362426758e-01
4.808050990104675293e-01
7.481857538223266602e-01
2.144016027450561523e-01
-4.994589090347290039e-01
-7.479277849197387695e-01
-2.863366901874542236e-01
4.526834785938262939e-01
8.718818426132202148e-01
6.601110696792602539e-01
1.538652330636978149e-01
-8.227139711380004883e-02
2.643954157829284668e-01
8.342645168304443359e-01
9.551727771759033203e-01
1.955851912498474121e-01
-1.089693903923034668e+00
-2.012882232666015625e+00
-1.780194759368896484e+00
-4.243943989276885986e-01
1.207925081253051758e+00
2.037726402282714844e+00
1.619227886199951172e+00
4.241070747375488281e-01
-5.518776774406433105e-01
-6.503130197525024414e-01
-4.769927263259887695e-02
4.260038435459136963e-01
6.237018108367919922e-02
-1.080172538757324219e+00
-2.168822050094604492e+00
-2.253452777862548828e+00
-1.048548460006713867e+00
8.202334642410278320e-01
2.252100944519042969e+00
2.478962659835815430e+00
1.544145345687866211e+00
1.931583881378173828e-01
-7.552950978279113770e-01
-9.317684173583984375e-01
-5.719661116600036621e-01
-1.438953727483749390e-01
9.635612368583679199e-03
-1.017088443040847778e-01
-3.148806095123291016e-01
-4.635829627513885498e-01
-5.260919332504272461e-01
-4.438303112983703613e-01
-1.251409798860549927e-01
5.549957156181335449e-01
1.464868903160095215e+00
2.234235286712646484e+00
2.368279695510864258e+00
1.727264165878295898e+00
6.407483220100402832e-01
-1.762763112783432007e-01
-2.474919110536575317e-01
3.602772355079650879e-01
9.656214118003845215e-01
9.164749383926391602e-01
5.589669942855834961e-02
-9.998894929885864258e-01
-1.433206677436828613e+00
-7.926108837127685547e-01
4.956526756286621094e-01
1.537753820419311523e+00
1.543718576431274414e+00
5.513999462127685547e-01
-7.458270788192749023e-01
-1.443276524543762207e+00
-1.246151208877563477e+00
-5.165407657623291016e-01
-1.668173074722290039e-02
-1.257323920726776123e-01
-6.682729125022888184e-01
-1.002714633941650391e+00
-7.376009225845336914e-01
4.320353269577026367e-02
7.474248409271240234e-01
9.258043169975280762e-01
5.219882726669311523e-01
3.621011972427368164e-03
-2.173100411891937256e-01
-4.683324694633483887e-02
1.006761640310287476e-01
-1.633617281913757324e-01
-9.188283681869506836e-01
-1.684454441070556641e+00
-1.923081398010253906e+00
-1.381266355514526367e+00
-4.513757228851318359e-01
2.511922717094421387e-01
2.631669342517852783e-01
-2.381460517644882202e-01
-7.123938798904418945e-01
-5.930381417274475098e-01
1.334593296051025391e-01
1.044008135795593262e+00
1.519345521926879883e+00
1.346258521080017090e+00
7.553974986076354980e-01
3.123852610588073730e-01
3.543264269828796387e-01
8.520138859748840332e-01
1.371430873870849609e+00
1.540966987609863281e+00
1.224538326263427734e+00
6.735079884529113770e-01
1.944795548915863037e-01
-3.730815369635820389e-03
-1.235407590866088867e-02
-5.405504256486892700e-03
-1.398126333951950073e-01
-3.486477434635162354e-01
-4.785274565219879150e-01
-3.493081331253051758e-01
3.638472408056259155e-02
5.450226664543151855e-01
9.107726812362670898e-01
9.279798865318298340e-01
5.008380413055419922e-01
-2.321923077106475830e-01
-9.710112214088439941e-01
-1.327628612518310547e+00
-1.067694187164306641e+00
-2.403131723403930664e-01
7.630658149719238281e-01
1.426577210426330566e+00
1.386057496070861816e+00
6.802284121513366699e-01
-2.838224172592163086e-01
-9.898279309272766113e-01
-1.144699692726135254e+00
-8.371443748474121094e-01
-4.080081284046173096e-01
-1.797274053096771240e-01
-2.282697856426239014e-01
-4.237743616104125977e-01
-5.910839438438415527e-01
-7.085728645324707031e-01
-8.489400148391723633e-01
-1.060655355453491211e+00
-1.194074511528015137e+00
-1.034608125686645508e+00
-4.806354045867919922e-01
2.097786813974380493e-01
5.775497555732727051e-01
2.114651799201965332e-01
-8.474325537681579590e-01
-2.146716356277465820e+00
-3.034135103225708008e+00
-3.160401344299316406e+00
-2.577106237411499023e+00
-1.679317951202392578e+00
-7.433161139488220215e-01
1.648147106170654297e-01
1.192363739013671875e+00
2.248380661010742188e+00
2.956714153289794922e+00
2.723510265350341797e+00
1.360115647315979004e+00
-7.132526636123657227e-01
-2.439904928207397461e+00
-2.885282516479492188e+00
-1.731232881546020508e+00
3.408015966415405273e-01
2.236069917678833008e+00
3.015384435653686523e+00
2.610229969024658203e+00
1.587682723999023438e+00
7.975954413414001465e-01
5.895215272903442383e-01
8.232943415641784668e-01
