-8.422888517379760742e-01
-7.641814351081848145e-01
2.016528248786926270e-01
1.049625158309936523e+00
1.437264919281005859e+00
1.376986742019653320e+00
1.018519759178161621e+00
6.134921312332153320e-01
2.338281273841857910e-01
-7.244405895471572876e-02
-3.207010626792907715e-01
-3.916121721267700195e-01
-2.325596809387207031e-01
1.404055505990982056e-01
4.605135023593902588e-01
4.494919776916503906e-01
-8.361724019050598145e-02
-9.478447437286376953e-01
-1.726395726203918457e+00
-1.916827440261840820e+00
-1.357866048812866211e+00
-2.685242891311645508e-01
7.654135823249816895e-01
1.223431944847106934e+00
8.770073652267456055e-01
4.967391490936279297e-03
-8.658782243728637695e-01
-1.211367964744567871e+00
-8.987097144126892090e-01
-1.770726889371871948e-01
4.383399784564971924e-01
5.723019242286682129e-01
1.855937391519546509e-01
-3.501679599285125732e-01
-5.563757419586181641e-01
-1.422748267650604248e-01
7.181939482688903809e-01
1.518817067146301270e+00
1.707670807838439941e+00
1.113607406616210938e+00
6.034833192825317383e-02
-7.887702584266662598e-01
-9.011045098304748535e-01
-2.092690169811248779e-01
8.006248474121093750e-01
1.443285107612609863e+00
1.273045301437377930e+00
3.958055675029754639e-01
-6.366648077964782715e-01
-1.197044372558593750e+00
-1.004208207130432129e+00
-2.472741305828094482e-01
5.930580496788024902e-01
1.107669949531555176e+00
1.187251210212707520e+00
1.000145554542541504e+00
7.674089670181274414e-01
5.580788254737854004e-01
2.715964019298553467e-01
-2.182782590389251709e-01
-8.844597339630126953e-01
-1.524347066879272461e+00
-1.868435621261596680e+00
-1.762043714523315430e+00
-1.228393793106079102e+00
-4.357215762138366699e-01
4.191282391548156738e-01
1.145273685455322266e+00
1.559782505035400391e+00
1.472767472267150879e+00
7.856374382972717285e-01
-3.917602896690368652e-01
-1.656270742416381836e+00
-2.475599765777587891e+00
-2.450593709945678711e+00
-1.616562366485595703e+00
-4.350269436836242676e-01
4.458490312099456787e-01
6.208372712135314941e-01
1.267268657684326172e-01
-6.089088916778564453e-01
-1.132027268409729004e+00
-1.250647783279418945e+00
-1.116434216499328613e+00
-9.859430789947509766e-01
-9.747684001922607422e-01
-9.275141954421997070e-01
-6.096133589744567871e-01
6.475794315338134766e-02
8.799540996551513672e-01
1.483794569969177246e+00
1.622604966163635254e+00
1.357059478759765625e+00
9.677267670631408691e-01
7.481566667556762695e-01
7.701665163040161133e-01
9.010612964630126953e-01
9.612791538238525391e-01
9.191644787788391113e-01
8.752532005310058594e-01
9.275010228157043457e-01
9.964783191680908203e-01
8.728958964347839355e-01
4.112629592418670654e-01
-2.562908232212066650e-01
-7.428963780403137207e-01
-6.674851179122924805e-01
1.396459341049194336e-02
9.110451340675354004e-01
1.418302536010742188e+00
1.133512735366821289e+00
1.362920403480529785e-01
-1.069917082786560059e+00
-1.907880425453186035e+00
-2.090660333633422852e+00
-1.726298689842224121e+00
-1.139308929443359375e+00
-5.711681842803955078e-01
-6.589478254318237305e-02
4.281541407108306885e-01
8.366917371749877930e-01
9.212823510169982910e-01
4.392973780632019043e-01
-5.544546842575073242e-01
-1.634796977043151855e+00
-2.193061828613281250e+00
-1.879095435142517090e+00
-8.579644560813903809e-01
2.244780957698822021e-01
6.965419054031372070e-01
2.794075906276702881e-01
-6.954914331436157227e-01
-1.571892976760864258e+00
-1.774007558822631836e+00
-1.216748595237731934e+00
-2.548066973686218262e-01
5.393698811531066895e-01
8.041694164276123047e-01
4.929242134094238281e-01
-1.231161355972290039e-01
-7.290946245193481445e-01
-1.045794010162353516e+00
-9.501195549964904785e-01
-3.618679642677307129e-01
6.568962931632995605e-01
1.942459225654602051e+00
3.107421875000000000e+00
3.737931489944458008e+00
3.507959365844726562e+00
2.484494924545288086e+00
1.048351526260375977e+00
-1.964362859725952148e-01
-8.527424335479736328e-01
-8.224808573722839355e-01
-4.148241281509399414e-01
1.613146066665649414e-02
2.027166485786437988e-01
2.142682075500488281e-01
2.098407745361328125e-01
3.689220845699310303e-01
5.994908213615417480e-01
7.168234586715698242e-01
4.758459925651550293e-01
-9.348309040069580078e-02
-7.961677312850952148e-01
-1.250642895698547363e+00
-1.276230692863464355e+00
-8.798581957817077637e-01
-3.964117765426635742e-01
-1.253823637962341309e-01
-2.677198648452758789e-01
-6.404911279678344727e-01
-9.491804242134094238e-01
-8.557446002960205078e-01
-3.917299509048461914e-01
1.836313307285308838e-01
3.932536244392395020e-01
4.779517650604248047e-02
-7.325524687767028809e-01
-1.385785698890686035e+00
-1.428052663803100586e+00
-6.330001354217529297e-01
6.124477386474609375e-01
1.706552267074584961e+00
2.056047677993774414e+00
1.635980129241943359e+00
8.078198432922363281e-01
1.952108144760131836e-01
5.678355693817138672e-02
2.930115163326263428e-01
4.238041639328002930e-01
2.132032513618469238e-01
-2.559458315372467041e-01
-4.452940523624420166e-01
2.069666981697082520e-02
1.165909528732299805e+00
2.383668899536132812e+00
2.998709678649902344e+00
2.565777778625488281e+00
1.363400697708129883e+00
1.263356208801269531e-02
-7.826793193817138672e-01
-8.620030283927917480e-01
-4.497037529945373535e-01
-5.982817709445953369e-02
1.015184000134468079e-01
5.218616500496864319e-02
5.736223235726356506e-02
1.092716678977012634e-01
3.549333661794662476e-02
-5.059939026832580566e-01
-1.466642141342163086e+00
-2.468126058578491211e+00
-2.810080051422119141e+00
-2.145928859710693359e+00
-6.059072613716125488e-01
1.064996957778930664e+00
