-9.984938502311706543e-01
-1.016267776489257812e+00
4.489567279815673828e-01
1.927451014518737793e+00
2.836174488067626953e+00
2.681336641311645508e+00
1.739525318145751953e+00
5.405288934707641602e-01
-1.615592837333679199e-01
-2.087485939264297485e-01
2.306108921766281128e-01
5.368563532829284668e-01
4.372459948062896729e-01
-1.078909710049629211e-01
-6.231968402862548828e-01
-8.044703006744384766e-01
-4.614643156528472900e-01
8.370731770992279053e-02
5.441322326660156250e-01
6.085411310195922852e-01
3.928977549076080322e-01
3.128630295395851135e-02
-2.068083584308624268e-01
-3.429366946220397949e-01
-3.641060292720794678e-01
-3.999311029911041260e-01
-3.649375736713409424e-01
-2.765529155731201172e-01
-7.442190498113632202e-02
6.822007894515991211e-02
7.587707787752151489e-02
-1.660980433225631714e-01
-5.060550570487976074e-01
-8.410922288894653320e-01
-1.022400379180908203e+00
-1.165250182151794434e+00
-1.371088385581970215e+00
-1.775142550468444824e+00
-2.221154212951660156e+00
-2.494138479232788086e+00
-2.310024023056030273e+00
-1.691920280456542969e+00
-8.377314805984497070e-01
-1.422262191772460938e-01
1.928802281618118286e-01
1.571591049432754517e-01
2.782159671187400818e-02
4.150718823075294495e-02
3.267911374568939209e-01
7.259600162506103516e-01
1.012352705001831055e+00
9.651980400085449219e-01
5.779477357864379883e-01
-3.090518526732921600e-02
-6.437771916389465332e-01
-1.115081310272216797e+00
-1.361768364906311035e+00
-1.393470406532287598e+00
-1.230282783508300781e+00
-9.245570302009582520e-01
-5.270165801048278809e-01
-1.208836212754249573e-01
2.218798249959945679e-01
4.566137194633483887e-01
5.867481231689453125e-01
6.478309035301208496e-01
6.601998805999755859e-01
6.189352273941040039e-01
4.857518970966339111e-01
2.600955367088317871e-01
-1.784324087202548981e-02
-2.173410654067993164e-01
-2.080210000276565552e-01
1.303422749042510986e-01
7.914083600044250488e-01
1.672725796699523926e+00
2.529513120651245117e+00
3.105763196945190430e+00
3.157006263732910156e+00
2.627460479736328125e+00
1.609806776046752930e+00
4.129584133625030518e-01
-6.489049196243286133e-01
-1.292578220367431641e+00
-1.470075130462646484e+00
-1.253496289253234863e+00
-8.542927503585815430e-01
-3.948726356029510498e-01
2.837594971060752869e-02
4.401910006999969482e-01
7.790393233299255371e-01
9.870603084564208984e-01
9.162417054176330566e-01
5.523089170455932617e-01
-4.770901426672935486e-02
-6.486970782279968262e-01
-1.083898901939392090e+00
-1.239360332489013672e+00
-1.239325642585754395e+00
-1.218086957931518555e+00
-1.328333973884582520e+00
-1.489200353622436523e+00
-1.554198145866394043e+00
-1.290915131568908691e+00
-6.814038753509521484e-01
1.484626829624176025e-01
8.469476103782653809e-01
1.146263599395751953e+00
8.836734890937805176e-01
2.300911843776702881e-01
-5.172114372253417969e-01
-9.516164064407348633e-01
-8.877618312835693359e-01
-3.339630961418151855e-01
3.952884078025817871e-01
9.659256339073181152e-01
1.086393475532531738e+00
7.789007425308227539e-01
2.412821799516677856e-01
-1.726809889078140259e-01
-2.777309119701385498e-01
-4.937207326292991638e-02
2.916590273380279541e-01
5.653362274169921875e-01
6.811267137527465820e-01
7.886365652084350586e-01
1.049009323120117188e+00
1.546679735183715820e+00
2.081353425979614258e+00
2.343492984771728516e+00
2.044384956359863281e+00
1.205683350563049316e+00
1.174189150333404541e-01
-7.574888467788696289e-01
-1.111512660980224609e+00
-9.081689715385437012e-01
-4.072763025760650635e-01
6.645307689905166626e-02
2.852839529514312744e-01
2.493549585342407227e-01
8.228679001331329346e-02
-7.352107763290405273e-02
-1.636727452278137207e-01
-1.970032304525375366e-01
-1.852925270795822144e-01
-1.044955551624298096e-01
8.311831951141357422e-02
3.399570286273956299e-01
5.564319491386413574e-01
5.832487344741821289e-01
3.787963986396789551e-01
2.761371433734893799e-02
-2.526117861270904541e-01
-2.995585501194000244e-01
-6.718066334724426270e-02
2.790128290653228760e-01
5.338073968887329102e-01
5.129498243331909180e-01
2.412821799516677856e-01
-1.666523963212966919e-01
-4.929584860801696777e-01
-6.513302326202392578e-01
-6.066008806228637695e-01
-4.821139574050903320e-01
-3.416200876235961914e-01
-2.755134999752044678e-01
-2.283588349819183350e-01
-1.982851773500442505e-01
-1.204678565263748169e-01
-8.273719996213912964e-02
-1.282634437084197998e-01
-3.879432380199432373e-01
-7.911311388015747070e-01
-1.235167980194091797e+00
-1.410932540893554688e+00
-1.185206890106201172e+00
-5.211958289146423340e-01
2.093029469251632690e-01
6.091647744178771973e-01
2.779734432697296143e-01
-6.662284731864929199e-01
-1.809893608093261719e+00
-2.405892372131347656e+00
-2.075567245483398438e+00
-8.168046474456787109e-01
7.035087347030639648e-01
1.816996216773986816e+00
1.987840890884399414e+00
1.395306706428527832e+00
4.834651947021484375e-01
-9.448255598545074463e-02
-1.834562271833419800e-01
1.243483275175094604e-01
3.610224425792694092e-01
3.732182085514068604e-01
1.179386228322982788e-01
-6.991778314113616943e-02
-1.136770322918891907e-01
1.375488657504320145e-02
-2.425294741988182068e-02
-3.004247248172760010e-01
-8.323265314102172852e-01
-1.218260169029235840e+00
-1.275185346603393555e+00
-8.629891872406005859e-01
-3.238807916641235352e-01
1.428152173757553101e-01
3.094329833984375000e-01
4.289653599262237549e-01
6.464103460311889648e-01
1.156034111976623535e+00
1.638598442077636719e+00
1.822816967964172363e+00
1.338970661163330078e+00
3.844092190265655518e-01
-7.609535455703735352e-01
-1.549174427986145020e+00
