2.283919900655746460e-01
2.071700096130371094e-01
7.218354940414428711e-01
1.044920563697814941e+00
8.836153149604797363e-01
1.663652062416076660e-01
-7.234023809432983398e-01
-1.287760734558105469e+00
-1.170688271522521973e+00
-5.540853738784790039e-01
5.979913473129272461e-02
1.303450465202331543e-01
-3.867342472076416016e-01
-1.062470793724060059e+00
-1.205276489257812500e+00
-4.810678064823150635e-01
8.844527006149291992e-01
2.132188796997070312e+00
2.560126066207885742e+00
1.911680579185485840e+00
6.236642003059387207e-01
-5.654631853103637695e-01
-1.025843977928161621e+00
-6.992711424827575684e-01
-2.321541309356689453e-03
4.250281155109405518e-01
2.233412563800811768e-01
-5.429203510284423828e-01
-1.398356318473815918e+00
-1.844598412513732910e+00
-1.617670059204101562e+00
-8.908382654190063477e-01
-9.641994535923004150e-02
3.054040968418121338e-01
1.724290847778320312e-01
-2.586933374404907227e-01
-4.734591841697692871e-01
-7.035031169652938843e-02
9.523707628250122070e-01
2.077916383743286133e+00
2.569638729095458984e+00
1.936396837234497070e+00
3.405778706073760986e-01
-1.421651840209960938e+00
-2.367317914962768555e+00
-1.961180448532104492e+00
-4.931241273880004883e-01
1.095916271209716797e+00
1.826427936553955078e+00
1.335209488868713379e+00
6.593173742294311523e-02
-1.075794458389282227e+00
-1.409174084663391113e+00
-8.999114036560058594e-01
-1.271028071641921997e-01
2.610531449317932129e-01
2.028818428516387939e-02
-5.168172121047973633e-01
-8.219568729400634766e-01
-5.937425494194030762e-01
-3.942414373159408569e-02
3.954213559627532959e-01
3.814025521278381348e-01
5.128771066665649414e-02
-1.946679055690765381e-01
7.724881172180175781e-03
5.841182470321655273e-01
1.141080498695373535e+00
1.209976196289062500e+00
7.114142179489135742e-01
-7.325603067874908447e-02
-6.374761462211608887e-01
-7.230156064033508301e-01
-3.779529035091400146e-01
4.487419128417968750e-02
2.876596450805664062e-01
2.466535568237304688e-01
7.727503776550292969e-02
-9.980255365371704102e-02
-1.742987930774688721e-01
-1.661258488893508911e-01
-2.792451530694961548e-03
3.304430246353149414e-01
8.255167603492736816e-01
1.198406934738159180e+00
1.131794452667236328e+00
3.855280578136444092e-01
-7.872912883758544922e-01
-1.834822416305541992e+00
-2.103652954101562500e+00
-1.464481711387634277e+00
-3.120414912700653076e-01
5.509901642799377441e-01
6.562485694885253906e-01
7.737959921360015869e-02
-5.083378553390502930e-01
-5.534076094627380371e-01
2.339820191264152527e-02
5.968253612518310547e-01
5.212202072143554688e-01
-4.269748330116271973e-01
-1.617606639862060547e+00
-2.154482126235961914e+00
-1.403657793998718262e+00
3.265504240989685059e-01
2.147955417633056641e+00
3.066006183624267578e+00
2.835158348083496094e+00
1.871226191520690918e+00
9.859781265258789062e-01
5.446810126304626465e-01
4.098610877990722656e-01
3.393569588661193848e-02
-7.737230062484741211e-01
-1.748464107513427734e+00
-2.194093227386474609e+00
-1.749445319175720215e+00
-5.835478305816650391e-01
5.265105366706848145e-01
9.510161876678466797e-01
5.281881690025329590e-01
-1.732217669486999512e-01
-4.991619586944580078e-01
-7.885140180587768555e-02
7.480387687683105469e-01
1.400828003883361816e+00
1.379059314727783203e+00
7.843897938728332520e-01
2.080997824668884277e-02
-4.160810112953186035e-01
-4.667615890502929688e-01
-3.152888417243957520e-01
-3.023170828819274902e-01
-4.667319953441619873e-01
-7.069404125213623047e-01
-8.077885508537292480e-01
-8.200265765190124512e-01
-8.673548698425292969e-01
-1.099309086799621582e+00
-1.340142130851745605e+00
-1.311010599136352539e+00
-7.438973188400268555e-01
2.095596790313720703e-01
1.156116843223571777e+00
1.611463665962219238e+00
1.486897826194763184e+00
1.015508174896240234e+00
6.471948623657226562e-01
5.527719259262084961e-01
6.152713298797607422e-01
4.910780191421508789e-01
8.432883024215698242e-02
-4.005194902420043945e-01
-5.134133100509643555e-01
-5.228525400161743164e-02
7.984864115715026855e-01
1.475545406341552734e+00
1.540061712265014648e+00
9.267369508743286133e-01
5.043819546699523926e-02
-6.214272975921630859e-01
-8.617655634880065918e-01
-8.739129304885864258e-01
-9.663487672805786133e-01
-1.276285290718078613e+00
-1.567146182060241699e+00
-1.505873203277587891e+00
-9.599469900131225586e-01
-2.220230698585510254e-01
2.326893806457519531e-01
1.073829531669616699e-01
-4.144725203514099121e-01
-8.196682929992675781e-01
-6.380447745323181152e-01
1.653390526771545410e-01
1.197838544845581055e+00
1.940683364868164062e+00
2.143903255462646484e+00
1.930130124092102051e+00
1.583968639373779297e+00
1.231234431266784668e+00
7.298712134361267090e-01
-1.085099577903747559e-01
-1.204657673835754395e+00
-2.093377113342285156e+00
-2.216059684753417969e+00
-1.358946204185485840e+00
5.630972981452941895e-02
1.202615499496459961e+00
1.369536161422729492e+00
5.108436346054077148e-01
-7.409400939941406250e-01
-1.466648459434509277e+00
-1.153204083442687988e+00
8.446872234344482422e-03
1.227532863616943359e+00
1.728724002838134766e+00
1.205899000167846680e+00
2.716273069381713867e-02
-1.141426205635070801e+00
-1.736477613449096680e+00
-1.688038349151611328e+00
-1.277967929840087891e+00
-9.182261824607849121e-01
-7.543522715568542480e-01
-6.803982257843017578e-01
-4.019359350204467773e-01
2.008588016033172607e-01
1.030512690544128418e+00
1.717428207397460938e+00
1.944533824920654297e+00
1.549073338508605957e+00
7.315995693206787109e-01
-1.524983644485473633e-01
-6.807520985603332520e-01
-6.971294879913330078e-01
-2.812129259109497070e-01
