-1.459739327430725098e+00
-1.471531629562377930e+00
-2.007693648338317871e-01
9.997465610504150391e-01
1.746253609657287598e+00
1.884680747985839844e+00
1.525740385055541992e+00
8.177553415298461914e-01
-2.621953189373016357e-02
-7.746575474739074707e-01
-1.075781941413879395e+00
-6.989614963531494141e-01
3.143673837184906006e-01
1.449981570243835449e+00
2.029787540435791016e+00
1.580914855003356934e+00
2.957525849342346191e-01
-1.113753795623779297e+00
-1.805237770080566406e+00
-1.475564002990722656e+00
-4.710621535778045654e-01
4.402585625648498535e-01
7.607574462890625000e-01
5.287415385246276855e-01
2.729540765285491943e-01
3.934320211410522461e-01
8.517016172409057617e-01
1.132980346679687500e+00
8.244495987892150879e-01
-3.196299076080322266e-02
-8.434256911277770996e-01
-1.049389600753784180e+00
-5.658742785453796387e-01
1.506532728672027588e-02
-7.718652486801147461e-04
-8.486083745956420898e-01
-1.935291528701782227e+00
-2.341010332107543945e+00
-1.493702650070190430e+00
2.194263339042663574e-01
1.753247499465942383e+00
2.094532966613769531e+00
1.109931707382202148e+00
-4.385252892971038818e-01
-1.418789982795715332e+00
-1.272398710250854492e+00
-3.233484625816345215e-01
4.794095456600189209e-01
4.337602853775024414e-01
-4.341619908809661865e-01
-1.377480745315551758e+00
-1.653359174728393555e+00
-1.067301750183105469e+00
-1.553899347782135010e-01
3.788165748119354248e-01
2.159002423286437988e-01
-2.662357687950134277e-01
-4.118875563144683838e-01
1.661137342453002930e-01
1.160559058189392090e+00
1.843564510345458984e+00
1.601886034011840820e+00
5.052250027656555176e-01
-7.583178281784057617e-01
-1.334329485893249512e+00
-8.769633173942565918e-01
2.438808679580688477e-01
1.171138286590576172e+00
1.207418680191040039e+00
2.470965385437011719e-01
-1.140832662582397461e+00
-2.146420955657958984e+00
-2.209499359130859375e+00
-1.368167519569396973e+00
-1.578714251518249512e-01
7.245543003082275391e-01
8.673028945922851562e-01
3.382673263549804688e-01
-3.717657923698425293e-01
-6.794054508209228516e-01
-2.570635974407196045e-01
7.468924522399902344e-01
1.791020274162292480e+00
2.257515430450439453e+00
1.846111774444580078e+00
7.863790988922119141e-01
-2.853978872299194336e-01
-7.258135676383972168e-01
-3.298862874507904053e-01
5.142807960510253906e-01
1.055963754653930664e+00
7.043671607971191406e-01
-5.532651543617248535e-01
-2.078783750534057617e+00
-2.984696865081787109e+00
-2.668336629867553711e+00
-1.212619423866271973e+00
6.997843980789184570e-01
2.172996997833251953e+00
2.628653526306152344e+00
2.026811838150024414e+00
8.182662129402160645e-01
-4.259215593338012695e-01
-1.276463747024536133e+00
-1.628387689590454102e+00
-1.576665759086608887e+00
-1.318744182586669922e+00
-9.788593053817749023e-01
-6.461974382400512695e-01
-3.409374356269836426e-01
-1.125090271234512329e-01
2.774053066968917847e-02
5.205566436052322388e-02
9.721174836158752441e-03
-5.051721259951591492e-02
-1.356551051139831543e-02
1.840128600597381592e-01
5.868760347366333008e-01
1.085318207740783691e+00
1.499655723571777344e+00
1.564346551895141602e+00
1.155464410781860352e+00
3.170201182365417480e-01
-6.277125477790832520e-01
-1.301116466522216797e+00
-1.371892690658569336e+00
-8.155998587608337402e-01
1.655543446540832520e-01
1.149649977684020996e+00
1.766934514045715332e+00
1.724706649780273438e+00
9.906280040740966797e-01
-2.889865636825561523e-01
-1.683274149894714355e+00
-2.672687530517578125e+00
-2.737384557723999023e+00
-1.749787330627441406e+00
-4.415005445480346680e-02
1.554627060890197754e+00
2.256042718887329102e+00
1.690368890762329102e+00
2.924202680587768555e-01
-1.042118787765502930e+00
-1.432940125465393066e+00
-7.147215008735656738e-01
5.725470185279846191e-01
1.502597093582153320e+00
1.560788035392761230e+00
9.036401510238647461e-01
2.715428471565246582e-01
2.399634122848510742e-01
8.195530772209167480e-01
1.356474876403808594e+00
1.198972821235656738e+00
1.908421814441680908e-01
-1.061185359954833984e+00
-1.758178234100341797e+00
-1.465126395225524902e+00
-5.593797564506530762e-01
1.935827285051345825e-01
1.952479481697082520e-01
-4.009174704551696777e-01
-9.513096809387207031e-01
-8.286453485488891602e-01
-8.399218320846557617e-02
6.852596998214721680e-01
7.990394830703735352e-01
2.224234938621520996e-01
-4.493314027786254883e-01
-4.248069524765014648e-01
4.545414745807647705e-01
1.575341701507568359e+00
1.931344270706176758e+00
1.068969249725341797e+00
-5.360275506973266602e-01
-1.707322239875793457e+00
-1.572333216667175293e+00
-2.180263251066207886e-01
1.258602619171142578e+00
1.669573068618774414e+00
6.057387590408325195e-01
-1.160508155822753906e+00
-2.332602977752685547e+00
-2.012366056442260742e+00
-4.144628942012786865e-01
1.416286230087280273e+00
2.359476327896118164e+00
2.063034534454345703e+00
9.996351599693298340e-01
1.138597726821899414e-02
-4.254848957061767578e-01
-3.970980644226074219e-01
-3.272601962089538574e-01
-4.366621971130371094e-01
-5.906831622123718262e-01
-4.708626866340637207e-01
-1.317855715751647949e-02
5.048502683639526367e-01
6.802412867546081543e-01
4.217712581157684326e-01
4.142718017101287842e-02
-4.393868148326873779e-03
4.024168252944946289e-01
9.085484743118286133e-01
9.768074750900268555e-01
4.436216950416564941e-01
-2.579335570335388184e-01
-4.066361486911773682e-01
3.311398923397064209e-01
1.495473265647888184e+00
2.072649955749511719e+00
1.289746522903442383e+00
-6.858017444610595703e-01
-2.734365224838256836e+00
-3.529181480407714844e+00
-2.500386238098144531e+00
-2.486986964941024780e-01
