1.402587771415710449e+00
1.384661197662353516e+00
1.617442488670349121e+00
1.060726523399353027e+00
-2.300134301185607910e-01
-1.600342273712158203e+00
-2.464438915252685547e+00
-2.465860843658447266e+00
-1.890610218048095703e+00
-1.159211039543151855e+00
-7.048205137252807617e-01
-4.814405441284179688e-01
-3.429356813430786133e-01
-7.061481475830078125e-02
1.705588102340698242e-01
2.052948474884033203e-01
-1.251528263092041016e-01
-5.037233233451843262e-01
-5.327458977699279785e-01
1.471195667982101440e-01
1.271724462509155273e+00
2.252212524414062500e+00
2.334402561187744141e+00
1.360449671745300293e+00
-2.880371809005737305e-01
-1.703061461448669434e+00
-2.253471136093139648e+00
-1.762711644172668457e+00
-7.641752362251281738e-01
1.302180588245391846e-01
4.588200151920318604e-01
3.650285005569458008e-01
1.942678093910217285e-01
3.618648648262023926e-01
8.471167087554931641e-01
1.425100564956665039e+00
1.675417184829711914e+00
1.460861682891845703e+00
8.100173473358154297e-01
4.757466912269592285e-02
-5.752525925636291504e-01
-7.902480959892272949e-01
-5.520160198211669922e-01
1.543452739715576172e-01
1.100621581077575684e+00
2.000550031661987305e+00
2.395639657974243164e+00
2.012922525405883789e+00
7.852931022644042969e-01
-8.917242884635925293e-01
-2.450032472610473633e+00
-3.262587785720825195e+00
-3.078724145889282227e+00
-1.979780673980712891e+00
-4.381216168403625488e-01
1.046259284019470215e+00
2.001609563827514648e+00
2.227006435394287109e+00
1.679878354072570801e+00
5.942237973213195801e-01
-6.728877425193786621e-01
-1.609434485435485840e+00
-1.839735388755798340e+00
-1.227384209632873535e+00
-8.998361974954605103e-02
1.009590387344360352e+00
1.476263046264648438e+00
1.110654950141906738e+00
1.534471809864044189e-01
-8.048862814903259277e-01
-1.270557403564453125e+00
-1.083724379539489746e+00
-5.227777361869812012e-01
-4.721775650978088379e-03
1.752456277608871460e-01
5.228728055953979492e-02
-1.568621993064880371e-01
-2.537248134613037109e-01
-2.560307979583740234e-01
-3.106841742992401123e-01
-5.156938433647155762e-01
-7.427684068679809570e-01
-7.104868888854980469e-01
-2.092885971069335938e-01
6.692858934402465820e-01
1.535683870315551758e+00
1.954803109169006348e+00
1.761250972747802734e+00
1.199685811996459961e+00
7.330829501152038574e-01
6.934931278228759766e-01
9.908617734909057617e-01
1.186330080032348633e+00
8.109399080276489258e-01
-2.101267427206039429e-01
-1.463594913482666016e+00
-2.261180877685546875e+00
-2.147427082061767578e+00
-1.193903684616088867e+00
-1.168857514858245850e-02
7.070578932762145996e-01
6.132051348686218262e-01
-2.267131209373474121e-02
-5.809762477874755859e-01
-4.990581572055816650e-01
2.582722306251525879e-01
1.238388538360595703e+00
1.769014000892639160e+00
1.505974531173706055e+00
6.036326289176940918e-01
-3.404924273490905762e-01
-7.846331000328063965e-01
-5.316603183746337891e-01
1.078411638736724854e-01
6.642655134201049805e-01
7.859438061714172363e-01
5.320349931716918945e-01
1.716387420892715454e-01
-9.840279817581176758e-03
-3.182787820696830750e-02
-8.980092406272888184e-02
-4.165365695953369141e-01
-9.485412836074829102e-01
-1.417578458786010742e+00
-1.476921081542968750e+00
-1.084771871566772461e+00
-4.860872924327850342e-01
-1.237063184380531311e-01
-2.029251754283905029e-01
-5.977863073348999023e-01
-8.476477861404418945e-01
-5.935699343681335449e-01
2.205662727355957031e-01
1.202762126922607422e+00
1.863292217254638672e+00
1.855907201766967773e+00
1.260706424713134766e+00
3.886054456233978271e-01
-3.760045170783996582e-01
-8.761844635009765625e-01
-1.092137217521667480e+00
-1.100460171699523926e+00
-8.736323714256286621e-01
-4.102580249309539795e-01
2.194956690073013306e-01
7.285733222961425781e-01
8.317139148712158203e-01
4.161570668220520020e-01
-2.225791364908218384e-01
-5.846415758132934570e-01
-2.491879463195800781e-01
7.121713757514953613e-01
1.772860646247863770e+00
2.218989849090576172e+00
1.691727042198181152e+00
3.920555710792541504e-01
-1.007239699363708496e+00
-1.865951538085937500e+00
-1.937879800796508789e+00
-1.496631741523742676e+00
-1.006808996200561523e+00
-7.767289876937866211e-01
-7.403346300125122070e-01
-6.327880024909973145e-01
-2.694441080093383789e-01
2.424159348011016846e-01
6.167785525321960449e-01
6.428657770156860352e-01
3.979410529136657715e-01
1.793124675750732422e-01
2.460304945707321167e-01
5.854848027229309082e-01
9.134796857833862305e-01
9.229680895805358887e-01
5.405485630035400391e-01
7.054612040519714355e-03
-3.364831805229187012e-01
-3.021736741065979004e-01
-1.771461963653564453e-02
2.354815006256103516e-01
2.404343634843826294e-01
5.795261263847351074e-02
-9.169101715087890625e-02
-2.542972564697265625e-03
2.657073736190795898e-01
4.784848988056182861e-01
3.650657534599304199e-01
-8.928346633911132812e-02
-6.805078983306884766e-01
-1.065381169319152832e+00
-1.079672574996948242e+00
-7.575029134750366211e-01
-3.634223043918609619e-01
-1.138255447149276733e-01
-1.561061143875122070e-01
-4.392439126968383789e-01
-8.975829482078552246e-01
-1.378158092498779297e+00
-1.770411014556884766e+00
-1.873006820678710938e+00
-1.596377611160278320e+00
-9.346435070037841797e-01
-1.780627816915512085e-01
3.351309001445770264e-01
2.974652349948883057e-01
-1.855816245079040527e-01
-7.481760978698730469e-01
-8.377646803855895996e-01
-2.379061877727508545e-01
9.099594354629516602e-01
2.031799793243408203e+00
2.647178173065185547e+00
2.498688697814941406e+00
1.824234008789062500e+00
9.586179256439208984e-01
2.505415678024291992e-01
-2.902768850326538086e-01
