-2.215846031904220581e-01
-2.766200006008148193e-01
-9.507517218589782715e-01
-1.233312845230102539e+00
-9.687507152557373047e-01
-1.994150429964065552e-01
5.465186238288879395e-01
7.842596769332885742e-01
1.715348958969116211e-01
-9.631605148315429688e-01
-1.997343778610229492e+00
-2.178039073944091797e+00
-1.367894530296325684e+00
2.624386548995971680e-02
1.093444108963012695e+00
1.242664813995361328e+00
4.228654503822326660e-01
-6.557123064994812012e-01
-1.235449552536010742e+00
-8.816926479339599609e-01
4.253888130187988281e-02
8.757624626159667969e-01
1.028713583946228027e+00
6.084119081497192383e-01
1.368083357810974121e-01
2.481858730316162109e-01
9.858754873275756836e-01
1.898067235946655273e+00
2.255825519561767578e+00
1.782498955726623535e+00
7.450148463249206543e-01
-1.307308375835418701e-01
-3.589389622211456299e-01
7.127478718757629395e-02
6.255277991294860840e-01
8.219729661941528320e-01
5.247533321380615234e-01
1.338598430156707764e-01
9.196007251739501953e-02
5.623567104339599609e-01
1.173309564590454102e+00
1.411234021186828613e+00
9.748187065124511719e-01
1.149964928627014160e-01
-6.426874995231628418e-01
-8.451292514801025391e-01
-5.167570114135742188e-01
-2.221253514289855957e-02
2.225341498851776123e-01
1.501235961914062500e-01
1.412034034729003906e-04
8.227586746215820312e-02
4.151195287704467773e-01
7.285310029983520508e-01
6.955328583717346191e-01
2.906498610973358154e-01
-1.743451654911041260e-01
-2.944930791854858398e-01
3.088796138763427734e-02
4.915844202041625977e-01
6.015405654907226562e-01
1.502867341041564941e-01
-5.810052752494812012e-01
-1.013201951980590820e+00
-7.634652853012084961e-01
-1.987439393997192383e-02
5.523129701614379883e-01
3.008656203746795654e-01
-8.632090091705322266e-01
-2.349783420562744141e+00
-3.254053115844726562e+00
-3.003751277923583984e+00
-1.710390686988830566e+00
-7.653848826885223389e-02
1.156064748764038086e+00
1.643213272094726562e+00
1.589690923690795898e+00
1.409183859825134277e+00
1.377697587013244629e+00
1.407112002372741699e+00
1.263621568679809570e+00
8.114873170852661133e-01
2.168424427509307861e-01
-2.369540333747863770e-01
-3.663672804832458496e-01
-3.055355846881866455e-01
-3.366549611091613770e-01
-6.784173250198364258e-01
-1.224817991256713867e+00
-1.671656847000122070e+00
-1.713897347450256348e+00
-1.362153530120849609e+00
-8.876830339431762695e-01
-6.703518033027648926e-01
-8.498540520668029785e-01
-1.281509637832641602e+00
-1.603870630264282227e+00
-1.561779856681823730e+00
-1.115510225296020508e+00
-4.788279533386230469e-01
1.161554455757141113e-01
5.204961299896240234e-01
7.663366794586181641e-01
9.194304943084716797e-01
1.043411254882812500e+00
1.112667560577392578e+00
1.131103992462158203e+00
1.121471285820007324e+00
1.172452926635742188e+00
1.308185815811157227e+00
1.486422061920166016e+00
1.569221019744873047e+00
1.464612841606140137e+00
1.165993452072143555e+00
7.955849170684814453e-01
4.814407825469970703e-01
2.980273962020874023e-01
1.920114308595657349e-01
6.727500259876251221e-02
-1.587147712707519531e-01
-4.631615281105041504e-01
-7.547482848167419434e-01
-9.141674041748046875e-01
-8.789396882057189941e-01
-6.732934117317199707e-01
-4.109861254692077637e-01
-2.512228786945343018e-01
-3.290395438671112061e-01
-6.821783781051635742e-01
-1.199039936065673828e+00
-1.655852317810058594e+00
-1.825934052467346191e+00
-1.640650272369384766e+00
-1.239161610603332520e+00
-9.068022370338439941e-01
-8.320592641830444336e-01
-9.608090519905090332e-01
-9.613853096961975098e-01
-5.112476944923400879e-01
4.437858462333679199e-01
1.495641946792602539e+00
2.023416042327880859e+00
1.546346783638000488e+00
1.652902662754058838e-01
-1.500636577606201172e+00
-2.604070901870727539e+00
-2.674781322479248047e+00
-1.828933238983154297e+00
-7.243409156799316406e-01
8.879303932189941406e-03
9.730303287506103516e-02
-1.594972610473632812e-01
-3.012041747570037842e-01
1.933716237545013428e-03
5.987492799758911133e-01
1.130587100982666016e+00
1.242740392684936523e+00
9.908142685890197754e-01
6.528785824775695801e-01
6.106200814247131348e-01
9.131468534469604492e-01
1.400876164436340332e+00
1.726482629776000977e+00
1.782324075698852539e+00
1.601186990737915039e+00
1.418338656425476074e+00
1.276164054870605469e+00
1.150461792945861816e+00
8.576812744140625000e-01
4.436587691307067871e-01
2.732791006565093994e-02
-1.151761263608932495e-01
8.754253387451171875e-03
2.529813647270202637e-01
2.433816194534301758e-01
-1.107523441314697266e-01
-7.030262947082519531e-01
-1.086388468742370605e+00
-1.034722328186035156e+00
-5.439459085464477539e-01
-7.327133417129516602e-02
2.364727854728698730e-02
-4.214744567871093750e-01
-1.005655527114868164e+00
-1.270268917083740234e+00
-8.282026648521423340e-01
8.431648463010787964e-02
9.961408376693725586e-01
1.304044485092163086e+00
9.638386964797973633e-01
2.775573432445526123e-01
-8.616101741790771484e-02
1.530752778053283691e-01
9.284702539443969727e-01
1.607327342033386230e+00
1.715063929557800293e+00
1.013019084930419922e+00
-5.475425720214843750e-02
-9.380820989608764648e-01
-1.077059268951416016e+00
-5.454735755920410156e-01
2.942318320274353027e-01
7.768169641494750977e-01
6.587923169136047363e-01
-1.325915008783340454e-02
-6.815515756607055664e-01
-9.586877226829528809e-01
-6.200742125511169434e-01
-4.020974040031433105e-02
3.505344986915588379e-01
8.900874853134155273e-02
-6.930462718009948730e-01
-1.601942896842956543e+00
-1.924513339996337891e+00
-1.357084989547729492e+00
8.069226145744323730e-02
1.756886005401611328e+00
