-9.126405715942382812e-01
-9.583464264869689941e-01
-1.746342629194259644e-01
7.271654009819030762e-01
1.544076442718505859e+00
1.888595342636108398e+00
1.696907758712768555e+00
1.039689540863037109e+00
3.566318452358245850e-01
-6.665986776351928711e-02
-1.924084126949310303e-02
2.934987843036651611e-01
6.796866655349731445e-01
8.944174051284790039e-01
1.040747165679931641e+00
1.216240644454956055e+00
1.586235761642456055e+00
1.965767502784729004e+00
2.114328145980834961e+00
1.687384843826293945e+00
7.176541090011596680e-01
-5.567101836204528809e-01
-1.594174623489379883e+00
-2.060161113739013672e+00
-1.815164446830749512e+00
-1.171826362609863281e+00
-5.023483633995056152e-01
-2.166969329118728638e-01
-3.811900913715362549e-01
-9.155346155166625977e-01
-1.504817008972167969e+00
-1.945761919021606445e+00
-2.051031351089477539e+00
-1.857138514518737793e+00
-1.414488554000854492e+00
-9.200612306594848633e-01
-5.083839893341064453e-01
-3.614573478698730469e-01
-4.992204904556274414e-01
-8.808206319808959961e-01
-1.272049188613891602e+00
-1.459096431732177734e+00
-1.243895888328552246e+00
-6.707871556282043457e-01
7.670587301254272461e-02
6.646431684494018555e-01
8.719977736473083496e-01
6.303508281707763672e-01
1.347922384738922119e-01
-3.395781517028808594e-01
-5.315694808959960938e-01
-3.908995389938354492e-01
-3.151960670948028564e-02
3.179811239242553711e-01
5.033352971076965332e-01
4.901710450649261475e-01
3.639847636222839355e-01
2.059563398361206055e-01
2.557253837585449219e-02
-2.354481816291809082e-01
-5.985637903213500977e-01
-9.496219158172607422e-01
-1.062268853187561035e+00
-7.268843054771423340e-01
3.783495724201202393e-02
9.414999485015869141e-01
1.512134075164794922e+00
1.418015241622924805e+00
6.666690111160278320e-01
-3.029234111309051514e-01
-9.091176390647888184e-01
-7.102720737457275391e-01
2.619735896587371826e-01
1.598407268524169922e+00
2.682502985000610352e+00
3.115456819534301758e+00
2.811931133270263672e+00
2.063123703002929688e+00
1.215083479881286621e+00
5.662966966629028320e-01
1.560797691345214844e-01
-6.577003747224807739e-02
-2.596629858016967773e-01
-4.887776374816894531e-01
-8.366076946258544922e-01
-1.272247552871704102e+00
-1.784579873085021973e+00
-2.222431659698486328e+00
-2.467262744903564453e+00
-2.358109712600708008e+00
-1.941198945045471191e+00
-1.329342126846313477e+00
-7.829554080963134766e-01
-3.945523798465728760e-01
-1.785361915826797485e-01
5.467534065246582031e-02
3.581186532974243164e-01
7.053958773612976074e-01
8.276216387748718262e-01
5.805013775825500488e-01
-5.122922360897064209e-02
-7.219861745834350586e-01
-1.092617750167846680e+00
-8.945255279541015625e-01
-2.861403226852416992e-01
4.316035807132720947e-01
8.670231699943542480e-01
9.647927284240722656e-01
8.246287107467651367e-01
7.222158908843994141e-01
6.855784058570861816e-01
6.435311436653137207e-01
3.712881803512573242e-01
-8.750510215759277344e-02
-5.524249076843261719e-01
-6.622760295867919922e-01
-3.426420688629150391e-01
2.496670484542846680e-01
6.492940187454223633e-01
5.995694398880004883e-01
1.071383953094482422e-01
-3.785825371742248535e-01
-4.559459984302520752e-01
7.193464040756225586e-02
8.801381587982177734e-01
1.502947807312011719e+00
1.515749454498291016e+00
9.766750931739807129e-01
2.065805643796920776e-01
-3.192390501499176025e-01
-4.436868429183959961e-01
-2.451339960098266602e-01
-4.613812267780303955e-02
-1.918047666549682617e-03
-1.303423345088958740e-01
-2.247318625450134277e-01
-1.808335781097412109e-01
4.009568691253662109e-02
2.998158931732177734e-01
5.455777645111083984e-01
7.416602373123168945e-01
9.484905004501342773e-01
1.093567490577697754e+00
1.056089758872985840e+00
6.684243083000183105e-01
-4.161834716796875000e-03
-7.032985687255859375e-01
-1.018331527709960938e+00
-7.555772066116333008e-01
-4.248043894767761230e-02
6.512415409088134766e-01
8.864421248435974121e-01
5.129010677337646484e-01
-1.661952733993530273e-01
-6.632933020591735840e-01
-6.313138008117675781e-01
-1.661196947097778320e-01
2.939494848251342773e-01
2.651650309562683105e-01
-3.945139348506927490e-01
-1.383917570114135742e+00
-2.140609025955200195e+00
-2.211532354354858398e+00
-1.533285856246948242e+00
-4.274933338165283203e-01
6.170711517333984375e-01
1.262587785720825195e+00
1.439163684844970703e+00
1.318753242492675781e+00
1.087381601333618164e+00
8.413328528404235840e-01
5.181753039360046387e-01
6.901234388351440430e-02
-4.944270253181457520e-01
-9.899182319641113281e-01
-1.237295269966125488e+00
-1.098145484924316406e+00
-6.607760787010192871e-01
-1.105125546455383301e-01
2.795316278934478760e-01
4.065652489662170410e-01
2.841095924377441406e-01
1.318586468696594238e-01
1.005237028002738953e-01
2.816807031631469727e-01
5.023325085639953613e-01
5.637577176094055176e-01
2.499267011880874634e-01
-3.512734174728393555e-01
-9.968984723091125488e-01
-1.252079010009765625e+00
-9.089599847793579102e-01
2.934879064559936523e-02
1.146624922752380371e+00
2.006681680679321289e+00
2.206909179687500000e+00
1.772665739059448242e+00
9.195891618728637695e-01
1.102579832077026367e-01
-3.967738747596740723e-01
-4.339649081230163574e-01
-1.538082957267761230e-01
3.249099850654602051e-01
7.552337646484375000e-01
1.062674760818481445e+00
1.082282662391662598e+00
8.275574445724487305e-01
2.578051686286926270e-01
-4.221087694168090820e-01
-1.070598125457763672e+00
-1.420779109001159668e+00
-1.477694988250732422e+00
-1.257372856140136719e+00
-1.006100893020629883e+00
-7.757896780967712402e-01
-6.417145729064941406e-01
-4.358187913894653320e-01
