1.120953083038330078e+00
1.104714512825012207e+00
7.310292124748229980e-01
-6.104283034801483154e-03
-8.080964088439941406e-01
-1.188527107238769531e+00
-1.094403028488159180e+00
-6.180609464645385742e-01
-1.704286485910415649e-01
1.081985384225845337e-01
1.373185813426971436e-01
1.429877728223800659e-01
1.438182443380355835e-01
1.624381244182586670e-01
-1.303219795227050781e-02
-3.337541818618774414e-01
-6.877865791320800781e-01
-6.872702240943908691e-01
-2.088025808334350586e-01
6.926900148391723633e-01
1.518969655036926270e+00
1.863268852233886719e+00
1.445925831794738770e+00
5.322951078414916992e-01
-4.625865817070007324e-01
-1.027689337730407715e+00
-1.080340385437011719e+00
-7.665053009986877441e-01
-5.168282985687255859e-01
-5.390697717666625977e-01
-8.765735626220703125e-01
-1.224864482879638672e+00
-1.336591601371765137e+00
-1.021520256996154785e+00
-4.289715290069580078e-01
2.167781591415405273e-01
6.098800301551818848e-01
7.035200595855712891e-01
5.923480391502380371e-01
5.871394872665405273e-01
8.737232089042663574e-01
1.488497495651245117e+00
2.122040033340454102e+00
2.383183479309082031e+00
1.917776346206665039e+00
7.659608721733093262e-01
-6.969340443611145020e-01
-1.829324245452880859e+00
-2.155785083770751953e+00
-1.551535367965698242e+00
-3.789793848991394043e-01
8.004008531570434570e-01
1.484224319458007812e+00
1.528663277626037598e+00
1.096927642822265625e+00
5.261756181716918945e-01
5.807065963745117188e-02
-2.195607721805572510e-01
-3.588311970233917236e-01
-4.215579628944396973e-01
-4.427430629730224609e-01
-4.458332061767578125e-01
-4.889372587203979492e-01
-6.297435164451599121e-01
-8.413147926330566406e-01
-9.721623063087463379e-01
-8.159532546997070312e-01
-3.099565207958221436e-01
3.569765686988830566e-01
7.770953774452209473e-01
6.201138496398925781e-01
-1.311320960521697998e-01
-1.076221942901611328e+00
-1.681187391281127930e+00
-1.598666667938232422e+00
-9.578093886375427246e-01
-1.940262019634246826e-01
2.407286763191223145e-01
2.803850471973419189e-01
1.906595975160598755e-01
3.606890141963958740e-01
8.520650267601013184e-01
1.373525619506835938e+00
1.435557842254638672e+00
8.530145883560180664e-01
-1.235644221305847168e-01
-8.695861697196960449e-01
-9.327565431594848633e-01
-2.995965480804443359e-01
4.933263659477233887e-01
8.468595743179321289e-01
4.495734274387359619e-01
-4.094492197036743164e-01
-1.175686955451965332e+00
-1.347228527069091797e+00
-9.111670851707458496e-01
-1.931534260511398315e-01
3.383499383926391602e-01
5.239356160163879395e-01
4.732527732849121094e-01
5.008274316787719727e-01
7.303084135055541992e-01
1.093745708465576172e+00
1.308814525604248047e+00
1.224196910858154297e+00
8.266792297363281250e-01
3.307522535324096680e-01
-9.599944949150085449e-02
-3.219936192035675049e-01
-3.777833878993988037e-01
-2.662700712680816650e-01
-4.298163577914237976e-02
2.587013542652130127e-01
4.555652141571044922e-01
3.507446646690368652e-01
-2.345135807991027832e-01
-1.195309162139892578e+00
-2.219540834426879883e+00
-2.840049028396606445e+00
-2.797411918640136719e+00
-2.114726543426513672e+00
-1.155788898468017578e+00
-3.106328248977661133e-01
1.539951860904693604e-01
2.769572436809539795e-01
2.256368398666381836e-01
2.008543759584426880e-01
2.463430464267730713e-01
3.283045887947082520e-01
3.654401898384094238e-01
3.624370098114013672e-01
3.546622097492218018e-01
4.112767577171325684e-01
5.525009632110595703e-01
7.916810512542724609e-01
1.108487844467163086e+00
1.462317347526550293e+00
1.740087747573852539e+00
1.784370779991149902e+00
1.466546654701232910e+00
8.068945407867431641e-01
1.271063089370727539e-02
-6.302741169929504395e-01
-9.359056353569030762e-01
-9.526630043983459473e-01
-8.836085796356201172e-01
-9.026312828063964844e-01
-9.474478960037231445e-01
-7.963480949401855469e-01
-2.704586386680603027e-01
4.664859175682067871e-01
9.669913053512573242e-01
7.516782283782958984e-01
-2.085438966751098633e-01
-1.416463136672973633e+00
-2.048493623733520508e+00
-1.606220602989196777e+00
-2.337712049484252930e-01
1.248774886131286621e+00
2.005139827728271484e+00
1.672657608985900879e+00
6.945667266845703125e-01
-1.668396890163421631e-01
-3.236095011234283447e-01
9.426426887512207031e-02
5.442088842391967773e-01
4.627615213394165039e-01
-9.381604194641113281e-02
-6.425262093544006348e-01
-5.828459262847900391e-01
7.153441011905670166e-02
7.873028516769409180e-01
7.615125775337219238e-01
-2.161401510238647461e-01
-1.684457778930664062e+00
-2.629861116409301758e+00
-2.439391613006591797e+00
-1.207723021507263184e+00
1.185740232467651367e-01
6.609494686126708984e-01
8.238168060779571533e-02
-9.456195831298828125e-01
-1.477831125259399414e+00
-8.046296834945678711e-01
7.858009338378906250e-01
2.464703083038330078e+00
3.238073825836181641e+00
2.877077341079711914e+00
1.751154661178588867e+00
7.220705747604370117e-01
2.398714423179626465e-01
3.582420349121093750e-01
5.876736044883728027e-01
6.647674441337585449e-01
5.231733322143554688e-01
5.554906129837036133e-01
9.178417921066284180e-01
1.579242587089538574e+00
2.005724668502807617e+00
1.855355381965637207e+00
9.842686057090759277e-01
-1.121273636817932129e-01
-9.444932937622070312e-01
-1.083647489547729492e+00
-7.758028507232666016e-01
-4.489946365356445312e-01
-6.989466547966003418e-01
-1.536202430725097656e+00
-2.675065517425537109e+00
-3.384149074554443359e+00
-3.272884368896484375e+00
-2.196890354156494141e+00
-6.673507690429687500e-01
7.909806966781616211e-01
1.583404779434204102e+00
1.678332448005676270e+00
1.220002174377441406e+00
