6.572110652923583984e-01
6.454250216484069824e-01
-5.196604505181312561e-02
-7.887526154518127441e-01
-1.336315989494323730e+00
-1.410084009170532227e+00
-1.153328180313110352e+00
-7.567480802536010742e-01
-6.049889326095581055e-01
-7.162435650825500488e-01
-9.986475706100463867e-01
-1.058450341224670410e+00
-7.728554010391235352e-01
-1.432959139347076416e-01
4.381951689720153809e-01
7.309362292289733887e-01
5.735715627670288086e-01
2.232763469219207764e-01
-1.023715585470199585e-01
-1.790581643581390381e-01
-1.468152850866317749e-01
-1.111544072628021240e-01
-1.885736882686614990e-01
-1.412785798311233521e-01
2.254533171653747559e-01
1.044595837593078613e+00
1.980317950248718262e+00
2.589565992355346680e+00
2.435320615768432617e+00
1.611756086349487305e+00
5.289305448532104492e-01
-2.008828371763229370e-01
-3.628185093402862549e-01
-1.046159863471984863e-01
7.696974277496337891e-02
-8.828392624855041504e-02
-5.718815326690673828e-01
-9.625785350799560547e-01
-9.742005467414855957e-01
-5.735217332839965820e-01
-1.140370965003967285e-01
1.034021377563476562e-01
-2.288430929183959961e-03
-1.332291960716247559e-01
1.773715019226074219e-03
4.765055775642395020e-01
9.687901735305786133e-01
1.120442628860473633e+00
8.089973926544189453e-01
3.650937378406524658e-01
2.500476241111755371e-01
6.915281414985656738e-01
1.380253314971923828e+00
1.717479705810546875e+00
1.264717698097229004e+00
1.833176314830780029e-01
-8.511304855346679688e-01
-1.109527230262756348e+00
-3.834015727043151855e-01
8.567557930946350098e-01
1.799626588821411133e+00
1.881868124008178711e+00
1.160829544067382812e+00
1.798040568828582764e-01
-4.969491660594940186e-01
-7.324850559234619141e-01
-8.092429637908935547e-01
-1.108667373657226562e+00
-1.676187634468078613e+00
-2.184318542480468750e+00
-2.186215400695800781e+00
-1.574958682060241699e+00
-6.686617136001586914e-01
-2.261084318161010742e-02
7.658529281616210938e-02
-2.186847031116485596e-01
-3.972091078758239746e-01
-1.083976626396179199e-01
5.938624143600463867e-01
1.189178943634033203e+00
1.175789237022399902e+00
3.851269781589508057e-01
-7.905032038688659668e-01
-1.760383486747741699e+00
-2.038583278656005859e+00
-1.615221738815307617e+00
-7.841765284538269043e-01
8.329421281814575195e-03
5.285996198654174805e-01
6.811380386352539062e-01
5.344694256782531738e-01
9.526297450065612793e-02
-5.302677154541015625e-01
-1.178083539009094238e+00
-1.474812150001525879e+00
-1.136919498443603516e+00
-7.717233896255493164e-02
1.323789596557617188e+00
2.495009183883666992e+00
2.872493505477905273e+00
2.362936258316040039e+00
1.267533898353576660e+00
1.939205378293991089e-01
-4.482275247573852539e-01
-5.339214205741882324e-01
-3.351306617259979248e-01
-1.295983642339706421e-01
-9.996594488620758057e-02
-1.143553107976913452e-01
3.069780766963958740e-03
4.112410247325897217e-01
9.826186299324035645e-01
1.478823065757751465e+00
1.572313189506530762e+00
1.163472414016723633e+00
3.320755362510681152e-01
-5.705686211585998535e-01
-1.209993243217468262e+00
-1.331161141395568848e+00
-1.011621832847595215e+00
-5.122393369674682617e-01
-2.230355441570281982e-01
-2.930093407630920410e-01
-5.971032381057739258e-01
-7.045154571533203125e-01
-2.881313860416412354e-01
6.552050113677978516e-01
1.609193086624145508e+00
1.896512269973754883e+00
1.070259332656860352e+00
-6.308274269104003906e-01
-2.410331010818481445e+00
-3.314140796661376953e+00
-2.900433301925659180e+00
-1.481678247451782227e+00
3.704041242599487305e-02
8.006892800331115723e-01
4.859996736049652100e-01
-5.360723733901977539e-01
-1.587859034538269043e+00
-2.151378870010375977e+00
-2.161912918090820312e+00
-1.862743854522705078e+00
-1.481297969818115234e+00
-1.000544428825378418e+00
-2.563872039318084717e-01
7.710247039794921875e-01
1.785568714141845703e+00
2.292843341827392578e+00
1.987907409667968750e+00
1.014180898666381836e+00
-6.336879730224609375e-02
-6.708433032035827637e-01
-5.703800320625305176e-01
-3.337174654006958008e-03
6.325389742851257324e-01
1.084059000015258789e+00
1.457243919372558594e+00
1.928016781806945801e+00
2.490819692611694336e+00
2.734645366668701172e+00
2.203598737716674805e+00
7.442279458045959473e-01
-1.119146823883056641e+00
-2.516601085662841797e+00
-2.671469449996948242e+00
-1.551254153251647949e+00
2.160050868988037109e-01
1.637348055839538574e+00
2.129018306732177734e+00
1.678176403045654297e+00
8.525466322898864746e-01
1.393810361623764038e-01
-2.405308336019515991e-01
-5.260097980499267578e-01
-8.992657065391540527e-01
-1.387336969375610352e+00
-1.638554215431213379e+00
-1.429277658462524414e+00
-7.328637838363647461e-01
1.650458574295043945e-02
4.521227777004241943e-01
3.776925206184387207e-01
1.232576966285705566e-01
4.711854457855224609e-02
4.107550978660583496e-01
9.196012616157531738e-01
1.170186519622802734e+00
7.695689201354980469e-01
-8.217400312423706055e-02
-9.488497972488403320e-01
-1.230792045593261719e+00
-8.548923134803771973e-01
-6.275784969329833984e-02
5.350600481033325195e-01
6.701487302780151367e-01
3.144256472587585449e-01
-9.488832205533981323e-02
-2.955987751483917236e-01
-1.164875626564025879e-01
1.670223474502563477e-01
3.812767565250396729e-01
3.219493627548217773e-01
1.624623090028762817e-01
-2.901744842529296875e-02
-9.819982945919036865e-02
-2.191483676433563232e-01
-4.236140847206115723e-01
-8.142405152320861816e-01
-1.138905525207519531e+00
-1.259732961654663086e+00
-9.459608793258666992e-01
-3.576930761337280273e-01
3.795772492885589600e-01
9.337750673294067383e-01
1.288525462150573730e+00
1.379783272743225098e+00
