-1.938554197549819946e-01
-1.944136172533035278e-01
-2.156394422054290771e-01
-6.195457577705383301e-01
-9.974517226219177246e-01
-8.526064157485961914e-01
9.303422272205352783e-02
1.453608989715576172e+00
2.520673990249633789e+00
2.633175373077392578e+00
1.799146652221679688e+00
5.581929683685302734e-01
-3.068645596504211426e-01
-4.700264632701873779e-01
-1.306487321853637695e-01
1.042710393667221069e-01
-1.375358402729034424e-01
-8.194923400878906250e-01
-1.461390733718872070e+00
-1.672533035278320312e+00
-1.353607535362243652e+00
-8.269448280334472656e-01
-4.285254180431365967e-01
-3.327207565307617188e-01
-3.853861987590789795e-01
-4.109374284744262695e-01
-3.163837492465972900e-01
-2.220784574747085571e-01
-1.853236854076385498e-01
-1.386392265558242798e-01
1.614251136779785156e-01
7.990710139274597168e-01
1.589280724525451660e+00
2.050339221954345703e+00
1.818807840347290039e+00
9.032489657402038574e-01
-1.937186121940612793e-01
-8.687225580215454102e-01
-7.898890972137451172e-01
-1.778576374053955078e-01
4.459552168846130371e-01
6.244475841522216797e-01
3.395850062370300293e-01
-8.026432991027832031e-02
-2.418692111968994141e-01
-5.734127759933471680e-02
2.568536996841430664e-01
3.754699230194091797e-01
1.891672611236572266e-01
-1.659976541996002197e-01
-4.582137167453765869e-01
-6.283940672874450684e-01
-8.120985627174377441e-01
-1.176561236381530762e+00
-1.665527224540710449e+00
-1.984868764877319336e+00
-1.819188356399536133e+00
-1.144997596740722656e+00
-3.131084144115447998e-01
1.803628355264663696e-01
7.176668196916580200e-02
-4.608343243598937988e-01
-9.455425739288330078e-01
-9.922777414321899414e-01
-6.017083525657653809e-01
-1.202683746814727783e-01
6.137871742248535156e-02
-1.409819126129150391e-01
-4.686467051506042480e-01
-5.388060808181762695e-01
-1.903728097677230835e-01
4.246507883071899414e-01
9.731636643409729004e-01
1.253503084182739258e+00
1.289491534233093262e+00
1.257952094078063965e+00
1.229087710380554199e+00
1.121113538742065430e+00
7.885827422142028809e-01
2.952010333538055420e-01
-6.839045882225036621e-02
6.645070016384124756e-02
7.723305821418762207e-01
1.732159495353698730e+00
2.366643190383911133e+00
2.295241594314575195e+00
1.571078062057495117e+00
6.774152517318725586e-01
8.778771758079528809e-02
-4.269072413444519043e-02
1.947861164808273315e-03
-1.373141855001449585e-01
-5.759159326553344727e-01
-1.002324342727661133e+00
-1.010788917541503906e+00
-4.527911543846130371e-01
2.974135875701904297e-01
6.397936344146728516e-01
1.725192368030548096e-01
-8.870391845703125000e-01
-1.861146688461303711e+00
-2.032003879547119141e+00
-1.221476793289184570e+00
1.296871900558471680e-01
1.221820116043090820e+00
1.500642895698547363e+00
9.351506829261779785e-01
3.036051988601684570e-03
-7.624254226684570312e-01
-1.075064897537231445e+00
-1.043360471725463867e+00
-8.993511199951171875e-01
-8.021392822265625000e-01
-6.952004432678222656e-01
-5.077780485153198242e-01
-2.789757549762725830e-01
-2.405835986137390137e-01
-5.688196420669555664e-01
-1.208050131797790527e+00
-1.759066700935363770e+00
-1.747665643692016602e+00
-9.222512245178222656e-01
4.769452810287475586e-01
1.851384758949279785e+00
2.556980848312377930e+00
2.332678556442260742e+00
1.412513613700866699e+00
4.005100131034851074e-01
-1.399658918380737305e-01
2.350363135337829590e-02
6.750159859657287598e-01
1.363306641578674316e+00
1.684662580490112305e+00
1.539048433303833008e+00
1.123723983764648438e+00
7.660177946090698242e-01
6.609139442443847656e-01
7.473410367965698242e-01
7.576275467872619629e-01
4.352235198020935059e-01
-2.661964893341064453e-01
-1.125355839729309082e+00
-1.795192837715148926e+00
-2.030883550643920898e+00
-1.833602905273437500e+00
-1.413141608238220215e+00
-9.863937497138977051e-01
-6.145582795143127441e-01
-1.784571409225463867e-01
4.265183508396148682e-01
1.119485497474670410e+00
1.577762126922607422e+00
1.465327024459838867e+00
6.907132267951965332e-01
-4.212099909782409668e-01
-1.321968674659729004e+00
-1.551625132560729980e+00
-1.073571920394897461e+00
-2.230249792337417603e-01
5.250021815299987793e-01
9.487020969390869141e-01
1.128351807594299316e+00
1.322236299514770508e+00
1.601222753524780273e+00
1.795270562171936035e+00
1.590544223785400391e+00
9.197514057159423828e-01
3.662595152854919434e-02
-5.703241229057312012e-01
-6.455376148223876953e-01
-3.233759701251983643e-01
-1.115255355834960938e-01
-3.810197114944458008e-01
-1.110948562622070312e+00
-1.797963619232177734e+00
-1.963003277778625488e+00
-1.486005187034606934e+00
-8.205326795578002930e-01
-5.209531784057617188e-01
-8.439800739288330078e-01
-1.401230573654174805e+00
-1.574590921401977539e+00
-9.661080837249755859e-01
9.775632619857788086e-02
8.789293169975280762e-01
6.981249451637268066e-01
-3.735873103141784668e-01
-1.644045352935791016e+00
-2.197427272796630859e+00
-1.716061592102050781e+00
-5.755602121353149414e-01
3.696729540824890137e-01
6.110150218009948730e-01
2.259123772382736206e-01
-1.459137201309204102e-01
-5.108901858329772949e-02
4.920420646667480469e-01
9.034502506256103516e-01
7.452239394187927246e-01
5.193471908569335938e-02
-4.939266443252563477e-01
-2.608303427696228027e-01
8.955029249191284180e-01
2.293934345245361328e+00
3.061085700988769531e+00
2.655324459075927734e+00
1.431622147560119629e+00
2.000875174999237061e-01
-2.633822858333587646e-01
5.662515759468078613e-02
6.279171109199523926e-01
7.156049013137817383e-01
1.417934596538543701e-01
-7.657808065414428711e-01
-1.358426094055175781e+00
-1.384677767753601074e+00
-1.019826412200927734e+00
