5.968886613845825195e-01
5.911690592765808105e-01
-7.346600294113159180e-03
-5.597186684608459473e-01
-7.824751734733581543e-01
-6.420845985412597656e-01
-2.578369975090026855e-01
1.369035243988037109e-02
-6.021404266357421875e-02
-5.576990246772766113e-01
-1.188862562179565430e+00
-1.595484018325805664e+00
-1.451477289199829102e+00
-8.219172954559326172e-01
8.973479270935058594e-03
6.003167033195495605e-01
7.841780185699462891e-01
6.411782503128051758e-01
5.214836597442626953e-01
6.214745640754699707e-01
9.190916419029235840e-01
1.072663545608520508e+00
8.244115114212036133e-01
1.316100656986236572e-01
-6.481207609176635742e-01
-1.117356896400451660e+00
-1.037015795707702637e+00
-6.184945106506347656e-01
-2.466765046119689941e-01
-2.639297842979431152e-01
-5.804486870765686035e-01
-8.402178287506103516e-01
-6.115227937698364258e-01
1.608442366123199463e-01
1.188251972198486328e+00
1.955313801765441895e+00
2.187565088272094727e+00
1.923938155174255371e+00
1.501356363296508789e+00
1.150365829467773438e+00
8.802501559257507324e-01
4.444698095321655273e-01
-2.948630154132843018e-01
-1.227925777435302734e+00
-1.935267806053161621e+00
-2.055426597595214844e+00
-1.495604753494262695e+00
-5.830236673355102539e-01
2.350137531757354736e-01
6.422777175903320312e-01
6.924567818641662598e-01
6.341869831085205078e-01
7.077829241752624512e-01
8.971302509307861328e-01
1.034806251525878906e+00
9.582130312919616699e-01
7.302966713905334473e-01
5.476932525634765625e-01
5.904598236083984375e-01
7.896170616149902344e-01
8.959462046623229980e-01
6.411151885986328125e-01
-2.504587173461914062e-03
-8.203922510147094727e-01
-1.486984848976135254e+00
-1.810076236724853516e+00
-1.787124156951904297e+00
-1.532182097434997559e+00
-1.099250555038452148e+00
-4.619980454444885254e-01
3.801974058151245117e-01
1.233795642852783203e+00
1.733335971832275391e+00
1.551730394363403320e+00
6.804676651954650879e-01
-4.790392518043518066e-01
-1.327595949172973633e+00
-1.445910215377807617e+00
-8.750584721565246582e-01
-5.199050903320312500e-02
5.051802992820739746e-01
5.602487325668334961e-01
2.485403120517730713e-01
-9.938268363475799561e-02
-2.708116769790649414e-01
-2.851232290267944336e-01
-3.165543973445892334e-01
-4.381445646286010742e-01
-5.453237891197204590e-01
-4.313949346542358398e-01
-3.770670294761657715e-02
4.739674031734466553e-01
8.062014579772949219e-01
8.052333593368530273e-01
5.636248588562011719e-01
3.523885309696197510e-01
3.238251805305480957e-01
3.844997286796569824e-01
2.454601824283599854e-01
-2.413835525512695312e-01
-9.057766795158386230e-01
-1.287860512733459473e+00
-1.034961700439453125e+00
-1.904363185167312622e-01
7.309780120849609375e-01
1.146217584609985352e+00
8.130756616592407227e-01
7.642009854316711426e-02
-4.207746088504791260e-01
-1.990077793598175049e-01
6.418224573135375977e-01
1.539877533912658691e+00
1.859620213508605957e+00
1.410916924476623535e+00
5.161585211753845215e-01
-2.370451390743255615e-01
-5.051508545875549316e-01
-3.783102333545684814e-01
-2.665944695472717285e-01
-4.555377364158630371e-01
-8.760282993316650391e-01
-1.123095750808715820e+00
-8.643891811370849609e-01
-1.162380203604698181e-01
6.712981462478637695e-01
9.797847270965576172e-01
5.616196990013122559e-01
-3.282744586467742920e-01
-1.153367996215820312e+00
-1.420631289482116699e+00
-1.036051154136657715e+00
-2.872146368026733398e-01
3.356788158416748047e-01
4.810692071914672852e-01
6.545329093933105469e-02
-6.979001760482788086e-01
-1.491683125495910645e+00
-2.005497217178344727e+00
-2.069093704223632812e+00
-1.635023832321166992e+00
-8.071726560592651367e-01
2.322663664817810059e-01
1.239779353141784668e+00
2.016809940338134766e+00
2.432220935821533203e+00
2.458296537399291992e+00
2.119440555572509766e+00
1.493492841720581055e+00
7.090994715690612793e-01
-1.419505476951599121e-02
-4.164999127388000488e-01
-3.132733106613159180e-01
2.287497669458389282e-01
8.596460819244384766e-01
1.088131308555603027e+00
5.947405099868774414e-01
-5.305091142654418945e-01
-1.805168151855468750e+00
-2.660117149353027344e+00
-2.817915439605712891e+00
-2.456603765487670898e+00
-2.017028331756591797e+00
-1.794263362884521484e+00
-1.685402631759643555e+00
-1.280013322830200195e+00
-2.878649830818176270e-01
1.110218644142150879e+00
2.256856918334960938e+00
2.491912364959716797e+00
1.675604343414306641e+00
4.131237268447875977e-01
-3.448364436626434326e-01
4.885723814368247986e-02
1.399336934089660645e+00
2.804306983947753906e+00
3.250495910644531250e+00
2.371805429458618164e+00
6.617288589477539062e-01
-8.551825881004333496e-01
-1.404272198677062988e+00
-9.187201857566833496e-01
-4.423166066408157349e-02
4.647859632968902588e-01
2.567518353462219238e-01
-3.668372631072998047e-01
-8.524610996246337891e-01
-8.309801816940307617e-01
-4.869914054870605469e-01
-3.078410625457763672e-01
-7.148926854133605957e-01
-1.605003833770751953e+00
-2.457017898559570312e+00
-2.608974933624267578e+00
-1.804093122482299805e+00
-2.911827862262725830e-01
1.238656759262084961e+00
2.144254922866821289e+00
2.069777488708496094e+00
1.169896364212036133e+00
-1.389887481927871704e-01
-1.300658345222473145e+00
-1.952434420585632324e+00
-1.912866115570068359e+00
-1.319268822669982910e+00
-4.348441362380981445e-01
3.502871394157409668e-01
8.035888075828552246e-01
8.445848822593688965e-01
6.888211369514465332e-01
5.883789658546447754e-01
7.570270299911499023e-01
1.096158862113952637e+00
1.364253878593444824e+00
1.236581087112426758e+00
6.722417473793029785e-01
-1.539838612079620361e-01
-8.340032100677490234e-01
