-2.650893628597259521e-01
-2.141592502593994141e-01
2.984543889760971069e-02
1.948640644550323486e-01
1.328990161418914795e-01
-1.072227507829666138e-01
-3.822767138481140137e-01
-4.420243799686431885e-01
-2.341649830341339111e-01
1.258905827999114990e-01
3.267389535903930664e-01
2.044839411973953247e-01
-1.959932893514633179e-01
-5.466496348381042480e-01
-5.772140622138977051e-01
-2.098475992679595947e-01
3.012093305587768555e-01
6.651212573051452637e-01
7.152289152145385742e-01
5.955460071563720703e-01
5.058712959289550781e-01
5.385080575942993164e-01
5.007963776588439941e-01
1.844006478786468506e-01
-4.202670454978942871e-01
-9.251650571823120117e-01
-8.578089475631713867e-01
-1.619029045104980469e-02
1.195986747741699219e+00
2.019367456436157227e+00
1.818640947341918945e+00
6.356338262557983398e-01
-8.397320508956909180e-01
-1.708498001098632812e+00
-1.561771512031555176e+00
-7.225041389465332031e-01
8.361876010894775391e-03
3.716800734400749207e-02
-5.955947041511535645e-01
-1.263598442077636719e+00
-1.331268906593322754e+00
-6.547430753707885742e-01
3.089566230773925781e-01
9.336978197097778320e-01
9.377070665359497070e-01
5.883830785751342773e-01
3.807536363601684570e-01
5.577228069305419922e-01
8.604499101638793945e-01
7.842252254486083984e-01
8.092743903398513794e-02
-9.311855435371398926e-01
-1.555243730545043945e+00
-1.269938945770263672e+00
-1.747572720050811768e-01
1.030073165893554688e+00
1.556735277175903320e+00
1.089389204978942871e+00
-1.085883378982543945e-02
-1.031044960021972656e+00
-1.432716488838195801e+00
-1.200984716415405273e+00
-7.226936221122741699e-01
-4.216404557228088379e-01
-4.181742966175079346e-01
-5.431313514709472656e-01
-5.609708428382873535e-01
-4.280698001384735107e-01
-2.721244990825653076e-01
-2.239695787429809570e-01
-2.158825993537902832e-01
-4.088163375854492188e-02
4.741976261138916016e-01
1.249239683151245117e+00
2.005017280578613281e+00
2.426041841506958008e+00
2.395549297332763672e+00
1.987538218498229980e+00
1.374515295028686523e+00
6.541966795921325684e-01
-1.104832887649536133e-01
-8.194756507873535156e-01
-1.244188785552978516e+00
-1.190397381782531738e+00
-6.773250102996826172e-01
-6.138741970062255859e-02
1.956779956817626953e-01
-1.419623494148254395e-01
-8.062958717346191406e-01
-1.216501951217651367e+00
-9.077471494674682617e-01
6.946533918380737305e-03
8.791997432708740234e-01
9.647938013076782227e-01
4.857421293854713440e-02
-1.366726279258728027e+00
-2.380254983901977539e+00
-2.380761861801147461e+00
-1.450444340705871582e+00
-2.710219323635101318e-01
4.715792238712310791e-01
5.730943083763122559e-01
3.866226673126220703e-01
3.754756152629852295e-01
6.706973910331726074e-01
9.542093276977539062e-01
8.477275967597961426e-01
3.439105749130249023e-01
-8.656001091003417969e-02
8.957493305206298828e-02
9.467738270759582520e-01
1.912207245826721191e+00
2.176127672195434570e+00
1.348472595214843750e+00
-1.665919423103332520e-01
-1.441224217414855957e+00
-1.718335866928100586e+00
-9.726287126541137695e-01
1.309069991111755371e-01
8.157827258110046387e-01
7.919441461563110352e-01
3.798640966415405273e-01
7.712182402610778809e-02
3.550696372985839844e-02
-6.883019208908081055e-02
-6.172252893447875977e-01
-1.532799005508422852e+00
-2.156779289245605469e+00
-1.770552158355712891e+00
-2.716079354286193848e-01
1.536293029785156250e+00
2.476633787155151367e+00
1.871591210365295410e+00
1.598954945802688599e-01
-1.413445472717285156e+00
-1.703794002532958984e+00
-5.912734866142272949e-01
9.801505804061889648e-01
1.736463785171508789e+00
1.133018493652343750e+00
-2.774253487586975098e-01
-1.285931944847106934e+00
-1.076716065406799316e+00
1.865637004375457764e-01
1.482959389686584473e+00
1.840182662010192871e+00
1.019401192665100098e+00
-3.307226598262786865e-01
-1.357921242713928223e+00
-1.633307814598083496e+00
-1.446370482444763184e+00
-1.296048283576965332e+00
-1.393294095993041992e+00
-1.378803968429565430e+00
-8.050632476806640625e-01
3.794471621513366699e-01
1.539198398590087891e+00
1.895121455192565918e+00
1.119514465332031250e+00
-1.976301074028015137e-01
-1.039535999298095703e+00
-6.616197228431701660e-01
6.849089264869689941e-01
2.020476102828979492e+00
2.299109458923339844e+00
1.337418079376220703e+00
-1.587621718645095825e-01
-1.065675497055053711e+00
-8.440978527069091797e-01
1.804667413234710693e-01
1.017242670059204102e+00
9.561735391616821289e-01
8.172050118446350098e-03
-1.023282527923583984e+00
-1.345128178596496582e+00
-6.810986995697021484e-01
4.200195968151092529e-01
1.179122805595397949e+00
1.056024551391601562e+00
2.299438118934631348e-01
-7.692090272903442383e-01
-1.378921031951904297e+00
-1.520950436592102051e+00
-1.393895506858825684e+00
-1.323201656341552734e+00
-1.304897189140319824e+00
-1.176553845405578613e+00
-6.817958354949951172e-01
1.109579503536224365e-01
9.651570916175842285e-01
1.488447666168212891e+00
1.556574344635009766e+00
1.218762040138244629e+00
7.784730195999145508e-01
4.320306479930877686e-01
3.347700536251068115e-01
4.090619683265686035e-01
5.797199606895446777e-01
6.286541819572448730e-01
4.291221499443054199e-01
-1.576087027788162231e-01
-9.881289601325988770e-01
-1.775219678878784180e+00
-2.032925844192504883e+00
-1.541741847991943359e+00
-4.192826747894287109e-01
6.982671618461608887e-01
1.166197180747985840e+00
6.148107051849365234e-01
-5.933279991149902344e-01
-1.710620760917663574e+00
-1.925153613090515137e+00
-1.062676191329956055e+00
4.534009993076324463e-01
1.743158698081970215e+00
2.206163406372070312e+00
1.721776366233825684e+00
