1.756547451019287109e+00
1.791963100433349609e+00
-7.225127518177032471e-02
-1.943327546119689941e+00
-2.687766313552856445e+00
-1.907689094543457031e+00
3.323584794998168945e-03
1.828180789947509766e+00
2.556649208068847656e+00
1.748517513275146484e+00
-4.208744503557682037e-04
-1.769704222679138184e+00
-2.673577785491943359e+00
-2.583142042160034180e+00
-1.831078529357910156e+00
-1.092572450637817383e+00
-6.913543939590454102e-01
-6.712267398834228516e-01
-6.585634946823120117e-01
-4.045955538749694824e-01
2.390578091144561768e-01
1.020637035369873047e+00
1.652877926826477051e+00
1.782275199890136719e+00
1.383966565132141113e+00
5.972907543182373047e-01
-1.529715061187744141e-01
-5.533540844917297363e-01
-4.222636222839355469e-01
-2.895832061767578125e-03
3.384842574596405029e-01
2.207333147525787354e-01
-2.986349463462829590e-01
-8.442434072494506836e-01
-8.261615037918090820e-01
-1.778910309076309204e-02
1.316252350807189941e+00
2.408128261566162109e+00
2.586822271347045898e+00
1.655441403388977051e+00
1.419183015823364258e-01
-1.138166189193725586e+00
-1.573064684867858887e+00
-1.220824241638183594e+00
-6.315661668777465820e-01
-4.077990651130676270e-01
-6.495653390884399414e-01
-9.222540855407714844e-01
-6.115230917930603027e-01
4.901809394359588623e-01
1.949771404266357422e+00
2.943131685256958008e+00
2.846643447875976562e+00
1.698267936706542969e+00
1.713051795959472656e-01
-8.800039291381835938e-01
-1.021952152252197266e+00
-4.350193738937377930e-01
2.566222548484802246e-01
5.235234498977661133e-01
2.175894081592559814e-01
-3.578552007675170898e-01
-8.229949474334716797e-01
-9.427258968353271484e-01
-8.081669211387634277e-01
-5.784682035446166992e-01
-3.790632486343383789e-01
-1.211709231138229370e-01
2.567993104457855225e-01
7.575509548187255859e-01
1.137195110321044922e+00
1.192037343978881836e+00
7.963109612464904785e-01
1.622340381145477295e-01
-4.335689246654510498e-01
-6.732671260833740234e-01
-5.543077588081359863e-01
-2.042069435119628906e-01
6.099927425384521484e-02
1.217193603515625000e-01
-8.408849686384201050e-02
-3.528860211372375488e-01
-5.662062168121337891e-01
-5.432400107383728027e-01
-3.385959267616271973e-01
1.476980000734329224e-02
2.891941070556640625e-01
3.932012915611267090e-01
1.724973917007446289e-01
-2.572901248931884766e-01
-7.949413061141967773e-01
-1.133715748786926270e+00
-1.165087223052978516e+00
-7.825121283531188965e-01
-1.945548653602600098e-01
4.403064846992492676e-01
8.207654953002929688e-01
9.003593921661376953e-01
5.990959405899047852e-01
1.201305985450744629e-01
-4.177056550979614258e-01
-6.975373625755310059e-01
-6.204463839530944824e-01
-7.281004637479782104e-02
6.942886114120483398e-01
1.447803974151611328e+00
1.805487394332885742e+00
1.766361713409423828e+00
1.422426223754882812e+00
1.165293693542480469e+00
1.076984524726867676e+00
1.110571503639221191e+00
8.305363655090332031e-01
5.513656139373779297e-02
-1.181679725646972656e+00
-2.277908802032470703e+00
-2.731998682022094727e+00
-2.233347654342651367e+00
-1.222873568534851074e+00
-3.133979439735412598e-01
-1.181267052888870239e-01
-4.975115358829498291e-01
-9.428593516349792480e-01
-7.342211008071899414e-01
1.678380221128463745e-01
1.290389060974121094e+00
1.718872547149658203e+00
1.090967416763305664e+00
-3.199303746223449707e-01
-1.475783348083496094e+00
-1.578801274299621582e+00
-4.161387681961059570e-01
1.210493206977844238e+00
2.298434734344482422e+00
2.118620157241821289e+00
9.493344426155090332e-01
-4.000471830368041992e-01
-9.740912914276123047e-01
-5.745418071746826172e-01
3.880124092102050781e-01
1.032499074935913086e+00
8.784174919128417969e-01
-5.919292569160461426e-02
-1.146692633628845215e+00
-1.818582773208618164e+00
-1.750491619110107422e+00
-1.191732287406921387e+00
-5.255785584449768066e-01
-1.755956411361694336e-01
-1.928213089704513550e-01
-4.722711443901062012e-01
-6.883278489112854004e-01
-6.417886018753051758e-01
-1.774930655956268311e-01
5.850302577018737793e-01
1.412020921707153320e+00
1.875335454940795898e+00
1.691748142242431641e+00
7.925335168838500977e-01
-4.396658241748809814e-01
-1.436107993125915527e+00
-1.673598289489746094e+00
-1.121832489967346191e+00
-1.997128725051879883e-01
4.112312495708465576e-01
3.242466151714324951e-01
-3.358768522739410400e-01
-9.643425345420837402e-01
-9.826946258544921875e-01
-2.283985316753387451e-01
8.692229390144348145e-01
1.623813629150390625e+00
1.543298363685607910e+00
6.758015155792236328e-01
-4.668624401092529297e-01
-1.270744800567626953e+00
-1.388095021247863770e+00
-8.928995132446289062e-01
-1.144432276487350464e-01
5.834419131278991699e-01
1.007324695587158203e+00
1.088210582733154297e+00
8.613854646682739258e-01
3.768562376499176025e-01
-1.995753645896911621e-01
-6.519553661346435547e-01
-7.139513492584228516e-01
-3.392174243927001953e-01
3.122912943363189697e-01
8.330466151237487793e-01
9.408154487609863281e-01
5.594561100006103516e-01
-1.253615319728851318e-02
-4.662445783615112305e-01
-5.842569470405578613e-01
-5.248773694038391113e-01
-5.095618963241577148e-01
-7.450299263000488281e-01
-1.079946279525756836e+00
-1.267175436019897461e+00
-1.009258747100830078e+00
-3.733284473419189453e-01
4.260474443435668945e-01
9.878858327865600586e-01
1.162456154823303223e+00
8.961123228073120117e-01
3.960291743278503418e-01
-2.352292686700820923e-01
-7.860036492347717285e-01
-1.154109001159667969e+00
-1.076411962509155273e+00
-5.064606666564941406e-01
4.946333765983581543e-01
1.422739267349243164e+00
1.804670929908752441e+00
1.252596616744995117e+00
1.881551742553710938e-02
