-3.710154294967651367e-01
-3.524484634399414062e-01
5.051052570343017578e-02
6.064400672912597656e-01
1.183305263519287109e+00
1.540184736251831055e+00
1.596682667732238770e+00
1.419299960136413574e+00
1.239088296890258789e+00
1.151613235473632812e+00
1.116584062576293945e+00
9.285025596618652344e-01
5.216341018676757812e-01
-3.082257509231567383e-02
-4.866559207439422607e-01
-7.609298229217529297e-01
-9.168118238449096680e-01
-1.162060260772705078e+00
-1.500172376632690430e+00
-1.718623399734497070e+00
-1.455613851547241211e+00
-6.768215894699096680e-01
2.303223907947540283e-01
5.395787954330444336e-01
-1.659206151962280273e-01
-1.666270017623901367e+00
-3.025645256042480469e+00
-3.303410530090332031e+00
-2.156311273574829102e+00
-2.411109656095504761e-01
1.308185935020446777e+00
1.576998472213745117e+00
5.976600646972656250e-01
-8.251475095748901367e-01
-1.658661127090454102e+00
-1.486705541610717773e+00
-6.265076994895935059e-01
1.424158215522766113e-01
3.433853387832641602e-01
3.743600845336914062e-02
-2.439159303903579712e-01
-1.249207854270935059e-01
3.929064869880676270e-01
8.970178365707397461e-01
1.093304395675659180e+00
9.891434311866760254e-01
9.315535426139831543e-01
1.133759021759033203e+00
1.503728389739990234e+00
1.632492780685424805e+00
1.282507896423339844e+00
5.983229279518127441e-01
1.214427351951599121e-01
2.371018528938293457e-01
8.817218542098999023e-01
1.438977718353271484e+00
1.329997777938842773e+00
4.099978208541870117e-01
-7.763935923576354980e-01
-1.514507293701171875e+00
-1.393390178680419922e+00
-7.105341553688049316e-01
-8.763730525970458984e-02
-2.142706513404846191e-02
-3.822048306465148926e-01
-6.684832572937011719e-01
-4.257559180259704590e-01
2.236505150794982910e-01
7.401061654090881348e-01
5.651793479919433594e-01
-2.695279121398925781e-01
-1.200569629669189453e+00
-1.479590892791748047e+00
-8.675632476806640625e-01
2.514181137084960938e-01
1.084731101989746094e+00
1.135502696037292480e+00
4.650425016880035400e-01
-3.362421989440917969e-01
-7.248018383979797363e-01
-5.230110883712768555e-01
-4.194185882806777954e-02
3.300113677978515625e-01
3.781242668628692627e-01
2.283802628517150879e-01
4.825025796890258789e-02
-8.684585988521575928e-02
-3.208757638931274414e-01
-7.367103099822998047e-01
-1.266033768653869629e+00
-1.635438203811645508e+00
-1.671739697456359863e+00
-1.401657700538635254e+00
-1.087207198143005371e+00
-8.929743766784667969e-01
-7.677736282348632812e-01
-4.333046376705169678e-01
2.428980618715286255e-01
1.095062732696533203e+00
1.666527032852172852e+00
1.660331845283508301e+00
1.176142573356628418e+00
7.447335124015808105e-01
8.057773113250732422e-01
1.345202207565307617e+00
1.775125384330749512e+00
1.483016729354858398e+00
3.459000587463378906e-01
-1.002875447273254395e+00
-1.674861192703247070e+00
-1.183372020721435547e+00
7.123893499374389648e-02
1.162456512451171875e+00
1.329364657402038574e+00
6.555616259574890137e-01
-8.128356933593750000e-02
-6.312972307205200195e-02
7.678664922714233398e-01
1.664702177047729492e+00
1.673603534698486328e+00
5.461449027061462402e-01
-1.007560491561889648e+00
-1.806347250938415527e+00
-1.222626566886901855e+00
3.034096956253051758e-01
1.526698112487792969e+00
1.440288782119750977e+00
4.265308380126953125e-02
-1.610177755355834961e+00
-2.309275627136230469e+00
-1.605141758918762207e+00
-1.713115274906158447e-01
8.534142374992370605e-01
7.795237898826599121e-01
-5.169107019901275635e-02
-6.617900133132934570e-01
-2.827214896678924561e-01
9.322158098220825195e-01
2.068649530410766602e+00
2.193666696548461914e+00
1.173663735389709473e+00
-2.782293558120727539e-01
-1.159612178802490234e+00
-1.044427156448364258e+00
-3.503992557525634766e-01
2.260166406631469727e-02
-4.922062158584594727e-01
-1.710813879966735840e+00
-2.826156139373779297e+00
-3.099907159805297852e+00
-2.366306543350219727e+00
-1.126085400581359863e+00
-5.458271503448486328e-02
4.713017046451568604e-01
5.903196334838867188e-01
6.723683476448059082e-01
9.747750759124755859e-01
1.403034210205078125e+00
1.683038353919982910e+00
1.571898221969604492e+00
1.071399927139282227e+00
3.321779966354370117e-01
-4.363487958908081055e-01
-1.083797335624694824e+00
-1.449147582054138184e+00
-1.390169501304626465e+00
-8.236618041992187500e-01
7.958340644836425781e-02
9.305047988891601562e-01
1.281083345413208008e+00
1.004547357559204102e+00
4.163302481174468994e-01
1.279744803905487061e-01
5.255643129348754883e-01
1.465137124061584473e+00
2.288856744766235352e+00
2.366889238357543945e+00
1.587114214897155762e+00
5.157517790794372559e-01
-6.455802917480468750e-02
2.398084700107574463e-01
1.056042313575744629e+00
1.556073546409606934e+00
1.073926091194152832e+00
-3.175756335258483887e-01
-1.900887846946716309e+00
-2.821085691452026367e+00
-2.756633996963500977e+00
-2.030412197113037109e+00
-1.295014142990112305e+00
-9.136051535606384277e-01
-7.541881203651428223e-01
-3.883926272392272949e-01
3.557442128658294678e-01
1.176412820816040039e+00
1.454267501831054688e+00
8.282395601272583008e-01
-4.848776459693908691e-01
-1.746140480041503906e+00
-2.263046264648437500e+00
-1.828859806060791016e+00
-8.762346506118774414e-01
-4.414939880371093750e-02
2.403860092163085938e-01
6.861074268817901611e-02
-2.034859359264373779e-01
-2.473710179328918457e-01
-5.684152245521545410e-02
2.074161469936370850e-01
3.869856894016265869e-01
5.388105511665344238e-01
7.600883245468139648e-01
1.060858368873596191e+00
1.196985483169555664e+00
9.295673370361328125e-01
2.144493758678436279e-01
-6.071784496307373047e-01
