6.589472293853759766e-01
6.595724225044250488e-01
2.035727798938751221e-01
-2.307095229625701904e-01
-4.288028478622436523e-01
-1.297346949577331543e-01
5.629204511642456055e-01
1.352386236190795898e+00
1.662672758102416992e+00
1.160887241363525391e+00
-1.796002835035324097e-01
-1.791587948799133301e+00
-2.952409029006958008e+00
-2.982226371765136719e+00
-1.832426071166992188e+00
2.992573380470275879e-02
1.674427390098571777e+00
2.384109497070312500e+00
1.873692035675048828e+00
5.950086116790771484e-01
-7.201239466667175293e-01
-1.340083360671997070e+00
-1.117063999176025391e+00
-3.724549710750579834e-01
2.021831572055816650e-01
1.718546748161315918e-01
-5.045838952064514160e-01
-1.316901206970214844e+00
-1.705718517303466797e+00
-1.310582160949707031e+00
-3.464370667934417725e-01
6.766580343246459961e-01
1.167957901954650879e+00
9.555248618125915527e-01
2.445403635501861572e-01
-4.364225566387176514e-01
-7.023252844810485840e-01
-4.090476930141448975e-01
2.259469330310821533e-01
9.455304145812988281e-01
1.529676675796508789e+00
1.962029933929443359e+00
2.223561763763427734e+00
2.286367893218994141e+00
2.018097877502441406e+00
1.413734674453735352e+00
6.258010864257812500e-01
1.953274011611938477e-02
-1.246481835842132568e-01
2.252266258001327515e-01
7.103460431098937988e-01
8.578265905380249023e-01
3.577968478202819824e-01
-6.381378173828125000e-01
-1.640963315963745117e+00
-2.110962629318237305e+00
-1.865637063980102539e+00
-1.152914404869079590e+00
-4.771476984024047852e-01
-1.909337043762207031e-01
-2.782405316829681396e-01
-4.005820751190185547e-01
-2.315078973770141602e-01
2.552322149276733398e-01
7.258952260017395020e-01
7.494720816612243652e-01
1.398747563362121582e-01
-8.606845140457153320e-01
-1.714247584342956543e+00
-1.934737086296081543e+00
-1.388508558273315430e+00
-3.649122118949890137e-01
6.526037454605102539e-01
1.274055123329162598e+00
1.419055581092834473e+00
1.254680156707763672e+00
1.030692100524902344e+00
8.567797541618347168e-01
6.914227604866027832e-01
3.972426652908325195e-01
-7.246452569961547852e-02
-6.451287865638732910e-01
-1.122593760490417480e+00
-1.351246237754821777e+00
-1.264623641967773438e+00
-9.642260670661926270e-01
-5.974868535995483398e-01
-3.334063589572906494e-01
-2.272847890853881836e-01
-2.803828716278076172e-01
-3.986120223999023438e-01
-5.158730745315551758e-01
-5.498080849647521973e-01
-4.907690286636352539e-01
-3.124908506870269775e-01
-4.667554795742034912e-02
2.903292179107666016e-01
6.038235425949096680e-01
8.125099539756774902e-01
8.052347898483276367e-01
6.021368503570556641e-01
3.020724952220916748e-01
1.398719847202301025e-01
2.639993429183959961e-01
6.868708133697509766e-01
1.139174699783325195e+00
1.281519889831542969e+00
8.498943448066711426e-01
-4.974663257598876953e-02
-1.032631278038024902e+00
-1.575858950614929199e+00
-1.448749065399169922e+00
-8.066030144691467285e-01
-1.740337610244750977e-01
4.522621631622314453e-03
-3.858022689819335938e-01
-9.672399759292602539e-01
-1.234246730804443359e+00
-8.789209127426147461e-01
-1.210403814911842346e-01
5.151304006576538086e-01
5.232943296432495117e-01
-1.187051236629486084e-01
-9.902698993682861328e-01
-1.464802742004394531e+00
-1.234443902969360352e+00
-4.522035121917724609e-01
3.495247960090637207e-01
7.361959218978881836e-01
6.177056431770324707e-01
3.139859437942504883e-01
1.911961883306503296e-01
4.118441045284271240e-01
7.848322391510009766e-01
1.033659100532531738e+00
1.021476387977600098e+00
9.090808033943176270e-01
9.342255592346191406e-01
1.180295109748840332e+00
1.410034537315368652e+00
1.273005127906799316e+00
5.919363498687744141e-01
-4.050764739513397217e-01
-1.233872413635253906e+00
-1.481007337570190430e+00
-1.140156149864196777e+00
-5.872727632522583008e-01
-2.852325439453125000e-01
-3.955879211425781250e-01
-6.779048442840576172e-01
-7.199311256408691406e-01
-3.321584463119506836e-01
2.491290867328643799e-01
5.374307036399841309e-01
2.060496360063552856e-01
-5.857688188552856445e-01
-1.273450493812561035e+00
-1.295288801193237305e+00
-5.775343179702758789e-01
3.703871369361877441e-01
7.567617893218994141e-01
1.165589243173599243e-01
-1.351788997650146484e+00
-2.828321456909179688e+00
-3.434792757034301758e+00
-2.752758502960205078e+00
-1.129954338073730469e+00
6.245854496955871582e-01
1.709608793258666992e+00
1.880095124244689941e+00
1.464768409729003906e+00
1.143333792686462402e+00
1.384224414825439453e+00
2.202357530593872070e+00
3.082828521728515625e+00
3.411162137985229492e+00
2.793382883071899414e+00
1.416926264762878418e+00
-1.341077387332916260e-01
-1.101923704147338867e+00
-1.092891812324523926e+00
-1.909763813018798828e-01
9.877896308898925781e-01
1.769574761390686035e+00
1.700323104858398438e+00
9.092112183570861816e-01
-1.267742812633514404e-01
-7.889369726181030273e-01
-8.360617160797119141e-01
-3.951212465763092041e-01
4.835788905620574951e-02
1.649812906980514526e-01
-1.194340884685516357e-01
-4.591899514198303223e-01
-5.291053056716918945e-01
-1.522787511348724365e-01
4.113950431346893311e-01
8.288705348968505859e-01
8.117340207099914551e-01
5.017833709716796875e-01
1.868579387664794922e-01
2.126167267560958862e-01
5.282363295555114746e-01
8.843718767166137695e-01
8.711612224578857422e-01
4.305564463138580322e-01
-2.592446208000183105e-01
-7.447741031646728516e-01
-8.384557962417602539e-01
-5.928147435188293457e-01
-4.344967603683471680e-01
-6.262910366058349609e-01
-1.213086843490600586e+00
-1.764472246170043945e+00
-1.861216425895690918e+00
-1.204800248146057129e+00
-3.695845603942871094e-02
