4.505157470703125000e-02
9.261265397071838379e-02
-2.027251124382019043e-01
-4.464243352413177490e-01
-5.622919201850891113e-01
-4.602299332618713379e-01
-3.065348267555236816e-01
-2.927418947219848633e-01
-6.130846142768859863e-01
-1.136322140693664551e+00
-1.588635087013244629e+00
-1.623835921287536621e+00
-1.226506471633911133e+00
-6.341887712478637695e-01
-2.795468568801879883e-01
-3.357846438884735107e-01
-6.819773912429809570e-01
-8.876358270645141602e-01
-6.670870780944824219e-01
-1.803582906723022461e-02
6.817528009414672852e-01
1.087440848350524902e+00
1.084709882736206055e+00
9.740126132965087891e-01
1.114335060119628906e+00
1.670854091644287109e+00
2.344903469085693359e+00
2.653168201446533203e+00
2.220663547515869141e+00
1.166838884353637695e+00
-1.333385705947875977e-02
-7.075831890106201172e-01
-6.446564197540283203e-01
2.621263265609741211e-02
8.355404138565063477e-01
1.368863582611083984e+00
1.437199950218200684e+00
1.132723331451416016e+00
6.275249719619750977e-01
8.524513244628906250e-02
-3.927641808986663818e-01
-6.747577190399169922e-01
-6.312843561172485352e-01
-2.149273455142974854e-01
3.903785943984985352e-01
8.084273338317871094e-01
6.716805100440979004e-01
-7.743948698043823242e-02
-1.079726457595825195e+00
-1.744931936264038086e+00
-1.647192716598510742e+00
-8.477377891540527344e-01
1.327942311763763428e-01
6.632306575775146484e-01
4.631404876708984375e-01
-2.164269983768463135e-01
-7.755039930343627930e-01
-7.292246818542480469e-01
-3.661578893661499023e-02
8.521538376808166504e-01
1.353876590728759766e+00
1.112304925918579102e+00
2.365450561046600342e-01
-8.450497388839721680e-01
-1.641805052757263184e+00
-1.899539470672607422e+00
-1.622106075286865234e+00
-1.027038335800170898e+00
-3.583513200283050537e-01
1.372439712285995483e-01
3.033942580223083496e-01
6.405395269393920898e-02
-4.439460933208465576e-01
-9.104840755462646484e-01
-9.064160585403442383e-01
-2.078136801719665527e-01
1.045359373092651367e+00
2.263184070587158203e+00
2.766695499420166016e+00
2.144387483596801758e+00
6.272323727607727051e-01
-1.062391877174377441e+00
-2.052896499633789062e+00
-1.899392247200012207e+00
-7.609107494354248047e-01
6.775448918342590332e-01
1.715604662895202637e+00
1.967262029647827148e+00
1.566921949386596680e+00
8.995709419250488281e-01
3.580899238586425781e-01
5.635076761245727539e-02
-6.422489881515502930e-02
-1.418378204107284546e-01
-1.673689782619476318e-01
-6.422318518161773682e-02
2.550137639045715332e-01
6.887243986129760742e-01
1.024742007255554199e+00
9.982712864875793457e-01
5.289607048034667969e-01
-2.791791558265686035e-01
-1.137445449829101562e+00
-1.793954849243164062e+00
-2.086548328399658203e+00
-2.048232078552246094e+00
-1.782556533813476562e+00
-1.443739175796508789e+00
-1.108465909957885742e+00
-8.159029483795166016e-01
-5.196687579154968262e-01
-1.642245948314666748e-01
3.248394131660461426e-01
9.409903883934020996e-01
1.596102595329284668e+00
2.082963466644287109e+00
2.189105510711669922e+00
1.775564432144165039e+00
9.098349213600158691e-01
-1.744027286767959595e-01
-1.155152201652526855e+00
-1.806343555450439453e+00
-2.066956281661987305e+00
-2.041094779968261719e+00
-1.852746486663818359e+00
-1.547621726989746094e+00
-1.056397199630737305e+00
-3.029233217239379883e-01
6.623655557632446289e-01
1.605237007141113281e+00
2.188031196594238281e+00
2.163798093795776367e+00
1.530198097229003906e+00
5.686333775520324707e-01
-3.155354559421539307e-01
-7.968032956123352051e-01
-8.154283761978149414e-01
-5.454358458518981934e-01
-2.779650986194610596e-01
-1.900658458471298218e-01
-2.850631177425384521e-01
-3.884119987487792969e-01
-3.451606631278991699e-01
-1.033564507961273193e-01
2.030176222324371338e-01
4.004284143447875977e-01
3.497825264930725098e-01
1.076923832297325134e-01
-1.636471152305603027e-01
-2.236695587635040283e-01
3.997945785522460938e-02
6.121121644973754883e-01
1.259449839591979980e+00
1.695265054702758789e+00
1.599331259727478027e+00
8.527287840843200684e-01
-4.616320133209228516e-01
-1.925658941268920898e+00
-3.011373281478881836e+00
-3.190587520599365234e+00
-2.325486660003662109e+00
-6.925715208053588867e-01
9.878103733062744141e-01
2.016922235488891602e+00
1.975398659706115723e+00
1.084548950195312500e+00
-6.232989579439163208e-02
-7.492660284042358398e-01
-7.135719060897827148e-01
-1.384018361568450928e-01
3.995603621006011963e-01
5.202140212059020996e-01
1.815499663352966309e-01
-1.800002157688140869e-01
-1.752704977989196777e-01
3.253301084041595459e-01
9.074503183364868164e-01
1.065158367156982422e+00
4.620516300201416016e-01
-6.036698818206787109e-01
-1.521009445190429688e+00
-1.622347354888916016e+00
-8.248078227043151855e-01
4.642783999443054199e-01
1.448398351669311523e+00
1.647508621215820312e+00
1.005226731300354004e+00
4.537296295166015625e-02
-7.092381119728088379e-01
-8.882435560226440430e-01
-6.230086684226989746e-01
-1.641089022159576416e-01
1.628808379173278809e-01
3.407910466194152832e-01
3.851618766784667969e-01
4.300456047058105469e-01
4.101896286010742188e-01
3.420898318290710449e-01
1.904891133308410645e-01
1.242938637733459473e-01
1.744937151670455933e-01
3.425260782241821289e-01
3.482521772384643555e-01
3.519552946090698242e-02
-6.568344831466674805e-01
-1.376623034477233887e+00
-1.765771627426147461e+00
-1.515575289726257324e+00
-8.094995617866516113e-01
-4.820898175239562988e-03
4.262993931770324707e-01
4.338845610618591309e-01
2.028760910034179688e-01
1.694080233573913574e-01
4.538998007774353027e-01
9.578841924667358398e-01
1.265136241912841797e+00
