1.606683135032653809e+00
1.566821098327636719e+00
1.452372789382934570e+00
1.144198060035705566e+00
6.371607780456542969e-01
-1.358477175235748291e-01
-1.084669470787048340e+00
-2.017388105392456055e+00
-2.575055122375488281e+00
-2.524070501327514648e+00
-1.855746388435363770e+00
-9.495579600334167480e-01
-3.219773173332214355e-01
-3.946845233440399170e-01
-1.138712644577026367e+00
-2.102604866027832031e+00
-2.589130878448486328e+00
-2.117869853973388672e+00
-6.764628291130065918e-01
1.208846688270568848e+00
2.792068958282470703e+00
3.483987808227539062e+00
3.167897939682006836e+00
2.182362079620361328e+00
1.091001033782958984e+00
3.345598876476287842e-01
4.362790286540985107e-02
5.649983137845993042e-02
1.121262460947036743e-01
5.734517797827720642e-02
-9.375680983066558838e-02
-2.134364992380142212e-01
-2.201053202152252197e-01
-1.245144978165626526e-01
-2.781635522842407227e-02
1.871556043624877930e-02
4.341220855712890625e-02
1.732284426689147949e-01
4.779508411884307861e-01
9.313199520111083984e-01
1.335371017456054688e+00
1.483567357063293457e+00
1.218723535537719727e+00
5.877483487129211426e-01
-2.615169286727905273e-01
-1.090661168098449707e+00
-1.756421804428100586e+00
-2.153638839721679688e+00
-2.285001277923583984e+00
-2.108076572418212891e+00
-1.630173444747924805e+00
-8.320864439010620117e-01
1.545027643442153931e-01
1.146749019622802734e+00
1.834411859512329102e+00
2.011057853698730469e+00
1.559537649154663086e+00
6.475068926811218262e-01
-4.416315853595733643e-01
-1.289252519607543945e+00
-1.644205808639526367e+00
-1.407838106155395508e+00
-8.121965527534484863e-01
-1.626478582620620728e-01
1.911430358886718750e-01
1.865963339805603027e-01
-5.760398507118225098e-02
-1.929454207420349121e-01
-2.261984348297119141e-02
4.846470355987548828e-01
1.019643187522888184e+00
1.277789354324340820e+00
1.048598766326904297e+00
5.256551504135131836e-01
5.273583531379699707e-02
2.581217885017395020e-02
4.527876377105712891e-01
1.061910033226013184e+00
1.331313371658325195e+00
9.962120056152343750e-01
1.121163070201873779e-01
-8.166421651840209961e-01
-1.302607059478759766e+00
-1.046282529830932617e+00
-2.677899599075317383e-01
5.971958041191101074e-01
1.045237541198730469e+00
9.543893337249755859e-01
4.779028296470642090e-01
2.928617596626281738e-02
-1.499200314283370972e-01
1.900345087051391602e-04
2.295812666416168213e-01
3.261817097663879395e-01
1.528726220130920410e-01
-1.298178732395172119e-01
-3.099339604377746582e-01
-1.576626598834991455e-01
2.789603471755981445e-01
8.000911474227905273e-01
1.032446503639221191e+00
7.686255574226379395e-01
-1.338973641395568848e-02
-9.882465600967407227e-01
-1.751111030578613281e+00
-1.934298515319824219e+00
-1.527068018913269043e+00
-8.004195094108581543e-01
-2.336913347244262695e-01
-1.149614453315734863e-01
-4.203551411628723145e-01
-7.394828796386718750e-01
-6.478036642074584961e-01
3.406709432601928711e-02
9.889328479766845703e-01
1.647479534149169922e+00
1.515252470970153809e+00
5.978192090988159180e-01
-6.213085651397705078e-01
-1.434612035751342773e+00
-1.424615859985351562e+00
-6.751862168312072754e-01
2.930459380149841309e-01
9.529132246971130371e-01
1.093392848968505859e+00
9.055372476577758789e-01
7.116000056266784668e-01
6.663275957107543945e-01
6.376157402992248535e-01
4.043365120887756348e-01
-4.917669296264648438e-02
-4.333872199058532715e-01
-3.520187139511108398e-01
3.124676346778869629e-01
1.227253794670104980e+00
1.763070106506347656e+00
1.483595490455627441e+00
4.763221144676208496e-01
-6.317307949066162109e-01
-1.164778828620910645e+00
-8.524312376976013184e-01
-8.001050353050231934e-02
4.782061278820037842e-01
3.316508531570434570e-01
-3.888922333717346191e-01
-1.129495143890380859e+00
-1.306704998016357422e+00
-8.522270917892456055e-01
-1.665268540382385254e-01
1.535096466541290283e-01
-8.824807405471801758e-02
-6.225561499595642090e-01
-8.623116612434387207e-01
-5.246946811676025391e-01
2.135463058948516846e-01
7.338514328002929688e-01
6.037198305130004883e-01
-1.656038463115692139e-01
-9.711256027221679688e-01
-1.208940982818603516e+00
-6.150221824645996094e-01
3.738455772399902344e-01
1.079259514808654785e+00
9.235966205596923828e-01
-1.059800386428833008e-02
-1.210860490798950195e+00
-1.937554597854614258e+00
-1.855992078781127930e+00
-1.015619754791259766e+00
9.642733633518218994e-02
1.072886228561401367e+00
1.595289945602416992e+00
1.683703899383544922e+00
1.380283594131469727e+00
8.891564011573791504e-01
3.339483737945556641e-01
-1.480728387832641602e-02
-4.529482126235961914e-02
3.062313497066497803e-01
7.489458322525024414e-01
9.902129173278808594e-01
7.361524105072021484e-01
1.479400545358657837e-01
-4.412908256053924561e-01
-5.579888224601745605e-01
-1.909686326980590820e-01
3.511788249015808105e-01
4.185530245304107666e-01
-2.755694687366485596e-01
-1.609094142913818359e+00
-2.858676910400390625e+00
-3.401668071746826172e+00
-2.921481370925903320e+00
-1.842075347900390625e+00
-7.912878990173339844e-01
-3.761021494865417480e-01
-5.565321445465087891e-01
-9.542528390884399414e-01
-9.549614787101745605e-01
-3.933984041213989258e-01
5.711798071861267090e-01
1.378636598587036133e+00
1.703162789344787598e+00
1.425206661224365234e+00
8.833480477333068848e-01
3.754187822341918945e-01
2.015266418457031250e-01
3.159404993057250977e-01
6.777539849281311035e-01
1.093647956848144531e+00
1.521013140678405762e+00
1.767267346382141113e+00
1.726262807846069336e+00
1.189572572708129883e+00
2.328288406133651733e-01
-9.661740064620971680e-01
-1.957142114639282227e+00
