5.696594119071960449e-01
6.082606315612792969e-01
1.208841085433959961e+00
1.226853966712951660e+00
5.792129635810852051e-01
-1.454231441020965576e-01
-5.755371451377868652e-01
-3.954673111438751221e-01
3.825053572654724121e-02
4.365756213665008545e-01
3.863323926925659180e-01
2.936577796936035156e-02
-5.329759716987609863e-01
-9.582029581069946289e-01
-1.311006307601928711e+00
-1.540314197540283203e+00
-1.810310482978820801e+00
-1.927519321441650391e+00
-1.832966804504394531e+00
-1.283113241195678711e+00
-4.094027280807495117e-01
7.220144867897033691e-01
1.749086260795593262e+00
2.536470890045166016e+00
2.798007488250732422e+00
2.538975477218627930e+00
1.696153283119201660e+00
5.909119844436645508e-01
-4.848555922508239746e-01
-1.041671991348266602e+00
-9.920001626014709473e-01
-4.281247258186340332e-01
1.152034401893615723e-01
3.094880580902099609e-01
5.317926406860351562e-04
-4.045251607894897461e-01
-5.105465054512023926e-01
-2.437804639339447021e-02
7.321397662162780762e-01
1.259130716323852539e+00
1.023654699325561523e+00
1.008470803499221802e-01
-1.062978863716125488e+00
-1.744016528129577637e+00
-1.645818829536437988e+00
-8.844913244247436523e-01
-5.190166458487510681e-02
4.093374311923980713e-01
3.209536075592041016e-01
-2.126303315162658691e-02
-2.918684184551239014e-01
-2.592317759990692139e-01
-5.525365471839904785e-02
1.119531542062759399e-01
3.980091959238052368e-02
-2.078268080949783325e-01
-4.780052900314331055e-01
-5.473919510841369629e-01
-3.465285003185272217e-01
1.261839270591735840e-01
7.375459671020507812e-01
1.322454452514648438e+00
1.618607401847839355e+00
1.407362222671508789e+00
6.015737652778625488e-01
-5.515807867050170898e-01
-1.541248798370361328e+00
-1.807135462760925293e+00
-1.133120417594909668e+00
1.712882816791534424e-01
1.393543958663940430e+00
1.874180197715759277e+00
1.440402150154113770e+00
5.052088499069213867e-01
-2.415516674518585205e-01
-3.738216757774353027e-01
-7.021576166152954102e-03
2.999943494796752930e-01
4.718446731567382812e-02
-8.303080797195434570e-01
-1.845689177513122559e+00
-2.366539001464843750e+00
-2.014911174774169922e+00
-9.700869321823120117e-01
2.609739303588867188e-01
1.131759881973266602e+00
1.441377878189086914e+00
1.272573113441467285e+00
8.866893053054809570e-01
4.206584990024566650e-01
-5.640079081058502197e-02
-5.525968670845031738e-01
-9.505796432495117188e-01
-1.146796226501464844e+00
-1.052717208862304688e+00
-7.890593409538269043e-01
-5.007642507553100586e-01
-3.397343754768371582e-01
-2.498373985290527344e-01
-1.784432530403137207e-01
-8.391615748405456543e-02
-1.295062452554702759e-01
-4.208578467369079590e-01
-9.319914579391479492e-01
-1.290282964706420898e+00
-1.106458663940429688e+00
-1.861575841903686523e-01
1.119136571884155273e+00
2.178102254867553711e+00
2.393625497817993164e+00
1.745882987976074219e+00
7.095364332199096680e-01
3.199497237801551819e-03
-5.205087363719940186e-02
3.563956618309020996e-01
6.437138319015502930e-01
4.563997685909271240e-01
-1.114242374897003174e-01
-5.009343624114990234e-01
-2.806838750839233398e-01
5.489941835403442383e-01
1.431345462799072266e+00
1.783139586448669434e+00
1.376609802246093750e+00
5.830044150352478027e-01
-4.555046558380126953e-02
-2.011355161666870117e-01
-1.414455473423004150e-01
-3.789741396903991699e-01
-1.230306863784790039e+00
-2.405881643295288086e+00
-3.207885742187500000e+00
-3.019176959991455078e+00
-1.853397369384765625e+00
-3.619903922080993652e-01
5.812003016471862793e-01
5.191639661788940430e-01
-2.988778650760650635e-01
-1.124136686325073242e+00
-1.263098001480102539e+00
-5.389990806579589844e-01
6.567414999008178711e-01
1.670864105224609375e+00
2.032288074493408203e+00
1.652236223220825195e+00
7.896286249160766602e-01
-2.022710144519805908e-01
-9.936785697937011719e-01
-1.377791166305541992e+00
-1.199215173721313477e+00
-4.633402824401855469e-01
6.696882843971252441e-01
1.771885871887207031e+00
2.394392967224121094e+00
2.201581239700317383e+00
1.290958404541015625e+00
4.598665237426757812e-02
-9.516766667366027832e-01
-1.353999257087707520e+00
-1.046276807785034180e+00
-2.684753537178039551e-01
7.099702954292297363e-01
1.528496742248535156e+00
1.968760967254638672e+00
1.764345407485961914e+00
8.905026912689208984e-01
-5.353538990020751953e-01
-1.976722240447998047e+00
-2.879714012145996094e+00
-2.754649400711059570e+00
-1.722370147705078125e+00
-2.655612230300903320e-01
8.171217441558837891e-01
1.141743898391723633e+00
7.127045392990112305e-01
1.047613918781280518e-01
-2.371447235345840454e-01
-4.826280474662780762e-02
3.611087501049041748e-01
6.949837207794189453e-01
6.570104956626892090e-01
4.401922821998596191e-01
2.247004657983779907e-01
2.726889848709106445e-01
4.114154875278472900e-01
5.196843743324279785e-01
3.586333394050598145e-01
1.236281394958496094e-01
-6.082761287689208984e-02
6.549668312072753906e-02
3.268592059612274170e-01
6.028233766555786133e-01
6.110948920249938965e-01
5.128824114799499512e-01
4.146916270256042480e-01
6.211231946945190430e-01
9.782244563102722168e-01
1.351804375648498535e+00
1.347451925277709961e+00
1.008984327316284180e+00
3.733475506305694580e-01
-1.767849624156951904e-01
-6.141899228096008301e-01
-8.173606395721435547e-01
-9.973058104515075684e-01
-1.040336966514587402e+00
-1.018115758895874023e+00
-7.707828283309936523e-01
-5.664319992065429688e-01
-5.132951736450195312e-01
-8.964533209800720215e-01
-1.420628905296325684e+00
-1.787135601043701172e+00
-1.425014257431030273e+00
-4.097884893417358398e-01
9.799116849899291992e-01
1.948628544807434082e+00
