-3.321268856525421143e-01
-3.810459375381469727e-01
-2.369280457496643066e-01
-2.801253795623779297e-01
-5.263904333114624023e-01
-7.005871534347534180e-01
-7.206648588180541992e-01
-5.847989320755004883e-01
-5.793118476867675781e-01
-7.755353450775146484e-01
-1.087502360343933105e+00
-1.065603256225585938e+00
-4.514898061752319336e-01
7.460860013961791992e-01
1.943167448043823242e+00
2.533261775970458984e+00
2.103778362274169922e+00
9.542770981788635254e-01
-2.719066739082336426e-01
-8.191745877265930176e-01
-4.958773255348205566e-01
4.252496957778930664e-01
1.255012750625610352e+00
1.525846004486083984e+00
1.073123931884765625e+00
2.129830867052078247e-01
-6.911855936050415039e-01
-1.270516395568847656e+00
-1.420789957046508789e+00
-1.078032493591308594e+00
-3.584505915641784668e-01
5.883011221885681152e-01
1.381759762763977051e+00
1.671227455139160156e+00
1.216931700706481934e+00
2.466917335987091064e-01
-7.095077037811279297e-01
-1.011430740356445312e+00
-4.649497866630554199e-01
5.912877321243286133e-01
1.380917787551879883e+00
1.315673470497131348e+00
3.369044065475463867e-01
-9.490538835525512695e-01
-1.774702906608581543e+00
-1.678988695144653320e+00
-8.668191432952880859e-01
5.562099814414978027e-02
4.904493093490600586e-01
3.087327778339385986e-01
-1.910746097564697266e-01
-5.588012933731079102e-01
-6.085983514785766602e-01
-4.905522465705871582e-01
-5.169802904129028320e-01
-8.100449442863464355e-01
-1.180021286010742188e+00
-1.244300484657287598e+00
-7.426393628120422363e-01
2.722482085227966309e-01
1.459234118461608887e+00
2.403163433074951172e+00
2.828424692153930664e+00
2.662197351455688477e+00
1.997063279151916504e+00
1.005230307579040527e+00
-5.156409740447998047e-02
-8.638248443603515625e-01
-1.131695628166198730e+00
-7.858697175979614258e-01
-7.566854357719421387e-02
4.560498595237731934e-01
3.341906666755676270e-01
-5.426532030105590820e-01
-1.715259909629821777e+00
-2.478133201599121094e+00
-2.287838935852050781e+00
-1.212122082710266113e+00
1.648470163345336914e-01
1.072440147399902344e+00
1.129188179969787598e+00
4.762717485427856445e-01
-3.215390443801879883e-01
-7.902321815490722656e-01
-7.605887651443481445e-01
-4.515232443809509277e-01
-9.495586156845092773e-02
2.162208408117294312e-01
6.394827961921691895e-01
1.261229515075683594e+00
1.985596656799316406e+00
2.424841880798339844e+00
2.263209581375122070e+00
1.413293123245239258e+00
2.051874548196792603e-01
-9.358112215995788574e-01
-1.669443964958190918e+00
-2.009241580963134766e+00
-2.085108995437622070e+00
-2.031191587448120117e+00
-1.723639845848083496e+00
-1.022974252700805664e+00
9.282551705837249756e-02
1.251207113265991211e+00
1.937038064002990723e+00
1.716636180877685547e+00
6.756102442741394043e-01
-6.857483386993408203e-01
-1.631747364997863770e+00
-1.740913867950439453e+00
-1.025469303131103516e+00
2.233713865280151367e-02
8.815264105796813965e-01
1.206617355346679688e+00
1.063183307647705078e+00
6.930947303771972656e-01
4.022044539451599121e-01
2.817096412181854248e-01
3.069224953651428223e-01
3.191992640495300293e-01
2.430323213338851929e-01
3.631086647510528564e-02
-2.141753435134887695e-01
-4.353322982788085938e-01
-5.291857719421386719e-01
-5.104830861091613770e-01
-4.331367909908294678e-01
-4.407405853271484375e-01
-5.889927148818969727e-01
-8.349187374114990234e-01
-9.526945352554321289e-01
-7.217376232147216797e-01
-4.502755403518676758e-02
8.650900125503540039e-01
1.616819620132446289e+00
1.819686651229858398e+00
1.394524455070495605e+00
5.972356796264648438e-01
-1.140765398740768433e-01
-4.199750423431396484e-01
-3.150664567947387695e-01
-8.495080471038818359e-02
-2.727115154266357422e-02
-2.180250883102416992e-01
-4.615045785903930664e-01
-4.885578453540802002e-01
-2.011854946613311768e-01
2.353205680847167969e-01
5.304159522056579590e-01
5.137370824813842773e-01
2.445316314697265625e-01
-6.312763690948486328e-02
-2.745856940746307373e-01
-4.319984316825866699e-01
-7.029739618301391602e-01
-1.133320331573486328e+00
-1.570423603057861328e+00
-1.710643887519836426e+00
-1.416900992393493652e+00
-8.268852233886718750e-01
-3.385890424251556396e-01
-2.211737334728240967e-01
-4.260385036468505859e-01
-5.160361528396606445e-01
-9.759852290153503418e-02
8.895907402038574219e-01
1.957142353057861328e+00
2.477514743804931641e+00
2.069792509078979492e+00
1.032681107521057129e+00
5.918405950069427490e-02
-1.463936865329742432e-01
4.811089932918548584e-01
1.425576329231262207e+00
1.833937048912048340e+00
1.277037262916564941e+00
-5.981734767556190491e-02
-1.358971118927001953e+00
-1.874982476234436035e+00
-1.285051822662353516e+00
-3.166481852531433105e-02
1.150733232498168945e+00
1.554369211196899414e+00
1.068652153015136719e+00
5.101263523101806641e-03
-9.735214710235595703e-01
-1.431554555892944336e+00
-1.166806221008300781e+00
-4.421817660331726074e-01
4.042793214321136475e-01
9.276435375213623047e-01
9.762232303619384766e-01
5.132917165756225586e-01
-1.544473618268966675e-01
-7.477682828903198242e-01
-9.239257574081420898e-01
-6.969347000122070312e-01
-2.117646634578704834e-01
1.039611846208572388e-01
3.547476232051849365e-02
-4.973083138465881348e-01
-1.137955904006958008e+00
-1.542293667793273926e+00
-1.354306817054748535e+00
-6.732426881790161133e-01
2.523292303085327148e-01
9.215614199638366699e-01
1.113326668739318848e+00
7.287267446517944336e-01
7.487967610359191895e-02
-5.767451524734497070e-01
-8.496133685111999512e-01
-6.877587437629699707e-01
-8.598548173904418945e-02
6.429876089096069336e-01
1.280038475990295410e+00
1.520778894424438477e+00
