-1.150426864624023438e+00
-1.109147429466247559e+00
-1.408880650997161865e-01
8.762138485908508301e-01
1.646612286567687988e+00
1.854983329772949219e+00
1.700042486190795898e+00
1.408664822578430176e+00
1.334987163543701172e+00
1.369472622871398926e+00
1.342614293098449707e+00
9.106430411338806152e-01
1.764244735240936279e-01
-6.399313211441040039e-01
-1.076948642730712891e+00
-1.076280832290649414e+00
-7.414312362670898438e-01
-5.022417306900024414e-01
-4.726877212524414062e-01
-6.139930486679077148e-01
-5.285255312919616699e-01
-8.345304429531097412e-02
6.765186786651611328e-01
1.270212650299072266e+00
1.371298313140869141e+00
8.022840023040771484e-01
-1.090855747461318970e-01
-1.020104408264160156e+00
-1.570289015769958496e+00
-1.797163963317871094e+00
-1.778127193450927734e+00
-1.713879704475402832e+00
-1.570701360702514648e+00
-1.401809573173522949e+00
-1.219022393226623535e+00
-1.239586234092712402e+00
-1.499418497085571289e+00
-1.909501314163208008e+00
-2.041421651840209961e+00
-1.596990704536437988e+00
-5.146120786666870117e-01
7.228202819824218750e-01
1.536892414093017578e+00
1.509927749633789062e+00
8.712807297706604004e-01
2.035013139247894287e-01
1.390497386455535889e-01
7.230248451232910156e-01
1.478694319725036621e+00
1.635045528411865234e+00
8.521895408630371094e-01
-6.031634807586669922e-01
-1.902774095535278320e+00
-2.342636823654174805e+00
-1.716436147689819336e+00
-5.188300609588623047e-01
5.422922372817993164e-01
9.531351923942565918e-01
7.697573900222778320e-01
3.843823075294494629e-01
2.305962443351745605e-01
3.950681984424591064e-01
6.906476020812988281e-01
8.233765959739685059e-01
7.045112252235412598e-01
4.347397685050964355e-01
2.103422284126281738e-01
9.455728530883789062e-02
3.540086746215820312e-02
-5.498218536376953125e-02
-1.312017440795898438e-01
-5.765216797590255737e-02
2.698545455932617188e-01
7.601383328437805176e-01
1.169427633285522461e+00
1.271839737892150879e+00
1.063256382942199707e+00
7.660551071166992188e-01
6.319344639778137207e-01
7.043650746345520020e-01
7.479483485221862793e-01
4.576249420642852783e-01
-2.526213526725769043e-01
-1.094630479812622070e+00
-1.599871397018432617e+00
-1.467823863029479980e+00
-8.686488866806030273e-01
-3.356695175170898438e-01
-3.912105560302734375e-01
-1.081027507781982422e+00
-1.894697427749633789e+00
-2.064981222152709961e+00
-1.165274143218994141e+00
5.556724071502685547e-01
2.227670431137084961e+00
2.932244777679443359e+00
2.248409271240234375e+00
5.547055006027221680e-01
-1.268454313278198242e+00
-2.353982925415039062e+00
-2.379491567611694336e+00
-1.610802888870239258e+00
-6.461875438690185547e-01
7.112032175064086914e-02
4.496234059333801270e-01
7.115082144737243652e-01
1.047537803649902344e+00
1.431690454483032227e+00
1.592589974403381348e+00
1.312370538711547852e+00
6.284286975860595703e-01
-8.038309216499328613e-02
-3.699057698249816895e-01
-1.273375749588012695e-02
7.856701612472534180e-01
1.551868319511413574e+00
1.839298248291015625e+00
1.562864303588867188e+00
1.005811452865600586e+00
6.085448265075683594e-01
5.977031588554382324e-01
8.412733674049377441e-01
9.470311403274536133e-01
6.095039248466491699e-01
-1.419459730386734009e-01
-9.272042512893676758e-01
-1.302497863769531250e+00
-1.085980653762817383e+00
-5.056198835372924805e-01
-2.341568470001220703e-02
1.230150461196899414e-02
-3.754462301731109619e-01
-8.150864839553833008e-01
-8.874505758285522461e-01
-4.371360242366790771e-01
2.945629656314849854e-01
8.748250007629394531e-01
9.730218052864074707e-01
6.168739795684814453e-01
1.032723560929298401e-01
-2.073952704668045044e-01
-1.969207525253295898e-01
4.422098398208618164e-03
1.143455803394317627e-01
-1.091772317886352539e-02
-3.373758792877197266e-01
-6.450439691543579102e-01
-7.842189073562622070e-01
-7.007065415382385254e-01
-5.094862580299377441e-01
-2.803615927696228027e-01
-6.318420171737670898e-02
1.984830051660537720e-01
4.518151879310607910e-01
6.091847419738769531e-01
4.793881773948669434e-01
4.327774047851562500e-02
-5.928562879562377930e-01
-1.096716880798339844e+00
-1.233839869499206543e+00
-8.765197992324829102e-01
-2.180733233690261841e-01
5.039345622062683105e-01
9.953005313873291016e-01
1.202893137931823730e+00
1.124345183372497559e+00
9.339774250984191895e-01
7.084747552871704102e-01
6.070448756217956543e-01
6.435223817825317383e-01
8.731445670127868652e-01
1.122668981552124023e+00
1.236860394477844238e+00
9.481985569000244141e-01
2.894341647624969482e-01
-5.739274621009826660e-01
-1.174193620681762695e+00
-1.259191274642944336e+00
-7.594624757766723633e-01
-9.652608633041381836e-02
3.228250145912170410e-01
1.522376835346221924e-01
-4.110129177570343018e-01
-1.031782269477844238e+00
-1.252642273902893066e+00
-1.089144945144653320e+00
-7.388935685157775879e-01
-6.586191058158874512e-01
-9.326269030570983887e-01
-1.490393877029418945e+00
-1.927105307579040527e+00
-2.118824243545532227e+00
-2.022360801696777344e+00
-1.925459980964660645e+00
-1.853456854820251465e+00
-1.789098620414733887e+00
-1.412369608879089355e+00
-7.177288532257080078e-01
1.927323192358016968e-01
8.423413634300231934e-01
1.066634416580200195e+00
8.643141984939575195e-01
7.249673604965209961e-01
8.943926095962524414e-01
1.432483077049255371e+00
1.792433977127075195e+00
1.571956396102905273e+00
5.760189294815063477e-01
-5.967632532119750977e-01
-1.251708626747131348e+00
-7.655357718467712402e-01
5.749655365943908691e-01
2.052243947982788086e+00
2.635335922241210938e+00
2.010322570800781250e+00
4.158360064029693604e-01
-1.215305328369140625e+00
