-1.631148457527160645e-01
-1.786765754222869873e-01
1.663966774940490723e-01
2.844266891479492188e-01
1.075416207313537598e-01
-2.169512212276458740e-01
-4.395323395729064941e-01
-3.617388606071472168e-01
5.422577261924743652e-03
4.708628058433532715e-01
7.861229777336120605e-01
8.508836030960083008e-01
7.625765800476074219e-01
7.451792955398559570e-01
9.311972260475158691e-01
1.239805817604064941e+00
1.384171009063720703e+00
1.091779708862304688e+00
3.083893060684204102e-01
-7.017767429351806641e-01
-1.516732096672058105e+00
-1.807138204574584961e+00
-1.559994697570800781e+00
-1.052814006805419922e+00
-6.561995744705200195e-01
-5.584775209426879883e-01
-6.796452999114990234e-01
-7.690492868423461914e-01
-6.546735763549804688e-01
-3.873170912265777588e-01
-2.029116004705429077e-01
-2.972852885723114014e-01
-6.479516625404357910e-01
-9.955068230628967285e-01
-1.042608022689819336e+00
-6.819391846656799316e-01
-8.961424231529235840e-02
4.136566519737243652e-01
6.022247672080993652e-01
5.061075091361999512e-01
3.522230386734008789e-01
3.624212145805358887e-01
5.743061304092407227e-01
8.454978466033935547e-01
1.016215920448303223e+00
1.077782034873962402e+00
1.175193667411804199e+00
1.433478236198425293e+00
1.776627063751220703e+00
1.904612183570861816e+00
1.509309172630310059e+00
5.376964807510375977e-01
-6.901336908340454102e-01
-1.659684896469116211e+00
-1.986181497573852539e+00
-1.670590162277221680e+00
-1.046183943748474121e+00
-5.175215601921081543e-01
-2.609160244464874268e-01
-1.810445487499237061e-01
-9.359595179557800293e-02
1.170509308576583862e-02
-6.417593359947204590e-02
-5.356988310813903809e-01
-1.324778676033020020e+00
-2.000735282897949219e+00
-2.012287855148315430e+00
-1.138963460922241211e+00
2.803393304347991943e-01
1.483614921569824219e+00
1.805508375167846680e+00
1.119390487670898438e+00
-5.598822236061096191e-02
-9.608667492866516113e-01
-1.108731269836425781e+00
-6.125462055206298828e-01
2.059078216552734375e-02
3.255138099193572998e-01
2.928640246391296387e-01
3.085061907768249512e-01
7.956802845001220703e-01
1.759753942489624023e+00
2.743217706680297852e+00
3.112543106079101562e+00
2.573596954345703125e+00
1.368729829788208008e+00
1.266449987888336182e-01
-6.347641348838806152e-01
-8.211925029754638672e-01
-7.876762151718139648e-01
-9.483354091644287109e-01
-1.442935824394226074e+00
-1.996590495109558105e+00
-2.197076797485351562e+00
-1.806551933288574219e+00
-9.811564683914184570e-01
-1.017302870750427246e-01
4.798625409603118896e-01
6.973094344139099121e-01
6.912705302238464355e-01
6.526440382003784180e-01
6.089650988578796387e-01
4.901005625724792480e-01
2.402782440185546875e-01
-6.665706634521484375e-03
-3.893476724624633789e-02
2.788140177726745605e-01
7.942869663238525391e-01
1.168648362159729004e+00
1.075528740882873535e+00
5.061377286911010742e-01
-2.411200106143951416e-01
-7.314574718475341797e-01
-7.550271153450012207e-01
-4.340301752090454102e-01
-1.513430923223495483e-01
-2.042126655578613281e-01
-6.257697939872741699e-01
-1.140707850456237793e+00
-1.439357995986938477e+00
-1.368124246597290039e+00
-1.043797731399536133e+00
-6.656966805458068848e-01
-3.642098605632781982e-01
-7.242730259895324707e-02
3.202870488166809082e-01
8.376906514167785645e-01
1.285953998565673828e+00
1.406484127044677734e+00
1.041875720024108887e+00
3.309744000434875488e-01
-3.788334727287292480e-01
-6.951606869697570801e-01
-4.526052474975585938e-01
2.422367334365844727e-01
1.054411768913269043e+00
1.654005527496337891e+00
1.835107564926147461e+00
1.614129066467285156e+00
1.137065887451171875e+00
6.307871341705322266e-01
2.729565501213073730e-01
1.685895621776580811e-01
2.801551818847656250e-01
4.733838438987731934e-01
5.459975600242614746e-01
3.711078166961669922e-01
-5.570049583911895752e-02
-5.824300646781921387e-01
-1.035230875015258789e+00
-1.311870813369750977e+00
-1.452137112617492676e+00
-1.527185082435607910e+00
-1.532128334045410156e+00
-1.310884475708007812e+00
-7.073556780815124512e-01
2.436077594757080078e-01
1.164446115493774414e+00
1.496702075004577637e+00
8.373988866806030273e-01
-6.887523531913757324e-01
-2.400266647338867188e+00
-3.386911392211914062e+00
-3.080702781677246094e+00
-1.617645859718322754e+00
2.173712998628616333e-01
1.509576916694641113e+00
1.774581670761108398e+00
1.232289314270019531e+00
5.508058667182922363e-01
3.276052474975585938e-01
6.512578725814819336e-01
1.110114574432373047e+00
1.179084777832031250e+00
6.938931941986083984e-01
3.786683082580566406e-03
-2.933408021926879883e-01
1.550493687391281128e-01
1.141978979110717773e+00
1.997678160667419434e+00
2.057309627532958984e+00
1.140369892120361328e+00
-2.988621890544891357e-01
-1.460744261741638184e+00
-1.718922734260559082e+00
-1.014215946197509766e+00
1.333902627229690552e-01
9.822555780410766602e-01
1.025138735771179199e+00
2.674564123153686523e-01
-8.389055132865905762e-01
-1.704881429672241211e+00
-1.947896957397460938e+00
-1.550936937332153320e+00
-8.069295883178710938e-01
-9.522858262062072754e-02
3.163686692714691162e-01
3.797146677970886230e-01
2.192249894142150879e-01
2.979573607444763184e-02
-5.391034483909606934e-02
-2.524971961975097656e-03
9.349328279495239258e-02
1.067731231451034546e-01
-6.718483567237854004e-02
-4.251274466514587402e-01
-8.574117422103881836e-01
-1.168389558792114258e+00
-1.182574510574340820e+00
-8.140974640846252441e-01
-1.392467916011810303e-01
6.424769163131713867e-01
1.264183282852172852e+00
1.519911408424377441e+00
1.330769538879394531e+00
7.932760715484619141e-01
1.155399978160858154e-01
