-1.257750689983367920e-01
-1.256414055824279785e-01
1.101497054100036621e+00
2.107385873794555664e+00
2.596314191818237305e+00
2.549967527389526367e+00
2.192527532577514648e+00
1.704537630081176758e+00
1.131083011627197266e+00
4.010299146175384521e-01
-4.450066685676574707e-01
-1.204046487808227539e+00
-1.570420265197753906e+00
-1.414165019989013672e+00
-8.775791525840759277e-01
-3.220356106758117676e-01
-2.715745568275451660e-02
-2.860727906227111816e-02
-1.144499331712722778e-01
-1.074947118759155273e-01
-4.429532587528228760e-02
-2.010770440101623535e-01
-7.982111573219299316e-01
-1.756169795989990234e+00
-2.627782106399536133e+00
-2.893776416778564453e+00
-2.306029796600341797e+00
-1.098862648010253906e+00
1.841693520545959473e-01
1.025014519691467285e+00
1.240664482116699219e+00
9.772188067436218262e-01
5.300036072731018066e-01
9.565408527851104736e-02
-2.508262395858764648e-01
-4.732074439525604248e-01
-4.729230105876922607e-01
-1.710643023252487183e-01
3.377493917942047119e-01
7.041323184967041016e-01
5.196311473846435547e-01
-3.696106076240539551e-01
-1.631817817687988281e+00
-2.603446483612060547e+00
-2.714788198471069336e+00
-1.914284467697143555e+00
-7.023522853851318359e-01
2.393156290054321289e-01
5.822942256927490234e-01
5.613718628883361816e-01
7.321627736091613770e-01
1.421342372894287109e+00
2.382062673568725586e+00
2.916536808013916016e+00
2.430335521697998047e+00
9.223190546035766602e-01
-9.451248645782470703e-01
-2.308678388595581055e+00
-2.674061536788940430e+00
-2.205993652343750000e+00
-1.471514821052551270e+00
-9.489141702651977539e-01
-6.710293292999267578e-01
-3.335643708705902100e-01
3.157998323440551758e-01
1.137161970138549805e+00
1.682838439941406250e+00
1.573377847671508789e+00
8.830466270446777344e-01
1.213826239109039307e-01
-1.462930142879486084e-01
2.174632549285888672e-01
8.048980236053466797e-01
9.592429399490356445e-01
3.267390429973602295e-01
-8.558769822120666504e-01
-1.880693197250366211e+00
-2.081772327423095703e+00
-1.257742881774902344e+00
1.987414807081222534e-01
1.616699576377868652e+00
2.431162834167480469e+00
2.467725276947021484e+00
1.882725238800048828e+00
1.002470016479492188e+00
1.193991899490356445e-01
-5.384964346885681152e-01
-8.405522108078002930e-01
-7.525402307510375977e-01
-4.352493286132812500e-01
-1.910095959901809692e-01
-3.395584821701049805e-01
-9.333309531211853027e-01
-1.677615046501159668e+00
-2.040105819702148438e+00
-1.667097210884094238e+00
-6.482188701629638672e-01
4.446233510971069336e-01
9.973192811012268066e-01
7.726292610168457031e-01
1.629436314105987549e-01
-1.403310298919677734e-01
3.592244684696197510e-01
1.485139608383178711e+00
2.518833637237548828e+00
2.649852991104125977e+00
1.639872193336486816e+00
-2.531729638576507568e-02
-1.383942604064941406e+00
-1.706353783607482910e+00
-9.102842211723327637e-01
3.456444740295410156e-01
1.189972877502441406e+00
1.041780829429626465e+00
2.125859260559082031e-02
-1.251395106315612793e+00
-1.990693807601928711e+00
-1.784489750862121582e+00
-7.043966054916381836e-01
7.045710086822509766e-01
1.825657367706298828e+00
2.183070182800292969e+00
1.723616838455200195e+00
7.090420126914978027e-01
-3.429204225540161133e-01
-1.004992127418518066e+00
-1.045071125030517578e+00
-6.181274056434631348e-01
-6.528776884078979492e-02
2.058450579643249512e-01
5.858516693115234375e-02
-3.986357450485229492e-01
-8.146435022354125977e-01
-9.364550113677978516e-01
-6.806216835975646973e-01
-2.582116425037384033e-01
1.011316850781440735e-01
2.206275612115859985e-01
1.860527247190475464e-01
1.469061523675918579e-01
2.900165319442749023e-01
6.046102046966552734e-01
1.018837571144104004e+00
1.351335525512695312e+00
1.524974346160888672e+00
1.451846957206726074e+00
1.163361072540283203e+00
6.821807026863098145e-01
1.885476857423782349e-01
-1.245861202478408813e-01
-1.859758794307708740e-02
4.839292764663696289e-01
1.138858795166015625e+00
1.438875079154968262e+00
1.044621586799621582e+00
-6.249618530273437500e-02
-1.362192749977111816e+00
-2.190403223037719727e+00
-2.036973237991333008e+00
-1.016227602958679199e+00
3.069615364074707031e-01
1.147354602813720703e+00
1.112830281257629395e+00
2.894351482391357422e-01
-7.484571337699890137e-01
-1.470316290855407715e+00
-1.579803586006164551e+00
-1.239067077636718750e+00
-7.304333448410034180e-01
-3.492528796195983887e-01
-1.186073496937751770e-01
4.302829504013061523e-03
1.404043138027191162e-01
2.582565248012542725e-01
3.548332750797271729e-01
3.793273270130157471e-01
4.054705500602722168e-01
4.245225787162780762e-01
4.289354383945465088e-01
2.809700965881347656e-01
-4.649427533149719238e-02
-5.243102312088012695e-01
-9.398742914199829102e-01
-1.159278869628906250e+00
-1.105461835861206055e+00
-9.294836521148681641e-01
-7.462474703788757324e-01
-6.522881388664245605e-01
-5.400320887565612793e-01
-3.383434414863586426e-01
-4.675328731536865234e-03
2.973294854164123535e-01
4.433709681034088135e-01
3.592765331268310547e-01
2.041566669940948486e-01
1.191204264760017395e-01
1.946081519126892090e-01
2.663992643356323242e-01
1.788759827613830566e-01
-1.315313279628753662e-01
-4.078566730022430420e-01
-3.468923568725585938e-01
2.411729097366333008e-01
1.105840802192687988e+00
1.781037569046020508e+00
1.802768588066101074e+00
1.172014951705932617e+00
2.773919105529785156e-01
-2.772403955459594727e-01
-2.231315970420837402e-01
2.838269174098968506e-01
6.980969905853271484e-01
6.071175336837768555e-01
-6.173145771026611328e-02
-9.280549287796020508e-01
-1.564414501190185547e+00
-1.729698181152343750e+00
