-1.499835699796676636e-01
-1.234023272991180420e-01
-2.151075899600982666e-01
-1.212029010057449341e-01
3.986290097236633301e-02
2.125796079635620117e-01
3.531121015548706055e-01
5.199514627456665039e-01
6.875838637351989746e-01
8.305500149726867676e-01
8.568533658981323242e-01
7.765049934387207031e-01
5.838869810104370117e-01
2.930325269699096680e-01
-2.075503468513488770e-01
-9.690462946891784668e-01
-1.910250782966613770e+00
-2.635883569717407227e+00
-2.684550285339355469e+00
-1.792193174362182617e+00
-2.793079614639282227e-01
1.097658634185791016e+00
1.528972744941711426e+00
8.111891746520996094e-01
-5.011250972747802734e-01
-1.380990505218505859e+00
-1.144295334815979004e+00
6.233853474259376526e-02
1.281434774398803711e+00
1.535703539848327637e+00
5.747724175453186035e-01
-8.223918676376342773e-01
-1.475547313690185547e+00
-7.066178917884826660e-01
1.025094866752624512e+00
2.463536977767944336e+00
2.493502140045166016e+00
1.081737041473388672e+00
-6.807736158370971680e-01
-1.381223678588867188e+00
-4.395276308059692383e-01
1.424376845359802246e+00
2.698568820953369141e+00
2.289388656616210938e+00
3.882836401462554932e-01
-1.618135094642639160e+00
-2.216822147369384766e+00
-9.315763711929321289e-01
1.279731750488281250e+00
2.743874788284301758e+00
2.323779582977294922e+00
2.622073292732238770e-01
-2.023553848266601562e+00
-3.005402803421020508e+00
-2.140083074569702148e+00
-1.915519833564758301e-01
1.421003341674804688e+00
1.672574281692504883e+00
6.103081703186035156e-01
-8.381532430648803711e-01
-1.637631535530090332e+00
-1.408158063888549805e+00
-5.557470917701721191e-01
1.720944046974182129e-01
3.471712470054626465e-01
1.106250286102294922e-01
-4.106779396533966064e-02
2.113302946090698242e-01
7.477476596832275391e-01
1.103331327438354492e+00
9.315195083618164062e-01
2.890690565109252930e-01
-3.584325015544891357e-01
-5.439476966857910156e-01
-1.236592084169387817e-01
5.800782442092895508e-01
1.082181572914123535e+00
1.046537280082702637e+00
5.437496304512023926e-01
-1.063236743211746216e-01
-5.649459362030029297e-01
-7.642796635627746582e-01
-8.534739017486572266e-01
-1.063088893890380859e+00
-1.426752567291259766e+00
-1.772041916847229004e+00
-1.787103414535522461e+00
-1.301016688346862793e+00
-3.675363063812255859e-01
6.801236867904663086e-01
1.451550126075744629e+00
1.621047735214233398e+00
1.123823165893554688e+00
1.025049090385437012e-01
-1.103952050209045410e+00
-2.153702735900878906e+00
-2.743221998214721680e+00
-2.746870279312133789e+00
-2.161007165908813477e+00
-1.149093985557556152e+00
7.584869861602783203e-02
1.228110313415527344e+00
2.070777654647827148e+00
2.400819540023803711e+00
2.189559459686279297e+00
1.560005664825439453e+00
8.385969400405883789e-01
3.656786382198333740e-01
3.790114521980285645e-01
7.901127338409423828e-01
1.253495216369628906e+00
1.297434091567993164e+00
6.889553666114807129e-01
-4.195223748683929443e-01
-1.468623399734497070e+00
-1.865205526351928711e+00
-1.314174890518188477e+00
-9.769880026578903198e-02
1.112604618072509766e+00
1.608379602432250977e+00
1.140430331230163574e+00
3.081643581390380859e-02
-9.904086589813232422e-01
-1.304007411003112793e+00
-7.533405423164367676e-01
2.339970618486404419e-01
9.914888143539428711e-01
1.025023221969604492e+00
3.586976826190948486e-01
-5.574165582656860352e-01
-1.155911326408386230e+00
-1.179682970046997070e+00
-7.987700700759887695e-01
-4.668676257133483887e-01
-5.171869993209838867e-01
-9.149266481399536133e-01
-1.251794219017028809e+00
-1.085165739059448242e+00
-2.837978601455688477e-01
7.995352745056152344e-01
1.540187001228332520e+00
1.446573972702026367e+00
5.172137022018432617e-01
-7.384443283081054688e-01
-1.615683794021606445e+00
-1.666164875030517578e+00
-9.649656414985656738e-01
-1.801279187202453613e-02
6.057621240615844727e-01
6.592811942100524902e-01
3.270506262779235840e-01
3.360543400049209595e-02
8.445966243743896484e-02
4.585489928722381592e-01
8.478277325630187988e-01
9.413070082664489746e-01
6.534250378608703613e-01
1.893756985664367676e-01
-1.638354361057281494e-01
-2.434963732957839966e-01
-1.455373167991638184e-01
-7.751893997192382812e-02
-2.008465826511383057e-01
-4.687291979789733887e-01
-7.275191545486450195e-01
-8.221309185028076172e-01
-7.586706876754760742e-01
-6.117687225341796875e-01
-4.574641287326812744e-01
-2.341925799846649170e-01
1.343950927257537842e-01
6.566342711448669434e-01
1.121859788894653320e+00
1.266262412071228027e+00
9.221280813217163086e-01
2.626608908176422119e-01
-3.227545022964477539e-01
-4.088153839111328125e-01
9.647589921951293945e-02
9.481714963912963867e-01
1.657716512680053711e+00
1.897260546684265137e+00
1.612645387649536133e+00
1.076839447021484375e+00
5.655119419097900391e-01
2.493104636669158936e-01
6.664049625396728516e-02
-3.104099631309509277e-02
-4.991053044795989990e-02
1.418041735887527466e-01
5.469560027122497559e-01
1.025062799453735352e+00
1.231704950332641602e+00
9.641003608703613281e-01
2.635214328765869141e-01
-4.706054925918579102e-01
-8.565877676010131836e-01
-7.195923328399658203e-01
-3.311932682991027832e-01
-8.465523272752761841e-02
-2.733530104160308838e-01
-7.499835491180419922e-01
-1.163719773292541504e+00
-1.169293165206909180e+00
-8.387907743453979492e-01
-5.006359219551086426e-01
-5.565983057022094727e-01
-1.004838824272155762e+00
-1.516961336135864258e+00
-1.579471707344055176e+00
-1.027538061141967773e+00
-8.312976360321044922e-02
6.980038285255432129e-01
9.747262597084045410e-01
7.651156783103942871e-01
5.171324014663696289e-01
6.082854270935058594e-01
