-3.912881016731262207e-01
-3.936669230461120605e-01
-7.248507142066955566e-01
-4.564496874809265137e-01
2.778465449810028076e-01
8.331217765808105469e-01
7.898815274238586426e-01
2.584804594516754150e-02
-8.918452262878417969e-01
-1.355894446372985840e+00
-9.096732735633850098e-01
1.366804242134094238e-01
1.153766155242919922e+00
1.376241564750671387e+00
6.930199861526489258e-01
-5.288940668106079102e-01
-1.476192831993103027e+00
-1.712735056877136230e+00
-1.222173690795898438e+00
-5.879118442535400391e-01
-2.663068771362304688e-01
-4.412706196308135986e-01
-6.781128644943237305e-01
-5.231732726097106934e-01
3.043585121631622314e-01
1.435502052307128906e+00
2.308241128921508789e+00
2.376729488372802734e+00
1.716376781463623047e+00
7.652662992477416992e-01
1.821033656597137451e-01
1.824205368757247925e-01
5.971003770828247070e-01
8.788136243820190430e-01
7.212212085723876953e-01
1.307533681392669678e-01
-4.431903958320617676e-01
-6.336461305618286133e-01
-2.992485463619232178e-01
2.358784228563308716e-01
5.797541141510009766e-01
4.378533661365509033e-01
-5.714471638202667236e-02
-5.912488698959350586e-01
-7.925809025764465332e-01
-5.868502259254455566e-01
-1.013545691967010498e-01
3.610291481018066406e-01
6.104074716567993164e-01
5.470975637435913086e-01
2.226713895797729492e-01
-3.173597157001495361e-01
-9.707882404327392578e-01
-1.620730400085449219e+00
-2.058557987213134766e+00
-2.113247871398925781e+00
-1.721293687820434570e+00
-1.039134502410888672e+00
-3.405863046646118164e-01
1.297285258769989014e-01
3.366748690605163574e-01
4.486031234264373779e-01
6.931351423263549805e-01
1.159083604812622070e+00
1.702499985694885254e+00
2.060873985290527344e+00
2.029630899429321289e+00
1.637247323989868164e+00
1.080970168113708496e+00
6.130163669586181641e-01
3.279988169670104980e-01
1.940148770809173584e-01
8.730906248092651367e-02
-5.116820335388183594e-03
-4.511260986328125000e-02
5.043867230415344238e-02
1.944889128208160400e-01
2.257856875658035278e-01
-6.029146164655685425e-02
-6.149531006813049316e-01
-1.196377992630004883e+00
-1.389866471290588379e+00
-1.009268045425415039e+00
-1.534643918275833130e-01
6.894286274909973145e-01
1.065706729888916016e+00
7.198744416236877441e-01
-9.604020416736602783e-02
-9.264736771583557129e-01
-1.268296480178833008e+00
-1.040414094924926758e+00
-4.662664532661437988e-01
-5.973191559314727783e-02
-1.159943565726280212e-01
-6.828329563140869141e-01
-1.373788952827453613e+00
-1.794594287872314453e+00
-1.615844011306762695e+00
-9.398326873779296875e-01
-3.657981753349304199e-02
6.497827172279357910e-01
9.499658942222595215e-01
8.542539477348327637e-01
6.704047322273254395e-01
6.053826808929443359e-01
8.132777214050292969e-01
1.101498723030090332e+00
1.264874339103698730e+00
1.039124965667724609e+00
4.961292743682861328e-01
-1.865263581275939941e-01
-6.291044950485229492e-01
-7.032938003540039062e-01
-4.202078580856323242e-01
-1.319074928760528564e-01
-8.642322570085525513e-02
-4.506180882453918457e-01
-9.690485596656799316e-01
-1.318625688552856445e+00
-1.108889222145080566e+00
-3.579944968223571777e-01
6.931120753288269043e-01
1.486892938613891602e+00
1.668568730354309082e+00
1.078271627426147461e+00
5.411338806152343750e-02
-9.474760293960571289e-01
-1.376696109771728516e+00
-1.066396594047546387e+00
-1.040360331535339355e-01
1.022099614143371582e+00
1.871197223663330078e+00
2.071977138519287109e+00
1.694555878639221191e+00
9.993050694465637207e-01
4.508638083934783936e-01
2.450072765350341797e-01
3.531330227851867676e-01
3.680216670036315918e-01
-4.749329388141632080e-02
-1.059448599815368652e+00
-2.329361438751220703e+00
-3.331538677215576172e+00
-3.507787704467773438e+00
-2.774439096450805664e+00
-1.440081357955932617e+00
-1.566429585218429565e-01
6.226015090942382812e-01
7.658063769340515137e-01
6.044920682907104492e-01
5.125801563262939453e-01
7.204075455665588379e-01
1.051479816436767578e+00
1.198464035987854004e+00
9.008561372756958008e-01
2.615494132041931152e-01
-4.055150151252746582e-01
-7.262728214263916016e-01
-6.119582653045654297e-01
-2.265012860298156738e-01
9.863549470901489258e-02
1.859414577484130859e-01
6.891669332981109619e-02
-2.794788777828216553e-02
6.122335046529769897e-02
3.446892797946929932e-01
6.574706435203552246e-01
8.416018486022949219e-01
8.539403676986694336e-01
7.861016392707824707e-01
7.345172762870788574e-01
6.841346025466918945e-01
5.063396692276000977e-01
6.599243730306625366e-02
-6.231976747512817383e-01
-1.388644218444824219e+00
-1.959155678749084473e+00
-2.153946638107299805e+00
-1.916285514831542969e+00
-1.344115614891052246e+00
-5.471593141555786133e-01
3.198865652084350586e-01
1.112137675285339355e+00
1.576886892318725586e+00
1.516030907630920410e+00
8.478922843933105469e-01
-1.335914582014083862e-01
-9.056152105331420898e-01
-8.569948673248291016e-01
2.071087956428527832e-01
1.982238531112670898e+00
3.633155822753906250e+00
4.366947174072265625e+00
3.746947765350341797e+00
2.075182437896728516e+00
4.297554492950439453e-02
-1.523702740669250488e+00
-2.252811908721923828e+00
-2.151245355606079102e+00
-1.623552083969116211e+00
-9.719232916831970215e-01
-4.380351901054382324e-01
-2.322053909301757812e-02
1.466848850250244141e-01
-7.429778575897216797e-03
-6.424871683120727539e-01
-1.571392893791198730e+00
-2.450169563293457031e+00
-2.699671983718872070e+00
-2.089205741882324219e+00
-7.147877812385559082e-01
7.785012722015380859e-01
1.797573328018188477e+00
1.922824025154113770e+00
1.381756186485290527e+00
6.148170232772827148e-01
1.995050460100173950e-01
