5.090726166963577271e-02
7.945435494184494019e-02
4.929283559322357178e-01
2.129245698451995850e-01
-6.271996498107910156e-01
-1.402915239334106445e+00
-1.545544385910034180e+00
-8.111466169357299805e-01
4.201539158821105957e-01
1.526405811309814453e+00
1.938081979751586914e+00
1.610448956489562988e+00
8.669181466102600098e-01
2.225217819213867188e-01
-1.185369193553924561e-01
-2.493609488010406494e-01
-5.001080036163330078e-01
-9.744876027107238770e-01
-1.498647928237915039e+00
-1.631424903869628906e+00
-1.142164111137390137e+00
-1.649689823389053345e-01
7.294552922248840332e-01
1.012985944747924805e+00
5.103605389595031738e-01
-3.456119000911712646e-01
-8.810347318649291992e-01
-5.706591010093688965e-01
4.967742264270782471e-01
1.744253396987915039e+00
2.421505928039550781e+00
2.177777767181396484e+00
1.185212373733520508e+00
3.052242845296859741e-02
-7.892427444458007812e-01
-1.109750270843505859e+00
-1.162118911743164062e+00
-1.216591596603393555e+00
-1.346271753311157227e+00
-1.312218785285949707e+00
-8.554186224937438965e-01
5.509820580482482910e-02
1.059102535247802734e+00
1.655923962593078613e+00
1.515368580818176270e+00
7.588440179824829102e-01
-1.520454287528991699e-01
-7.020568847656250000e-01
-6.864802241325378418e-01
-2.793826162815093994e-01
1.183589100837707520e-01
1.971120238304138184e-01
-9.569363296031951904e-02
-5.743360519409179688e-01
-9.986621141433715820e-01
-1.219442486763000488e+00
-1.208447456359863281e+00
-9.947090148925781250e-01
-6.121224761009216309e-01
-1.287062168121337891e-01
3.150045275688171387e-01
5.285568237304687500e-01
4.171569347381591797e-01
9.089908003807067871e-02
-1.434575319290161133e-01
-2.604025602340698242e-02
4.202840924263000488e-01
7.942020893096923828e-01
5.956056118011474609e-01
-3.849252164363861084e-01
-1.755437135696411133e+00
-2.707054853439331055e+00
-2.488113403320312500e+00
-9.920228719711303711e-01
1.138931035995483398e+00
2.853755474090576172e+00
3.422126770019531250e+00
2.845557451248168945e+00
1.828928828239440918e+00
1.149973154067993164e+00
1.109768271446228027e+00
1.294937372207641602e+00
1.036051988601684570e+00
-1.964893937110900879e-02
-1.473595142364501953e+00
-2.466706037521362305e+00
-2.253268480300903320e+00
-8.568249940872192383e-01
9.482856392860412598e-01
2.072619915008544922e+00
1.908190250396728516e+00
6.349769830703735352e-01
-8.926307559013366699e-01
-1.832976102828979492e+00
-1.823776006698608398e+00
-1.186650156974792480e+00
-5.032978653907775879e-01
-2.241301834583282471e-01
-3.296374678611755371e-01
-5.459290146827697754e-01
-5.815171599388122559e-01
-4.409188330173492432e-01
-2.852575182914733887e-01
-2.807848453521728516e-01
-3.277267217636108398e-01
-2.047218084335327148e-01
2.784591317176818848e-01
9.860354661941528320e-01
1.576148986816406250e+00
1.672055721282958984e+00
1.232078909873962402e+00
5.293070673942565918e-01
2.730634622275829315e-02
-3.681631386280059814e-02
2.461751401424407959e-01
4.697122573852539062e-01
3.016951084136962891e-01
-3.228012919425964355e-01
-1.075219869613647461e+00
-1.525950193405151367e+00
-1.361248135566711426e+00
-6.277436017990112305e-01
4.003845453262329102e-01
1.346911311149597168e+00
1.986202597618103027e+00
2.213899135589599609e+00
2.044688701629638672e+00
1.476841807365417480e+00
5.790740251541137695e-01
-4.904162287712097168e-01
-1.385389804840087891e+00
-1.744722485542297363e+00
-1.362550258636474609e+00
-4.274271130561828613e-01
5.525071620941162109e-01
9.678114652633666992e-01
5.263385772705078125e-01
-5.683375597000122070e-01
-1.666214704513549805e+00
-2.092071533203125000e+00
-1.539962291717529297e+00
-3.172433972358703613e-01
8.601251840591430664e-01
1.276227712631225586e+00
6.790879368782043457e-01
-5.954191088676452637e-01
-1.818797826766967773e+00
-2.326615810394287109e+00
-1.871178746223449707e+00
-7.154861092567443848e-01
5.966536998748779297e-01
1.579157710075378418e+00
2.034253597259521484e+00
2.050021409988403320e+00
1.813311219215393066e+00
1.439939737319946289e+00
9.243386387825012207e-01
2.597469091415405273e-01
-4.600051045417785645e-01
-1.010012269020080566e+00
-1.187680959701538086e+00
-9.402880668640136719e-01
-4.436632692813873291e-01
4.815703630447387695e-02
3.482282161712646484e-01
4.828051328659057617e-01
5.858228802680969238e-01
7.747032642364501953e-01
9.777852296829223633e-01
1.025929808616638184e+00
7.696043252944946289e-01
2.954958677291870117e-01
-1.474180519580841064e-01
-2.687084674835205078e-01
-2.814072370529174805e-02
3.729703128337860107e-01
5.715847015380859375e-01
3.893571496009826660e-01
-1.005913168191909790e-01
-5.669369101524353027e-01
-7.702900171279907227e-01
-6.812200546264648438e-01
-5.660012960433959961e-01
-6.519301533699035645e-01
-9.782820940017700195e-01
-1.247807860374450684e+00
-1.165256023406982422e+00
-6.436259746551513672e-01
-5.151894688606262207e-02
1.115819811820983887e-01
-4.889304041862487793e-01
-1.586249113082885742e+00
-2.503771305084228516e+00
-2.468178033828735352e+00
-1.269345164299011230e+00
6.407581567764282227e-01
2.255951166152954102e+00
2.730970382690429688e+00
1.771587610244750977e+00
-7.867263257503509521e-02
-1.900509119033813477e+00
-2.797767400741577148e+00
-2.477051258087158203e+00
-1.180144786834716797e+00
4.109258651733398438e-01
1.694908499717712402e+00
2.262467384338378906e+00
2.124123096466064453e+00
1.458315253257751465e+00
6.383348703384399414e-01
-5.240657925605773926e-02
-3.474895358085632324e-01
-2.343942224979400635e-01
1.822728514671325684e-01
5.728850960731506348e-01
7.026692032814025879e-01
4.318859577178955078e-01
