-6.625821590423583984e-01
-6.976681351661682129e-01
-2.368393838405609131e-01
-1.191471815109252930e-01
-2.714751958847045898e-01
-4.279966652393341064e-01
-2.234914004802703857e-01
3.568300604820251465e-01
1.066524147987365723e+00
1.436019062995910645e+00
1.254603624343872070e+00
6.094621419906616211e-01
-4.901665449142456055e-02
-3.638200759887695312e-01
-2.010219097137451172e-01
1.432400345802307129e-01
3.053770959377288818e-01
1.183313131332397461e-02
-5.930496454238891602e-01
-1.162627696990966797e+00
-1.265392541885375977e+00
-7.869687080383300781e-01
1.146194338798522949e-01
9.861382842063903809e-01
1.450778007507324219e+00
1.283264994621276855e+00
6.157931089401245117e-01
-2.599328160285949707e-01
-9.354573488235473633e-01
-1.183723211288452148e+00
-9.533604979515075684e-01
-4.788361489772796631e-01
-4.477165639400482178e-02
9.161417931318283081e-02
-3.800496459007263184e-02
-2.034868001937866211e-01
-3.625458478927612305e-02
6.246536374092102051e-01
1.647236347198486328e+00
2.560412645339965820e+00
2.896543741226196289e+00
2.430035829544067383e+00
1.405542135238647461e+00
3.293812870979309082e-01
-3.108758032321929932e-01
-4.196733832359313965e-01
-2.853903472423553467e-01
-3.859233558177947998e-01
-9.662325978279113770e-01
-1.880502700805664062e+00
-2.657597064971923828e+00
-2.884877681732177734e+00
-2.484116077423095703e+00
-1.787010312080383301e+00
-1.255385160446166992e+00
-1.153034329414367676e+00
-1.353413224220275879e+00
-1.486087799072265625e+00
-1.244719862937927246e+00
-6.420847177505493164e-01
1.134240813553333282e-02
3.779336214065551758e-01
3.753352761268615723e-01
2.583486437797546387e-01
3.930959701538085938e-01
9.459939002990722656e-01
1.683404922485351562e+00
2.125901222229003906e+00
1.864368557929992676e+00
9.123516082763671875e-01
-2.960434257984161377e-01
-1.130757570266723633e+00
-1.203830838203430176e+00
-5.542008876800537109e-01
3.717287182807922363e-01
1.091377377510070801e+00
1.338882446289062500e+00
1.233360290527343750e+00
1.053613901138305664e+00
1.038824796676635742e+00
1.142877697944641113e+00
1.159276723861694336e+00
8.465497493743896484e-01
2.176150679588317871e-01
-5.172834396362304688e-01
-1.002610921859741211e+00
-1.053620100021362305e+00
-6.775208115577697754e-01
-1.350624859333038330e-01
3.316422998905181885e-01
5.452743768692016602e-01
5.534121990203857422e-01
4.326849877834320068e-01
2.953417301177978516e-01
1.156708002090454102e-01
-1.033037751913070679e-01
-3.747178018093109131e-01
-5.698036551475524902e-01
-6.157914996147155762e-01
-4.755162596702575684e-01
-3.385713100433349609e-01
-4.019379615783691406e-01
-8.282505273818969727e-01
-1.441844940185546875e+00
-1.882451653480529785e+00
-1.677571535110473633e+00
-7.001005411148071289e-01
7.870615124702453613e-01
2.071283102035522461e+00
2.507176160812377930e+00
1.795459747314453125e+00
3.505432009696960449e-01
-1.022005677223205566e+00
-1.454527616500854492e+00
-6.752179861068725586e-01
9.378222227096557617e-01
2.436604738235473633e+00
2.994459152221679688e+00
2.244751930236816406e+00
5.940350294113159180e-01
-1.201720237731933594e+00
-2.363343238830566406e+00
-2.626105070114135742e+00
-2.131536960601806641e+00
-1.331753730773925781e+00
-5.108003616333007812e-01
2.065037190914154053e-01
9.031010866165161133e-01
1.500607490539550781e+00
1.809725999832153320e+00
1.507140517234802246e+00
5.485848784446716309e-01
-8.077028393745422363e-01
-1.957257032394409180e+00
-2.419606685638427734e+00
-2.028661966323852539e+00
-1.155426263809204102e+00
-3.317147493362426758e-01
-2.457402646541595459e-03
-1.370340734720230103e-01
-4.187845587730407715e-01
-4.211374521255493164e-01
-4.767847806215286255e-02
5.194144248962402344e-01
8.958511352539062500e-01
9.199514985084533691e-01
6.819273233413696289e-01
5.305912494659423828e-01
6.834396123886108398e-01
1.134551286697387695e+00
1.577582836151123047e+00
1.742406606674194336e+00
1.526222944259643555e+00
1.136094808578491211e+00
8.220261335372924805e-01
7.412124872207641602e-01
7.763684988021850586e-01
7.403800487518310547e-01
5.010234117507934570e-01
1.666002273559570312e-01
-8.171373605728149414e-02
-1.248815357685089111e-01
-9.162881970405578613e-02
-2.008395791053771973e-01
-5.847800970077514648e-01
-1.062359571456909180e+00
-1.269574284553527832e+00
-9.089563488960266113e-01
-8.093851804733276367e-02
7.321712374687194824e-01
9.330958724021911621e-01
2.665854692459106445e-01
-9.834999442100524902e-01
-2.131837368011474609e+00
-2.559695243835449219e+00
-2.111895561218261719e+00
-1.178217053413391113e+00
-3.808408081531524658e-01
-1.311253309249877930e-01
-3.847854733467102051e-01
-7.504321336746215820e-01
-8.559131622314453125e-01
-6.264030933380126953e-01
-3.140666782855987549e-01
-2.154594957828521729e-01
-4.149037599563598633e-01
-6.797928810119628906e-01
-6.880241632461547852e-01
-2.709387838840484619e-01
4.120496213436126709e-01
1.039814233779907227e+00
1.330293416976928711e+00
1.266990184783935547e+00
9.948462247848510742e-01
6.941038370132446289e-01
3.699912130832672119e-01
-3.475189954042434692e-02
-5.446975827217102051e-01
-9.528398513793945312e-01
-9.842941164970397949e-01
-4.555009007453918457e-01
4.401494264602661133e-01
1.273817777633666992e+00
1.582417130470275879e+00
1.292880296707153320e+00
7.041170597076416016e-01
3.478305637836456299e-01
4.780386686325073242e-01
9.504753947257995605e-01
1.233345270156860352e+00
9.317013025283813477e-01
2.204626798629760742e-02
-9.929242730140686035e-01
-1.552535653114318848e+00
-1.343202948570251465e+00
-6.354973912239074707e-01
4.442816972732543945e-02
