-4.142666757106781006e-01
-4.085810780525207520e-01
-6.710375547409057617e-01
-6.606169939041137695e-01
-3.888893723487854004e-01
7.115080952644348145e-04
2.297392785549163818e-01
2.489029467105865479e-01
9.069846570491790771e-02
-9.653300046920776367e-02
-3.443285226821899414e-01
-6.798900365829467773e-01
-1.124659061431884766e+00
-1.427905917167663574e+00
-1.324342727661132812e+00
-6.527557373046875000e-01
3.043080568313598633e-01
1.070739388465881348e+00
1.213632583618164062e+00
8.306929469108581543e-01
4.050013720989227295e-01
5.199291706085205078e-01
1.222168207168579102e+00
1.993678927421569824e+00
2.023695230484008789e+00
9.932838678359985352e-01
-6.344506740570068359e-01
-1.757188558578491211e+00
-1.498648881912231445e+00
1.682382225990295410e-01
2.237475395202636719e+00
3.396635770797729492e+00
2.868427038192749023e+00
1.004652500152587891e+00
-1.045668363571166992e+00
-2.093321323394775391e+00
-1.741204857826232910e+00
-4.927788972854614258e-01
6.827957034111022949e-01
1.115389466285705566e+00
7.736958265304565430e-01
1.483289003372192383e-01
-2.741894721984863281e-01
-3.561924099922180176e-01
-3.185642063617706299e-01
-4.063048064708709717e-01
-6.229945421218872070e-01
-7.229198217391967773e-01
-4.907654821872711182e-01
4.319757223129272461e-03
4.002314209938049316e-01
2.951292693614959717e-01
-4.382541477680206299e-01
-1.551230788230895996e+00
-2.559714555740356445e+00
-3.039816856384277344e+00
-2.801500558853149414e+00
-1.933984041213989258e+00
-6.749897003173828125e-01
6.552734971046447754e-01
1.743919253349304199e+00
2.291830301284790039e+00
2.162511825561523438e+00
1.447387695312500000e+00
5.336673259735107422e-01
-1.192014366388320923e-01
-1.933292746543884277e-01
2.332217842340469360e-01
8.088775873184204102e-01
1.115289449691772461e+00
1.027641654014587402e+00
7.026073932647705078e-01
4.556829333305358887e-01
3.906785249710083008e-01
3.740583956241607666e-01
1.134397685527801514e-01
-4.454023241996765137e-01
-1.060634970664978027e+00
-1.246107697486877441e+00
-7.338300943374633789e-01
3.543471097946166992e-01
1.454667806625366211e+00
2.008729934692382812e+00
1.740358710289001465e+00
8.875352144241333008e-01
-1.080483794212341309e-01
-8.299363255500793457e-01
-1.201981067657470703e+00
-1.314892292022705078e+00
-1.330466508865356445e+00
-1.227225661277770996e+00
-9.814581871032714844e-01
-6.071110963821411133e-01
-3.501452803611755371e-01
-4.247609376907348633e-01
-8.920549154281616211e-01
-1.419740915298461914e+00
-1.565000176429748535e+00
-9.957272410392761230e-01
1.216375827789306641e-01
1.295254707336425781e+00
1.925228238105773926e+00
1.804407119750976562e+00
1.128842353820800781e+00
4.130804240703582764e-01
4.767701029777526855e-03
-2.306780219078063965e-02
6.942754983901977539e-02
7.374352216720581055e-02
-6.805354356765747070e-02
-1.536638438701629639e-01
-4.530081152915954590e-02
2.479328513145446777e-01
4.549702107906341553e-01
3.589232265949249268e-01
-8.729150891304016113e-02
-5.982758998870849609e-01
-8.467571735382080078e-01
-6.323430538177490234e-01
-1.340727657079696655e-01
2.847862243652343750e-01
2.438214421272277832e-01
-3.065017461776733398e-01
-1.124747037887573242e+00
-1.745612740516662598e+00
-1.829985737800598145e+00
-1.272196292877197266e+00
-3.082767128944396973e-01
7.031217217445373535e-01
1.412283778190612793e+00
1.707048177719116211e+00
1.672479152679443359e+00
1.548815369606018066e+00
1.486522436141967773e+00
1.474522948265075684e+00
1.290578722953796387e+00
7.275735139846801758e-01
-2.335222959518432617e-01
-1.270700335502624512e+00
-1.893048286437988281e+00
-1.728298902511596680e+00
-8.504545688629150391e-01
2.197781056165695190e-01
7.990111112594604492e-01
5.296565294265747070e-01
-3.602375090122222900e-01
-1.179436683654785156e+00
-1.270598173141479492e+00
-4.961721897125244141e-01
6.346170306205749512e-01
1.315473079681396484e+00
1.027656674385070801e+00
-9.653697907924652100e-02
-1.353615999221801758e+00
-1.978909730911254883e+00
-1.633024692535400391e+00
-6.002034544944763184e-01
4.976893663406372070e-01
1.101293444633483887e+00
1.050257205963134766e+00
5.155199766159057617e-01
-1.751275509595870972e-01
-7.894502878189086914e-01
-1.158140540122985840e+00
-1.166115164756774902e+00
-6.753497719764709473e-01
2.736366987228393555e-01
1.406283617019653320e+00
2.182290792465209961e+00
2.180547952651977539e+00
1.358983874320983887e+00
2.524567842483520508e-01
-4.258145689964294434e-01
-2.037146091461181641e-01
6.848286390304565430e-01
1.524619102478027344e+00
1.529875874519348145e+00
5.211391448974609375e-01
-1.030090570449829102e+00
-2.222485065460205078e+00
-2.447620391845703125e+00
-1.645699739456176758e+00
-3.762102723121643066e-01
7.377768754959106445e-01
1.271395802497863770e+00
1.261425137519836426e+00
8.706442117691040039e-01
3.155579566955566406e-01
-3.500211536884307861e-01
-9.495805501937866211e-01
-1.257045626640319824e+00
-9.428938031196594238e-01
-1.548790931701660156e-02
1.188180208206176758e+00
1.974948167800903320e+00
1.907013893127441406e+00
9.898763298988342285e-01
-1.401913166046142578e-01
-8.292132616043090820e-01
-7.337504625320434570e-01
-2.162270247936248779e-01
1.399182379245758057e-01
-1.222109943628311157e-01
-7.897295951843261719e-01
-1.327758073806762695e+00
-1.186716437339782715e+00
-4.521085619926452637e-01
3.674948215484619141e-01
5.847337245941162109e-01
6.415614485740661621e-02
-8.292357325553894043e-01
-1.345774769783020020e+00
-1.105878829956054688e+00
-1.937538981437683105e-01
7.810037136077880859e-01
1.355363607406616211e+00
1.365918159484863281e+00
