4.428471624851226807e-01
4.152972698211669922e-01
-4.089257121086120605e-02
-6.623599529266357422e-01
-1.100050449371337891e+00
-1.047551035881042480e+00
-4.741837382316589355e-01
3.592474460601806641e-01
1.040993332862854004e+00
1.276878714561462402e+00
1.026081681251525879e+00
4.944510757923126221e-01
-6.064182519912719727e-02
-4.702628552913665771e-01
-7.086391448974609375e-01
-7.859266996383666992e-01
-6.761621832847595215e-01
-3.141811490058898926e-01
2.666390538215637207e-01
8.554311990737915039e-01
1.109035134315490723e+00
7.952033877372741699e-01
8.909404277801513672e-04
-8.295607566833496094e-01
-1.162353038787841797e+00
-7.432016730308532715e-01
1.616252362728118896e-01
9.026532173156738281e-01
8.578321933746337891e-01
-1.168904304504394531e-01
-1.565071702003479004e+00
-2.696258783340454102e+00
-2.892240762710571289e+00
-2.074841737747192383e+00
-7.056188583374023438e-01
5.659815073013305664e-01
1.325902938842773438e+00
1.591259956359863281e+00
1.674156665802001953e+00
1.857453823089599609e+00
2.156927347183227539e+00
2.337715148925781250e+00
2.141137123107910156e+00
1.513324499130249023e+00
6.590887904167175293e-01
-1.101392507553100586e-01
-5.812478065490722656e-01
-7.480382919311523438e-01
-7.442245483398437500e-01
-7.066253423690795898e-01
-6.745393872261047363e-01
-6.208616495132446289e-01
-5.248980522155761719e-01
-4.318938255310058594e-01
-4.006715416908264160e-01
-4.377278685569763184e-01
-4.586488008499145508e-01
-3.779698014259338379e-01
-2.019875049591064453e-01
-8.665537834167480469e-02
-2.282017469406127930e-01
-7.149547338485717773e-01
-1.401073575019836426e+00
-1.971802234649658203e+00
-2.112863063812255859e+00
-1.721718072891235352e+00
-9.505465030670166016e-01
-1.137869954109191895e-01
5.272703766822814941e-01
8.771224021911621094e-01
1.022453546524047852e+00
1.090992212295532227e+00
1.152163386344909668e+00
1.168969154357910156e+00
1.084826707839965820e+00
8.926298618316650391e-01
6.856707930564880371e-01
5.816629528999328613e-01
6.603435277938842773e-01
8.817394971847534180e-01
1.130842208862304688e+00
1.244099020957946777e+00
1.105224847793579102e+00
6.637560129165649414e-01
-1.454338431358337402e-02
-7.696377635002136230e-01
-1.348338007926940918e+00
-1.514441132545471191e+00
-1.143623948097229004e+00
-3.497511744499206543e-01
5.414664149284362793e-01
1.105922818183898926e+00
1.063621759414672852e+00
4.138318300247192383e-01
-5.293722152709960938e-01
-1.328880548477172852e+00
-1.625801444053649902e+00
-1.319907069206237793e+00
-5.436788201332092285e-01
4.254440665245056152e-01
1.322155117988586426e+00
1.928130626678466797e+00
2.105114698410034180e+00
1.774212479591369629e+00
9.997180700302124023e-01
1.316745579242706299e-02
-7.940489053726196289e-01
-1.069766044616699219e+00
-7.018225193023681641e-01
3.730437159538269043e-02
6.394764184951782227e-01
6.527665257453918457e-01
2.115714550018310547e-02
-8.746606111526489258e-01
-1.448934197425842285e+00
-1.348222970962524414e+00
-7.023901343345642090e-01
-6.531298160552978516e-02
9.232193231582641602e-03
-6.380448341369628906e-01
-1.611322522163391113e+00
-2.248126506805419922e+00
-2.070507287979125977e+00
-1.137715816497802734e+00
2.445355057716369629e-02
7.941458821296691895e-01
9.075925946235656738e-01
5.893312096595764160e-01
3.442162871360778809e-01
5.202149152755737305e-01
1.047552466392517090e+00
1.492140650749206543e+00
1.428547501564025879e+00
7.817890644073486328e-01
-7.763200998306274414e-02
-6.064292192459106445e-01
-4.673975706100463867e-01
2.216675877571105957e-01
9.850389957427978516e-01
1.318317055702209473e+00
1.024997711181640625e+00
3.118048310279846191e-01
-3.793348670005798340e-01
-6.741507649421691895e-01
-4.568833410739898682e-01
1.220890283584594727e-01
8.051452040672302246e-01
1.368569970130920410e+00
1.683275222778320312e+00
1.675527811050415039e+00
1.303362607955932617e+00
5.943963527679443359e-01
-2.828929722309112549e-01
-1.024093151092529297e+00
-1.317290186882019043e+00
-1.043816089630126953e+00
-3.932169675827026367e-01
2.208606153726577759e-01
4.145643413066864014e-01
9.006972610950469971e-02
-5.129180550575256348e-01
-1.007388591766357422e+00
-1.159434437751770020e+00
-1.053227901458740234e+00
-9.995056390762329102e-01
-1.237756490707397461e+00
-1.695333480834960938e+00
-1.995136618614196777e+00
-1.747498512268066406e+00
-8.766909241676330566e-01
2.506630718708038330e-01
1.063897967338562012e+00
1.178744077682495117e+00
6.938691139221191406e-01
9.790971875190734863e-02
-1.003806591033935547e-01
2.158248424530029297e-01
6.922245025634765625e-01
7.818456888198852539e-01
2.239161431789398193e-01
-7.159137725830078125e-01
-1.394359469413757324e+00
-1.291301727294921875e+00
-4.146711230278015137e-01
6.459792256355285645e-01
1.156904101371765137e+00
7.790518999099731445e-01
-1.325893104076385498e-01
-7.824959754943847656e-01
-4.911401271820068359e-01
7.670077085494995117e-01
2.323203325271606445e+00
3.229140996932983398e+00
2.910099029541015625e+00
1.509894371032714844e+00
-2.146591991186141968e-01
-1.440917730331420898e+00
-1.772823810577392578e+00
-1.435771346092224121e+00
-9.828714132308959961e-01
-8.691063523292541504e-01
-1.119058251380920410e+00
-1.414901614189147949e+00
-1.392173647880554199e+00
-9.834309816360473633e-01
-4.450236558914184570e-01
-1.599566936492919922e-01
-2.900378704071044922e-01
-6.543367505073547363e-01
-8.306018114089965820e-01
-4.899320304393768311e-01
3.682547807693481445e-01
1.368087291717529297e+00
2.011672973632812500e+00
1.958360433578491211e+00
1.247826576232910156e+00
2.263051867485046387e-01
