-6.190002560615539551e-01
-6.706060171127319336e-01
1.084748029708862305e+00
2.272240400314331055e+00
2.338445663452148438e+00
1.545264244079589844e+00
6.104609966278076172e-01
2.209978997707366943e-01
3.909781575202941895e-01
6.415563225746154785e-01
3.836947679519653320e-01
-4.051890373229980469e-01
-1.236456394195556641e+00
-1.413088321685791016e+00
-7.514281868934631348e-01
3.358294367790222168e-01
1.041049242019653320e+00
9.045107364654541016e-01
6.509305536746978760e-02
-7.692266106605529785e-01
-9.807889461517333984e-01
-4.066556096076965332e-01
4.922363758087158203e-01
1.127555370330810547e+00
1.130568623542785645e+00
6.596443057060241699e-01
8.838987350463867188e-02
-2.374073863029479980e-01
-3.243893682956695557e-01
-3.518383800983428955e-01
-5.409838557243347168e-01
-8.824560642242431641e-01
-1.255458593368530273e+00
-1.474606871604919434e+00
-1.487573385238647461e+00
-1.285167813301086426e+00
-9.287285208702087402e-01
-4.460519254207611084e-01
3.010290861129760742e-02
3.309634923934936523e-01
2.652026414871215820e-01
-1.375300884246826172e-01
-6.290794014930725098e-01
-8.131548762321472168e-01
-5.141932964324951172e-01
9.291413426399230957e-02
5.195731520652770996e-01
3.957721590995788574e-01
-2.387604117393493652e-01
-8.725484609603881836e-01
-9.632290601730346680e-01
-3.702318668365478516e-01
4.339250028133392334e-01
7.458857297897338867e-01
1.762211620807647705e-01
-9.565379023551940918e-01
-1.869422793388366699e+00
-1.893619298934936523e+00
-1.044113397598266602e+00
1.708531379699707031e-02
5.074153542518615723e-01
1.995534896850585938e-01
-4.037479162216186523e-01
-4.797773361206054688e-01
3.776544630527496338e-01
1.785187602043151855e+00
2.815706014633178711e+00
2.728450775146484375e+00
1.544172525405883789e+00
4.308569431304931641e-02
-8.389594554901123047e-01
-7.007809281349182129e-01
7.702097296714782715e-02
6.940673589706420898e-01
5.730406641960144043e-01
-2.488180696964263916e-01
-1.239244103431701660e+00
-1.852619647979736328e+00
-1.914179563522338867e+00
-1.643038511276245117e+00
-1.324472069740295410e+00
-1.031471729278564453e+00
-5.946896076202392578e-01
1.188664883375167847e-01
9.902201294898986816e-01
1.658139944076538086e+00
1.829250097274780273e+00
1.519985914230346680e+00
1.067389965057373047e+00
7.979712486267089844e-01
7.553404569625854492e-01
6.370421051979064941e-01
1.408005356788635254e-01
-7.130440473556518555e-01
-1.461484193801879883e+00
-1.550562858581542969e+00
-7.615541219711303711e-01
5.232957601547241211e-01
1.578298807144165039e+00
1.810155987739562988e+00
1.196597099304199219e+00
2.278021574020385742e-01
-4.609809517860412598e-01
-5.862375497817993164e-01
-3.205372095108032227e-01
-8.826334774494171143e-02
-1.280677318572998047e-01
-3.368053138256072998e-01
-3.770844042301177979e-01
-6.772255897521972656e-02
4.374770522117614746e-01
6.989557147026062012e-01
3.773926794528961182e-01
-5.084745883941650391e-01
-1.519206523895263672e+00
-2.125570297241210938e+00
-2.021231174468994141e+00
-1.348849058151245117e+00
-5.248231887817382812e-01
1.459735631942749023e-02
1.244580149650573730e-01
-4.608273506164550781e-02
-1.730078458786010742e-01
-3.520913422107696533e-02
3.836672306060791016e-01
8.748466968536376953e-01
1.191023588180541992e+00
1.176449060440063477e+00
8.877864480018615723e-01
5.159536600112915039e-01
2.804878950119018555e-01
2.575666904449462891e-01
3.611620962619781494e-01
4.023167490959167480e-01
2.943309545516967773e-01
1.456122547388076782e-01
2.377977073192596436e-01
7.753443717956542969e-01
1.666445970535278320e+00
2.433189868927001953e+00
2.465012073516845703e+00
1.417592763900756836e+00
-4.745563864707946777e-01
-2.458978176116943359e+00
-3.668372392654418945e+00
-3.642421722412109375e+00
-2.567476987838745117e+00
-1.090283870697021484e+00
1.496776342391967773e-01
9.045259952545166016e-01
1.343058228492736816e+00
1.749781727790832520e+00
2.177861928939819336e+00
2.385212182998657227e+00
2.078495264053344727e+00
1.256001591682434082e+00
2.903642356395721436e-01
-3.104324042797088623e-01
-3.022453188896179199e-01
1.144419759511947632e-01
4.519811868667602539e-01
3.500100076198577881e-01
-1.754176318645477295e-01
-7.708631753921508789e-01
-1.095970630645751953e+00
-1.072284698486328125e+00
-8.984100818634033203e-01
-7.507116794586181641e-01
-5.939559936523437500e-01
-1.947182416915893555e-01
5.301312208175659180e-01
1.312680959701538086e+00
1.585080385208129883e+00
9.676461219787597656e-01
-3.821906149387359619e-01
-1.716898798942565918e+00
-2.249368190765380859e+00
-1.708689451217651367e+00
-6.274696588516235352e-01
1.007391214370727539e-01
-1.269207000732421875e-01
-1.082158684730529785e+00
-1.939768910408020020e+00
-1.880286455154418945e+00
-8.095632195472717285e-01
6.298691630363464355e-01
1.516114115715026855e+00
1.434727907180786133e+00
6.918473839759826660e-01
6.986761093139648438e-02
9.182268381118774414e-02
6.916190981864929199e-01
1.271386146545410156e+00
1.343290209770202637e+00
8.726977109909057617e-01
3.497356474399566650e-01
2.394007742404937744e-01
6.481793522834777832e-01
1.176795959472656250e+00
1.397654175758361816e+00
1.154419898986816406e+00
7.517473697662353516e-01
5.144721865653991699e-01
5.171599388122558594e-01
3.934668302536010742e-01
-1.914464086294174194e-01
-1.228451371192932129e+00
-2.142858982086181641e+00
-2.313353300094604492e+00
-1.500977396965026855e+00
-2.291234135627746582e-01
6.802855134010314941e-01
6.290656328201293945e-01
-1.715754270553588867e-01
-9.827945232391357422e-01
-1.025188088417053223e+00
-2.099455595016479492e-01
