1.762079298496246338e-01
1.690390259027481079e-01
-3.452111035585403442e-02
-1.216764375567436218e-01
-1.255178451538085938e-02
2.605392336845397949e-01
4.962029755115509033e-01
5.830451250076293945e-01
5.133796930313110352e-01
4.583983719348907471e-01
5.337204933166503906e-01
7.464073300361633301e-01
9.090018272399902344e-01
8.525297045707702637e-01
5.100186467170715332e-01
2.836675941944122314e-02
-4.196437299251556396e-01
-7.263793945312500000e-01
-9.670716524124145508e-01
-1.233720660209655762e+00
-1.525018692016601562e+00
-1.633199334144592285e+00
-1.319964766502380371e+00
-4.954251945018768311e-01
6.067514419555664062e-01
1.557458400726318359e+00
1.957182526588439941e+00
1.705691337585449219e+00
1.016878128051757812e+00
2.589545249938964844e-01
-3.083134293556213379e-01
-6.411786079406738281e-01
-8.500835299491882324e-01
-1.034374713897705078e+00
-1.182724714279174805e+00
-1.217270851135253906e+00
-1.106236815452575684e+00
-9.331570267677307129e-01
-8.240793943405151367e-01
-8.506456613540649414e-01
-9.473817348480224609e-01
-1.002379417419433594e+00
-9.390711784362792969e-01
-7.936422824859619141e-01
-6.067535877227783203e-01
-3.689600825309753418e-01
2.859061956405639648e-02
6.034094095230102539e-01
1.193875074386596680e+00
1.422142028808593750e+00
1.008240461349487305e+00
-6.276369094848632812e-04
-1.074901938438415527e+00
-1.561675310134887695e+00
-1.082492470741271973e+00
6.062487512826919556e-02
1.129556655883789062e+00
1.398791790008544922e+00
7.969355583190917969e-01
-9.953474998474121094e-02
-4.237510561943054199e-01
1.779709905385971069e-01
1.310520768165588379e+00
1.999905824661254883e+00
1.555690765380859375e+00
6.185418367385864258e-02
-1.504457831382751465e+00
-2.066013813018798828e+00
-1.121716856956481934e+00
7.591471076011657715e-01
2.482503890991210938e+00
3.096128463745117188e+00
2.562455177307128906e+00
1.558308959007263184e+00
1.002007842063903809e+00
1.192035675048828125e+00
1.759332180023193359e+00
1.892046928405761719e+00
1.168716907501220703e+00
-2.477899491786956787e-01
-1.613021612167358398e+00
-2.346710681915283203e+00
-2.306691646575927734e+00
-1.969241142272949219e+00
-1.819528818130493164e+00
-2.072557449340820312e+00
-2.361582756042480469e+00
-2.240118026733398438e+00
-1.442861318588256836e+00
-3.057878613471984863e-01
6.223037838935852051e-01
8.180233240127563477e-01
3.256272077560424805e-01
-4.742628335952758789e-01
-9.843640923500061035e-01
-9.774795770645141602e-01
-5.159593224525451660e-01
-2.050250768661499023e-03
3.378030657768249512e-01
4.328711628913879395e-01
5.296540856361389160e-01
7.748332619667053223e-01
1.228758811950683594e+00
1.643456697463989258e+00
1.808760285377502441e+00
1.528234481811523438e+00
9.240533113479614258e-01
1.705316901206970215e-01
-4.387193024158477783e-01
-8.230648040771484375e-01
-9.470009207725524902e-01
-9.619825482368469238e-01
-8.993027210235595703e-01
-8.073090314865112305e-01
-5.626308321952819824e-01
-1.500385999679565430e-01
4.438165724277496338e-01
9.954475164413452148e-01
1.314934968948364258e+00
1.195642709732055664e+00
7.340014576911926270e-01
1.514925658702850342e-01
-1.563791781663894653e-01
-1.255322992801666260e-02
5.858138203620910645e-01
1.310622692108154297e+00
1.873005747795104980e+00
2.046974420547485352e+00
1.924141645431518555e+00
1.631787896156311035e+00
1.327893257141113281e+00
9.312858581542968750e-01
3.647431433200836182e-01
-4.404017329216003418e-01
-1.271035671234130859e+00
-1.865719079971313477e+00
-1.974041938781738281e+00
-1.681067824363708496e+00
-1.246174454689025879e+00
-1.031344890594482422e+00
-1.120042443275451660e+00
-1.378567457199096680e+00
-1.478637814521789551e+00
-1.270770788192749023e+00
-7.884572744369506836e-01
-2.730624675750732422e-01
1.503700464963912964e-01
4.929560124874114990e-01
9.262654781341552734e-01
1.456876993179321289e+00
1.891210556030273438e+00
1.845152378082275391e+00
1.127661466598510742e+00
-1.065089404582977295e-01
-1.308298349380493164e+00
-1.935894727706909180e+00
-1.756804943084716797e+00
-1.048864603042602539e+00
-3.269306123256683350e-01
-1.772204041481018066e-02
-1.343961954116821289e-01
-3.901489675045013428e-01
-4.431993961334228516e-01
-2.176837921142578125e-01
1.070967018604278564e-01
2.748704552650451660e-01
2.265587449073791504e-01
1.252306997776031494e-01
2.113093733787536621e-01
5.529078245162963867e-01
9.898165464401245117e-01
1.269536495208740234e+00
1.262612462043762207e+00
1.042680621147155762e+00
7.693406939506530762e-01
5.159465670585632324e-01
2.067047953605651855e-01
-2.250960171222686768e-01
-6.712430119514465332e-01
-8.150446414947509766e-01
-3.987163901329040527e-01
5.060093998908996582e-01
1.377409100532531738e+00
1.579837441444396973e+00
8.013123869895935059e-01
-5.927192568778991699e-01
-1.789876937866210938e+00
-2.039711236953735352e+00
-1.262571454048156738e+00
-8.364021778106689453e-02
5.582935214042663574e-01
1.596078276634216309e-01
-1.033213973045349121e+00
-2.158253431320190430e+00
-2.451944589614868164e+00
-1.731728553771972656e+00
-5.551232099533081055e-01
3.274738788604736328e-01
4.781356155872344971e-01
1.406808793544769287e-01
-1.177158951759338379e-01
1.567490100860595703e-01
8.104238510131835938e-01
1.287035822868347168e+00
9.906828403472900391e-01
-1.209246814250946045e-01
-1.540039539337158203e+00
-2.430125474929809570e+00
-2.270148754119873047e+00
-1.070801973342895508e+00
5.678870081901550293e-01
1.945784568786621094e+00
2.542479515075683594e+00
2.322611570358276367e+00
1.526309847831726074e+00
5.591390132904052734e-01
-3.183725178241729736e-01
