5.131201073527336121e-02
3.965152427554130554e-03
3.025851845741271973e-01
4.171046912670135498e-01
1.692385822534561157e-01
-2.603196203708648682e-01
-6.516067385673522949e-01
-6.321334242820739746e-01
-1.735855638980865479e-01
5.799108743667602539e-01
1.137734413146972656e+00
1.192071676254272461e+00
6.087830662727355957e-01
-2.410518974065780640e-01
-9.116032719612121582e-01
-9.495806097984313965e-01
-3.949879407882690430e-01
4.482678472995758057e-01
1.006737589836120605e+00
1.003066062927246094e+00
4.318491816520690918e-01
-2.677212357521057129e-01
-6.979843378067016602e-01
-5.901027917861938477e-01
-1.414825171232223511e-01
3.067853152751922607e-01
3.474354743957519531e-01
-5.554150789976119995e-02
-7.063552141189575195e-01
-1.169808149337768555e+00
-1.220356464385986328e+00
-8.474559187889099121e-01
-4.002160727977752686e-01
-2.081851959228515625e-01
-4.863333106040954590e-01
-1.057403326034545898e+00
-1.579393744468688965e+00
-1.638694763183593750e+00
-1.108509778976440430e+00
-1.053555682301521301e-01
9.912587404251098633e-01
1.856572508811950684e+00
2.273941516876220703e+00
2.281783819198608398e+00
1.991563916206359863e+00
1.567087054252624512e+00
1.072000980377197266e+00
5.755345225334167480e-01
1.132271364331245422e-01
-2.257493585348129272e-01
-4.141087830066680908e-01
-4.763469994068145752e-01
-5.362648367881774902e-01
-6.729304194450378418e-01
-8.610842823982238770e-01
-9.006476998329162598e-01
-5.585871934890747070e-01
2.694541513919830322e-01
1.398524045944213867e+00
2.400444507598876953e+00
2.799427032470703125e+00
2.346312999725341797e+00
1.171394228935241699e+00
-2.783830761909484863e-01
-1.470836639404296875e+00
-2.064405202865600586e+00
-2.018644571304321289e+00
-1.558069944381713867e+00
-9.631502628326416016e-01
-4.356380999088287354e-01
-2.384965866804122925e-02
2.717451155185699463e-01
4.443908035755157471e-01
3.989824652671813965e-01
6.837685406208038330e-02
-5.515967607498168945e-01
-1.288351535797119141e+00
-1.909176945686340332e+00
-2.174313545227050781e+00
-2.023578882217407227e+00
-1.535806417465209961e+00
-9.379494786262512207e-01
-4.030063450336456299e-01
-3.207367658615112305e-02
2.550914883613586426e-01
5.600851178169250488e-01
9.857369065284729004e-01
1.461937069892883301e+00
1.845176339149475098e+00
1.908207654953002930e+00
1.567145824432373047e+00
8.639333248138427734e-01
5.786185711622238159e-02
-5.934218168258666992e-01
-8.659012317657470703e-01
-7.665961384773254395e-01
-4.105254709720611572e-01
-2.854909747838973999e-02
2.688079774379730225e-01
4.291763603687286377e-01
5.467211008071899414e-01
6.620336174964904785e-01
8.168801665306091309e-01
9.368920922279357910e-01
9.919930696487426758e-01
9.257015585899353027e-01
7.749083042144775391e-01
5.242812633514404297e-01
2.001080363988876343e-01
-2.237814664840698242e-01
-6.747808456420898438e-01
-1.077816605567932129e+00
-1.285943031311035156e+00
-1.272872686386108398e+00
-1.067947745323181152e+00
-8.337393999099731445e-01
-6.562474370002746582e-01
-5.678392052650451660e-01
-4.555813372135162354e-01
-2.621406316757202148e-01
7.049160194583237171e-04
1.514394581317901611e-01
5.010778084397315979e-02
-3.267579376697540283e-01
-7.488263845443725586e-01
-9.320164322853088379e-01
-6.809782385826110840e-01
-1.217742413282394409e-01
4.248293936252593994e-01
6.160966157913208008e-01
4.005097746849060059e-01
1.694735512137413025e-02
-1.342571228742599487e-01
1.535542011260986328e-01
7.638058662414550781e-01
1.296105623245239258e+00
1.391151785850524902e+00
9.689657688140869141e-01
3.074021339416503906e-01
-1.932644695043563843e-01
-2.729493677616119385e-01
1.348151825368404388e-02
3.958103358745574951e-01
6.201792359352111816e-01
6.383895874023437500e-01
5.994429588317871094e-01
6.692296266555786133e-01
8.633752465248107910e-01
9.945189952850341797e-01
8.351786136627197266e-01
2.727731168270111084e-01
-5.653426647186279297e-01
-1.423078536987304688e+00
-2.025722980499267578e+00
-2.249886274337768555e+00
-2.092778205871582031e+00
-1.670885920524597168e+00
-1.107716798782348633e+00
-5.799108743667602539e-01
-2.306837588548660278e-01
-1.955848187208175659e-01
-4.292057454586029053e-01
-7.527621984481811523e-01
-8.397312164306640625e-01
-5.103885531425476074e-01
2.116803973913192749e-01
9.732834100723266602e-01
1.413297891616821289e+00
1.300746321678161621e+00
8.133849501609802246e-01
2.881637811660766602e-01
9.216776490211486816e-02
2.438715696334838867e-01
5.645202398300170898e-01
7.407786250114440918e-01
7.386344671249389648e-01
6.855014562606811523e-01
8.692495822906494141e-01
1.283534526824951172e+00
1.724635720252990723e+00
1.770190954208374023e+00
1.295165657997131348e+00
4.573436379432678223e-01
-2.114748060703277588e-01
-3.730767965316772461e-01
2.549446187913417816e-02
5.158516764640808105e-01
6.474947333335876465e-01
1.482379585504531860e-01
-6.794215440750122070e-01
-1.395733714103698730e+00
-1.567615747451782227e+00
-1.287852168083190918e+00
-8.462810516357421875e-01
-6.658225655555725098e-01
-7.236843705177307129e-01
-8.043091893196105957e-01
-5.030750632286071777e-01
1.627768576145172119e-01
9.351885914802551270e-01
1.271051645278930664e+00
1.014521002769470215e+00
3.113379180431365967e-01
-2.480716854333877563e-01
-3.219116330146789551e-01
1.402782797813415527e-01
6.015576720237731934e-01
5.884580016136169434e-01
-1.793130040168762207e-01
-1.296604871749877930e+00
-2.186678886413574219e+00
-2.229032516479492188e+00
-1.429187893867492676e+00
-1.327298134565353394e-01
9.601543545722961426e-01
1.503115892410278320e+00
1.398729562759399414e+00
