9.062086343765258789e-01
8.931723833084106445e-01
7.172187566757202148e-01
2.454531788825988770e-01
-2.955695390701293945e-01
-7.097374796867370605e-01
-5.824867486953735352e-01
8.698293566703796387e-02
1.123458623886108398e+00
1.898756504058837891e+00
2.033278703689575195e+00
1.372976422309875488e+00
4.271544814109802246e-01
-2.498241364955902100e-01
-1.648482084274291992e-01
4.822511672973632812e-01
1.208542466163635254e+00
1.323694944381713867e+00
6.699396371841430664e-01
-5.433762669563293457e-01
-1.671839475631713867e+00
-2.312835931777954102e+00
-2.291074275970458984e+00
-1.897905111312866211e+00
-1.379595518112182617e+00
-9.760402441024780273e-01
-6.308402419090270996e-01
-3.731858730316162109e-01
-2.038042992353439331e-01
-3.014192283153533936e-01
-6.545950174331665039e-01
-1.155606031417846680e+00
-1.455532073974609375e+00
-1.370971798896789551e+00
-8.834422826766967773e-01
-3.227626085281372070e-01
1.846334338188171387e-02
-3.771689534187316895e-02
-3.015320897102355957e-01
-5.045560598373413086e-01
-4.054395556449890137e-01
-7.233780622482299805e-02
3.026754260063171387e-01
4.784175157546997070e-01
4.343180358409881592e-01
2.570431232452392578e-01
9.884072840213775635e-02
-3.439763188362121582e-02
-1.878258287906646729e-01
-3.997943997383117676e-01
-5.382336974143981934e-01
-4.042802751064300537e-01
1.258083432912826538e-01
9.023357629776000977e-01
1.560524702072143555e+00
1.717453122138977051e+00
1.267265796661376953e+00
4.759905338287353516e-01
-1.686027944087982178e-01
-2.743957936763763428e-01
1.930699944496154785e-01
9.058885574340820312e-01
1.374229073524475098e+00
1.287934780120849609e+00
6.631814241409301758e-01
-1.501298546791076660e-01
-7.223705053329467773e-01
-7.299574613571166992e-01
-1.596402078866958618e-01
7.579632997512817383e-01
1.597574234008789062e+00
1.981249809265136719e+00
1.663830995559692383e+00
7.145749926567077637e-01
-5.730241537094116211e-01
-1.707622051239013672e+00
-2.305631637573242188e+00
-2.180719375610351562e+00
-1.523326635360717773e+00
-6.928077340126037598e-01
-1.071677058935165405e-01
8.039650321006774902e-02
-6.691078841686248779e-02
-2.452364563941955566e-01
-2.389793992042541504e-01
4.828479886054992676e-02
4.322001934051513672e-01
6.888533234596252441e-01
5.849909186363220215e-01
1.333083510398864746e-01
-5.272740721702575684e-01
-1.080707907676696777e+00
-1.312864303588867188e+00
-1.087738513946533203e+00
-5.381582975387573242e-01
1.255795955657958984e-01
6.013644933700561523e-01
7.785657644271850586e-01
6.655120253562927246e-01
4.856279790401458740e-01
3.907372951507568359e-01
4.691316485404968262e-01
5.726368427276611328e-01
5.668227672576904297e-01
3.554749190807342529e-01
8.668444305658340454e-02
-5.491191148757934570e-02
8.640825748443603516e-02
3.884380459785461426e-01
6.200277805328369141e-01
5.356582403182983398e-01
1.916609257459640503e-01
-1.631057709455490112e-01
-1.909673511981964111e-01
1.515582501888275146e-01
6.180069446563720703e-01
7.583759427070617676e-01
3.512266278266906738e-01
-4.623705744743347168e-01
-1.172722220420837402e+00
-1.325853705406188965e+00
-7.809173464775085449e-01
1.435166895389556885e-01
9.788476824760437012e-01
1.389687180519104004e+00
1.395696163177490234e+00
1.200742721557617188e+00
9.681801199913024902e-01
6.255083084106445312e-01
8.429624140262603760e-03
-8.977589011192321777e-01
-1.786598443984985352e+00
-2.178831815719604492e+00
-1.766750812530517578e+00
-6.815383434295654297e-01
5.473237037658691406e-01
1.358197808265686035e+00
1.510652303695678711e+00
1.216971993446350098e+00
8.612922430038452148e-01
6.912145018577575684e-01
6.028268933296203613e-01
3.640815019607543945e-01
-1.359388977289199829e-01
-6.602830886840820312e-01
-8.731162548065185547e-01
-5.948055982589721680e-01
-8.468043804168701172e-02
2.251847088336944580e-01
2.019518613815307617e-02
-4.959018528461456299e-01
-8.426247835159301758e-01
-5.729050040245056152e-01
1.818522661924362183e-01
8.853580951690673828e-01
8.950521945953369141e-01
1.635091304779052734e-01
-8.020077943801879883e-01
-1.165189504623413086e+00
-6.091015934944152832e-01
5.234340429306030273e-01
1.292468070983886719e+00
1.092054605484008789e+00
-1.139307022094726562e-02
-1.095996141433715820e+00
-1.289021730422973633e+00
-2.800096571445465088e-01
1.178093314170837402e+00
2.010739564895629883e+00
1.403902769088745117e+00
-3.477720618247985840e-01
-2.274566411972045898e+00
-3.173071622848510742e+00
-2.675467967987060547e+00
-1.182990312576293945e+00
2.291681170463562012e-01
8.417308330535888672e-01
4.342617392539978027e-01
-4.261406660079956055e-01
-1.169814348220825195e+00
-1.315821766853332520e+00
-9.717946052551269531e-01
-2.982824444770812988e-01
3.684561848640441895e-01
1.002376914024353027e+00
1.435376644134521484e+00
1.658436417579650879e+00
1.458876729011535645e+00
9.584022760391235352e-01
2.888622879981994629e-01
-8.901619911193847656e-02
-4.841113090515136719e-02
4.339919090270996094e-01
8.787825107574462891e-01
9.815482497215270996e-01
4.596520960330963135e-01
-4.013622701168060303e-01
-1.326106667518615723e+00
-1.852600812911987305e+00
-1.956530809402465820e+00
-1.596076011657714844e+00
-1.057006239891052246e+00
-3.921964168548583984e-01
1.233679056167602539e-01
4.516364336013793945e-01
3.668092489242553711e-01
4.662474244832992554e-02
-3.421758413314819336e-01
-2.727871537208557129e-01
3.802227377891540527e-01
1.567948937416076660e+00
2.583200693130493164e+00
2.857339382171630859e+00
1.927076816558837891e+00
1.817481070756912231e-01
-1.756813883781433105e+00
-3.003940105438232422e+00
