-7.208315730094909668e-01
-7.070594429969787598e-01
-1.205183386802673340e+00
-1.419530868530273438e+00
-1.274932861328125000e+00
-9.230945706367492676e-01
-5.418337583541870117e-01
-3.395538926124572754e-01
-3.221042156219482422e-01
-4.025352597236633301e-01
-3.611828982830047607e-01
-1.108709424734115601e-01
3.283617198467254639e-01
7.208081483840942383e-01
8.667554259300231934e-01
6.375988125801086426e-01
1.732333451509475708e-01
-2.987904548645019531e-01
-5.098209977149963379e-01
-4.092630147933959961e-01
-7.835771143436431885e-02
2.720585167407989502e-01
5.570186376571655273e-01
7.810686826705932617e-01
1.068590998649597168e+00
1.417888164520263672e+00
1.716493725776672363e+00
1.706078171730041504e+00
1.256764411926269531e+00
4.215962588787078857e-01
-4.761631488800048828e-01
-1.105647087097167969e+00
-1.261860132217407227e+00
-1.043716669082641602e+00
-6.766424775123596191e-01
-3.857240676879882812e-01
-1.715556681156158447e-01
9.318629652261734009e-02
5.621345639228820801e-01
1.184577941894531250e+00
1.752243518829345703e+00
1.983070850372314453e+00
1.769451618194580078e+00
1.201852679252624512e+00
5.362930893898010254e-01
-2.165094017982482910e-02
-3.804482221603393555e-01
-5.759824514389038086e-01
-6.215556859970092773e-01
-4.797905087471008301e-01
-8.190523087978363037e-02
5.175533890724182129e-01
1.107412934303283691e+00
1.385151267051696777e+00
1.183634161949157715e+00
6.044694781303405762e-01
-5.648702383041381836e-03
-2.983852028846740723e-01
-1.690761446952819824e-01
1.445303559303283691e-01
2.308427095413208008e-01
-1.967722475528717041e-01
-1.081621408462524414e+00
-2.036113262176513672e+00
-2.596945047378540039e+00
-2.509624242782592773e+00
-1.882596492767333984e+00
-1.081523180007934570e+00
-5.057032704353332520e-01
-3.418031632900238037e-01
-5.148383975028991699e-01
-7.534494400024414062e-01
-7.967319488525390625e-01
-5.092992782592773438e-01
3.062891960144042969e-02
6.135531663894653320e-01
9.735232591629028320e-01
9.600019454956054688e-01
5.899978876113891602e-01
1.029796078801155090e-01
-1.953363269567489624e-01
-6.058974564075469971e-02
4.759585261344909668e-01
1.150466561317443848e+00
1.562880635261535645e+00
1.494362592697143555e+00
1.004825830459594727e+00
4.613610208034515381e-01
2.202871292829513550e-01
4.365682005882263184e-01
8.931501507759094238e-01
1.235561251640319824e+00
1.180111646652221680e+00
7.862381935119628906e-01
3.231256306171417236e-01
1.107732504606246948e-01
1.926551312208175659e-01
3.921434283256530762e-01
4.102252125740051270e-01
1.629079580307006836e-01
-2.297494113445281982e-01
-4.860804080963134766e-01
-5.069141387939453125e-01
-3.990679383277893066e-01
-4.572338461875915527e-01
-8.040475249290466309e-01
-1.313795804977416992e+00
-1.591227769851684570e+00
-1.360879302024841309e+00
-6.335164904594421387e-01
1.721963584423065186e-01
5.992011427879333496e-01
3.974269330501556396e-01
-2.128370106220245361e-01
-8.000525236129760742e-01
-9.647329449653625488e-01
-7.148621082305908203e-01
-3.455291688442230225e-01
-2.695673406124114990e-01
-5.995844602584838867e-01
-1.148875236511230469e+00
-1.490518808364868164e+00
-1.360389471054077148e+00
-7.455566525459289551e-01
4.750534892082214355e-02
7.073625326156616211e-01
1.021532058715820312e+00
1.035701751708984375e+00
8.549990057945251465e-01
6.141093373298645020e-01
3.200475573539733887e-01
4.640772938728332520e-03
-3.004685640335083008e-01
-4.536935389041900635e-01
-3.703575134277343750e-01
-1.678931713104248047e-02
4.744392335414886475e-01
9.629403948783874512e-01
1.303572297096252441e+00
1.480867981910705566e+00
1.489665985107421875e+00
1.358744502067565918e+00
1.043925881385803223e+00
5.464922189712524414e-01
-1.042117476463317871e-01
-7.566882967948913574e-01
-1.265818834304809570e+00
-1.499396085739135742e+00
-1.455352663993835449e+00
-1.171809911727905273e+00
-7.399820685386657715e-01
-2.142712920904159546e-01
3.054006695747375488e-01
7.024558782577514648e-01
8.102486133575439453e-01
5.673002600669860840e-01
6.778770685195922852e-02
-3.843179941177368164e-01
-4.674275815486907959e-01
-2.238860726356506348e-02
7.563247680664062500e-01
1.410585761070251465e+00
1.442033529281616211e+00
6.469066143035888672e-01
-7.509284019470214844e-01
-2.181635141372680664e+00
-3.060311794281005859e+00
-3.089481353759765625e+00
-2.415000438690185547e+00
-1.486635446548461914e+00
-7.757673263549804688e-01
-4.866673350334167480e-01
-4.702854454517364502e-01
-3.602741062641143799e-01
1.542499661445617676e-01
1.089555144309997559e+00
2.131639957427978516e+00
2.800304412841796875e+00
2.760289192199707031e+00
2.035758733749389648e+00
1.045565009117126465e+00
3.433852195739746094e-01
2.975404262542724609e-01
8.162063360214233398e-01
1.418765068054199219e+00
1.514023423194885254e+00
8.372908234596252441e-01
-3.826504945755004883e-01
-1.515388727188110352e+00
-1.984372019767761230e+00
-1.611568689346313477e+00
-7.759639024734497070e-01
-8.535444736480712891e-02
2.277243137359619141e-02
-3.551564514636993408e-01
-7.296063303947448730e-01
-5.589351058006286621e-01
2.424113452434539795e-01
1.253988623619079590e+00
1.755372643470764160e+00
1.302611112594604492e+00
-1.247169077396392822e-02
-1.539749145507812500e+00
-2.573785781860351562e+00
-2.728173017501831055e+00
-2.211745500564575195e+00
-1.519526958465576172e+00
-1.113089442253112793e+00
-1.014616489410400391e+00
-9.326738119125366211e-01
-4.656889438629150391e-01
4.591505527496337891e-01
1.582692027091979980e+00
2.395457267761230469e+00
2.573091268539428711e+00
2.088077783584594727e+00
1.295623540878295898e+00
