-6.529108285903930664e-01
-6.720416545867919922e-01
-2.917981147766113281e-02
5.797784328460693359e-01
9.492610692977905273e-01
1.124186038970947266e+00
1.184311628341674805e+00
1.202700257301330566e+00
1.070770025253295898e+00
7.077377438545227051e-01
1.079374700784683228e-01
-4.983235597610473633e-01
-8.546598553657531738e-01
-7.722407579421997070e-01
-3.291769623756408691e-01
2.771061658859252930e-01
8.052040934562683105e-01
1.164157152175903320e+00
1.312968730926513672e+00
1.243190646171569824e+00
8.713674545288085938e-01
1.975862383842468262e-01
-6.337187290191650391e-01
-1.278233289718627930e+00
-1.444883346557617188e+00
-1.103529095649719238e+00
-6.249009370803833008e-01
-5.142386555671691895e-01
-1.049155712127685547e+00
-1.970021009445190430e+00
-2.625062227249145508e+00
-2.401738882064819336e+00
-1.226622581481933594e+00
3.446485400199890137e-01
1.473970651626586914e+00
1.628973484039306641e+00
9.234182238578796387e-01
-1.413906365633010864e-02
-5.502132177352905273e-01
-5.096499323844909668e-01
-2.307419776916503906e-01
-2.133037447929382324e-01
-6.397131681442260742e-01
-1.219223737716674805e+00
-1.419560670852661133e+00
-9.395300149917602539e-01
5.187760666012763977e-02
1.019326806068420410e+00
1.508327484130859375e+00
1.441313505172729492e+00
1.151891708374023438e+00
1.005962491035461426e+00
1.099557995796203613e+00
1.132712125778198242e+00
7.400251030921936035e-01
-1.823029220104217529e-01
-1.239449501037597656e+00
-1.798510551452636719e+00
-1.352144360542297363e+00
5.073779821395874023e-02
1.850033402442932129e+00
3.208640336990356445e+00
3.538977384567260742e+00
2.722560167312622070e+00
1.196938395500183105e+00
-3.911209702491760254e-01
-1.441727876663208008e+00
-1.746538043022155762e+00
-1.433872461318969727e+00
-9.132607579231262207e-01
-5.231736898422241211e-01
-4.271832108497619629e-01
-4.665476679801940918e-01
-4.112495779991149902e-01
-9.235830605030059814e-02
3.298130631446838379e-01
5.341244935989379883e-01
1.895796954631805420e-01
-6.470992565155029297e-01
-1.580611944198608398e+00
-2.011703252792358398e+00
-1.664739370346069336e+00
-7.373300790786743164e-01
9.890586137771606445e-02
2.684509456157684326e-01
-3.669150173664093018e-01
-1.285522460937500000e+00
-1.781480789184570312e+00
-1.402411222457885742e+00
-3.962766528129577637e-01
5.788310766220092773e-01
8.700271248817443848e-01
4.283848404884338379e-01
-2.761225700378417969e-01
-5.581275820732116699e-01
-1.749747991561889648e-01
5.870984792709350586e-01
1.081510186195373535e+00
9.462109804153442383e-01
3.147564530372619629e-01
-2.139063328504562378e-01
-1.750390827655792236e-01
4.631212949752807617e-01
1.190542340278625488e+00
1.472577095031738281e+00
1.095840573310852051e+00
4.079654812812805176e-01
-7.935599237680435181e-02
-2.853775024414062500e-02
3.927980661392211914e-01
7.836949825286865234e-01
7.951406240463256836e-01
4.869051575660705566e-01
1.522355079650878906e-01
8.867508172988891602e-02
2.480089962482452393e-01
3.618217110633850098e-01
1.423351913690567017e-01
-3.645934760570526123e-01
-8.589738607406616211e-01
-9.782692790031433105e-01
-6.748057603836059570e-01
-2.122164070606231689e-01
-1.535357534885406494e-02
-2.796809971332550049e-01
-8.841600418090820312e-01
-1.449887871742248535e+00
-1.672665715217590332e+00
-1.455723404884338379e+00
-9.379416704177856445e-01
-2.866080701351165771e-01
3.760045170783996582e-01
9.867357015609741211e-01
1.406190037727355957e+00
1.440306663513183594e+00
9.577041864395141602e-01
1.019550785422325134e-01
-6.987558007240295410e-01
-9.289768338203430176e-01
-3.457146883010864258e-01
8.300966024398803711e-01
2.013772249221801758e+00
2.615021944046020508e+00
2.384523868560791016e+00
1.499963402748107910e+00
3.824482858180999756e-01
-6.016683578491210938e-01
-1.282570481300354004e+00
-1.655609607696533203e+00
-1.729160308837890625e+00
-1.512307882308959961e+00
-1.070015430450439453e+00
-6.429387331008911133e-01
-5.321447253227233887e-01
-9.110944271087646484e-01
-1.578222990036010742e+00
-2.060416221618652344e+00
-1.884070158004760742e+00
-1.000550985336303711e+00
1.824529320001602173e-01
1.025508403778076172e+00
1.196124076843261719e+00
8.645673990249633789e-01
6.178313493728637695e-01
9.003828763961791992e-01
1.704159498214721680e+00
2.487412214279174805e+00
2.680942058563232422e+00
2.061663627624511719e+00
9.947333931922912598e-01
3.852868080139160156e-02
-4.030294120311737061e-01
-4.214780032634735107e-01
-3.249792158603668213e-01
-3.736876249313354492e-01
-4.446890354156494141e-01
-3.058704137802124023e-01
1.441327929496765137e-01
5.463758707046508789e-01
4.166227579116821289e-01
-5.008971095085144043e-01
-1.763361215591430664e+00
-2.533721208572387695e+00
-2.047515153884887695e+00
-3.595758676528930664e-01
1.713143348693847656e+00
2.975211143493652344e+00
2.796733856201171875e+00
1.401045799255371094e+00
-2.047962546348571777e-01
-1.111383914947509766e+00
-9.920842647552490234e-01
-3.673604130744934082e-01
4.746867716312408447e-02
-1.844301521778106689e-01
-7.581337690353393555e-01
-1.063490271568298340e+00
-5.808004140853881836e-01
5.463876128196716309e-01
1.751550078392028809e+00
2.323693990707397461e+00
2.043608427047729492e+00
1.139199256896972656e+00
2.131099402904510498e-01
-3.355963528156280518e-01
-3.760317564010620117e-01
-1.836939305067062378e-01
-2.869972586631774902e-02
-1.468665450811386108e-01
-4.897835850715637207e-01
-9.690052270889282227e-01
-1.364837646484375000e+00
-1.563503980636596680e+00
-1.408774971961975098e+00
-9.292098283767700195e-01
-2.051823437213897705e-01
4.677373468875885010e-01
