3.308287858963012695e-01
3.520677089691162109e-01
6.366927027702331543e-01
5.128554105758666992e-01
1.257523298263549805e-01
-1.160156875848770142e-01
-1.570079922676086426e-01
-2.286805212497711182e-02
-2.615222334861755371e-02
-1.849835216999053955e-01
-4.542095363140106201e-01
-4.910462498664855957e-01
-2.044845372438430786e-01
4.081045985221862793e-01
9.754348993301391602e-01
1.251911640167236328e+00
1.015012264251708984e+00
4.542106688022613525e-01
-1.881568729877471924e-01
-4.959236383438110352e-01
-3.394387960433959961e-01
3.078084588050842285e-01
1.083719491958618164e+00
1.607753634452819824e+00
1.409383535385131836e+00
4.105951189994812012e-01
-1.176334977149963379e+00
-2.661992073059082031e+00
-3.389522790908813477e+00
-2.899144649505615234e+00
-1.406650662422180176e+00
4.573912918567657471e-01
1.813443422317504883e+00
2.196419477462768555e+00
1.615757346153259277e+00
6.391997933387756348e-01
-1.727667450904846191e-01
-4.627553224563598633e-01
-3.559004962444305420e-01
-1.131447106599807739e-01
6.293088197708129883e-03
4.303741455078125000e-02
1.068288534879684448e-01
2.943204641342163086e-01
4.428780972957611084e-01
3.395840227603912354e-01
-1.707486808300018311e-01
-9.257105588912963867e-01
-1.614077448844909668e+00
-1.916864752769470215e+00
-1.795988321304321289e+00
-1.417433977127075195e+00
-1.022791266441345215e+00
-6.586866974830627441e-01
-2.086945921182632446e-01
4.692583084106445312e-01
1.253853321075439453e+00
1.764789938926696777e+00
1.552731990814208984e+00
5.019509792327880859e-01
-9.943474531173706055e-01
-2.168423891067504883e+00
-2.332477331161499023e+00
-1.313646912574768066e+00
4.179405272006988525e-01
2.023126363754272461e+00
2.806601524353027344e+00
2.590884208679199219e+00
1.760834455490112305e+00
9.235503673553466797e-01
5.027494430541992188e-01
4.757797122001647949e-01
5.056450963020324707e-01
2.139706611633300781e-01
-4.707923829555511475e-01
-1.290477275848388672e+00
-1.797783970832824707e+00
-1.713478922843933105e+00
-1.075630664825439453e+00
-2.667760848999023438e-01
2.882814407348632812e-01
3.301477730274200439e-01
-3.467160463333129883e-02
-4.917050600051879883e-01
-6.714393496513366699e-01
-4.473170936107635498e-01
7.934296131134033203e-02
6.068111658096313477e-01
9.131402969360351562e-01
9.004939198493957520e-01
6.762812137603759766e-01
3.500084877014160156e-01
1.417088508605957031e-02
-3.698059320449829102e-01
-7.853305339813232422e-01
-1.164584755897521973e+00
-1.292741417884826660e+00
-1.021876335144042969e+00
-3.357163667678833008e-01
4.979965388774871826e-01
1.116887807846069336e+00
1.198301196098327637e+00
7.311073541641235352e-01
-4.940932989120483398e-02
-7.259011268615722656e-01
-1.004693508148193359e+00
-7.916707992553710938e-01
-2.668247818946838379e-01
3.154459595680236816e-01
6.951588988304138184e-01
7.676382064819335938e-01
5.141951441764831543e-01
5.597090721130371094e-02
-4.500592052936553955e-01
-7.862038016319274902e-01
-8.119389414787292480e-01
-4.863528907299041748e-01
1.503869891166687012e-02
4.340712130069732666e-01
5.220211148262023926e-01
2.522627711296081543e-01
-1.914595216512680054e-01
-5.033861994743347168e-01
-4.979922771453857422e-01
-1.996073722839355469e-01
1.719643920660018921e-01
4.062924385070800781e-01
4.289916753768920898e-01
3.329073786735534668e-01
2.426097393035888672e-01
1.899273395538330078e-01
1.153196394443511963e-01
-1.864492893218994141e-02
-1.186399459838867188e-01
-1.965974271297454834e-02
3.462956547737121582e-01
7.728254795074462891e-01
8.757431507110595703e-01
3.596572875976562500e-01
-6.252618432044982910e-01
-1.501254081726074219e+00
-1.559300899505615234e+00
-5.449876785278320312e-01
1.116459488868713379e+00
2.448724269866943359e+00
2.633215665817260742e+00
1.504297018051147461e+00
-2.306827455759048462e-01
-1.553732156753540039e+00
-1.745766878128051758e+00
-9.388662576675415039e-01
1.406101584434509277e-01
6.359484195709228516e-01
2.795701622962951660e-01
-6.072906255722045898e-01
-1.312608838081359863e+00
-1.404783487319946289e+00
-8.621814846992492676e-01
-1.004574447870254517e-01
5.495618581771850586e-01
9.121685028076171875e-01
1.115456223487854004e+00
1.170715808868408203e+00
1.041555166244506836e+00
5.481364130973815918e-01
-1.797311007976531982e-01
-8.349658250808715820e-01
-9.164523482322692871e-01
-3.350716829299926758e-01
6.229669451713562012e-01
1.249530076980590820e+00
1.155185580253601074e+00
3.835197687149047852e-01
-3.812671005725860596e-01
-5.872087478637695312e-01
-6.762471795082092285e-02
5.550689101219177246e-01
5.827901363372802734e-01
-3.990012705326080322e-01
-1.870852708816528320e+00
-2.954278707504272461e+00
-2.782130241394042969e+00
-1.409683823585510254e+00
4.741265773773193359e-01
1.767226457595825195e+00
1.979986429214477539e+00
1.214950084686279297e+00
2.653392851352691650e-01
-3.133895993232727051e-01
-2.807545363903045654e-01
-3.954774141311645508e-02
1.125462055206298828e-01
-5.913108587265014648e-03
-3.742336109280586243e-02
2.456312775611877441e-01
9.860576391220092773e-01
1.775097608566284180e+00
2.273693561553955078e+00
2.145323276519775391e+00
1.614859580993652344e+00
9.327868223190307617e-01
5.100424289703369141e-01
3.303394019603729248e-01
3.879752755165100098e-01
4.377567768096923828e-01
4.974458217620849609e-01
4.055460989475250244e-01
1.465045511722564697e-01
-5.336260199546813965e-01
-1.547715902328491211e+00
-2.722254991531372070e+00
-3.418376684188842773e+00
-3.249562025070190430e+00
-2.029945850372314453e+00
-3.312423527240753174e-01
1.178545832633972168e+00
1.796579360961914062e+00
