5.144615173339843750e-01
5.814539790153503418e-01
1.180121302604675293e+00
1.283633947372436523e+00
9.201379418373107910e-01
4.890292286872863770e-01
3.431035876274108887e-01
6.175864934921264648e-01
1.009693741798400879e+00
1.112741112709045410e+00
6.303026080131530762e-01
-2.767314612865447998e-01
-1.185161232948303223e+00
-1.594636917114257812e+00
-1.364350438117980957e+00
-6.821752190589904785e-01
-4.962402395904064178e-03
3.645814955234527588e-01
3.472906053066253662e-01
1.648447960615158081e-01
4.807327408343553543e-03
-5.164000019431114197e-02
-1.674035340547561646e-01
-4.784065783023834229e-01
-1.028690457344055176e+00
-1.596032619476318359e+00
-1.927350521087646484e+00
-1.819650888442993164e+00
-1.352177023887634277e+00
-7.330398559570312500e-01
-2.485077977180480957e-01
7.753753452561795712e-04
3.543465211987495422e-02
2.605261094868183136e-02
6.590690463781356812e-02
2.064824551343917847e-01
3.653568625450134277e-01
4.933713376522064209e-01
5.212073326110839844e-01
4.690245389938354492e-01
3.312403559684753418e-01
1.667056977748870850e-01
4.342101980000734329e-03
-6.218510493636131287e-02
-1.178570557385683060e-02
1.529040187597274780e-01
2.920838892459869385e-01
2.863461077213287354e-01
5.396612361073493958e-02
-2.713813781738281250e-01
-4.599526524543762207e-01
-2.437780052423477173e-01
4.109489321708679199e-01
1.305189371109008789e+00
2.011246204376220703e+00
2.182371377944946289e+00
1.685743570327758789e+00
7.489350438117980957e-01
-2.464142888784408569e-01
-9.205256104469299316e-01
-1.160892009735107422e+00
-1.072654247283935547e+00
-9.296750426292419434e-01
-9.202154874801635742e-01
-1.114291906356811523e+00
-1.395985722541809082e+00
-1.625962138175964355e+00
-1.658838033676147461e+00
-1.453363537788391113e+00
-9.958921074867248535e-01
-3.621778190135955811e-01
3.514001071453094482e-01
9.590617418289184570e-01
1.301467537879943848e+00
1.261535644531250000e+00
9.091275930404663086e-01
4.280071854591369629e-01
7.862306386232376099e-02
-1.473213173449039459e-02
1.208810135722160339e-01
2.933245003223419189e-01
3.598516881465911865e-01
2.963484525680541992e-01
2.627747058868408203e-01
4.000161290168762207e-01
7.232701182365417480e-01
1.003800988197326660e+00
9.569682478904724121e-01
4.071495831012725830e-01
-4.949996173381805420e-01
-1.386913895606994629e+00
-1.866716146469116211e+00
-1.806702136993408203e+00
-1.374662995338439941e+00
-9.300627112388610840e-01
-6.966747641563415527e-01
-6.413905024528503418e-01
-4.782515168190002441e-01
1.752348244190216064e-02
8.266276717185974121e-01
1.591070175170898438e+00
1.893466591835021973e+00
1.508105039596557617e+00
6.339468955993652344e-01
-2.653334438800811768e-01
-7.063669562339782715e-01
-5.292711853981018066e-01
9.320011734962463379e-02
7.702578902244567871e-01
1.224317669868469238e+00
1.386603713035583496e+00
1.405522942543029785e+00
1.398389458656311035e+00
1.366288900375366211e+00
1.149959206581115723e+00
6.520131230354309082e-01
-8.156948536634445190e-02
-7.953025102615356445e-01
-1.245795607566833496e+00
-1.326202034950256348e+00
-1.198575258255004883e+00
-1.107856273651123047e+00
-1.238662123680114746e+00
-1.507329702377319336e+00
-1.668064951896667480e+00
-1.436227798461914062e+00
-7.570765018463134766e-01
1.979533284902572632e-01
1.071491241455078125e+00
1.589674592018127441e+00
1.642555117607116699e+00
1.371018648147583008e+00
9.784461259841918945e-01
6.586813330650329590e-01
4.295579493045806885e-01
2.243936210870742798e-01
-9.878282248973846436e-02
-5.747857689857482910e-01
-1.150657057762145996e+00
-1.616192340850830078e+00
-1.767545700073242188e+00
-1.440259695053100586e+00
-6.927978992462158203e-01
2.577347755432128906e-01
1.044042944908142090e+00
1.405135154724121094e+00
1.256185650825500488e+00
8.077085018157958984e-01
3.542689979076385498e-01
1.532141715288162231e-01
1.853922456502914429e-01
2.732422649860382080e-01
1.746920645236968994e-01
-1.204157918691635132e-01
-4.333572983741760254e-01
-4.597975909709930420e-01
-1.129721850156784058e-01
4.387848973274230957e-01
7.868509292602539062e-01
6.776780486106872559e-01
1.649998724460601807e-01
-2.940998673439025879e-01
-2.338532060384750366e-01
5.415996909141540527e-01
1.668220043182373047e+00
2.504074811935424805e+00
2.444758415222167969e+00
1.413586854934692383e+00
-1.771732717752456665e-01
-1.601615309715270996e+00
-2.364662170410156250e+00
-2.360087394714355469e+00
-1.934018731117248535e+00
-1.473988533020019531e+00
-1.221836447715759277e+00
-1.075057983398437500e+00
-8.517498373985290527e-01
-4.017994999885559082e-01
1.666281670331954956e-01
6.818650960922241211e-01
9.598371386528015137e-01
1.025899171829223633e+00
9.447948932647705078e-01
8.120505809783935547e-01
5.526100397109985352e-01
1.137475669384002686e-01
-5.162448883056640625e-01
-1.090487837791442871e+00
-1.314338803291320801e+00
-9.292873740196228027e-01
-3.830354288220405579e-02
1.016594648361206055e+00
1.718619465827941895e+00
1.794451117515563965e+00
1.253704428672790527e+00
4.759253859519958496e-01
-1.538344770669937134e-01
-3.627981245517730713e-01
-2.400562018156051636e-01
-2.434678561985492706e-02
-4.140504449605941772e-02
-3.831129670143127441e-01
-9.772831201553344727e-01
-1.518727660179138184e+00
-1.759171605110168457e+00
-1.512989878654479980e+00
-8.740031123161315918e-01
-4.954648390412330627e-02
6.104530096054077148e-01
9.058710336685180664e-01
7.598678469657897949e-01
3.777628839015960693e-01
5.195014644414186478e-03
-9.668930619955062866e-02
7.420342415571212769e-02
3.938906788825988770e-01
5.902932286262512207e-01
