-1.039181202650070190e-01
-8.648832887411117554e-02
-5.163891911506652832e-01
-6.866218447685241699e-01
-6.075525879859924316e-01
-4.289861917495727539e-01
-3.056564629077911377e-01
-3.101282417774200439e-01
-3.573360443115234375e-01
-2.830942869186401367e-01
5.523667111992835999e-02
6.343324780464172363e-01
1.265158653259277344e+00
1.655169129371643066e+00
1.591598749160766602e+00
1.035827398300170898e+00
1.679967194795608521e-01
-7.419093251228332520e-01
-1.447637796401977539e+00
-1.841103911399841309e+00
-1.926524996757507324e+00
-1.778651356697082520e+00
-1.461358070373535156e+00
-1.041417121887207031e+00
-5.888524055480957031e-01
-2.066674828529357910e-01
4.207540303468704224e-02
1.695211976766586304e-01
3.076382875442504883e-01
6.007940769195556641e-01
1.107833266258239746e+00
1.690689325332641602e+00
2.094725131988525391e+00
2.083545684814453125e+00
1.640026092529296875e+00
9.767286777496337891e-01
4.342710375785827637e-01
2.319736927747726440e-01
3.517463207244873047e-01
5.397136211395263672e-01
5.337173342704772949e-01
2.315671741962432861e-01
-2.063117623329162598e-01
-5.152204632759094238e-01
-5.051081180572509766e-01
-2.347685694694519043e-01
5.498259514570236206e-02
9.441558271646499634e-02
-1.845626384019851685e-01
-6.170551180839538574e-01
-8.817541599273681641e-01
-7.449074387550354004e-01
-1.999089866876602173e-01
4.891011714935302734e-01
9.607725739479064941e-01
9.477128982543945312e-01
4.596788883209228516e-01
-2.389862686395645142e-01
-7.519708275794982910e-01
-8.068518042564392090e-01
-3.870632350444793701e-01
2.225727885961532593e-01
6.322489976882934570e-01
5.615135431289672852e-01
4.934205114841461182e-02
-5.807219147682189941e-01
-9.008608460426330566e-01
-6.866726279258728027e-01
-5.996253341436386108e-02
5.531798005104064941e-01
7.251401543617248535e-01
3.047417998313903809e-01
-4.443833529949188232e-01
-1.031762123107910156e+00
-1.046854376792907715e+00
-4.665389955043792725e-01
3.562180995941162109e-01
9.123960137367248535e-01
9.097535610198974609e-01
4.354906082153320312e-01
-1.047819852828979492e-01
-3.062662482261657715e-01
-2.144422754645347595e-02
5.394087433815002441e-01
9.970549941062927246e-01
1.051478624343872070e+00
6.871808171272277832e-01
1.218560636043548584e-01
-3.505775630474090576e-01
-5.736076831817626953e-01
-5.768091082572937012e-01
-5.164908170700073242e-01
-5.105453729629516602e-01
-5.700505971908569336e-01
-5.941880345344543457e-01
-4.976382255554199219e-01
-2.817730903625488281e-01
-7.464827597141265869e-02
-3.404652327299118042e-02
-2.431531548500061035e-01
-6.074001193046569824e-01
-8.905960917472839355e-01
-8.222489356994628906e-01
-2.940704822540283203e-01
5.370712280273437500e-01
1.258603453636169434e+00
1.426244378089904785e+00
8.240783214569091797e-01
-3.342148959636688232e-01
-1.482548236846923828e+00
-1.994059085845947266e+00
-1.581791281700134277e+00
-4.895077049732208252e-01
6.259986758232116699e-01
1.118809461593627930e+00
7.578654289245605469e-01
-1.216019839048385620e-01
-8.765709400177001953e-01
-9.881114363670349121e-01
-4.055093228816986084e-01
4.910829961299896240e-01
1.217341065406799316e+00
1.564412355422973633e+00
1.700903296470642090e+00
1.954575300216674805e+00
2.445099353790283203e+00
2.919921398162841797e+00
2.914128303527832031e+00
2.138223171234130859e+00
7.521740794181823730e-01
-6.894674897193908691e-01
-1.618175387382507324e+00
-1.834345340728759766e+00
-1.617768764495849609e+00
-1.463136672973632812e+00
-1.682457208633422852e+00
-2.164494991302490234e+00
-2.506281375885009766e+00
-2.357797861099243164e+00
-1.714725136756896973e+00
-9.123451709747314453e-01
-3.558623790740966797e-01
-2.166273593902587891e-01
-3.549477159976959229e-01
-4.959104657173156738e-01
-4.939286708831787109e-01
-4.274617135524749756e-01
-4.772102832794189453e-01
-6.846399903297424316e-01
-8.599033951759338379e-01
-7.094888687133789062e-01
-1.072719544172286987e-01
7.590849995613098145e-01
1.487121701240539551e+00
1.752481222152709961e+00
1.547389030456542969e+00
1.175163984298706055e+00
9.966484308242797852e-01
1.145589232444763184e+00
1.430563807487487793e+00
1.512834429740905762e+00
1.183751821517944336e+00
5.350893735885620117e-01
-1.347124427556991577e-01
-5.611070394515991211e-01
-7.154851555824279785e-01
-7.879991531372070312e-01
-9.898899793624877930e-01
-1.337875962257385254e+00
-1.614313364028930664e+00
-1.520558357238769531e+00
-9.133107066154479980e-01
7.566458731889724731e-02
1.096399664878845215e+00
1.785765528678894043e+00
1.942074656486511230e+00
1.602524161338806152e+00
9.710881710052490234e-01
3.079431653022766113e-01
-1.753650009632110596e-01
-3.677024543285369873e-01
-2.783684432506561279e-01
-1.570205390453338623e-02
2.479298263788223267e-01
3.727840185165405273e-01
3.207995593547821045e-01
1.880181133747100830e-01
1.129124984145164490e-01
1.589007079601287842e-01
2.269937545061111450e-01
1.189595684409141541e-01
-2.990504205226898193e-01
-9.434952139854431152e-01
-1.525233387947082520e+00
-1.721229553222656250e+00
-1.422585725784301758e+00
-8.140676021575927734e-01
-2.532654702663421631e-01
7.978065870702266693e-03
-2.540785353630781174e-04
-1.829365384764969349e-03
2.542309761047363281e-01
7.559344172477722168e-01
1.185733675956726074e+00
1.170234918594360352e+00
5.858034491539001465e-01
-2.779619097709655762e-01
-9.043671488761901855e-01
-8.975070118904113770e-01
-2.846695780754089355e-01
5.094274282455444336e-01
9.565548300743103027e-01
8.103580474853515625e-01
2.449825257062911987e-01
-2.887856662273406982e-01
-4.268011152744293213e-01
-1.247017458081245422e-01
