5.777198076248168945e-01
5.927715897560119629e-01
2.328686416149139404e-01
8.047834038734436035e-03
9.296401590108871460e-02
4.474536776542663574e-01
7.426500916481018066e-01
6.795108914375305176e-01
1.488173604011535645e-01
-5.891621112823486328e-01
-1.148302197456359863e+00
-1.197307586669921875e+00
-7.431972026824951172e-01
-1.712909340858459473e-02
6.283441781997680664e-01
1.012817621231079102e+00
1.100694179534912109e+00
9.979565739631652832e-01
7.301177978515625000e-01
2.912216186523437500e-01
-3.573801517486572266e-01
-1.080546617507934570e+00
-1.636599898338317871e+00
-1.724451899528503418e+00
-1.264993548393249512e+00
-4.256207644939422607e-01
3.778572678565979004e-01
7.909352779388427734e-01
6.659132838249206543e-01
2.046573758125305176e-01
-2.536695003509521484e-01
-3.972593545913696289e-01
-1.959673911333084106e-01
1.636859029531478882e-01
3.671651482582092285e-01
2.538043558597564697e-01
-1.284759938716888428e-01
-4.926670193672180176e-01
-5.534361004829406738e-01
-1.582399308681488037e-01
5.403808951377868652e-01
1.202412128448486328e+00
1.423725962638854980e+00
1.016534447669982910e+00
8.018405735492706299e-02
-9.800670146942138672e-01
-1.705594897270202637e+00
-1.776512384414672852e+00
-1.228679656982421875e+00
-3.817940354347229004e-01
2.997013032436370850e-01
5.050698518753051758e-01
1.942740976810455322e-01
-3.621415793895721436e-01
-7.929501533508300781e-01
-7.921548485755920410e-01
-3.058138489723205566e-01
5.008084774017333984e-01
1.306479811668395996e+00
1.820820331573486328e+00
1.868163228034973145e+00
1.477222204208374023e+00
8.284636735916137695e-01
2.062075734138488770e-01
-1.519831418991088867e-01
-1.380953788757324219e-01
1.421768069267272949e-01
4.465713798999786377e-01
5.072032809257507324e-01
2.143544703722000122e-01
-3.327029943466186523e-01
-8.623229861259460449e-01
-1.112096190452575684e+00
-9.597506523132324219e-01
-4.884043931961059570e-01
1.085751503705978394e-01
6.321201324462890625e-01
9.634186029434204102e-01
1.040096044540405273e+00
8.324922919273376465e-01
3.435334861278533936e-01
-3.082618117332458496e-01
-8.587906956672668457e-01
-9.773877263069152832e-01
-4.931956529617309570e-01
4.109991490840911865e-01
1.201445579528808594e+00
1.290281891822814941e+00
4.400781095027923584e-01
-1.000907301902770996e+00
-2.271578311920166016e+00
-2.697130680084228516e+00
-2.176301956176757812e+00
-1.274710297584533691e+00
-8.136015534400939941e-01
-1.233816504478454590e+00
-2.212397336959838867e+00
-2.856703758239746094e+00
-2.360792636871337891e+00
-6.497941613197326660e-01
1.494784593582153320e+00
2.938441753387451172e+00
2.983994245529174805e+00
1.847159147262573242e+00
4.810141623020172119e-01
-1.370293498039245605e-01
3.046452701091766357e-01
1.275220155715942383e+00
1.871201992034912109e+00
1.530907630920410156e+00
4.623516499996185303e-01
-5.518151521682739258e-01
-7.727122306823730469e-01
-8.078628778457641602e-02
9.508529305458068848e-01
1.495144367218017578e+00
1.089630246162414551e+00
-5.561149120330810547e-02
-1.243178963661193848e+00
-1.810289859771728516e+00
-1.560902953147888184e+00
-8.309640884399414062e-01
-1.690782308578491211e-01
6.338548660278320312e-02
-1.017895340919494629e-01
-3.527638316154479980e-01
-3.690700232982635498e-01
-3.917168825864791870e-02
5.261067748069763184e-01
1.119384050369262695e+00
1.572608470916748047e+00
1.792610406875610352e+00
1.724433779716491699e+00
1.327175855636596680e+00
6.173694133758544922e-01
-2.666254341602325439e-01
-1.069106101989746094e+00
-1.527423381805419922e+00
-1.529277920722961426e+00
-1.184029459953308105e+00
-7.552858591079711914e-01
-4.815050959587097168e-01
-4.400737881660461426e-01
-5.333011150360107422e-01
-6.148276925086975098e-01
-6.155518293380737305e-01
-5.909468531608581543e-01
-6.290492415428161621e-01
-7.488427162170410156e-01
-8.523284792900085449e-01
-8.130746483802795410e-01
-5.759243369102478027e-01
-2.199076116085052490e-01
1.257834732532501221e-01
3.841308653354644775e-01
6.059548258781433105e-01
8.838710784912109375e-01
1.239226341247558594e+00
1.517545104026794434e+00
1.483846545219421387e+00
9.807668328285217285e-01
1.210646033287048340e-01
-7.434639334678649902e-01
-1.184072017669677734e+00
-9.890276789665222168e-01
-2.823016643524169922e-01
5.175416469573974609e-01
9.872205257415771484e-01
9.279255867004394531e-01
5.038976073265075684e-01
8.105693757534027100e-02
1.146190613508224487e-02
3.727419674396514893e-01
9.632830619812011719e-01
1.391812086105346680e+00
1.346926093101501465e+00
7.215267419815063477e-01
-2.974783480167388916e-01
-1.369400739669799805e+00
-2.104699134826660156e+00
-2.261698722839355469e+00
-1.777542114257812500e+00
-8.356192111968994141e-01
2.450839281082153320e-01
1.064177036285400391e+00
1.343224763870239258e+00
9.960719347000122070e-01
2.423346191644668579e-01
-5.329659581184387207e-01
-9.050136208534240723e-01
-6.915288567543029785e-01
1.624464988708496094e-03
7.855439782142639160e-01
1.288742542266845703e+00
1.332311868667602539e+00
1.099506616592407227e+00
9.304435253143310547e-01
1.118120431900024414e+00
1.602432131767272949e+00
2.041298151016235352e+00
1.979762792587280273e+00
1.260569334030151367e+00
1.209188550710678101e-01
-8.547221422195434570e-01
-1.183084487915039062e+00
-7.509277462959289551e-01
1.585551351308822632e-02
4.998502135276794434e-01
2.378080487251281738e-01
-6.890615224838256836e-01
-1.784855961799621582e+00
-2.400945186614990234e+00
-2.236050844192504883e+00
-1.428109169006347656e+00
-4.880697727203369141e-01
1.461636424064636230e-01
3.046422898769378662e-01
