-1.405859708786010742e+00
-1.391211271286010742e+00
-2.197600007057189941e-01
9.788534641265869141e-01
1.827634692192077637e+00
1.924246430397033691e+00
1.284100055694580078e+00
2.295777201652526855e-01
-5.783854722976684570e-01
-7.122941017150878906e-01
-9.598925709724426270e-02
7.787691950798034668e-01
1.367650032043457031e+00
1.312582969665527344e+00
8.610010147094726562e-01
4.943604171276092529e-01
6.750879883766174316e-01
1.290993332862854004e+00
1.858074426651000977e+00
1.737428665161132812e+00
7.968290448188781738e-01
-5.948741436004638672e-01
-1.661288142204284668e+00
-1.915385723114013672e+00
-1.347478389739990234e+00
-5.313367247581481934e-01
-2.022257447242736816e-02
-7.369016110897064209e-02
-3.806913197040557861e-01
-5.190681219100952148e-01
-2.276347279548645020e-01
2.202958911657333374e-01
3.597673475742340088e-01
-1.996216475963592529e-01
-1.305690050125122070e+00
-2.461964130401611328e+00
-3.045599460601806641e+00
-2.838883876800537109e+00
-2.014418363571166992e+00
-1.058064222335815430e+00
-2.949020266532897949e-01
1.737039685249328613e-01
5.143327116966247559e-01
7.976025342941284180e-01
9.662255048751831055e-01
7.957982420921325684e-01
2.385779619216918945e-01
-5.252406597137451172e-01
-1.066788434982299805e+00
-1.089151859283447266e+00
-5.838285684585571289e-01
7.106012850999832153e-02
4.609780311584472656e-01
3.817234337329864502e-01
5.072557926177978516e-02
-1.416002511978149414e-01
9.145653247833251953e-02
6.310541629791259766e-01
1.083373785018920898e+00
1.046309232711791992e+00
4.922015070915222168e-01
-2.244303226470947266e-01
-5.878292322158813477e-01
-3.652886152267456055e-01
2.069091200828552246e-01
5.348870754241943359e-01
1.223026514053344727e-01
-1.044975519180297852e+00
-2.393519163131713867e+00
-3.099420785903930664e+00
-2.603371620178222656e+00
-9.917900562286376953e-01
1.032290577888488770e+00
2.573576688766479492e+00
3.070877552032470703e+00
2.607353448867797852e+00
1.780794501304626465e+00
1.285849452018737793e+00
1.436297416687011719e+00
2.011070728302001953e+00
2.423794269561767578e+00
2.168932437896728516e+00
1.137262940406799316e+00
-2.881028652191162109e-01
-1.515235304832458496e+00
-2.067494630813598633e+00
-1.875432014465332031e+00
-1.224051952362060547e+00
-5.810014009475708008e-01
-2.730076611042022705e-01
-3.890966773033142090e-01
-7.412477135658264160e-01
-1.072199940681457520e+00
-1.144497632980346680e+00
-9.037079811096191406e-01
-4.158683717250823975e-01
1.002824008464813232e-01
4.310230612754821777e-01
3.775356709957122803e-01
-6.952172517776489258e-02
-7.708922624588012695e-01
-1.394027948379516602e+00
-1.646068096160888672e+00
-1.348253250122070312e+00
-6.320610046386718750e-01
2.156314551830291748e-01
8.316407203674316406e-01
1.068091273307800293e+00
9.599346518516540527e-01
7.401465177536010742e-01
5.596237778663635254e-01
4.807659983634948730e-01
3.921562433242797852e-01
2.480317652225494385e-01
6.090322881937026978e-02
-6.898775696754455566e-03
1.146438419818878174e-01
3.911003768444061279e-01
5.793082714080810547e-01
5.002688169479370117e-01
1.070501059293746948e-01
-3.408200442790985107e-01
-5.268064737319946289e-01
-2.038915604352951050e-01
5.240072011947631836e-01
1.347641110420227051e+00
1.848048210144042969e+00
1.847659349441528320e+00
1.393690943717956543e+00
7.789245247840881348e-01
2.359565794467926025e-01
-9.893867373466491699e-02
-3.054532408714294434e-01
-4.700870811939239502e-01
-6.794705390930175781e-01
-8.723862171173095703e-01
-9.823258519172668457e-01
-9.004753828048706055e-01
-6.265057921409606934e-01
-1.777830421924591064e-01
3.135151565074920654e-01
7.132043838500976562e-01
8.384934067726135254e-01
6.314316391944885254e-01
1.553102731704711914e-01
-3.127509355545043945e-01
-4.955937266349792480e-01
-2.384341657161712646e-01
2.650041580200195312e-01
6.169088482856750488e-01
4.125136733055114746e-01
-3.784428536891937256e-01
-1.372539281845092773e+00
-1.924844264984130859e+00
-1.614139080047607422e+00
-5.156908035278320312e-01
7.560667395591735840e-01
1.485498189926147461e+00
1.283652544021606445e+00
3.818268775939941406e-01
-5.887837409973144531e-01
-1.005823493003845215e+00
-6.872280836105346680e-01
7.807365059852600098e-02
7.886399626731872559e-01
1.133682966232299805e+00
1.152447462081909180e+00
1.113827466964721680e+00
1.202350854873657227e+00
1.340663075447082520e+00
1.255038142204284668e+00
7.439527511596679688e-01
-1.034938693046569824e-01
-9.342114925384521484e-01
-1.363409876823425293e+00
-1.255891084671020508e+00
-7.857479453086853027e-01
-3.042415678501129150e-01
-6.348508596420288086e-02
-1.005941629409790039e-01
-2.555690705776214600e-01
-3.796252310276031494e-01
-4.225609302520751953e-01
-4.703140854835510254e-01
-5.809631943702697754e-01
-7.516289949417114258e-01
-8.780758380889892578e-01
-9.101942777633666992e-01
-8.543914556503295898e-01
-8.058796525001525879e-01
-7.732827067375183105e-01
-6.927711963653564453e-01
-4.018760919570922852e-01
1.340998113155364990e-01
8.074671626091003418e-01
1.314645528793334961e+00
1.419840574264526367e+00
1.029275417327880859e+00
3.544188737869262695e-01
-3.021587431430816650e-01
-6.152868270874023438e-01
-4.856717288494110107e-01
6.415618956089019775e-02
8.235610723495483398e-01
1.592316865921020508e+00
2.088520526885986328e+00
2.116472244262695312e+00
1.513037204742431641e+00
3.954218626022338867e-01
-9.359458684921264648e-01
-1.950100779533386230e+00
-2.279421806335449219e+00
-1.802887678146362305e+00
-8.668680191040039062e-01
5.124530196189880371e-02
4.956592917442321777e-01
4.287055432796478271e-01
