-1.011392235755920410e+00
-1.024335026741027832e+00
-5.749455094337463379e-01
-3.403600752353668213e-01
-2.808499336242675781e-01
-4.437925815582275391e-01
-5.728110074996948242e-01
-5.626887679100036621e-01
-1.732879132032394409e-01
4.805396199226379395e-01
1.284245252609252930e+00
1.833694815635681152e+00
1.986024498939514160e+00
1.641048312187194824e+00
1.126103162765502930e+00
6.944231986999511719e-01
6.647565960884094238e-01
9.250262975692749023e-01
1.298087835311889648e+00
1.375373482704162598e+00
1.051249504089355469e+00
3.025591373443603516e-01
-5.373421907424926758e-01
-1.237769126892089844e+00
-1.516914963722229004e+00
-1.420924425125122070e+00
-1.018977165222167969e+00
-6.071560382843017578e-01
-3.244947791099548340e-01
-3.256925642490386963e-01
-4.728619158267974854e-01
-6.305214166641235352e-01
-5.458347201347351074e-01
-2.414309084415435791e-01
1.493498980998992920e-01
2.539214491844177246e-01
-9.032740443944931030e-02
-8.378692865371704102e-01
-1.523426294326782227e+00
-1.704910755157470703e+00
-1.131534934043884277e+00
-1.197692304849624634e-01
7.590769529342651367e-01
9.310923218727111816e-01
3.635558485984802246e-01
-5.186466574668884277e-01
-1.036482453346252441e+00
-8.828905820846557617e-01
-2.661257982254028320e-01
1.638638973236083984e-01
-7.373684644699096680e-02
-9.546129703521728516e-01
-1.859990954399108887e+00
-2.096930265426635742e+00
-1.375757694244384766e+00
-9.745371341705322266e-02
9.807404279708862305e-01
1.265976071357727051e+00
7.771279811859130859e-01
6.209547817707061768e-02
-2.366638183593750000e-01
1.178192719817161560e-01
8.275707364082336426e-01
1.346168518066406250e+00
1.316360116004943848e+00
8.268871903419494629e-01
2.518305182456970215e-01
-6.585709750652313232e-02
-9.947479516267776489e-02
-3.627198189496994019e-02
-6.682932376861572266e-02
-1.250853985548019409e-01
-2.610896527767181396e-02
3.470697402954101562e-01
7.674245834350585938e-01
8.561038970947265625e-01
3.332418203353881836e-01
-5.815182924270629883e-01
-1.322036504745483398e+00
-1.266915798187255859e+00
-3.330017924308776855e-01
9.989501833915710449e-01
1.873260736465454102e+00
1.772032260894775391e+00
7.699577808380126953e-01
-4.005069732666015625e-01
-1.003741502761840820e+00
-6.784092187881469727e-01
2.264240831136703491e-01
1.105549097061157227e+00
1.428328037261962891e+00
1.229828000068664551e+00
8.501660823822021484e-01
7.467021942138671875e-01
9.753898382186889648e-01
1.338895797729492188e+00
1.441585898399353027e+00
1.171962022781372070e+00
5.899471044540405273e-01
-3.801324963569641113e-02
-6.701223850250244141e-01
-1.348130941390991211e+00
-2.224299907684326172e+00
-3.108860969543457031e+00
-3.615025997161865234e+00
-3.190369606018066406e+00
-1.724810957908630371e+00
4.065960645675659180e-01
2.266691446304321289e+00
3.047595977783203125e+00
2.389316797256469727e+00
8.041020035743713379e-01
-7.949275970458984375e-01
-1.468637228012084961e+00
-9.908524155616760254e-01
2.181389331817626953e-01
1.221842527389526367e+00
1.356240749359130859e+00
4.854930043220520020e-01
-7.524304389953613281e-01
-1.527887582778930664e+00
-1.185556650161743164e+00
1.716814935207366943e-01
1.896931886672973633e+00
3.015641212463378906e+00
2.948493003845214844e+00
1.671603798866271973e+00
-1.495943516492843628e-01
-1.712012290954589844e+00
-2.377058744430541992e+00
-2.112605094909667969e+00
-1.280193924903869629e+00
-4.759850800037384033e-01
-3.232938051223754883e-02
5.311191082000732422e-03
-6.560558080673217773e-02
1.507839560508728027e-02
3.841929733753204346e-01
8.762435913085937500e-01
1.257097005844116211e+00
1.295359611511230469e+00
9.881625175476074219e-01
4.597358405590057373e-01
-4.302988201379776001e-02
-3.520041704177856445e-01
-3.629201054573059082e-01
-1.105890125036239624e-01
3.371672630310058594e-01
8.605875372886657715e-01
1.366828799247741699e+00
1.754783630371093750e+00
1.951444387435913086e+00
1.884085416793823242e+00
1.513720273971557617e+00
8.494518995285034180e-01
-1.192635297775268555e-02
-8.773573040962219238e-01
-1.515509605407714844e+00
-1.752503514289855957e+00
-1.606612086296081543e+00
-1.282606959342956543e+00
-1.097612142562866211e+00
-1.227678060531616211e+00
-1.601732015609741211e+00
-1.862544059753417969e+00
-1.660631060600280762e+00
-8.615169525146484375e-01
2.359410375356674194e-01
1.141951680183410645e+00
1.413348555564880371e+00
1.061104655265808105e+00
4.395702779293060303e-01
8.633074164390563965e-02
1.976727247238159180e-01
6.010737419128417969e-01
7.750490903854370117e-01
4.102969169616699219e-01
-4.595290422439575195e-01
-1.311887502670288086e+00
-1.676811933517456055e+00
-1.331971526145935059e+00
-6.291360855102539062e-01
-4.349380731582641602e-02
8.134841918945312500e-03
-3.649689257144927979e-01
-8.637176752090454102e-01
-1.087411403656005859e+00
-1.055741786956787109e+00
-9.338588118553161621e-01
-1.026875138282775879e+00
-1.241900801658630371e+00
-1.363455772399902344e+00
-1.029814004898071289e+00
-3.362090289592742920e-01
4.117824733257293701e-01
6.568151712417602539e-01
2.951921522617340088e-01
-4.640038013458251953e-01
-9.673683643341064453e-01
-8.826842904090881348e-01
-1.847969740629196167e-01
5.417363643646240234e-01
8.345707654953002930e-01
4.144901037216186523e-01
-3.278792798519134521e-01
-9.413948059082031250e-01
-9.505832791328430176e-01
-4.687882065773010254e-01
2.710429728031158447e-01
8.399893641471862793e-01
1.241273283958435059e+00
1.499125480651855469e+00
1.824434757232666016e+00
2.013002872467041016e+00
1.879048943519592285e+00
1.100862979888916016e+00
-1.191074401140213013e-01
