-2.154089212417602539e-01
-1.966869831085205078e-01
-1.185285151004791260e-01
-4.727339148521423340e-01
-1.202732443809509277e+00
-1.838174462318420410e+00
-1.883071422576904297e+00
-1.086341738700866699e+00
2.347931563854217529e-01
1.451577186584472656e+00
1.924623012542724609e+00
1.512755751609802246e+00
5.479252338409423828e-01
-3.304800987243652344e-01
-6.995083689689636230e-01
-5.032702088356018066e-01
-7.702586054801940918e-02
2.552673220634460449e-01
3.501419425010681152e-01
3.598621785640716553e-01
4.400281310081481934e-01
6.239299774169921875e-01
7.127648591995239258e-01
5.443833470344543457e-01
1.270666569471359253e-01
-2.469050884246826172e-01
-2.876954376697540283e-01
9.604246169328689575e-02
6.179924607276916504e-01
8.660535216331481934e-01
5.566053390502929688e-01
-1.647102236747741699e-01
-8.767776489257812500e-01
-1.125481605529785156e+00
-8.130226731300354004e-01
-1.936051845550537109e-01
2.902893424034118652e-01
4.006896018981933594e-01
2.123440802097320557e-01
5.343681573867797852e-02
1.450024694204330444e-01
4.424037635326385498e-01
6.123721599578857422e-01
3.662986159324645996e-01
-3.159516453742980957e-01
-1.064980864524841309e+00
-1.400660037994384766e+00
-1.011512517929077148e+00
-3.367894887924194336e-02
1.071815252304077148e+00
1.758038043975830078e+00
1.764343261718750000e+00
1.189712643623352051e+00
4.294135272502899170e-01
-1.444117724895477295e-01
-3.427004218101501465e-01
-2.487320899963378906e-01
-3.708286583423614502e-02
1.500127315521240234e-01
3.289599418640136719e-01
5.703842639923095703e-01
9.132213592529296875e-01
1.235544085502624512e+00
1.343098878860473633e+00
1.066974759101867676e+00
4.486190080642700195e-01
-2.747319638729095459e-01
-7.527312636375427246e-01
-7.703872919082641602e-01
-3.473946452140808105e-01
2.189560383558273315e-01
5.713292360305786133e-01
4.613667428493499756e-01
-7.445324957370758057e-02
-7.992108464241027832e-01
-1.402364253997802734e+00
-1.714943528175354004e+00
-1.731789350509643555e+00
-1.583889365196228027e+00
-1.370013356208801270e+00
-1.127580165863037109e+00
-8.202883005142211914e-01
-4.761859476566314697e-01
-1.945981383323669434e-01
-1.377917230129241943e-01
-3.611437976360321045e-01
-7.741795182228088379e-01
-1.118802785873413086e+00
-1.164326667785644531e+00
-8.165916800498962402e-01
-2.268659770488739014e-01
3.465039730072021484e-01
6.549839377403259277e-01
6.417843103408813477e-01
4.056026041507720947e-01
1.691187769174575806e-01
9.438994526863098145e-02
2.627817094326019287e-01
6.060603260993957520e-01
9.970273375511169434e-01
1.248183488845825195e+00
1.231703639030456543e+00
8.952971100807189941e-01
3.818658590316772461e-01
-5.486524105072021484e-02
-1.054510325193405151e-01
3.414907753467559814e-01
1.135660886764526367e+00
1.836185455322265625e+00
2.014710426330566406e+00
1.460891723632812500e+00
3.955924510955810547e-01
-7.137193679809570312e-01
-1.374298095703125000e+00
-1.406175494194030762e+00
-9.209109544754028320e-01
-2.232806682586669922e-01
4.950639903545379639e-01
1.159319877624511719e+00
1.781970739364624023e+00
2.199564933776855469e+00
2.133692026138305664e+00
1.299980282783508301e+00
-2.152452617883682251e-01
-1.946653842926025391e+00
-3.176283359527587891e+00
-3.461140632629394531e+00
-2.853541374206542969e+00
-1.945275545120239258e+00
-1.346452593803405762e+00
-1.324716091156005859e+00
-1.546075463294982910e+00
-1.466751933097839355e+00
-7.237074971199035645e-01
4.459617137908935547e-01
1.445802330970764160e+00
1.672492265701293945e+00
1.065371036529541016e+00
4.775467514991760254e-02
-7.096526622772216797e-01
-8.737448453903198242e-01
-5.476233363151550293e-01
-2.130457758903503418e-01
-1.991342604160308838e-01
-5.273255705833435059e-01
-8.387763500213623047e-01
-8.302702903747558594e-01
-4.019468128681182861e-01
1.853201091289520264e-01
6.738469004631042480e-01
9.117518663406372070e-01
1.043479681015014648e+00
1.195218086242675781e+00
1.419851660728454590e+00
1.528672933578491211e+00
1.399816393852233887e+00
1.027483224868774414e+00
6.679927110671997070e-01
4.887878894805908203e-01
4.925857782363891602e-01
3.569907546043395996e-01
-1.548083424568176270e-01
-1.028215408325195312e+00
-1.768459320068359375e+00
-1.843614101409912109e+00
-9.849895238876342773e-01
3.960419595241546631e-01
1.555762052536010742e+00
1.785747766494750977e+00
1.051818251609802246e+00
-1.205301284790039062e-01
-9.055776596069335938e-01
-9.091452360153198242e-01
-2.842431366443634033e-01
3.270805776119232178e-01
4.774767160415649414e-01
1.393934786319732666e-01
-1.716514378786087036e-01
-6.907999515533447266e-03
7.338830232620239258e-01
1.530634880065917969e+00
1.750435471534729004e+00
9.929562211036682129e-01
-4.442252218723297119e-01
-1.869007349014282227e+00
-2.475551605224609375e+00
-1.956799387931823730e+00
-4.847229123115539551e-01
1.300102710723876953e+00
2.781615734100341797e+00
3.452798843383789062e+00
3.169704437255859375e+00
1.959040045738220215e+00
1.582359671592712402e-01
-1.793212532997131348e+00
-3.264093637466430664e+00
-3.812699317932128906e+00
-3.257960319519042969e+00
-1.964837551116943359e+00
-5.397044420242309570e-01
3.562404811382293701e-01
5.311489701271057129e-01
1.990379691123962402e-01
-7.138541340827941895e-02
8.924418687820434570e-02
7.200309038162231445e-01
1.377992391586303711e+00
1.596568942070007324e+00
1.081532120704650879e+00
5.191338062286376953e-02
-1.036376833915710449e+00
-1.626648545265197754e+00
-1.508357524871826172e+00
-7.550673484802246094e-01
2.294203191995620728e-01
1.092853903770446777e+00
1.561505794525146484e+00
