-5.429561138153076172e-01
-5.542345046997070312e-01
-1.293018937110900879e+00
-1.522856593132019043e+00
-1.114280462265014648e+00
-3.414079248905181885e-01
3.115695118904113770e-01
4.512073695659637451e-01
7.615068554878234863e-02
-4.696456193923950195e-01
-7.417705655097961426e-01
-5.770937204360961914e-01
-1.824974864721298218e-01
1.333782076835632324e-02
-2.344545125961303711e-01
-7.931159138679504395e-01
-1.183498263359069824e+00
-9.867901802062988281e-01
-1.374979019165039062e-01
9.499977827072143555e-01
1.704178690910339355e+00
1.747659921646118164e+00
1.182973980903625488e+00
4.290636181831359863e-01
-5.041489005088806152e-02
-1.100062727928161621e-01
1.182718575000762939e-01
3.647647798061370850e-01
5.401648879051208496e-01
7.191022634506225586e-01
1.053543090820312500e+00
1.494611859321594238e+00
1.830271720886230469e+00
1.793840169906616211e+00
1.389721870422363281e+00
8.770648837089538574e-01
6.515338420867919922e-01
8.367812633514404297e-01
1.205556154251098633e+00
1.249311089515686035e+00
6.469647884368896484e-01
-5.111184120178222656e-01
-1.656991481781005859e+00
-2.197530269622802734e+00
-1.857517242431640625e+00
-9.485788345336914062e-01
-6.001517176628112793e-02
2.867015898227691650e-01
6.242166459560394287e-02
-3.802539110183715820e-01
-5.491384267807006836e-01
-2.786048054695129395e-01
2.227910012006759644e-01
4.741378426551818848e-01
1.743987798690795898e-01
-6.418975591659545898e-01
-1.530757784843444824e+00
-1.999787330627441406e+00
-1.723857402801513672e+00
-8.069593310356140137e-01
3.744993507862091064e-01
1.293170213699340820e+00
1.598364472389221191e+00
1.190163612365722656e+00
3.200070559978485107e-01
-6.049948930740356445e-01
-1.137741565704345703e+00
-1.085945248603820801e+00
-5.478497147560119629e-01
6.193870306015014648e-02
3.326150178909301758e-01
5.717553198337554932e-02
-5.333425998687744141e-01
-9.641125202178955078e-01
-7.624024152755737305e-01
1.417137980461120605e-01
1.400505185127258301e+00
2.398655414581298828e+00
2.710336446762084961e+00
2.301146745681762695e+00
1.563695192337036133e+00
9.450378417968750000e-01
6.782830953598022461e-01
6.113798618316650391e-01
4.437921643257141113e-01
-2.861063182353973389e-02
-6.719552874565124512e-01
-1.155368089675903320e+00
-1.160885095596313477e+00
-6.739249825477600098e-01
4.546752199530601501e-02
5.923019051551818848e-01
7.000092864036560059e-01
3.167130947113037109e-01
-3.944992125034332275e-01
-1.214556932449340820e+00
-1.914430856704711914e+00
-2.305324554443359375e+00
-2.218151569366455078e+00
-1.599179983139038086e+00
-5.861374735832214355e-01
4.513129591941833496e-01
1.070411205291748047e+00
1.001254439353942871e+00
3.588626384735107422e-01
-4.170553684234619141e-01
-8.283830881118774414e-01
-6.817798614501953125e-01
-2.041690051555633545e-01
1.307432353496551514e-01
-5.016714334487915039e-03
-5.192247033119201660e-01
-9.464581012725830078e-01
-7.980648279190063477e-01
4.255700111389160156e-02
1.195248126983642578e+00
2.008376121520996094e+00
2.001756429672241211e+00
1.166579008102416992e+00
-2.159172296524047852e-02
-9.336870312690734863e-01
-1.137371063232421875e+00
-6.259418725967407227e-01
2.765480875968933105e-01
1.110972523689270020e+00
1.528040647506713867e+00
1.354847669601440430e+00
6.319776177406311035e-01
-4.568195343017578125e-01
-1.563705682754516602e+00
-2.282873630523681641e+00
-2.248245000839233398e+00
-1.385083436965942383e+00
1.161783933639526367e-02
1.302091360092163086e+00
1.853555202484130859e+00
1.353672623634338379e+00
7.605201005935668945e-02
-1.294618129730224609e+00
-1.984924077987670898e+00
-1.630091428756713867e+00
-4.245415329933166504e-01
9.412698149681091309e-01
1.745397329330444336e+00
1.579941749572753906e+00
6.261656284332275391e-01
-5.445845127105712891e-01
-1.240119457244873047e+00
-1.109133481979370117e+00
-2.481750547885894775e-01
8.090022206306457520e-01
1.493491888046264648e+00
1.460083842277526855e+00
8.477959632873535156e-01
8.704704046249389648e-02
-3.259250521659851074e-01
-2.406367957592010498e-01
1.283161044120788574e-01
2.930455505847930908e-01
-6.191636994481086731e-02
-9.007083177566528320e-01
-1.760560393333435059e+00
-2.153890609741210938e+00
-1.852038264274597168e+00
-1.138879537582397461e+00
-5.148763656616210938e-01
-3.840301036834716797e-01
-6.421356201171875000e-01
-8.280158638954162598e-01
-4.112824499607086182e-01
6.653940081596374512e-01
1.947030305862426758e+00
2.661798954010009766e+00
2.351126909255981445e+00
1.137084603309631348e+00
-2.545018792152404785e-01
-1.073656320571899414e+00
-9.721028804779052734e-01
-2.921780943870544434e-01
3.085818886756896973e-01
2.845303416252136230e-01
-3.287138938903808594e-01
-1.052355408668518066e+00
-1.265423178672790527e+00
-7.339590787887573242e-01
3.314868211746215820e-01
1.394514918327331543e+00
2.056702375411987305e+00
2.205587863922119141e+00
2.051043272018432617e+00
1.791196823120117188e+00
1.499562501907348633e+00
1.049021840095520020e+00
3.867028057575225830e-01
-3.840539157390594482e-01
-9.452078342437744141e-01
-1.065062522888183594e+00
-7.427137494087219238e-01
-3.224380910396575928e-01
-1.998296529054641724e-01
-5.934504866600036621e-01
-1.302375197410583496e+00
-1.888289809226989746e+00
-1.921307206153869629e+00
-1.337302684783935547e+00
-4.332541823387145996e-01
2.791641652584075928e-01
4.600669741630554199e-01
1.014714390039443970e-01
-4.480092525482177734e-01
-7.741321325302124023e-01
-6.131725311279296875e-01
-3.612412139773368835e-02
6.779816150665283203e-01
1.193736195564270020e+00
1.353388547897338867e+00
1.188670992851257324e+00
