-6.659234166145324707e-01
-6.540395021438598633e-01
9.607999026775360107e-02
5.115672945976257324e-01
4.331822693347930908e-01
-9.327536821365356445e-02
-5.993421673774719238e-01
-7.300051450729370117e-01
-2.541467547416687012e-01
5.589745640754699707e-01
1.338502764701843262e+00
1.621017456054687500e+00
1.333037376403808594e+00
5.832036137580871582e-01
-2.203814685344696045e-01
-8.160401582717895508e-01
-9.885861873626708984e-01
-8.399648070335388184e-01
-4.900688827037811279e-01
-2.029134035110473633e-01
-6.113752722740173340e-02
-1.204487681388854980e-01
-1.859449297189712524e-01
-1.055382937192916870e-01
2.993667423725128174e-01
9.008752703666687012e-01
1.460155963897705078e+00
1.592531442642211914e+00
1.207647800445556641e+00
4.706231951713562012e-01
-1.052771583199501038e-01
-1.502929031848907471e-01
4.088101983070373535e-01
1.101617455482482910e+00
1.338550090789794922e+00
6.953619122505187988e-01
-6.309689879417419434e-01
-2.049503564834594727e+00
-2.839344739913940430e+00
-2.735068082809448242e+00
-1.948222041130065918e+00
-1.060485959053039551e+00
-4.865972697734832764e-01
-3.244135379791259766e-01
-3.152054250240325928e-01
-2.494546175003051758e-01
-1.054168939590454102e-01
-1.078031659126281738e-01
-3.791339099407196045e-01
-8.099074959754943848e-01
-1.035212516784667969e+00
-8.143610358238220215e-01
-2.379224896430969238e-01
2.270876020193099976e-01
1.520532220602035522e-01
-5.126019716262817383e-01
-1.283701896667480469e+00
-1.520225763320922852e+00
-8.864590525627136230e-01
3.261489272117614746e-01
1.421022891998291016e+00
1.794008016586303711e+00
1.404941678047180176e+00
7.643427848815917969e-01
5.137397646903991699e-01
8.880606889724731445e-01
1.531881332397460938e+00
1.785931348800659180e+00
1.216671466827392578e+00
-3.316450864076614380e-02
-1.348391890525817871e+00
-2.072253942489624023e+00
-1.945506572723388672e+00
-1.187746286392211914e+00
-2.749114036560058594e-01
4.374709129333496094e-01
8.576121330261230469e-01
1.100048542022705078e+00
1.250039339065551758e+00
1.303575277328491211e+00
1.194102883338928223e+00
9.653081893920898438e-01
7.416757941246032715e-01
6.594322323799133301e-01
6.816443204879760742e-01
6.635977625846862793e-01
4.644283652305603027e-01
1.670111417770385742e-01
-1.082193851470947266e-02
1.138702630996704102e-01
4.018911123275756836e-01
4.769600331783294678e-01
-2.802586555480957031e-02
-1.031733393669128418e+00
-1.989631175994873047e+00
-2.164962053298950195e+00
-1.254279255867004395e+00
3.520756363868713379e-01
1.690539121627807617e+00
1.918624758720397949e+00
8.455278873443603516e-01
-8.597492575645446777e-01
-2.190808296203613281e+00
-2.412122249603271484e+00
-1.556618690490722656e+00
-2.285517156124114990e-01
8.312748670578002930e-01
1.292285084724426270e+00
1.251022100448608398e+00
1.026699423789978027e+00
7.523084282875061035e-01
3.699733018875122070e-01
-2.263654768466949463e-01
-8.696773648262023926e-01
-1.188398361206054688e+00
-8.372856974601745605e-01
9.849827736616134644e-02
1.112397074699401855e+00
1.543653964996337891e+00
1.108325839042663574e+00
7.947553694248199463e-02
-8.519870042800903320e-01
-1.110262393951416016e+00
-5.730930566787719727e-01
3.674361705780029297e-01
1.184128761291503906e+00
1.547404885292053223e+00
1.495136380195617676e+00
1.227203965187072754e+00
8.878009319305419922e-01
4.612308740615844727e-01
-5.976954102516174316e-02
-5.289748311042785645e-01
-6.588306427001953125e-01
-2.996723651885986328e-01
3.192971646785736084e-01
6.238449215888977051e-01
9.521943330764770508e-02
-1.256411075592041016e+00
-2.749536275863647461e+00
-3.398879766464233398e+00
-2.611528158187866211e+00
-6.543692350387573242e-01
1.420311570167541504e+00
2.456785678863525391e+00
1.924769401550292969e+00
2.862409949302673340e-01
-1.368698596954345703e+00
-2.004555702209472656e+00
-1.304381132125854492e+00
2.771957516670227051e-01
1.863132238388061523e+00
2.786266326904296875e+00
2.860395193099975586e+00
2.385690927505493164e+00
1.755429506301879883e+00
1.250631809234619141e+00
8.824810385704040527e-01
5.919376611709594727e-01
2.888464331626892090e-01
-7.945358753204345703e-03
-3.165945410728454590e-01
-6.093100905418395996e-01
-8.942233324050903320e-01
-1.048769950866699219e+00
-9.791153669357299805e-01
-6.062591075897216797e-01
-1.164812743663787842e-01
2.166765779256820679e-01
7.879513502120971680e-02
-5.043663978576660156e-01
-1.265343427658081055e+00
-1.718861818313598633e+00
-1.648980736732482910e+00
-1.137211918830871582e+00
-6.514403820037841797e-01
-5.321221351623535156e-01
-8.589170575141906738e-01
-1.215271353721618652e+00
-1.164740562438964844e+00
-4.529447555541992188e-01
5.762566924095153809e-01
1.348817944526672363e+00
1.271920919418334961e+00
3.408221900463104248e-01
-1.021186947822570801e+00
-2.041543483734130859e+00
-2.290590047836303711e+00
-1.735603094100952148e+00
-9.093272686004638672e-01
-3.056298494338989258e-01
-2.409044653177261353e-01
-4.591295123100280762e-01
-5.696460008621215820e-01
-1.495435386896133423e-01
7.152802944183349609e-01
1.686141729354858398e+00
2.160684108734130859e+00
1.892455101013183594e+00
9.185326099395751953e-01
-2.280991673469543457e-01
-1.081853866577148438e+00
-1.273283958435058594e+00
-9.608219265937805176e-01
-4.356799423694610596e-01
-1.466550529003143311e-01
-1.533657014369964600e-01
-3.507516384124755859e-01
-3.260697126388549805e-01
8.444988727569580078e-02
9.043958187103271484e-01
1.721194505691528320e+00
2.186238288879394531e+00
1.957791209220886230e+00
1.155163764953613281e+00
1.091796159744262695e-02
-1.001338958740234375e+00
