-1.385799288749694824e+00
-1.368479490280151367e+00
-1.624922633171081543e+00
-1.613080859184265137e+00
-1.078393459320068359e+00
-1.927378922700881958e-01
8.817649483680725098e-01
1.637800812721252441e+00
1.879069566726684570e+00
1.453786730766296387e+00
7.420246005058288574e-01
5.585020035505294800e-02
-1.744514554738998413e-01
-2.373635768890380859e-02
3.834544122219085693e-01
6.497365832328796387e-01
7.633380889892578125e-01
7.399111986160278320e-01
8.924860954284667969e-01
1.189078807830810547e+00
1.555563688278198242e+00
1.599837779998779297e+00
1.274959683418273926e+00
6.573195457458496094e-01
2.395337820053100586e-01
2.388402223587036133e-01
6.813421249389648438e-01
1.017764210700988770e+00
7.921428084373474121e-01
-2.975306510925292969e-01
-1.836521863937377930e+00
-3.208203077316284180e+00
-3.700056791305541992e+00
-3.236434936523437500e+00
-2.128136396408081055e+00
-1.096939086914062500e+00
-5.323582291603088379e-01
-5.359528064727783203e-01
-7.008574604988098145e-01
-7.167775630950927734e-01
-3.863861858844757080e-01
3.977555036544799805e-02
3.172921538352966309e-01
2.146634161472320557e-01
-9.573246538639068604e-02
-3.631599247455596924e-01
-2.475776076316833496e-01
2.563138604164123535e-01
9.887087345123291016e-01
1.532269954681396484e+00
1.617483615875244141e+00
1.098940968513488770e+00
2.087345570325851440e-01
-6.956333518028259277e-01
-1.138127923011779785e+00
-9.101665019989013672e-01
-6.780967116355895996e-02
9.306457638740539551e-01
1.571005463600158691e+00
1.463449120521545410e+00
6.936248540878295898e-01
-3.131167888641357422e-01
-9.682976007461547852e-01
-9.924512505531311035e-01
-5.218082070350646973e-01
-5.780440568923950195e-02
-1.627975702285766602e-02
-4.539743661880493164e-01
-9.721974730491638184e-01
-1.072422742843627930e+00
-5.278486013412475586e-01
3.834965229034423828e-01
1.098833322525024414e+00
1.186533451080322266e+00
7.078440785408020020e-01
1.790089607238769531e-01
1.768527626991271973e-01
8.798503279685974121e-01
1.881906628608703613e+00
2.470969676971435547e+00
2.106439590454101562e+00
8.350480198860168457e-01
-7.609328031539916992e-01
-1.903795719146728516e+00
-2.145258426666259766e+00
-1.545495271682739258e+00
-6.134928464889526367e-01
1.157533675432205200e-01
3.264282643795013428e-01
9.019491076469421387e-02
-3.542808294296264648e-01
-7.275267839431762695e-01
-9.354616999626159668e-01
-9.669215679168701172e-01
-9.155880212783813477e-01
-7.968190312385559082e-01
-6.393277049064636230e-01
-3.848876953125000000e-01
-3.043162822723388672e-02
4.700839221477508545e-01
1.048525094985961914e+00
1.619717836380004883e+00
1.958633422851562500e+00
1.914561748504638672e+00
1.401750445365905762e+00
6.189416646957397461e-01
-1.399796605110168457e-01
-5.229483246803283691e-01
-4.648461341857910156e-01
-1.098529696464538574e-01
1.674160957336425781e-01
1.522196233272552490e-01
-1.859979331493377686e-01
-5.634737014770507812e-01
-7.321438193321228027e-01
-5.392512083053588867e-01
-1.379246562719345093e-01
2.890209853649139404e-01
5.698090791702270508e-01
7.738551497459411621e-01
9.701067805290222168e-01
1.205897808074951172e+00
1.288457632064819336e+00
1.038552999496459961e+00
3.606203198432922363e-01
-4.993782639503479004e-01
-1.193482637405395508e+00
-1.401548147201538086e+00
-1.186156034469604492e+00
-8.451914191246032715e-01
-7.835562229156494141e-01
-1.082258224487304688e+00
-1.523041486740112305e+00
-1.663000583648681641e+00
-1.290421724319458008e+00
-5.272099971771240234e-01
1.576653718948364258e-01
3.923203349113464355e-01
1.278308629989624023e-01
-2.268642187118530273e-01
-1.736761927604675293e-01
5.527700185775756836e-01
1.685557484626770020e+00
2.631195545196533203e+00
2.798163890838623047e+00
2.036141872406005859e+00
6.806855201721191406e-01
-6.302585005760192871e-01
-1.386370778083801270e+00
-1.437680006027221680e+00
-1.018319845199584961e+00
-4.840740561485290527e-01
-6.694781780242919922e-02
2.355026900768280029e-01
5.524840950965881348e-01
9.438873529434204102e-01
1.305619716644287109e+00
1.425137042999267578e+00
1.184225559234619141e+00
6.695212125778198242e-01
1.772196590900421143e-01
-1.919537782669067383e-02
1.734611988067626953e-01
5.376640558242797852e-01
7.471390962600708008e-01
5.361955165863037109e-01
-3.667122125625610352e-02
-7.032104134559631348e-01
-1.099058628082275391e+00
-1.117692232131958008e+00
-8.887605667114257812e-01
-7.665590643882751465e-01
-9.336729645729064941e-01
-1.350621700286865234e+00
-1.647340893745422363e+00
-1.527126550674438477e+00
-8.717314004898071289e-01
2.468235790729522705e-03
6.997492313385009766e-01
8.564697504043579102e-01
5.322895646095275879e-01
-5.070301890373229980e-02
-5.414344668388366699e-01
-9.063363075256347656e-01
-1.208836317062377930e+00
-1.637571334838867188e+00
-2.037225723266601562e+00
-2.146359443664550781e+00
-1.589699506759643555e+00
-4.697066843509674072e-01
8.021236062049865723e-01
1.482834219932556152e+00
1.260320186614990234e+00
2.811999022960662842e-01
-6.458690166473388672e-01
-8.646386861801147461e-01
-9.573207795619964600e-02
1.068520069122314453e+00
1.854620218276977539e+00
1.609888315200805664e+00
5.920451283454895020e-01
-4.892752170562744141e-01
-6.930886507034301758e-01
1.448460817337036133e-01
1.571178913116455078e+00
2.506813049316406250e+00
2.321557998657226562e+00
9.481275081634521484e-01
-7.521951198577880859e-01
-1.915141582489013672e+00
-1.896225690841674805e+00
-9.770914912223815918e-01
2.473428547382354736e-01
9.523892402648925781e-01
9.396206736564636230e-01
2.979263067245483398e-01
-4.086858332157135010e-01
