7.000234127044677734e-01
6.451790332794189453e-01
-6.972105801105499268e-02
-5.606111288070678711e-01
-9.000837802886962891e-01
-9.975979328155517578e-01
-9.353297352790832520e-01
-6.337705254554748535e-01
-3.174144029617309570e-01
-1.493042856454849243e-01
-4.470352232456207275e-01
-1.104526042938232422e+00
-1.856225252151489258e+00
-2.101888656616210938e+00
-1.605451464653015137e+00
-4.439048171043395996e-01
7.157680988311767578e-01
1.319511413574218750e+00
1.071124434471130371e+00
4.051302373409271240e-01
-9.077775478363037109e-02
9.735185652971267700e-02
7.689397931098937988e-01
1.388034224510192871e+00
1.316890954971313477e+00
5.737209320068359375e-01
-3.308177590370178223e-01
-5.647628307342529297e-01
1.804037541151046753e-01
1.599361300468444824e+00
2.773435115814208984e+00
2.993973731994628906e+00
2.087487697601318359e+00
6.703492403030395508e-01
-4.734189212322235107e-01
-7.934778928756713867e-01
-4.317632913589477539e-01
1.240617930889129639e-01
3.507845997810363770e-01
1.951798200607299805e-01
-7.407045364379882812e-02
-5.564473941922187805e-02
3.284661173820495605e-01
8.614724874496459961e-01
1.138533234596252441e+00
9.579290151596069336e-01
3.775800168514251709e-01
-3.078793883323669434e-01
-8.560573458671569824e-01
-1.163785576820373535e+00
-1.293999791145324707e+00
-1.307132840156555176e+00
-1.204174995422363281e+00
-9.279990196228027344e-01
-4.743119478225708008e-01
6.564885377883911133e-02
5.459126830101013184e-01
8.456562757492065430e-01
9.291414022445678711e-01
7.959792613983154297e-01
4.699700176715850830e-01
-2.611836791038513184e-02
-5.543588399887084961e-01
-8.894357085227966309e-01
-7.638648152351379395e-01
-1.442415267229080200e-01
6.988202333450317383e-01
1.200665831565856934e+00
9.245648384094238281e-01
-1.731471866369247437e-01
-1.537053704261779785e+00
-2.411902666091918945e+00
-2.232808589935302734e+00
-1.120196342468261719e+00
3.011378645896911621e-01
1.216469883918762207e+00
1.279696702957153320e+00
6.768184304237365723e-01
4.502128064632415771e-02
-1.579702794551849365e-01
1.743252873420715332e-01
6.707898378372192383e-01
9.939596652984619141e-01
9.889733195304870605e-01
9.016914367675781250e-01
9.433329105377197266e-01
1.183538794517517090e+00
1.299341917037963867e+00
1.003767251968383789e+00
1.740952581167221069e-01
-8.228256702423095703e-01
-1.528360724449157715e+00
-1.552881002426147461e+00
-1.025352954864501953e+00
-3.121833503246307373e-01
8.574104309082031250e-02
5.114938318729400635e-02
-3.013299107551574707e-01
-6.007198691368103027e-01
-7.050276994705200195e-01
-5.990995168685913086e-01
-5.204000473022460938e-01
-5.472355484962463379e-01
-7.134098410606384277e-01
-8.447645902633666992e-01
-9.087355136871337891e-01
-8.652557134628295898e-01
-8.312019705772399902e-01
-7.561175823211669922e-01
-6.091429591178894043e-01
-2.600851655006408691e-01
1.754141449928283691e-01
5.240967869758605957e-01
4.855339229106903076e-01
4.006244242191314697e-02
-6.582207679748535156e-01
-1.197367429733276367e+00
-1.350436329841613770e+00
-1.063504695892333984e+00
-6.224094033241271973e-01
-2.568767666816711426e-01
-1.051148772239685059e-01
6.681561470031738281e-03
2.351323515176773071e-01
6.833451986312866211e-01
1.156881809234619141e+00
1.448959350585937500e+00
1.395182728767395020e+00
1.141847372055053711e+00
9.221885800361633301e-01
9.856367707252502441e-01
1.305572509765625000e+00
1.709369301795959473e+00
1.912660121917724609e+00
1.798873901367187500e+00
1.358987092971801758e+00
7.248260974884033203e-01
-2.302114665508270264e-02
-7.892270088195800781e-01
-1.489533185958862305e+00
-1.943998694419860840e+00
-2.001768827438354492e+00
-1.612307310104370117e+00
-9.615788459777832031e-01
-3.600052595138549805e-01
-8.070611953735351562e-02
-1.542283445596694946e-01
-3.867097795009613037e-01
-5.298402905464172363e-01
-5.118039250373840332e-01
-5.072599649429321289e-01
-7.683681249618530273e-01
-1.382468819618225098e+00
-2.109836816787719727e+00
-2.542747735977172852e+00
-2.359138488769531250e+00
-1.616515040397644043e+00
-6.651557683944702148e-01
5.450809001922607422e-02
3.966408967971801758e-01
5.144673585891723633e-01
7.574482560157775879e-01
1.249671459197998047e+00
1.843523263931274414e+00
2.131494522094726562e+00
1.904131531715393066e+00
1.253781199455261230e+00
6.629241704940795898e-01
5.185511112213134766e-01
9.330615401268005371e-01
1.484167575836181641e+00
1.653963327407836914e+00
1.047254562377929688e+00
-1.550167202949523926e-01
-1.490582466125488281e+00
-2.344924926757812500e+00
-2.514001846313476562e+00
-2.059256553649902344e+00
-1.352645158767700195e+00
-5.515702962875366211e-01
2.627800405025482178e-01
1.223722100257873535e+00
2.175036907196044922e+00
2.857412576675415039e+00
2.797122478485107422e+00
1.935015916824340820e+00
5.465464591979980469e-01
-5.692592859268188477e-01
-8.304727673530578613e-01
-8.258342742919921875e-03
1.297256231307983398e+00
2.296315908432006836e+00
2.242808103561401367e+00
1.232976794242858887e+00
-1.464510858058929443e-01
-9.206112623214721680e-01
-7.028162479400634766e-01
3.436536788940429688e-01
1.315480947494506836e+00
1.523689508438110352e+00
6.629765629768371582e-01
-6.548945903778076172e-01
-1.660900115966796875e+00
-1.643394708633422852e+00
-7.745726704597473145e-01
3.562082946300506592e-01
8.203054070472717285e-01
3.257381916046142578e-01
-9.554424285888671875e-01
-2.183749675750732422e+00
-2.775129795074462891e+00
-2.390176057815551758e+00
-1.427691698074340820e+00
-3.123740553855895996e-01
4.513579607009887695e-01
9.101724028587341309e-01
1.138870835304260254e+00
