-1.119390726089477539e-01
-7.395282387733459473e-02
4.718180298805236816e-01
1.214476704597473145e+00
1.596733093261718750e+00
1.298031091690063477e+00
3.309874236583709717e-01
-8.590359091758728027e-01
-1.835973739624023438e+00
-2.303739547729492188e+00
-2.319404602050781250e+00
-2.003196001052856445e+00
-1.507656097412109375e+00
-8.535271883010864258e-01
-1.741330027580261230e-01
3.340197205543518066e-01
3.753668069839477539e-01
-8.548675477504730225e-02
-7.890323400497436523e-01
-1.169885754585266113e+00
-8.293181657791137695e-01
2.421983778476715088e-01
1.507188796997070312e+00
2.307439327239990234e+00
2.208305358886718750e+00
1.353183031082153320e+00
2.341325283050537109e-01
-5.936776995658874512e-01
-9.232746362686157227e-01
-8.325236439704895020e-01
-5.491759181022644043e-01
-1.286063790321350098e-01
4.839251935482025146e-01
1.349625945091247559e+00
2.273100137710571289e+00
2.911949396133422852e+00
2.943648338317871094e+00
2.381818771362304688e+00
1.522861123085021973e+00
7.766681313514709473e-01
3.159995675086975098e-01
5.584311485290527344e-02
-2.192519903182983398e-01
-5.359674096107482910e-01
-7.087028622627258301e-01
-4.946293234825134277e-01
5.734720826148986816e-02
5.500110983848571777e-01
4.420258998870849609e-01
-4.889734089374542236e-01
-1.928019642829895020e+00
-3.140548944473266602e+00
-3.473089694976806641e+00
-2.757505893707275391e+00
-1.409894704818725586e+00
-8.320507407188415527e-02
7.519351243972778320e-01
1.046044826507568359e+00
1.019506216049194336e+00
8.842359185218811035e-01
6.583626866340637207e-01
2.724324464797973633e-01
-2.149195075035095215e-01
-5.231246948242187500e-01
-3.322903513908386230e-01
4.145100712776184082e-01
1.367425680160522461e+00
1.956739902496337891e+00
1.791999459266662598e+00
9.515559077262878418e-01
-7.495039701461791992e-02
-7.521573901176452637e-01
-8.651815652847290039e-01
-6.207129359245300293e-01
-4.046938419342041016e-01
-4.601535797119140625e-01
-7.271252870559692383e-01
-9.755728244781494141e-01
-1.033706426620483398e+00
-9.202338457107543945e-01
-7.415704727172851562e-01
-5.399830937385559082e-01
-2.407246828079223633e-01
1.902958750724792480e-01
6.042395830154418945e-01
6.917080879211425781e-01
2.680302560329437256e-01
-4.690507352352142334e-01
-9.405822157859802246e-01
-5.989845991134643555e-01
5.889814496040344238e-01
1.951725482940673828e+00
2.507057189941406250e+00
1.648932576179504395e+00
-3.198859095573425293e-01
-2.321355342864990234e+00
-3.185969591140747070e+00
-2.458486318588256836e+00
-6.749719977378845215e-01
1.042196154594421387e+00
1.790074348449707031e+00
1.445160627365112305e+00
6.220446228981018066e-01
9.044012427330017090e-02
1.869114339351654053e-01
6.381144523620605469e-01
8.992528319358825684e-01
6.444928050041198730e-01
1.236265897750854492e-02
-5.758371353149414062e-01
-7.912906408309936523e-01
-6.408191919326782227e-01
-3.780353963375091553e-01
-2.288991510868072510e-01
-2.120313346385955811e-01
-1.974592804908752441e-01
-1.153573393821716309e-01
-5.878520011901855469e-02
-1.758902221918106079e-01
-4.460864365100860596e-01
-6.234236359596252441e-01
-4.103185236454010010e-01
2.142230570316314697e-01
8.905954360961914062e-01
1.078112244606018066e+00
5.065418481826782227e-01
-5.715481638908386230e-01
-1.487864017486572266e+00
-1.660513281822204590e+00
-1.002601265907287598e+00
-8.363783359527587891e-03
6.725432276725769043e-01
6.994814276695251465e-01
2.899981141090393066e-01
-6.879782676696777344e-02
-4.324481636285781860e-02
2.174411118030548096e-01
2.831630706787109375e-01
-1.695212274789810181e-01
-9.626444578170776367e-01
-1.552849411964416504e+00
-1.405251622200012207e+00
-4.969534873962402344e-01
6.847132444381713867e-01
1.424584865570068359e+00
1.360319614410400391e+00
6.455987691879272461e-01
-1.472788453102111816e-01
-5.441498160362243652e-01
-4.139620959758758545e-01
-4.862786829471588135e-02
2.141186445951461792e-01
1.846196055412292480e-01
-1.745268702507019043e-02
-2.315521836280822754e-01
-3.539604544639587402e-01
-4.772414863109588623e-01
-6.442214250564575195e-01
-8.063271045684814453e-01
-7.297939658164978027e-01
-2.981971204280853271e-01
4.189207851886749268e-01
1.047571420669555664e+00
1.261761546134948730e+00
9.346535205841064453e-01
3.705586791038513184e-01
-4.614323377609252930e-03
1.666770428419113159e-01
8.019680380821228027e-01
1.548566937446594238e+00
1.903994560241699219e+00
1.665813088417053223e+00
9.104957580566406250e-01
4.335522651672363281e-02
-5.992193222045898438e-01
-8.081176877021789551e-01
-7.230664491653442383e-01
-5.755284428596496582e-01
-6.651011109352111816e-01
-1.028438687324523926e+00
-1.537584781646728516e+00
-1.799512982368469238e+00
-1.517830133438110352e+00
-5.456006526947021484e-01
8.128319978713989258e-01
2.050366878509521484e+00
2.555726289749145508e+00
2.127316236495971680e+00
9.631317853927612305e-01
-2.865466475486755371e-01
-1.067171335220336914e+00
-1.083431482315063477e+00
-5.801674127578735352e-01
6.880670785903930664e-02
5.188090801239013672e-01
8.312494158744812012e-01
1.160413503646850586e+00
1.644198179244995117e+00
2.006737947463989258e+00
1.878889679908752441e+00
9.653190374374389648e-01
-4.509693384170532227e-01
-1.748394608497619629e+00
-2.185243606567382812e+00
-1.584297418594360352e+00
-3.285156786441802979e-01
7.191839218139648438e-01
9.558327198028564453e-01
2.556867897510528564e-01
-8.369017839431762695e-01
-1.693802714347839355e+00
-1.854555368423461914e+00
-1.414051651954650879e+00
-6.629884839057922363e-01
2.979880571365356445e-02
6.079978942871093750e-01
1.080276608467102051e+00
