-1.199786901473999023e+00
-1.145380616188049316e+00
-4.534894824028015137e-01
4.780792295932769775e-01
1.123941659927368164e+00
1.206523895263671875e+00
8.594739437103271484e-01
5.160907506942749023e-01
4.820252656936645508e-01
6.775751709938049316e-01
6.819696426391601562e-01
1.556701064109802246e-01
-7.973754405975341797e-01
-1.597002983093261719e+00
-1.612401127815246582e+00
-6.809735894203186035e-01
6.848502159118652344e-01
1.620055437088012695e+00
1.532808184623718262e+00
5.375401377677917480e-01
-6.344159841537475586e-01
-1.202805757522583008e+00
-8.993867039680480957e-01
-1.332415342330932617e-01
4.129144549369812012e-01
3.311166763305664062e-01
-1.877088546752929688e-01
-5.909234285354614258e-01
-4.373038113117218018e-01
1.954302191734313965e-01
8.166356682777404785e-01
9.055494666099548340e-01
3.714458942413330078e-01
-4.396344721317291260e-01
-1.006595015525817871e+00
-1.093451023101806641e+00
-8.388131856918334961e-01
-6.165411472320556641e-01
-6.264234781265258789e-01
-7.857677340507507324e-01
-7.899607419967651367e-01
-4.796124696731567383e-01
5.565710365772247314e-02
4.843453466892242432e-01
5.781860947608947754e-01
3.226812481880187988e-01
-3.100477531552314758e-02
-2.644795477390289307e-01
-2.781723737716674805e-01
-1.767140179872512817e-01
-1.848366856575012207e-02
2.047858089208602905e-01
6.179488301277160645e-01
1.188197135925292969e+00
1.724768400192260742e+00
1.882456779479980469e+00
1.526751279830932617e+00
8.103704452514648438e-01
2.028892636299133301e-01
6.698147207498550415e-02
4.651523232460021973e-01
1.003203868865966797e+00
1.208560466766357422e+00
7.766981124877929688e-01
-1.382437348365783691e-01
-1.174353480339050293e+00
-1.946361780166625977e+00
-2.372085809707641602e+00
-2.512067317962646484e+00
-2.489679813385009766e+00
-2.236198425292968750e+00
-1.691010236740112305e+00
-8.827352523803710938e-01
-1.509982645511627197e-01
1.332063972949981689e-01
-2.316429615020751953e-01
-9.488335847854614258e-01
-1.469836950302124023e+00
-1.274641990661621094e+00
-3.687049150466918945e-01
8.017109036445617676e-01
1.577454090118408203e+00
1.670887470245361328e+00
1.254706978797912598e+00
8.721579313278198242e-01
8.815894126892089844e-01
1.272674083709716797e+00
1.634645342826843262e+00
1.647267818450927734e+00
1.300427436828613281e+00
9.922878146171569824e-01
1.071230053901672363e+00
1.562937736511230469e+00
1.997913479804992676e+00
1.849126219749450684e+00
9.052615165710449219e-01
-4.009084999561309814e-01
-1.322424769401550293e+00
-1.239778161048889160e+00
-2.086710184812545776e-01
1.114269852638244629e+00
1.810339689254760742e+00
1.374431848526000977e+00
-3.866507112979888916e-02
-1.659673690795898438e+00
-2.665908336639404297e+00
-2.604242563247680664e+00
-1.678433537483215332e+00
-4.933038949966430664e-01
2.863280773162841797e-01
3.745634555816650391e-01
-9.281703829765319824e-02
-6.736668944358825684e-01
-1.001017332077026367e+00
-9.709993600845336914e-01
-8.087307214736938477e-01
-8.085584640502929688e-01
-1.104252934455871582e+00
-1.489580512046813965e+00
-1.585409164428710938e+00
-1.110617876052856445e+00
-1.836697757244110107e-01
7.111343145370483398e-01
1.011290073394775391e+00
5.290054082870483398e-01
-3.586572408676147461e-01
-8.955956697463989258e-01
-4.806399941444396973e-01
8.778797388076782227e-01
2.502132654190063477e+00
3.484963178634643555e+00
3.316328287124633789e+00
2.224845886230468750e+00
9.893152117729187012e-01
3.379224538803100586e-01
4.337924718856811523e-01
8.039644360542297363e-01
7.998659014701843262e-01
1.397194862365722656e-01
-8.381142616271972656e-01
-1.498539686203002930e+00
-1.419671654701232910e+00
-7.657191157341003418e-01
-9.111057966947555542e-02
1.103226691484451294e-01
-1.448601782321929932e-01
-4.261917471885681152e-01
-2.778774499893188477e-01
2.844061553478240967e-01
7.964247465133666992e-01
6.940727233886718750e-01
-1.137965619564056396e-01
-1.168823838233947754e+00
-1.746245622634887695e+00
-1.502194643020629883e+00
-6.858772039413452148e-01
1.513867080211639404e-02
1.369305402040481567e-01
-2.363630086183547974e-01
-4.856339395046234131e-01
-9.144945442676544189e-02
9.472779035568237305e-01
1.971967339515686035e+00
2.250595808029174805e+00
1.482001423835754395e+00
1.400888860225677490e-01
-9.667333364486694336e-01
-1.206786274909973145e+00
-6.512383818626403809e-01
1.495345830917358398e-01
5.408285856246948242e-01
3.392471671104431152e-01
-2.294321209192276001e-01
-7.257342934608459473e-01
-9.942157864570617676e-01
-1.117798328399658203e+00
-1.309560179710388184e+00
-1.489553570747375488e+00
-1.386550545692443848e+00
-6.892023086547851562e-01
4.771429300308227539e-01
1.626509308815002441e+00
2.091969013214111328e+00
1.624189019203186035e+00
4.733324050903320312e-01
-6.698700189590454102e-01
-1.277295112609863281e+00
-1.192062616348266602e+00
-7.527583837509155273e-01
-3.227268755435943604e-01
-1.132791489362716675e-01
1.284238696098327637e-02
1.789368391036987305e-01
4.034920930862426758e-01
4.478635787963867188e-01
1.956216692924499512e-01
-2.673094868659973145e-01
-5.376860499382019043e-01
-3.450751006603240967e-01
2.740065753459930420e-01
8.095840215682983398e-01
7.653692960739135742e-01
-3.119306266307830811e-02
-1.111882686614990234e+00
-1.788646221160888672e+00
-1.554615616798400879e+00
-5.977256298065185547e-01
4.338151216506958008e-01
8.038871884346008301e-01
3.516682386398315430e-01
-5.032222270965576172e-01
-9.793918132781982422e-01
-6.289626955986022949e-01
4.407699108123779297e-01
1.553194999694824219e+00
2.050399303436279297e+00
1.628738999366760254e+00
