-8.842058777809143066e-01
-9.229608178138732910e-01
2.133396267890930176e-02
1.259151220321655273e+00
2.315028190612792969e+00
2.640822410583496094e+00
1.977045297622680664e+00
4.551268517971038818e-01
-1.348729133605957031e+00
-2.730292558670043945e+00
-3.118404626846313477e+00
-2.420559167861938477e+00
-9.959112405776977539e-01
4.665622115135192871e-01
1.368733406066894531e+00
1.432616233825683594e+00
8.757033944129943848e-01
1.771219670772552490e-01
-1.603937745094299316e-01
3.800451755523681641e-02
6.114213466644287109e-01
1.143920302391052246e+00
1.306688785552978516e+00
9.956034421920776367e-01
4.232406616210937500e-01
-1.031631901860237122e-01
-3.250607848167419434e-01
-2.222272902727127075e-01
6.882403790950775146e-02
3.049075007438659668e-01
3.178468346595764160e-01
1.589892804622650146e-02
-5.419134497642517090e-01
-1.210143804550170898e+00
-1.710737466812133789e+00
-1.758556723594665527e+00
-1.140719532966613770e+00
5.903559923171997070e-02
1.444673180580139160e+00
2.380174160003662109e+00
2.354976177215576172e+00
1.250674843788146973e+00
-5.010143518447875977e-01
-2.178139686584472656e+00
-3.128658533096313477e+00
-3.157400608062744141e+00
-2.515420436859130859e+00
-1.686234235763549805e+00
-9.951998591423034668e-01
-4.988139867782592773e-01
-6.317472457885742188e-02
3.448781073093414307e-01
5.891003012657165527e-01
4.737885594367980957e-01
5.659230798482894897e-02
-2.792246043682098389e-01
-1.524363458156585693e-02
1.030438065528869629e+00
2.455744028091430664e+00
3.409552097320556641e+00
3.192028045654296875e+00
1.786308050155639648e+00
-1.809798181056976318e-02
-1.162795066833496094e+00
-1.061227321624755859e+00
-7.079833745956420898e-02
7.847789525985717773e-01
5.737239718437194824e-01
-7.869461774826049805e-01
-2.449819326400756836e+00
-3.232339620590209961e+00
-2.517912626266479492e+00
-7.031314373016357422e-01
1.080119252204895020e+00
1.812951087951660156e+00
1.285268068313598633e+00
1.839755773544311523e-01
-5.208120346069335938e-01
-3.197833001613616943e-01
4.890733361244201660e-01
1.140384554862976074e+00
1.058043599128723145e+00
3.235650956630706787e-01
-4.503515958786010742e-01
-6.555747985839843750e-01
-2.009122371673583984e-01
4.566037654876708984e-01
7.265695333480834961e-01
4.014454782009124756e-01
-1.956836581230163574e-01
-5.113183259963989258e-01
-2.627524733543395996e-01
3.256212770938873291e-01
7.188693881034851074e-01
5.470410585403442383e-01
-8.020308613777160645e-02
-6.613283157348632812e-01
-7.377812862396240234e-01
-2.788484990596771240e-01
2.860680818557739258e-01
4.278578162193298340e-01
-5.150751024484634399e-02
-8.545009493827819824e-01
-1.428493142127990723e+00
-1.382144212722778320e+00
-7.575637102127075195e-01
6.136055290699005127e-02
6.739397048950195312e-01
9.472858309745788574e-01
1.021405100822448730e+00
1.085182785987854004e+00
1.139684081077575684e+00
9.927322864532470703e-01
4.724778532981872559e-01
-3.266337513923645020e-01
-1.019276261329650879e+00
-1.165915727615356445e+00
-6.112185716629028320e-01
3.615483641624450684e-01
1.175017118453979492e+00
1.323375105857849121e+00
6.830287575721740723e-01
-4.237000644207000732e-01
-1.454549908638000488e+00
-1.962812662124633789e+00
-1.818667292594909668e+00
-1.196822166442871094e+00
-4.162784814834594727e-01
2.593324780464172363e-01
7.106958627700805664e-01
9.589785337448120117e-01
1.081460237503051758e+00
1.151848673820495605e+00
1.190597295761108398e+00
1.171018719673156738e+00
1.025897383689880371e+00
7.063716650009155273e-01
2.210027873516082764e-01
-3.161087930202484131e-01
-7.351550459861755371e-01
-8.914506435394287109e-01
-7.863011360168457031e-01
-5.764334201812744141e-01
-5.011103153228759766e-01
-7.000249624252319336e-01
-1.114771127700805664e+00
-1.485695958137512207e+00
-1.528486490249633789e+00
-1.092122197151184082e+00
-2.707383930683135986e-01
6.868031620979309082e-01
1.505595684051513672e+00
2.041488409042358398e+00
2.275372982025146484e+00
2.278656244277954102e+00
2.107334136962890625e+00
1.816361188888549805e+00
1.457162499427795410e+00
1.125994443893432617e+00
8.881278634071350098e-01
7.414177060127258301e-01
5.577415823936462402e-01
1.960322707891464233e-01
-4.054918587207794189e-01
-1.112676143646240234e+00
-1.694621324539184570e+00
-1.950160861015319824e+00
-1.898401498794555664e+00
-1.733880996704101562e+00
-1.705813407897949219e+00
-1.869623899459838867e+00
-2.064247608184814453e+00
-1.997676372528076172e+00
-1.537381649017333984e+00
-8.107911348342895508e-01
-1.818438768386840820e-01
6.160274893045425415e-02
-9.989547729492187500e-02
-3.319730758666992188e-01
-2.264992594718933105e-01
4.291917383670806885e-01
1.415854692459106445e+00
2.246353149414062500e+00
2.433400630950927734e+00
1.866296648979187012e+00
8.344078660011291504e-01
-1.071066334843635559e-01
-5.353525876998901367e-01
-3.369411826133728027e-01
2.251495271921157837e-01
7.850797176361083984e-01
1.061325192451477051e+00
1.045921325683593750e+00
8.744804859161376953e-01
7.250161170959472656e-01
6.110817193984985352e-01
4.417674541473388672e-01
5.920269340276718140e-02
-5.569580793380737305e-01
-1.302941918373107910e+00
-1.924444437026977539e+00
-2.210426807403564453e+00
-2.030327081680297852e+00
-1.454581737518310547e+00
-6.437039375305175781e-01
1.565507054328918457e-01
7.778567671775817871e-01
1.099594831466674805e+00
1.136664390563964844e+00
9.355203509330749512e-01
6.196822524070739746e-01
2.742875814437866211e-01
2.617582678794860840e-03
-1.703551411628723145e-01
-2.232548892498016357e-01
-2.130874693393707275e-01
-1.728985309600830078e-01
