4.122960567474365234e-01
4.184174537658691406e-01
-7.129108905792236328e-02
-6.921445727348327637e-01
-1.329041957855224609e+00
-1.658966064453125000e+00
-1.591912031173706055e+00
-1.074775099754333496e+00
-3.964543044567108154e-01
2.162215709686279297e-01
4.718219637870788574e-01
4.106329381465911865e-01
1.197899878025054932e-01
-1.094938516616821289e-01
-1.973250359296798706e-01
-7.597187161445617676e-02
8.378762006759643555e-02
2.413879930973052979e-01
3.208288848400115967e-01
4.583100080490112305e-01
6.686453819274902344e-01
9.876559972763061523e-01
1.203575611114501953e+00
1.170257568359375000e+00
7.128036618232727051e-01
-4.310587048530578613e-02
-8.967806100845336914e-01
-1.473388671875000000e+00
-1.595509409904479980e+00
-1.181889891624450684e+00
-4.407699406147003174e-01
4.263330101966857910e-01
1.162284374237060547e+00
1.703048944473266602e+00
1.988107562065124512e+00
2.074398279190063477e+00
1.927325010299682617e+00
1.593667745590209961e+00
1.090822458267211914e+00
5.815340280532836914e-01
1.910308599472045898e-01
5.488705635070800781e-02
1.158712506294250488e-01
2.570764720439910889e-01
2.771902084350585938e-01
1.217398568987846375e-01
-1.680713295936584473e-01
-4.151363372802734375e-01
-5.167967081069946289e-01
-4.592518508434295654e-01
-3.765663504600524902e-01
-3.682270646095275879e-01
-4.551959633827209473e-01
-5.108736753463745117e-01
-4.240327477455139160e-01
-1.899638324975967407e-01
1.307308673858642578e-02
-2.477735280990600586e-02
-3.832513093948364258e-01
-8.789555430412292480e-01
-1.176246047019958496e+00
-1.015360355377197266e+00
-4.288176894187927246e-01
2.500379085540771484e-01
6.184856891632080078e-01
4.973236918449401855e-01
7.570269703865051270e-02
-2.517853677272796631e-01
-1.880101412534713745e-01
1.935120522975921631e-01
5.240337252616882324e-01
4.029956459999084473e-01
-2.224599123001098633e-01
-1.012680649757385254e+00
-1.428199648857116699e+00
-1.178273797035217285e+00
-3.970857262611389160e-01
4.027265310287475586e-01
7.700399160385131836e-01
5.856980681419372559e-01
1.824698746204376221e-01
-2.088140882551670074e-02
1.982067078351974487e-01
6.266362667083740234e-01
8.900412321090698242e-01
7.070848345756530762e-01
2.075284123420715332e-01
-2.670638561248779297e-01
-3.843509554862976074e-01
-1.874154657125473022e-01
4.473643004894256592e-02
-2.660641074180603027e-02
-3.877488374710083008e-01
-7.670992612838745117e-01
-7.944210767745971680e-01
-4.562012553215026855e-01
-5.147567391395568848e-02
-3.748717904090881348e-02
-4.780650138854980469e-01
-9.926360845565795898e-01
-8.898746371269226074e-01
1.495227217674255371e-01
1.805537939071655273e+00
3.097298383712768555e+00
3.127962112426757812e+00
1.634094476699829102e+00
-6.356980800628662109e-01
-2.473422288894653320e+00
-2.875108480453491211e+00
-1.793437004089355469e+00
-1.130592823028564453e-02
1.319339752197265625e+00
1.544314265251159668e+00
7.341060638427734375e-01
-4.190689921379089355e-01
-1.299928188323974609e+00
-1.685938835144042969e+00
-1.858505487442016602e+00
-2.095727682113647461e+00
-2.409454345703125000e+00
-2.396368980407714844e+00
-1.704114198684692383e+00
-3.291635215282440186e-01
1.154686808586120605e+00
2.038267612457275391e+00
1.887915492057800293e+00
9.580268263816833496e-01
-6.211319565773010254e-02
-4.566123485565185547e-01
-5.863094329833984375e-02
7.511179447174072266e-01
1.296254873275756836e+00
1.194692611694335938e+00
5.514588356018066406e-01
-1.035152971744537354e-01
-3.171736001968383789e-01
-8.040070533752441406e-03
4.360393881797790527e-01
5.298601984977722168e-01
3.123766183853149414e-02
-8.244884014129638672e-01
-1.525891780853271484e+00
-1.608803272247314453e+00
-9.884493350982666016e-01
3.690552711486816406e-02
9.835588335990905762e-01
1.500650405883789062e+00
1.519071698188781738e+00
1.215384483337402344e+00
8.136595487594604492e-01
4.267382919788360596e-01
2.656495571136474609e-02
-4.776248931884765625e-01
-1.098374605178833008e+00
-1.741913914680480957e+00
-2.215817689895629883e+00
-2.358397960662841797e+00
-2.073325395584106445e+00
-1.398169994354248047e+00
-4.371880888938903809e-01
6.183670759201049805e-01
1.580309033393859863e+00
2.227314949035644531e+00
2.426221370697021484e+00
2.110636234283447266e+00
1.401968717575073242e+00
4.989530444145202637e-01
-3.028073906898498535e-01
-8.161153197288513184e-01
-9.355660676956176758e-01
-7.648196220397949219e-01
-4.419923126697540283e-01
-1.769629269838333130e-01
-4.084193706512451172e-02
-7.447152584791183472e-02
-1.610795259475708008e-01
-2.274481952190399170e-01
-1.386055052280426025e-01
9.716381132602691650e-02
4.875770807266235352e-01
8.864517211914062500e-01
1.211562395095825195e+00
1.303605079650878906e+00
1.171412587165832520e+00
8.172184228897094727e-01
4.234375655651092529e-01
8.725076913833618164e-02
-4.351717233657836914e-02
-3.665563464164733887e-02
5.368529260158538818e-02
2.856729179620742798e-02
-1.328518539667129517e-01
-4.514989256858825684e-01
-7.204239368438720703e-01
-8.325486183166503906e-01
-6.267914175987243652e-01
-1.988953948020935059e-01
3.813078403472900391e-01
8.865259885787963867e-01
1.288800239562988281e+00
1.517983436584472656e+00
1.708671569824218750e+00
1.842606902122497559e+00
1.978398442268371582e+00
1.960178136825561523e+00
1.753757119178771973e+00
1.218242883682250977e+00
4.424338340759277344e-01
-5.507736206054687500e-01
-1.527393579483032227e+00
-2.384152889251708984e+00
-2.867949247360229492e+00
-2.926893234252929688e+00
-2.435078382492065430e+00
-1.548284769058227539e+00
-3.868777453899383545e-01
6.962782740592956543e-01
