5.401100516319274902e-01
5.391696691513061523e-01
1.358422636985778809e-01
-3.330826759338378906e-01
-6.788476109504699707e-01
-7.950558662414550781e-01
-7.479439973831176758e-01
-6.102807521820068359e-01
-4.232889413833618164e-01
-1.226966381072998047e-01
2.841770350933074951e-01
6.787251830101013184e-01
7.891507148742675781e-01
4.418346285820007324e-01
-2.992309331893920898e-01
-1.025611400604248047e+00
-1.268428206443786621e+00
-7.805187106132507324e-01
1.778970062732696533e-01
1.009699463844299316e+00
1.116652607917785645e+00
3.868920207023620605e-01
-7.404785156250000000e-01
-1.498218536376953125e+00
-1.369045257568359375e+00
-4.036599993705749512e-01
7.618622779846191406e-01
1.405302524566650391e+00
1.186027526855468750e+00
4.312310814857482910e-01
-1.512857675552368164e-01
5.288326740264892578e-02
1.072981476783752441e+00
2.358515024185180664e+00
3.102561712265014648e+00
2.810111761093139648e+00
1.558802366256713867e+00
-4.712110757827758789e-02
-1.317559003829956055e+00
-1.838143348693847656e+00
-1.669538497924804688e+00
-1.155597209930419922e+00
-6.642338037490844727e-01
-3.404582440853118896e-01
-1.421496272087097168e-01
3.489917516708374023e-02
1.791419088840484619e-01
1.859671622514724731e-01
-3.989449143409729004e-02
-4.238875806331634521e-01
-7.430663108825683594e-01
-7.547410130500793457e-01
-4.169572591781616211e-01
4.780933260917663574e-02
2.578397095203399658e-01
-5.057215690612792969e-02
-8.159244060516357422e-01
-1.626500487327575684e+00
-1.965082764625549316e+00
-1.537401914596557617e+00
-4.978439807891845703e-01
6.191670894622802734e-01
1.219592809677124023e+00
1.030149221420288086e+00
2.823416590690612793e-01
-4.324839115142822266e-01
-5.454838871955871582e-01
1.119097545742988586e-01
1.205604791641235352e+00
2.112704038619995117e+00
2.336659431457519531e+00
1.797647714614868164e+00
8.499884605407714844e-01
-1.007735729217529297e-02
-4.685318470001220703e-01
-5.697524547576904297e-01
-5.724576115608215332e-01
-6.951147913932800293e-01
-8.953903317451477051e-01
-9.438679814338684082e-01
-6.337974667549133301e-01
-3.468590974807739258e-02
5.341796875000000000e-01
6.989023089408874512e-01
3.506301343441009521e-01
-2.829250097274780273e-01
-7.637966871261596680e-01
-8.001080751419067383e-01
-4.228847324848175049e-01
2.084681391716003418e-02
1.869020760059356689e-01
-3.074442595243453979e-02
-3.889189362525939941e-01
-5.398001670837402344e-01
-2.747035324573516846e-01
2.667949199676513672e-01
7.484169602394104004e-01
8.464692831039428711e-01
5.225774645805358887e-01
-2.101045474410057068e-02
-4.656715989112854004e-01
-6.470247507095336914e-01
-5.730701684951782227e-01
-3.967914283275604248e-01
-2.052611857652664185e-01
-1.426614820957183838e-02
2.368544191122055054e-01
5.185914039611816406e-01
7.461448311805725098e-01
7.944235205650329590e-01
6.776372790336608887e-01
5.071313381195068359e-01
4.548396468162536621e-01
5.389099121093750000e-01
6.440164446830749512e-01
5.625515580177307129e-01
2.478041499853134155e-01
-1.646937131881713867e-01
-3.856154680252075195e-01
-2.685880661010742188e-01
9.720373153686523438e-02
3.668585121631622314e-01
2.543934285640716553e-01
-2.931614816188812256e-01
-9.748414754867553711e-01
-1.409915566444396973e+00
-1.356746435165405273e+00
-9.358487129211425781e-01
-4.523875117301940918e-01
-2.046622335910797119e-01
-2.167302668094635010e-01
-3.399964272975921631e-01
-3.932162523269653320e-01
-4.139647185802459717e-01
-5.627097487449645996e-01
-9.705826640129089355e-01
-1.465302228927612305e+00
-1.671127676963806152e+00
-1.233269572257995605e+00
-2.171733230352401733e-01
8.796579837799072266e-01
1.364811062812805176e+00
9.089764356613159180e-01
-2.012175023555755615e-01
-1.134129881858825684e+00
-1.104791641235351562e+00
1.252685338258743286e-01
2.000445604324340820e+00
3.562451124191284180e+00
4.010910987854003906e+00
3.229191780090332031e+00
1.731665372848510742e+00
2.928143739700317383e-01
-6.229702830314636230e-01
-1.035011172294616699e+00
-1.302106618881225586e+00
-1.661727428436279297e+00
-1.996371865272521973e+00
-1.873122930526733398e+00
-9.606339335441589355e-01
6.520504951477050781e-01
2.358054161071777344e+00
3.377953529357910156e+00
3.185536146163940430e+00
1.849923610687255859e+00
-4.123848676681518555e-02
-1.685935497283935547e+00
-2.507235527038574219e+00
-2.356947898864746094e+00
-1.517514586448669434e+00
-4.624255299568176270e-01
3.597390651702880859e-01
7.003025412559509277e-01
5.234639048576354980e-01
-1.741693913936614990e-02
-6.726011037826538086e-01
-1.168301105499267578e+00
-1.315051913261413574e+00
-1.067547202110290527e+00
-5.490926504135131836e-01
2.391622960567474365e-02
4.499474167823791504e-01
6.353120207786560059e-01
5.959875583648681641e-01
3.848346769809722900e-01
1.914310455322265625e-02
-5.206445455551147461e-01
-1.200642943382263184e+00
-1.851081371307373047e+00
-2.173423051834106445e+00
-1.904416203498840332e+00
-1.010437965393066406e+00
1.998196840286254883e-01
1.205709934234619141e+00
1.551879644393920898e+00
1.151428699493408203e+00
3.466577529907226562e-01
-2.700859308242797852e-01
-2.408924251794815063e-01
4.987835884094238281e-01
1.572210311889648438e+00
2.440565586090087891e+00
2.716947555541992188e+00
2.401504993438720703e+00
1.787002205848693848e+00
1.241657376289367676e+00
9.204925298690795898e-01
7.325277924537658691e-01
4.359966218471527100e-01
-1.027388572692871094e-01
-8.232939243316650391e-01
-1.474082350730895996e+00
-1.828200936317443848e+00
-1.787038564682006836e+00
-1.458302497863769531e+00
-1.010375499725341797e+00
-5.990369319915771484e-01
