9.866462349891662598e-01
1.012254714965820312e+00
-1.355519145727157593e-01
-1.190860390663146973e+00
-1.907428979873657227e+00
-2.025348901748657227e+00
-1.704380989074707031e+00
-1.074479818344116211e+00
-4.910374879837036133e-01
-6.231842935085296631e-02
4.170110449194908142e-02
-5.191647633910179138e-02
-3.100994825363159180e-01
-5.050777792930603027e-01
-6.160008907318115234e-01
-5.286337733268737793e-01
-3.632753789424896240e-01
-1.074713021516799927e-01
1.108297780156135559e-01
3.560919761657714844e-01
5.643176436424255371e-01
8.031427264213562012e-01
9.626238346099853516e-01
1.047518730163574219e+00
9.371086955070495605e-01
6.753806471824645996e-01
2.193272858858108521e-01
-3.081870079040527344e-01
-8.639684915542602539e-01
-1.246928334236145020e+00
-1.361256480216979980e+00
-1.075879216194152832e+00
-5.119813680648803711e-01
1.480529159307479858e-01
5.791975259780883789e-01
6.819109916687011719e-01
5.325053930282592773e-01
4.985474348068237305e-01
8.468962311744689941e-01
1.637164831161499023e+00
2.502859115600585938e+00
2.976731061935424805e+00
2.725824832916259766e+00
1.914239287376403809e+00
1.042574286460876465e+00
6.854094266891479492e-01
1.010342240333557129e+00
1.712170839309692383e+00
2.177833080291748047e+00
1.974458694458007812e+00
1.106338739395141602e+00
1.254764758050441742e-02
-8.083204030990600586e-01
-1.142628908157348633e+00
-1.174021363258361816e+00
-1.262414693832397461e+00
-1.596909761428833008e+00
-2.039295911788940430e+00
-2.229189872741699219e+00
-1.924128174781799316e+00
-1.183163881301879883e+00
-3.747501969337463379e-01
1.401698142290115356e-01
1.979636251926422119e-01
-3.764294460415840149e-02
-3.220873773097991943e-01
-4.553536772727966309e-01
-4.710732102394104004e-01
-4.423395693302154541e-01
-4.416398704051971436e-01
-3.693393170833587646e-01
-1.631194204092025757e-01
2.008090019226074219e-01
5.301731228828430176e-01
6.715090274810791016e-01
5.176254510879516602e-01
2.340206205844879150e-01
-1.819175668060779572e-03
-5.784045904874801636e-03
1.296279281377792358e-01
2.703108489513397217e-01
2.081323564052581787e-01
-2.224991843104362488e-02
-3.516139984130859375e-01
-5.835356116294860840e-01
-7.070062756538391113e-01
-6.900273561477661133e-01
-6.230909824371337891e-01
-4.404737353324890137e-01
-1.759935915470123291e-01
1.938588172197341919e-01
4.903844594955444336e-01
6.498655080795288086e-01
6.076513528823852539e-01
5.771451592445373535e-01
6.813979148864746094e-01
1.014120459556579590e+00
1.302809715270996094e+00
1.298285007476806641e+00
7.898021340370178223e-01
4.459312558174133301e-02
-5.468721985816955566e-01
-5.473852753639221191e-01
-4.328705370426177979e-02
5.879669189453125000e-01
7.362996935844421387e-01
2.390117049217224121e-01
-6.945519447326660156e-01
-1.434350013732910156e+00
-1.623497724533081055e+00
-1.230648994445800781e+00
-7.409176230430603027e-01
-5.231762528419494629e-01
-7.231922745704650879e-01
-9.776436686515808105e-01
-9.603848457336425781e-01
-4.940228164196014404e-01
1.061652302742004395e-01
5.214037299156188965e-01
5.437936186790466309e-01
4.435989856719970703e-01
5.203309059143066406e-01
9.601516127586364746e-01
1.440134048461914062e+00
1.552363276481628418e+00
1.006144046783447266e+00
9.385080635547637939e-02
-6.672176718711853027e-01
-7.874698638916015625e-01
-3.705987334251403809e-01
1.226777434349060059e-01
1.203454658389091492e-01
-4.243343770503997803e-01
-1.133533000946044922e+00
-1.403424024581909180e+00
-1.072100877761840820e+00
-4.454181790351867676e-01
-1.468401253223419189e-01
-4.401472210884094238e-01
-1.070888042449951172e+00
-1.352953553199768066e+00
-8.510943651199340820e-01
3.060413300991058350e-01
1.399319291114807129e+00
1.748880863189697266e+00
1.167910814285278320e+00
1.500586718320846558e-01
-6.172602772712707520e-01
-7.504332661628723145e-01
-4.728457331657409668e-01
-2.948463857173919678e-01
-5.374031662940979004e-01
-1.006937026977539062e+00
-1.207326292991638184e+00
-8.114456534385681152e-01
-8.302904665470123291e-03
6.307408809661865234e-01
6.563492417335510254e-01
1.397500038146972656e-01
-3.473692536354064941e-01
-2.587427496910095215e-01
4.608578383922576904e-01
1.244782567024230957e+00
1.417137861251831055e+00
7.188076376914978027e-01
-3.737239837646484375e-01
-1.083389043807983398e+00
-8.824401497840881348e-01
-1.371378637850284576e-02
8.047753572463989258e-01
8.717583417892456055e-01
1.860223710536956787e-01
-6.753806471824645996e-01
-9.200364351272583008e-01
-3.217142224311828613e-01
7.330811619758605957e-01
1.429918766021728516e+00
1.332336306571960449e+00
5.534025430679321289e-01
-2.057067900896072388e-01
-4.115068614482879639e-01
7.174082845449447632e-02
7.478677630424499512e-01
1.132226943969726562e+00
9.581924676895141602e-01
5.508370399475097656e-01
2.738092541694641113e-01
3.942946791648864746e-01
6.311606764793395996e-01
6.579818725585937500e-01
1.981968581676483154e-01
-4.485900700092315674e-01
-8.631755113601684570e-01
-5.875004529953002930e-01
2.279567122459411621e-01
1.161986827850341797e+00
1.514253854751586914e+00
1.048778057098388672e+00
-1.746875047683715820e-01
-1.567336440086364746e+00
-2.681511640548706055e+00
-3.105705976486206055e+00
-2.914552688598632812e+00
-2.210484981536865234e+00
-1.368813037872314453e+00
-5.557348728179931641e-01
-6.446412205696105957e-02
1.305141896009445190e-01
9.235815145075321198e-03
-1.032265573740005493e-01
-5.718741938471794128e-02
3.727444410324096680e-01
9.707867503166198730e-01
1.552363276481628418e+00
1.734513998031616211e+00
1.550870537757873535e+00
1.074479818344116211e+00
