-2.313431054353713989e-01
-2.201258689165115356e-01
1.613594591617584229e-01
4.375714957714080811e-01
4.843761622905731201e-01
1.925294697284698486e-01
-2.298044562339782715e-01
-5.872670412063598633e-01
-6.106445193290710449e-01
-3.283771574497222900e-01
1.522764712572097778e-01
5.129652023315429688e-01
6.125802397727966309e-01
3.704666197299957275e-01
3.970703110098838806e-03
-2.875781953334808350e-01
-2.368028163909912109e-01
1.663724631071090698e-01
8.608484864234924316e-01
1.572348833084106445e+00
2.128247261047363281e+00
2.357356786727905273e+00
2.303553819656372070e+00
1.976268649101257324e+00
1.446030855178833008e+00
6.316892504692077637e-01
-4.565316140651702881e-01
-1.754306316375732422e+00
-2.901938915252685547e+00
-3.491488933563232422e+00
-3.152688741683959961e+00
-1.970213294029235840e+00
-4.130027592182159424e-01
7.348282933235168457e-01
9.278540611267089844e-01
8.045637607574462891e-02
-1.256578683853149414e+00
-2.336510658264160156e+00
-2.573561668395996094e+00
-1.974035143852233887e+00
-9.732689857482910156e-01
-1.734700947999954224e-01
1.537158489227294922e-01
1.070104539394378662e-01
5.524240806698799133e-02
2.171478420495986938e-01
5.493468046188354492e-01
7.738900780677795410e-01
7.281773686408996582e-01
4.942532777786254883e-01
3.829247057437896729e-01
5.877633690834045410e-01
9.956538677215576172e-01
1.184808254241943359e+00
7.953318357467651367e-01
-1.530209779739379883e-01
-1.153638243675231934e+00
-1.552197575569152832e+00
-1.012231588363647461e+00
1.776393353939056396e-01
1.262187242507934570e+00
1.511398553848266602e+00
7.261423468589782715e-01
-6.246412396430969238e-01
-1.729439854621887207e+00
-1.960435509681701660e+00
-1.264917135238647461e+00
-1.169868484139442444e-01
8.330535292625427246e-01
1.207838296890258789e+00
1.049804329872131348e+00
7.128404974937438965e-01
5.170351862907409668e-01
5.651303529739379883e-01
6.996875405311584473e-01
7.236110568046569824e-01
5.293443799018859863e-01
2.062780410051345825e-01
-9.906904399394989014e-02
-2.441486120223999023e-01
-2.231535166501998901e-01
-7.693237811326980591e-02
9.212031215429306030e-02
2.337751537561416626e-01
2.836074829101562500e-01
2.464814037084579468e-01
1.287500560283660889e-01
2.973064035177230835e-02
2.134253084659576416e-02
1.607142090797424316e-01
3.403389155864715576e-01
4.026789367198944092e-01
1.668191701173782349e-01
-3.338368833065032959e-01
-8.990665078163146973e-01
-1.170960426330566406e+00
-9.443324804306030273e-01
-2.344203889369964600e-01
6.171962022781372070e-01
1.221388339996337891e+00
1.278764963150024414e+00
8.299266099929809570e-01
1.194189041852951050e-01
-4.706772267818450928e-01
-7.097632288932800293e-01
-5.129652023315429688e-01
-2.685188129544258118e-02
5.489993691444396973e-01
9.389224052429199219e-01
9.552022814750671387e-01
4.691882133483886719e-01
-4.148888587951660156e-01
-1.425581693649291992e+00
-2.103430509567260742e+00
-2.096779584884643555e+00
-1.292463898658752441e+00
-1.459233462810516357e-02
1.189027070999145508e+00
1.758376359939575195e+00
1.515319585800170898e+00
6.802310943603515625e-01
-2.070225477218627930e-01
-6.982977986335754395e-01
-6.262295246124267578e-01
-2.163536995649337769e-01
1.815107762813568115e-01
2.937327623367309570e-01
1.396694928407669067e-01
-9.628955274820327759e-02
-1.946637332439422607e-01
-1.259705573320388794e-01
2.779492177069187164e-03
2.432055771350860596e-02
-8.656132966279983521e-02
-2.224586457014083862e-01
-2.023569643497467041e-01
3.305610641837120056e-02
3.825772702693939209e-01
6.251375675201416016e-01
6.060782074928283691e-01
3.437636494636535645e-01
4.129531234502792358e-02
-6.854426860809326172e-02
1.194685325026512146e-01
5.029888153076171875e-01
8.480429649353027344e-01
9.587262868881225586e-01
8.094278573989868164e-01
5.692995786666870117e-01
4.655649662017822266e-01
6.375460624694824219e-01
1.018932104110717773e+00
1.401757478713989258e+00
1.540086865425109863e+00
1.332716941833496094e+00
8.283879756927490234e-01
2.161055207252502441e-01
-3.452526628971099854e-01
-7.561708092689514160e-01
-1.041167974472045898e+00
-1.224018931388854980e+00
-1.338871479034423828e+00
-1.350088715553283691e+00
-1.280750393867492676e+00
-1.167337179183959961e+00
-1.134628415107727051e+00
-1.220147490501403809e+00
-1.399474382400512695e+00
-1.476406693458557129e+00
-1.293704748153686523e+00
-7.540861964225769043e-01
-2.307971194386482239e-02
6.485151052474975586e-01
9.482535719871520996e-01
7.978135347366333008e-01
2.742763161659240723e-01
-3.187482059001922607e-01
-7.500162124633789062e-01
-8.300755023956298828e-01
-6.083117127418518066e-01
-1.673155128955841064e-01
2.719931602478027344e-01
5.734192132949829102e-01
5.393207669258117676e-01
1.480079591274261475e-01
-5.654777884483337402e-01
-1.281544446945190430e+00
-1.673204779624938965e+00
-1.393170833587646484e+00
-4.832842350006103516e-01
7.656012177467346191e-01
1.757185101509094238e+00
2.115193605422973633e+00
1.722094058990478516e+00
9.682559967041015625e-01
2.790411710739135742e-01
6.303491536527872086e-03
8.685912936925888062e-03
1.786816515959799290e-03
-3.582070767879486084e-01
-9.517775774002075195e-01
-1.444194436073303223e+00
-1.324428081512451172e+00
-5.298407077789306641e-01
6.564565300941467285e-01
1.538548231124877930e+00
1.686059832572937012e+00
1.006275534629821777e+00
2.605774067342281342e-02
-6.914979815483093262e-01
-6.963620781898498535e-01
-1.481568664312362671e-01
5.596209764480590820e-01
8.595579862594604492e-01
6.049366593360900879e-01
-1.208582818508148193e-01
-8.821413516998291016e-01
