6.354777812957763672e-01
6.270316839218139648e-01
1.305129975080490112e-01
-4.335747361183166504e-01
-7.899826765060424805e-01
-9.733453989028930664e-01
-1.017688274383544922e+00
-1.185800313949584961e+00
-1.427222132682800293e+00
-1.626420021057128906e+00
-1.390727877616882324e+00
-6.350184679031372070e-01
5.509239435195922852e-01
1.646421074867248535e+00
2.301191329956054688e+00
2.325842380523681641e+00
2.050115346908569336e+00
1.804431080818176270e+00
1.859562873840332031e+00
1.985847473144531250e+00
1.864255189895629883e+00
1.167043447494506836e+00
6.616023182868957520e-02
-1.056662559509277344e+00
-1.676044225692749023e+00
-1.672921419143676758e+00
-1.190424919128417969e+00
-6.599975228309631348e-01
-3.024486899375915527e-01
-1.970504522323608398e-01
-1.852850317955017090e-01
-2.586352229118347168e-01
-4.580540955066680908e-01
-9.193512797355651855e-01
-1.505296468734741211e+00
-1.905125260353088379e+00
-1.694036483764648438e+00
-7.962164878845214844e-01
4.646074175834655762e-01
1.409239768981933594e+00
1.534467577934265137e+00
7.790870666503906250e-01
-3.426169157028198242e-01
-1.169780373573303223e+00
-1.276191949844360352e+00
-7.865147590637207031e-01
-1.744579374790191650e-01
8.043909072875976562e-02
-1.254675090312957764e-01
-5.183259248733520508e-01
-6.744561195373535156e-01
-3.636204302310943604e-01
3.148932456970214844e-01
1.040675401687622070e+00
1.504249334335327148e+00
1.594790697097778320e+00
1.368648290634155273e+00
9.635149240493774414e-01
4.549002051353454590e-01
-9.161067008972167969e-02
-6.032302379608154297e-01
-9.028671383857727051e-01
-8.432207703590393066e-01
-3.503340184688568115e-01
4.127595722675323486e-01
1.182552933692932129e+00
1.631240487098693848e+00
1.620374917984008789e+00
1.142823576927185059e+00
4.155932664871215820e-01
-3.372029364109039307e-01
-8.241356015205383301e-01
-9.041765928268432617e-01
-4.981732368469238281e-01
1.996546387672424316e-01
8.967769145965576172e-01
1.151821374893188477e+00
7.628068327903747559e-01
-2.334040701389312744e-01
-1.355198264122009277e+00
-2.065924644470214844e+00
-1.904549956321716309e+00
-9.354653358459472656e-01
4.408577680587768555e-01
1.524744391441345215e+00
1.879612326622009277e+00
1.365156173706054688e+00
3.560163676738739014e-01
-6.902155876159667969e-01
-1.292473316192626953e+00
-1.360611319541931152e+00
-9.706993699073791504e-01
-4.658508002758026123e-01
-3.796130418777465820e-02
1.488294452428817749e-01
2.135591506958007812e-01
2.280479073524475098e-01
3.464937210083007812e-01
4.691745936870574951e-01
5.025849342346191406e-01
2.152583301067352295e-01
-3.652531206607818604e-01
-1.126854658126831055e+00
-1.676021933555603027e+00
-1.788895606994628906e+00
-1.354275941848754883e+00
-6.871782541275024414e-01
-1.243267059326171875e-01
-4.387855529785156250e-03
-2.083505094051361084e-01
-4.388455152511596680e-01
-2.218023538589477539e-01
5.373395085334777832e-01
1.666039705276489258e+00
2.611738443374633789e+00
2.986616849899291992e+00
2.588814258575439453e+00
1.680123925209045410e+00
5.845605731010437012e-01
-3.014318943023681641e-01
-8.631430268287658691e-01
-1.022122383117675781e+00
-8.784749507904052734e-01
-4.651718735694885254e-01
7.856860756874084473e-03
3.549782931804656982e-01
3.050908446311950684e-01
-1.361413896083831787e-01
-7.942340970039367676e-01
-1.243251442909240723e+00
-1.250508785247802734e+00
-8.160773515701293945e-01
-3.220320045948028564e-01
-9.295830130577087402e-02
-2.410391569137573242e-01
-4.352551400661468506e-01
-3.024746775627136230e-01
3.246628344058990479e-01
1.081773161888122559e+00
1.411622405052185059e+00
9.125753641128540039e-01
-1.906765997409820557e-01
-1.231969833374023438e+00
-1.493977546691894531e+00
-8.260254263877868652e-01
3.033607602119445801e-01
1.097329616546630859e+00
1.098183512687683105e+00
4.579865038394927979e-01
-1.881512999534606934e-01
-3.103848695755004883e-01
1.147104501724243164e-01
6.079326272010803223e-01
6.724237203598022461e-01
2.597809433937072754e-01
-1.620281487703323364e-01
-3.547507524490356445e-02
7.244608998298645020e-01
1.559564828872680664e+00
1.630233526229858398e+00
5.287193655967712402e-01
-1.339177370071411133e+00
-2.902181148529052734e+00
-3.202727317810058594e+00
-2.020661830902099609e+00
-1.101913452148437500e-01
1.396186470985412598e+00
1.669987678527832031e+00
7.876902818679809570e-01
-5.047509074211120605e-01
-1.270039081573486328e+00
-1.118747115135192871e+00
-2.688690125942230225e-01
5.836707949638366699e-01
9.155223369598388672e-01
5.413307547569274902e-01
-2.133519798517227173e-01
-9.527699947357177734e-01
-1.297244310379028320e+00
-1.207387208938598633e+00
-7.478417158126831055e-01
-1.984444856643676758e-01
2.569522261619567871e-01
3.755720257759094238e-01
1.716340780258178711e-01
-2.735826075077056885e-01
-5.974465608596801758e-01
-5.683218836784362793e-01
-2.726686000823974609e-02
7.501992583274841309e-01
1.442156910896301270e+00
1.659590005874633789e+00
1.450917720794677734e+00
9.981734156608581543e-01
6.899276375770568848e-01
5.576994419097900391e-01
5.298329591751098633e-01
2.949065566062927246e-01
-1.012507975101470947e-01
-4.986844360828399658e-01
-4.802563488483428955e-01
-3.904557228088378906e-02
6.096038222312927246e-01
8.500391244888305664e-01
4.386776983737945557e-01
-5.361773967742919922e-01
-1.350846648216247559e+00
-1.443490266799926758e+00
-5.344730615615844727e-01
8.213297724723815918e-01
1.905264377593994141e+00
1.989472150802612305e+00
1.127808570861816406e+00
-2.516546249389648438e-01
-1.348657608032226562e+00
-1.837069511413574219e+00
-1.669530868530273438e+00
