-5.958541631698608398e-01
-6.432210206985473633e-01
4.633692204952239990e-01
1.660773277282714844e+00
2.296683788299560547e+00
2.052785396575927734e+00
1.111558675765991211e+00
2.514421939849853516e-03
-7.976359128952026367e-01
-1.120537042617797852e+00
-1.115445017814636230e+00
-9.968175888061523438e-01
-8.550948500633239746e-01
-6.380446553230285645e-01
-3.487523794174194336e-01
-1.666423380374908447e-01
-3.801662921905517578e-01
-1.089251279830932617e+00
-2.000004768371582031e+00
-2.485635757446289062e+00
-2.004428625106811523e+00
-5.293661355972290039e-01
1.297144651412963867e+00
2.514236927032470703e+00
2.434022426605224609e+00
1.122603774070739746e+00
-6.350109577178955078e-01
-1.819864988327026367e+00
-1.828137636184692383e+00
-7.930637598037719727e-01
5.670568346977233887e-01
1.480887651443481445e+00
1.592917203903198242e+00
1.113383531570434570e+00
5.485527515411376953e-01
3.076525032520294189e-01
4.317399263381958008e-01
6.578286290168762207e-01
6.666745543479919434e-01
3.547005951404571533e-01
-1.145110279321670532e-01
-4.300687313079833984e-01
-3.630769848823547363e-01
1.072611436247825623e-01
7.812596559524536133e-01
1.368316650390625000e+00
1.612540006637573242e+00
1.409061431884765625e+00
8.225922584533691406e-01
6.972652673721313477e-02
-5.869415998458862305e-01
-9.421111345291137695e-01
-9.694265723228454590e-01
-8.267873525619506836e-01
-7.783359885215759277e-01
-1.002754092216491699e+00
-1.466852188110351562e+00
-1.902575016021728516e+00
-1.982032060623168945e+00
-1.527485251426696777e+00
-6.679257750511169434e-01
2.355158776044845581e-01
7.883621454238891602e-01
8.170893788337707520e-01
4.382423162460327148e-01
-3.156423568725585938e-02
-3.122692108154296875e-01
-3.078335821628570557e-01
-1.339223682880401611e-01
3.348046541213989258e-02
8.598732948303222656e-02
5.716449022293090820e-02
3.241220116615295410e-02
6.552168726921081543e-02
1.108416020870208740e-01
9.868451952934265137e-02
3.951609134674072266e-03
-9.466140717267990112e-02
-9.872895479202270508e-02
2.840238809585571289e-02
1.844912171363830566e-01
2.193961590528488159e-01
4.641784727573394775e-02
-2.278574705123901367e-01
-3.645644783973693848e-01
-1.226383447647094727e-01
5.315327048301696777e-01
1.394934177398681641e+00
2.102362871170043945e+00
2.367248773574829102e+00
2.111464262008666992e+00
1.510492801666259766e+00
8.256644606590270996e-01
2.652395963668823242e-01
-1.357747018337249756e-01
-4.365485906600952148e-01
-7.146368026733398438e-01
-9.534991979598999023e-01
-1.101947426795959473e+00
-1.119953870773315430e+00
-1.072922587394714355e+00
-1.052591919898986816e+00
-1.114769101142883301e+00
-1.166011691093444824e+00
-1.046678662300109863e+00
-6.288491487503051758e-01
1.073822379112243652e-02
6.303689479827880859e-01
9.313256144523620605e-01
8.040820956230163574e-01
3.852465450763702393e-01
1.276808977127075195e-02
-4.235818982124328613e-02
2.755555510520935059e-01
7.407787442207336426e-01
1.055019974708557129e+00
1.016203284263610840e+00
6.713564991950988770e-01
1.954029351472854614e-01
-2.241910696029663086e-01
-5.443328619003295898e-01
-7.747724056243896484e-01
-9.030069708824157715e-01
-7.776471972465515137e-01
-2.602676451206207275e-01
6.275752782821655273e-01
1.532341718673706055e+00
1.945023059844970703e+00
1.477116346359252930e+00
2.324565052986145020e-01
-1.209466814994812012e+00
-2.056534767150878906e+00
-1.852628707885742188e+00
-7.425216436386108398e-01
5.617349147796630859e-01
1.291711807250976562e+00
1.070929408073425293e+00
1.751404404640197754e-01
-7.543475627899169922e-01
-1.128845810890197754e+00
-8.433548212051391602e-01
-2.339755445718765259e-01
1.731505095958709717e-01
9.478959441184997559e-02
-4.073478877544403076e-01
-9.994568228721618652e-01
-1.408738255500793457e+00
-1.537592649459838867e+00
-1.485865950584411621e+00
-1.320715904235839844e+00
-1.024056196212768555e+00
-4.822737574577331543e-01
2.993772923946380615e-01
1.168803930282592773e+00
1.848059058189392090e+00
2.191411495208740234e+00
2.253029823303222656e+00
2.279839515686035156e+00
2.423976182937622070e+00
2.614931106567382812e+00
2.527078151702880859e+00
1.892410993576049805e+00
7.222639322280883789e-01
-5.587307810783386230e-01
-1.392696499824523926e+00
-1.398967266082763672e+00
-6.864177584648132324e-01
2.608132660388946533e-01
8.391768932342529297e-01
7.393959164619445801e-01
3.498210012912750244e-02
-8.805919289588928223e-01
-1.627558827400207520e+00
-1.992676496505737305e+00
-2.018855810165405273e+00
-1.825928449630737305e+00
-1.533537387847900391e+00
-1.156171560287475586e+00
-7.093927860260009766e-01
-2.165514528751373291e-01
2.216387689113616943e-01
5.245846509933471680e-01
6.210137605667114258e-01
5.154133439064025879e-01
2.182443737983703613e-01
-1.995770186185836792e-01
-6.415152549743652344e-01
-9.310200810432434082e-01
-9.306821823120117188e-01
-6.026961803436279297e-01
-1.325407028198242188e-01
1.880490779876708984e-01
1.038993000984191895e-01
-3.508570790290832520e-01
-8.708145618438720703e-01
-1.019695162773132324e+00
-5.856486558914184570e-01
2.819055914878845215e-01
1.112653970718383789e+00
1.483142375946044922e+00
1.278236389160156250e+00
8.004888892173767090e-01
4.783406853675842285e-01
5.544860363006591797e-01
8.498324155807495117e-01
9.422289133071899414e-01
4.780564010143280029e-01
-4.855163991451263428e-01
-1.515830636024475098e+00
-2.050205707550048828e+00
-1.804037809371948242e+00
-9.027695059776306152e-01
1.954239010810852051e-01
1.038820505142211914e+00
1.384850859642028809e+00
1.283146023750305176e+00
9.044327735900878906e-01
