4.486882686614990234e-01
4.885203540325164795e-01
2.844776809215545654e-01
2.615818381309509277e-01
1.807605326175689697e-01
-2.345244884490966797e-01
-1.056804180145263672e+00
-1.890080690383911133e+00
-2.163786411285400391e+00
-1.519649863243103027e+00
-2.603551447391510010e-01
8.479496240615844727e-01
1.037178993225097656e+00
2.188253253698348999e-01
-9.730259180068969727e-01
-1.565262317657470703e+00
-1.052705645561218262e+00
2.673394680023193359e-01
1.460394024848937988e+00
1.739002943038940430e+00
9.911935329437255859e-01
-1.054778844118118286e-01
-7.001020312309265137e-01
-3.645758628845214844e-01
5.882173776626586914e-01
1.489900112152099609e+00
1.830460667610168457e+00
1.655251383781433105e+00
1.337448477745056152e+00
1.182536959648132324e+00
1.068117856979370117e+00
6.371421217918395996e-01
-3.157172799110412598e-01
-1.479308843612670898e+00
-2.199974298477172852e+00
-1.957403063774108887e+00
-8.598536252975463867e-01
3.765583038330078125e-01
8.887231945991516113e-01
3.167073428630828857e-01
-9.580641984939575195e-01
-2.065487146377563477e+00
-2.280225276947021484e+00
-1.466145157814025879e+00
-1.165548413991928101e-01
1.049876809120178223e+00
1.541825771331787109e+00
1.311816692352294922e+00
6.401578783988952637e-01
-1.251101493835449219e-01
-7.433511614799499512e-01
-1.099781513214111328e+00
-1.130952119827270508e+00
-8.095897436141967773e-01
-1.893714964389801025e-01
5.515238046646118164e-01
1.183066129684448242e+00
1.538798093795776367e+00
1.621848106384277344e+00
1.533459424972534180e+00
1.358640193939208984e+00
1.058517098426818848e+00
5.578060150146484375e-01
-1.298813223838806152e-01
-7.919209003448486328e-01
-1.163050055503845215e+00
-1.100836634635925293e+00
-7.622115015983581543e-01
-4.487134218215942383e-01
-3.871742486953735352e-01
-4.785299599170684814e-01
-4.362808465957641602e-01
-4.136827588081359863e-02
5.354946851730346680e-01
8.582098484039306641e-01
5.342177748680114746e-01
-3.175746798515319824e-01
-1.108359575271606445e+00
-1.112456798553466797e+00
-1.013267934322357178e-01
1.480334758758544922e+00
2.744968175888061523e+00
3.072304010391235352e+00
2.490679740905761719e+00
1.642822980880737305e+00
1.135370254516601562e+00
1.055606365203857422e+00
8.480259180068969727e-01
-6.823471188545227051e-02
-1.732652902603149414e+00
-3.350725889205932617e+00
-3.885727167129516602e+00
-2.790112018585205078e+00
-5.952227115631103516e-01
1.447752833366394043e+00
2.134700775146484375e+00
1.225150704383850098e+00
-5.063766241073608398e-01
-1.788086533546447754e+00
-1.851758718490600586e+00
-8.399014472961425781e-01
3.248637020587921143e-01
7.761794924736022949e-01
2.375609874725341797e-01
-7.791977524757385254e-01
-1.546331167221069336e+00
-1.594381570816040039e+00
-1.075591325759887695e+00
-4.347213506698608398e-01
-8.600807189941406250e-02
-2.952748537063598633e-02
-3.484177589416503906e-02
1.705366373062133789e-01
5.656518936157226562e-01
9.700033664703369141e-01
1.142802238464355469e+00
1.076780200004577637e+00
8.854978680610656738e-01
7.546981573104858398e-01
6.935323476791381836e-01
6.440820693969726562e-01
5.013123750686645508e-01
3.286833465099334717e-01
2.343903779983520508e-01
3.487579226493835449e-01
6.125407218933105469e-01
8.954625725746154785e-01
1.013424754142761230e+00
9.401398301124572754e-01
7.132332324981689453e-01
4.415867924690246582e-01
1.318590939044952393e-01
-2.035472393035888672e-01
-5.596873164176940918e-01
-7.903679609298706055e-01
-7.605432271957397461e-01
-3.994987905025482178e-01
1.149392127990722656e-01
5.064904689788818359e-01
5.049028396606445312e-01
1.010677367448806763e-01
-5.025364160537719727e-01
-9.790169596672058105e-01
-1.154587745666503906e+00
-1.044034600257873535e+00
-8.420533537864685059e-01
-6.864618659019470215e-01
-6.075903177261352539e-01
-4.926090836524963379e-01
-2.750338315963745117e-01
1.585966348648071289e-02
2.058344483375549316e-01
1.529973149299621582e-01
-1.830683946609497070e-01
-6.492842435836791992e-01
-1.033150792121887207e+00
-1.134742736816406250e+00
-9.104871749877929688e-01
-4.443713724613189697e-01
6.408578157424926758e-02
4.226428270339965820e-01
5.142414569854736328e-01
3.844890892505645752e-01
2.054496407508850098e-01
1.937826126813888550e-01
4.399556815624237061e-01
8.096384406089782715e-01
9.843969941139221191e-01
6.904489398002624512e-01
-6.012704968452453613e-02
-8.805944919586181641e-01
-1.224689126014709473e+00
-7.680249810218811035e-01
3.138526082038879395e-01
1.413660645484924316e+00
1.899811029434204102e+00
1.562697291374206543e+00
7.536545991897583008e-01
6.944185495376586914e-02
-1.295206248760223389e-01
-9.695708751678466797e-03
-4.699426889419555664e-02
-5.455199480056762695e-01
-1.248399019241333008e+00
-1.503826856613159180e+00
-8.150716423988342285e-01
5.904287099838256836e-01
1.806607604026794434e+00
1.835059642791748047e+00
4.234916567802429199e-01
-1.674307107925415039e+00
-3.130845069885253906e+00
-3.041141271591186523e+00
-1.553006052970886230e+00
2.190962582826614380e-01
1.092055320739746094e+00
6.541758775711059570e-01
-4.380428493022918701e-01
-1.125201702117919922e+00
-7.954507470130920410e-01
1.751624196767807007e-01
8.455917835235595703e-01
5.088260173797607422e-01
-6.081488132476806641e-01
-1.560687184333801270e+00
-1.414700150489807129e+00
-1.100216805934906006e-01
1.517440438270568848e+00
2.317537784576416016e+00
1.802303075790405273e+00
4.474012255668640137e-01
-6.441694498062133789e-01
-7.011549472808837891e-01
1.987138092517852783e-01
1.166380286216735840e+00
1.316258072853088379e+00
3.848085999488830566e-01
