1.037391304969787598e+00
9.925608038902282715e-01
1.893334627151489258e+00
2.259044647216796875e+00
1.978245139122009277e+00
1.111376285552978516e+00
2.161094844341278076e-01
-3.118183612823486328e-01
-1.217175126075744629e-01
5.641546249389648438e-01
1.393035650253295898e+00
1.748401165008544922e+00
1.399613380432128906e+00
3.360766768455505371e-01
-9.078647494316101074e-01
-1.821028709411621094e+00
-1.922066569328308105e+00
-1.329986214637756348e+00
-4.528192579746246338e-01
-1.962351799011230469e-02
-3.774001598358154297e-01
-1.491854190826416016e+00
-2.696372509002685547e+00
-3.304918766021728516e+00
-2.814400196075439453e+00
-1.429162263870239258e+00
2.513104677200317383e-01
1.398701906204223633e+00
1.604341387748718262e+00
9.019659161567687988e-01
-1.695462465286254883e-01
-1.083008289337158203e+00
-1.493329048156738281e+00
-1.484019279479980469e+00
-1.294011235237121582e+00
-1.184518456459045410e+00
-1.161086678504943848e+00
-1.085589647293090820e+00
-7.591865658760070801e-01
-1.564552038908004761e-01
5.651018023490905762e-01
1.112989187240600586e+00
1.256246328353881836e+00
9.525188803672790527e-01
3.735888898372650146e-01
-1.704901754856109619e-01
-4.357920587062835693e-01
-3.357085883617401123e-01
-4.010814428329467773e-02
2.038191556930541992e-01
1.597265601158142090e-01
-1.410532593727111816e-01
-4.989941418170928955e-01
-5.513888001441955566e-01
-1.368484497070312500e-01
7.166849374771118164e-01
1.633907318115234375e+00
2.270460605621337891e+00
2.333722114562988281e+00
1.913657188415527344e+00
1.195116400718688965e+00
5.231583714485168457e-01
5.068957805633544922e-03
-2.440047860145568848e-01
-3.083625137805938721e-01
-1.058863401412963867e-01
2.801114916801452637e-01
8.325248956680297852e-01
1.220692992210388184e+00
1.239797353744506836e+00
6.463429927825927734e-01
-3.122371733188629150e-01
-1.318579792976379395e+00
-1.816052675247192383e+00
-1.698551416397094727e+00
-1.007561683654785156e+00
-2.481594383716583252e-01
3.181001543998718262e-01
4.239820241928100586e-01
2.671072781085968018e-01
-1.075573563575744629e-01
-4.788003265857696533e-01
-9.437550306320190430e-01
-1.321808457374572754e+00
-1.585714817047119141e+00
-1.423132181167602539e+00
-9.468716382980346680e-01
-2.728214859962463379e-01
4.910674691200256348e-02
-1.222624778747558594e-01
-8.164743185043334961e-01
-1.421077132225036621e+00
-1.573730707168579102e+00
-9.878790378570556641e-01
-1.642948389053344727e-01
4.475991129875183105e-01
3.293699622154235840e-01
-2.179341912269592285e-01
-7.862473726272583008e-01
-7.171572446823120117e-01
-1.200770139694213867e-01
7.031296491622924805e-01
1.039463043212890625e+00
8.619321584701538086e-01
3.858103156089782715e-01
3.798072636127471924e-01
1.020335674285888672e+00
2.188033819198608398e+00
3.025867700576782227e+00
3.095467567443847656e+00
2.224475860595703125e+00
1.142511367797851562e+00
4.191214442253112793e-01
5.200450420379638672e-01
9.766028523445129395e-01
1.278602123260498047e+00
8.057887554168701172e-01
-2.033983767032623291e-01
-1.343807578086853027e+00
-1.878351449966430664e+00
-1.760051488876342773e+00
-1.116981267929077148e+00
-5.620515346527099609e-01
-2.285218834877014160e-01
-1.958644688129425049e-01
-7.084238529205322266e-02
1.486214995384216309e-01
4.817442297935485840e-01
5.237338542938232422e-01
2.461199164390563965e-01
-3.737807869911193848e-01
-8.924154639244079590e-01
-1.161534905433654785e+00
-1.005618095397949219e+00
-7.320802211761474609e-01
-4.587272703647613525e-01
-4.222735464572906494e-01
-4.472623467445373535e-01
-5.098731517791748047e-01
-3.989841639995574951e-01
-2.174641937017440796e-01
1.027471423149108887e-01
4.170282483100891113e-01
7.850967645645141602e-01
1.016651868820190430e+00
1.085066914558410645e+00
8.332142829895019531e-01
4.575214982032775879e-01
1.358995139598846436e-01
2.027655243873596191e-01
5.917946100234985352e-01
1.087942123413085938e+00
1.202127933502197266e+00
7.976860404014587402e-01
1.160383224487304688e-02
-5.925672054290771484e-01
-6.652256250381469727e-01
-1.823043227195739746e-01
3.087649345397949219e-01
2.789150476455688477e-01
-5.089722275733947754e-01
-1.608342528343200684e+00
-2.336880683898925781e+00
-2.156007766723632812e+00
-1.208405375480651855e+00
-1.025968119502067566e-01
4.616143703460693359e-01
3.112237453460693359e-01
-1.709846556186676025e-01
-3.243896365165710449e-01
1.808614134788513184e-01
1.116421818733215332e+00
1.847039222717285156e+00
1.853579282760620117e+00
1.108204364776611328e+00
5.498068034648895264e-02
-7.471337914466857910e-01
-1.049234867095947266e+00
-9.686895608901977539e-01
-8.005196452140808105e-01
-6.286598443984985352e-01
-3.221461772918701172e-01
3.476525545120239258e-01
1.283983707427978516e+00
2.106610059738159180e+00
2.274986505508422852e+00
1.648704886436462402e+00
5.330373644828796387e-01
-3.409503102302551270e-01
-4.867942035198211670e-01
1.456090807914733887e-01
9.582957625389099121e-01
1.324205636978149414e+00
8.465825915336608887e-01
-1.728066653013229370e-01
-1.191873788833618164e+00
-1.594627499580383301e+00
-1.319993615150451660e+00
-5.941312313079833984e-01
3.740167617797851562e-02
3.406819701194763184e-01
2.148709893226623535e-01
-7.147055864334106445e-02
-4.131339192390441895e-01
-6.417292952537536621e-01
-8.542907238006591797e-01
-9.607729911804199219e-01
-1.000153422355651855e+00
-8.075672984123229980e-01
-4.826733767986297607e-01
-2.958929538726806641e-02
3.003779649734497070e-01
5.026375055313110352e-01
4.573779702186584473e-01
3.239567577838897705e-01
5.368006229400634766e-02
-2.028825283050537109e-01
