6.133260205388069153e-02
3.442057967185974121e-02
1.107054352760314941e-01
4.099315702915191650e-01
6.442404389381408691e-01
3.459951281547546387e-01
-5.129368305206298828e-01
-1.580597877502441406e+00
-2.095342397689819336e+00
-1.605321407318115234e+00
-1.569905430078506470e-01
1.458228588104248047e+00
2.352136850357055664e+00
1.922986507415771484e+00
4.310838580131530762e-01
-1.336721181869506836e+00
-2.379616498947143555e+00
-2.253508090972900391e+00
-1.115786910057067871e+00
2.778007388114929199e-01
1.239663481712341309e+00
1.383849620819091797e+00
9.350991249084472656e-01
3.388847708702087402e-01
8.345320820808410645e-02
2.560431659221649170e-01
6.781797409057617188e-01
9.283576011657714844e-01
7.715055942535400391e-01
1.863691508769989014e-01
-4.826672673225402832e-01
-8.594627380371093750e-01
-6.524363160133361816e-01
2.428737282752990723e-02
8.009393811225891113e-01
1.141117453575134277e+00
7.759180068969726562e-01
-2.187678813934326172e-01
-1.348309516906738281e+00
-2.089132070541381836e+00
-2.114382743835449219e+00
-1.561459541320800781e+00
-8.166210055351257324e-01
-2.970840334892272949e-01
-8.819818496704101562e-02
6.539404392242431641e-03
3.183219730854034424e-01
9.372341632843017578e-01
1.650140047073364258e+00
2.021472215652465820e+00
1.778483152389526367e+00
9.936621785163879395e-01
1.121700778603553772e-01
-3.832907080650329590e-01
-2.638533115386962891e-01
2.625392973423004150e-01
7.336152791976928711e-01
7.197254896163940430e-01
1.264646947383880615e-01
-7.845653891563415527e-01
-1.555921554565429688e+00
-1.823003292083740234e+00
-1.490713119506835938e+00
-7.636767625808715820e-01
-1.404190063476562500e-02
3.966416120529174805e-01
2.719900608062744141e-01
-3.390257954597473145e-01
-1.163702964782714844e+00
-1.807540655136108398e+00
-1.944122314453125000e+00
-1.468808770179748535e+00
-5.831381082534790039e-01
3.286620974540710449e-01
9.012570977210998535e-01
1.032347440719604492e+00
9.053699970245361328e-01
8.639538884162902832e-01
1.115257263183593750e+00
1.598840713500976562e+00
1.992670178413391113e+00
1.995177388191223145e+00
1.522137165069580078e+00
8.216314911842346191e-01
2.579101920127868652e-01
1.039531379938125610e-01
3.213084340095520020e-01
6.651026606559753418e-01
8.353055119514465332e-01
7.323918938636779785e-01
4.452360272407531738e-01
1.935735642910003662e-01
9.970398247241973877e-02
1.675005108118057251e-01
2.598599493503570557e-01
2.672012448310852051e-01
1.190897822380065918e-01
-1.484571546316146851e-01
-4.981459677219390869e-01
-8.513025045394897461e-01
-1.153111457824707031e+00
-1.309389472007751465e+00
-1.288548469543457031e+00
-1.109779357910156250e+00
-9.098991155624389648e-01
-7.978078126907348633e-01
-8.008353710174560547e-01
-7.562038302421569824e-01
-4.685597419738769531e-01
1.587487757205963135e-01
9.308825731277465820e-01
1.481471419334411621e+00
1.459107875823974609e+00
8.367098569869995117e-01
-8.217364549636840820e-02
-8.153576254844665527e-01
-1.071488857269287109e+00
-8.883150219917297363e-01
-5.804505348205566406e-01
-4.006072878837585449e-01
-3.369123935699462891e-01
-1.070368289947509766e-01
5.180375576019287109e-01
1.446266770362854004e+00
2.197636127471923828e+00
2.234405755996704102e+00
1.358226537704467773e+00
-5.138301849365234375e-02
-1.250759124755859375e+00
-1.592405676841735840e+00
-9.584898352622985840e-01
1.927158236503601074e-01
1.157411098480224609e+00
1.457188129425048828e+00
1.098558902740478516e+00
4.631206393241882324e-01
-4.051077365875244141e-02
-2.754690051078796387e-01
-3.889190554618835449e-01
-6.010286211967468262e-01
-9.367952346801757812e-01
-1.191606163978576660e+00
-1.083376646041870117e+00
-5.310055017471313477e-01
2.697098553180694580e-01
9.290255308151245117e-01
1.157383561134338379e+00
9.068975448608398438e-01
4.143817126750946045e-01
-2.740806341171264648e-02
-2.151643633842468262e-01
-1.874464601278305054e-01
-9.577619284391403198e-02
-1.341180801391601562e-01
-3.452562987804412842e-01
-6.749297380447387695e-01
-9.346998929977416992e-01
-9.797651767730712891e-01
-6.931567788124084473e-01
-1.403085589408874512e-01
5.286021232604980469e-01
1.030702829360961914e+00
1.175276041030883789e+00
8.714281320571899414e-01
3.060474395751953125e-01
-2.503347396850585938e-01
-4.826565980911254883e-01
-3.319361209869384766e-01
9.740287065505981445e-02
4.956457912921905518e-01
6.788660883903503418e-01
5.609098672866821289e-01
2.953736186027526855e-01
-9.623289108276367188e-03
-2.426337003707885742e-01
-4.709040522575378418e-01
-6.775856018066406250e-01
-8.517891168594360352e-01
-8.240386247634887695e-01
-5.770031213760375977e-01
-1.778245270252227783e-01
3.457068279385566711e-02
-1.786056607961654663e-01
-9.286677837371826172e-01
-1.883994936943054199e+00
-2.592422485351562500e+00
-2.558017492294311523e+00
-1.731517672538757324e+00
-3.789952993392944336e-01
8.644061088562011719e-01
1.529345273971557617e+00
1.355438947677612305e+00
6.023721694946289062e-01
-3.245104551315307617e-01
-8.936089873313903809e-01
-9.307000637054443359e-01
-4.746479392051696777e-01
5.391010642051696777e-02
3.134970366954803467e-01
3.122547268867492676e-02
-6.050034165382385254e-01
-1.249737977981567383e+00
-1.373679637908935547e+00
-8.173271417617797852e-01
2.984310984611511230e-01
1.387243270874023438e+00
1.967502236366271973e+00
1.747524142265319824e+00
1.042633771896362305e+00
3.397120535373687744e-01
1.861434876918792725e-01
5.877730846405029297e-01
1.233145594596862793e+00
1.493700385093688965e+00
1.096056103706359863e+00
7.326575368642807007e-02
-1.052188277244567871e+00
