3.558145463466644287e-01
3.456413745880126953e-01
4.311751425266265869e-01
1.857347041368484497e-01
-3.817907273769378662e-01
-9.896632432937622070e-01
-1.301180005073547363e+00
-1.187102079391479492e+00
-8.308430314064025879e-01
-5.555250048637390137e-01
-5.391294360160827637e-01
-6.427872776985168457e-01
-5.298451781272888184e-01
3.348261862993240356e-02
9.195373654365539551e-01
1.688007950782775879e+00
1.876705646514892578e+00
1.353527426719665527e+00
4.216933250427246094e-01
-3.790746033191680908e-01
-6.503430604934692383e-01
-3.652963638305664062e-01
1.552645266056060791e-01
5.370059013366699219e-01
5.981437563896179199e-01
4.418421685695648193e-01
2.723055481910705566e-01
2.110195159912109375e-01
1.857840865850448608e-01
6.637262552976608276e-02
-1.789690405130386353e-01
-3.810993731021881104e-01
-3.061338365077972412e-01
1.589683592319488525e-01
8.424483537673950195e-01
1.388343453407287598e+00
1.456098794937133789e+00
9.844284653663635254e-01
2.121553570032119751e-01
-4.361629486083984375e-01
-6.478738188743591309e-01
-3.716669380664825439e-01
1.466222554445266724e-01
5.681674480438232422e-01
6.369104981422424316e-01
3.401103019714355469e-01
-1.503260880708694458e-01
-5.796245932579040527e-01
-7.942985892295837402e-01
-7.938541173934936523e-01
-7.327162623405456543e-01
-7.773597240447998047e-01
-1.019886493682861328e+00
-1.382911205291748047e+00
-1.685439944267272949e+00
-1.719169497489929199e+00
-1.399998188018798828e+00
-7.960764169692993164e-01
-1.235103681683540344e-01
3.961615860462188721e-01
6.118232607841491699e-01
5.237708687782287598e-01
2.268718928098678589e-01
-1.328440159559249878e-01
-4.419903159141540527e-01
-6.065391302108764648e-01
-5.816000103950500488e-01
-3.536910116672515869e-01
3.061832394450902939e-03
3.526045680046081543e-01
5.331538915634155273e-01
4.842633605003356934e-01
2.983311116695404053e-01
2.050933837890625000e-01
3.839636445045471191e-01
8.172622919082641602e-01
1.236387610435485840e+00
1.313773036003112793e+00
9.098086953163146973e-01
2.612434327602386475e-01
-1.419801265001296997e-01
1.179299280047416687e-01
1.032183170318603516e+00
2.107725858688354492e+00
2.644682407379150391e+00
2.214791297912597656e+00
9.687736034393310547e-01
-4.360641837120056152e-01
-1.277327299118041992e+00
-1.233227014541625977e+00
-5.632290244102478027e-01
1.263252794742584229e-01
3.394683301448822021e-01
1.017318479716777802e-02
-5.291044116020202637e-01
-8.816101551055908203e-01
-9.143520593643188477e-01
-8.322257995605468750e-01
-9.257104396820068359e-01
-1.269771456718444824e+00
-1.602177858352661133e+00
-1.542620301246643066e+00
-9.199324846267700195e-01
1.476593315601348877e-02
7.469389438629150391e-01
8.484732508659362793e-01
3.209985494613647461e-01
-4.188290238380432129e-01
-8.182500004768371582e-01
-5.976005196571350098e-01
1.008923128247261047e-01
8.386951684951782227e-01
1.240634679794311523e+00
1.203497648239135742e+00
9.048208594322204590e-01
5.456975102424621582e-01
1.785739660263061523e-01
-3.281593024730682373e-01
-1.055295109748840332e+00
-1.875520467758178711e+00
-2.416723966598510742e+00
-2.344129085540771484e+00
-1.596992492675781250e+00
-5.369071364402770996e-01
3.146279752254486084e-01
5.896990299224853516e-01
3.761115372180938721e-01
1.005466207861900330e-01
2.439095228910446167e-01
9.151421785354614258e-01
1.804357528686523438e+00
2.353067636489868164e+00
2.214494943618774414e+00
1.459308862686157227e+00
5.790814161300659180e-01
7.595319300889968872e-02
1.614869683980941772e-01
5.670316219329833984e-01
8.162746429443359375e-01
5.306847095489501953e-01
-2.355635464191436768e-01
-1.089074015617370605e+00
-1.517384886741638184e+00
-1.294019222259521484e+00
-5.548830628395080566e-01
2.466256618499755859e-01
7.010114789009094238e-01
6.074280142784118652e-01
1.122507229447364807e-01
-5.098938345909118652e-01
-9.647734761238098145e-01
-1.138853430747985840e+00
-1.025170564651489258e+00
-7.300988435745239258e-01
-3.420856893062591553e-01
6.864430382847785950e-03
2.238594591617584229e-01
2.195136249065399170e-01
5.753281712532043457e-02
-1.052381396293640137e-01
-1.619808003306388855e-02
4.197673499584197998e-01
1.094605088233947754e+00
1.639117360115051270e+00
1.728157401084899902e+00
1.250709176063537598e+00
5.022886395454406738e-01
-6.874307245016098022e-02
-1.061270609498023987e-01
2.928494513034820557e-01
6.921222805976867676e-01
5.563151836395263672e-01
-2.599594295024871826e-01
-1.427999138832092285e+00
-2.267583131790161133e+00
-2.289855480194091797e+00
-1.472840070724487305e+00
-3.561108410358428955e-01
4.109275341033935547e-01
4.468299746513366699e-01
-6.701461970806121826e-02
-6.478738188743591309e-01
-8.430409431457519531e-01
-6.290584206581115723e-01
-3.143316507339477539e-01
-3.133439719676971436e-01
-7.224936485290527344e-01
-1.312982797622680664e+00
-1.657735347747802734e+00
-1.533484220504760742e+00
-1.000182151794433594e+00
-3.704323172569274902e-01
1.372886151075363159e-01
4.893993437290191650e-01
8.510906100273132324e-01
1.294216752052307129e+00
1.723465919494628906e+00
1.873594522476196289e+00
1.625586032867431641e+00
1.115642786026000977e+00
7.396794557571411133e-01
8.009160757064819336e-01
1.300784945487976074e+00
1.855075359344482422e+00
2.034933328628540039e+00
1.653735160827636719e+00
9.671439528465270996e-01
4.083595573902130127e-01
2.730463147163391113e-01
4.176438152790069580e-01
4.229773283004760742e-01
-8.558315038681030273e-02
-1.054801225662231445e+00
-2.039871692657470703e+00
-2.483096599578857422e+00
-2.170444011688232422e+00
-1.345971584320068359e+00
