-2.276783287525177002e-01
-2.659028768539428711e-01
-1.209187805652618408e-01
-1.328168511390686035e-01
-2.258478552103042603e-01
-2.373152226209640503e-01
-1.004605740308761597e-01
5.055331066250801086e-02
4.237002879381179810e-02
-1.288328766822814941e-01
-1.958604305982589722e-01
1.600585579872131348e-01
9.941612482070922852e-01
1.907189607620239258e+00
2.261870384216308594e+00
1.620613217353820801e+00
1.429382711648941040e-01
-1.470945239067077637e+00
-2.404162645339965820e+00
-2.285128116607666016e+00
-1.392773270606994629e+00
-4.275227189064025879e-01
3.106417506933212280e-02
-1.145659685134887695e-01
-4.863131642341613770e-01
-6.234369874000549316e-01
-3.495123386383056641e-01
1.187114492058753967e-01
4.280610978603363037e-01
4.043726623058319092e-01
2.021594047546386719e-01
1.295866072177886963e-01
3.724470734596252441e-01
8.167670965194702148e-01
1.162618517875671387e+00
1.162995338439941406e+00
8.236044049263000488e-01
3.622179627418518066e-01
3.203324973583221436e-02
-6.928872317075729370e-02
-8.990844711661338806e-03
7.860258966684341431e-02
1.269485652446746826e-01
1.454147994518280029e-01
1.563437879085540771e-01
1.273792684078216553e-01
7.429560180753469467e-03
-1.921456456184387207e-01
-3.481664061546325684e-01
-3.071961700916290283e-01
-2.088890783488750458e-02
3.765925467014312744e-01
6.437875032424926758e-01
6.069627404212951660e-01
2.923370301723480225e-01
-1.055751219391822815e-01
-3.840759396553039551e-01
-4.788835942745208740e-01
-4.725846350193023682e-01
-4.617632925510406494e-01
-4.364058971405029297e-01
-2.887837588787078857e-01
3.650175034999847412e-02
4.192317724227905273e-01
5.923728346824645996e-01
3.603875041007995605e-01
-2.099658250808715820e-01
-7.728896141052246094e-01
-9.522757530212402344e-01
-6.241906881332397461e-01
-4.280072450637817383e-02
3.641561269760131836e-01
3.179098069667816162e-01
-7.510316371917724609e-02
-4.372673034667968750e-01
-4.220313131809234619e-01
-2.078123390674591064e-02
4.613326191902160645e-01
6.569777131080627441e-01
4.701080918312072754e-01
1.246873959898948669e-01
-2.987975254654884338e-02
1.338397562503814697e-01
4.233234226703643799e-01
4.684929847717285156e-01
7.580304890871047974e-02
-6.232216358184814453e-01
-1.249027490615844727e+00
-1.516814708709716797e+00
-1.419153690338134766e+00
-1.205742239952087402e+00
-1.072440862655639648e+00
-9.820478558540344238e-01
-6.731827259063720703e-01
8.398633450269699097e-03
8.994074463844299316e-01
1.521337032318115234e+00
1.478913187980651855e+00
7.909789681434631348e-01
-3.284080885350704193e-03
-2.554584145545959473e-01
3.185558319091796875e-01
1.330052733421325684e+00
2.013679981231689453e+00
1.764574289321899414e+00
6.724290251731872559e-01
-5.477954745292663574e-01
-1.027917265892028809e+00
-4.414127767086029053e-01
7.843569517135620117e-01
1.729041695594787598e+00
1.692916750907897949e+00
6.514862775802612305e-01
-7.118380069732666016e-01
-1.572805523872375488e+00
-1.519183516502380371e+00
-8.553684949874877930e-01
-2.729017436504364014e-01
-3.463359475135803223e-01
-1.061350345611572266e+00
-1.900621414184570312e+00
-2.207225322723388672e+00
-1.723281025886535645e+00
-7.052159905433654785e-01
2.488364279270172119e-01
7.039777040481567383e-01
6.356580853462219238e-01
4.434585869312286377e-01
5.414964556694030762e-01
1.055051326751708984e+00
1.654476881027221680e+00
1.857282280921936035e+00
1.357402205467224121e+00
3.354607820510864258e-01
-6.939640045166015625e-01
-1.187383651733398438e+00
-1.010420203208923340e+00
-4.757610261440277100e-01
-1.531673818826675415e-01
-3.838067650794982910e-01
-1.065657377243041992e+00
-1.673804521560668945e+00
-1.706860661506652832e+00
-1.024579405784606934e+00
-1.846622489392757416e-02
7.127532362937927246e-01
7.461862564086914062e-01
1.777710616588592529e-01
-5.214689970016479492e-01
-8.225815296173095703e-01
-5.607702732086181641e-01
4.220851510763168335e-02
5.669615864753723145e-01
7.937246561050415039e-01
7.924864292144775391e-01
8.262962698936462402e-01
1.012573719024658203e+00
1.237506270408630371e+00
1.244774341583251953e+00
9.743491411209106445e-01
6.474484801292419434e-01
6.421723961830139160e-01
1.077070832252502441e+00
1.648070216178894043e+00
1.752891659736633301e+00
1.023502707481384277e+00
-3.338994979858398438e-01
-1.554931521415710449e+00
-1.898414134979248047e+00
-1.202673435211181641e+00
-9.690730273723602295e-02
4.916430711746215820e-01
3.553267940878868103e-02
-1.115779995918273926e+00
-2.026439428329467773e+00
-1.896852850914001465e+00
-7.657292485237121582e-01
5.142547488212585449e-01
9.152895212173461914e-01
1.000837087631225586e-01
-1.307333350181579590e+00
-2.166362762451171875e+00
-1.741693496704101562e+00
-2.507745623588562012e-01
1.294896960258483887e+00
1.921456456184387207e+00
1.413823723793029785e+00
4.359751939773559570e-01
-1.084823459386825562e-01
1.652269512414932251e-01
8.065379858016967773e-01
9.829630851745605469e-01
2.369921952486038208e-01
-1.049075365066528320e+00
-1.939761161804199219e+00
-1.690978646278381348e+00
-3.830530345439910889e-01
1.136076688766479492e+00
1.899921536445617676e+00
1.576627969741821289e+00
6.766821742057800293e-01
1.066518723964691162e-01
4.228927195072174072e-01
1.421899318695068359e+00
2.338857889175415039e+00
2.473881959915161133e+00
1.694908738136291504e+00
4.613864421844482422e-01
-6.055629849433898926e-01
-1.182807445526123047e+00
-1.377214312553405762e+00
-1.472560286521911621e+00
-1.588364601135253906e+00
-1.578727722167968750e+00
-1.235675811767578125e+00
-5.757908821105957031e-01
9.857626259326934814e-02
