-2.437772154808044434e-01
-2.557986974716186523e-01
5.843608379364013672e-01
1.237631797790527344e+00
1.447751760482788086e+00
1.231777548789978027e+00
7.732412219047546387e-01
3.268095254898071289e-01
1.009857654571533203e-02
-1.536337137222290039e-01
-2.061977535486221313e-01
-1.103684604167938232e-01
1.742629706859588623e-01
6.319764256477355957e-01
1.055861592292785645e+00
1.161823272705078125e+00
7.387543916702270508e-01
-1.098930388689041138e-01
-1.012929916381835938e+00
-1.510992050170898438e+00
-1.413732409477233887e+00
-9.069622755050659180e-01
-4.652053713798522949e-01
-4.685959517955780029e-01
-9.537697434425354004e-01
-1.555823087692260742e+00
-1.818014621734619141e+00
-1.504714369773864746e+00
-7.983660101890563965e-01
-1.094081103801727295e-01
2.191120237112045288e-01
1.983906626701354980e-01
1.214700490236282349e-01
3.196848630905151367e-01
8.293458819389343262e-01
1.349392652511596680e+00
1.419208884239196777e+00
7.756619453430175781e-01
-4.573719501495361328e-01
-1.797203302383422852e+00
-2.689051866531372070e+00
-2.777602434158325195e+00
-2.064158439636230469e+00
-8.327028751373291016e-01
5.036602616310119629e-01
1.589149832725524902e+00
2.201038360595703125e+00
2.292732477188110352e+00
1.960115194320678711e+00
1.415494680404663086e+00
8.938587903976440430e-01
5.708681344985961914e-01
4.742807149887084961e-01
5.166063308715820312e-01
5.690771341323852539e-01
5.758957862854003906e-01
5.605772733688354492e-01
5.612200498580932617e-01
5.247013568878173828e-01
3.194087147712707520e-01
-1.506200432777404785e-01
-7.887431383132934570e-01
-1.306444287300109863e+00
-1.401154398918151855e+00
-1.035998582839965820e+00
-5.381213426589965820e-01
-4.190073609352111816e-01
-9.607490897178649902e-01
-1.921715736389160156e+00
-2.596747875213623047e+00
-2.299775123596191406e+00
-8.959451913833618164e-01
9.893941283226013184e-01
2.342312812805175781e+00
2.435794115066528320e+00
1.378326177597045898e+00
4.316942393779754639e-02
-5.410856008529663086e-01
3.772799670696258545e-02
1.275929212570190430e+00
2.107739448547363281e+00
1.716913938522338867e+00
1.424866318702697754e-01
-1.705477476119995117e+00
-2.703097820281982422e+00
-2.280002593994140625e+00
-8.187026381492614746e-01
6.695383787155151367e-01
1.235079765319824219e+00
6.275293231010437012e-01
-6.424194574356079102e-01
-1.719800829887390137e+00
-2.030936241149902344e+00
-1.575797438621520996e+00
-8.162599802017211914e-01
-2.287183403968811035e-01
1.067471504211425781e-02
8.772780001163482666e-02
2.672747373580932617e-01
6.521180272102355957e-01
1.071889281272888184e+00
1.285823345184326172e+00
1.182499170303344727e+00
9.189583659172058105e-01
7.700126767158508301e-01
9.363108873367309570e-01
1.343875646591186523e+00
1.717410922050476074e+00
1.723443269729614258e+00
1.229046463966369629e+00
3.434954583644866943e-01
-6.051323413848876953e-01
-1.292974472045898438e+00
-1.507943391799926758e+00
-1.275518536567687988e+00
-7.592740654945373535e-01
-2.123105376958847046e-01
1.930557489395141602e-01
3.715729117393493652e-01
3.829837143421173096e-01
3.090541362762451172e-01
2.417408823966979980e-01
1.731111109256744385e-01
7.707251608371734619e-02
-9.451346099376678467e-02
-2.897987961769104004e-01
-4.318655133247375488e-01
-4.113677740097045898e-01
-2.486372292041778564e-01
-4.176156967878341675e-02
2.287378907203674316e-02
-1.336267888545989990e-01
-4.773993790149688721e-01
-8.042525649070739746e-01
-9.358858466148376465e-01
-7.668550014495849609e-01
-3.952611088752746582e-01
2.838492393493652344e-02
3.332949280738830566e-01
5.063695907592773438e-01
5.941680669784545898e-01
7.147160768508911133e-01
8.787495493888854980e-01
1.056120038032531738e+00
1.111647605895996094e+00
9.651858806610107422e-01
5.473325252532958984e-01
-6.899863481521606445e-02
-7.546305656433105469e-01
-1.243435859680175781e+00
-1.309276103973388672e+00
-7.987115979194641113e-01
1.283836960792541504e-01
1.083659410476684570e+00
1.512082457542419434e+00
1.102381229400634766e+00
-6.101143360137939453e-02
-1.379402279853820801e+00
-2.156262397766113281e+00
-1.935744285583496094e+00
-9.090270996093750000e-01
2.903563380241394043e-01
9.091914892196655273e-01
6.746246814727783203e-01
-1.396652758121490479e-01
-8.469778895378112793e-01
-9.622074365615844727e-01
-4.377962946891784668e-01
2.649296224117279053e-01
6.940594315528869629e-01
7.007350921630859375e-01
6.392237544059753418e-01
9.190919399261474609e-01
1.672052025794982910e+00
2.440709590911865234e+00
2.570895433425903320e+00
1.637465000152587891e+00
-3.579115867614746094e-02
-1.598444700241088867e+00
-2.108930587768554688e+00
-1.284224748611450195e+00
3.880987167358398438e-01
1.864506125450134277e+00
2.340771675109863281e+00
1.642513394355773926e+00
3.652893006801605225e-01
-7.124833464622497559e-01
-1.075803995132446289e+00
-8.593745827674865723e-01
-5.221010446548461914e-01
-5.175183415412902832e-01
-8.398759961128234863e-01
-1.179510951042175293e+00
-1.134377598762512207e+00
-6.674613356590270996e-01
-4.239010810852050781e-02
3.044645190238952637e-01
2.220386862754821777e-01
-1.361400187015533447e-01
-3.606835603713989258e-01
-2.418417334556579590e-01
1.293920278549194336e-01
3.229936957359313965e-01
1.645708084106445312e-02
-8.092839717864990234e-01
-1.696365714073181152e+00
-2.091438055038452148e+00
-1.629704475402832031e+00
-4.950099587440490723e-01
7.775078415870666504e-01
1.541951298713684082e+00
1.533577680587768555e+00
9.091137647628784180e-01
1.940471529960632324e-01
-1.661598980426788330e-01
1.822775602340698242e-02
5.292591452598571777e-01
