9.624570608139038086e-01
9.800059199333190918e-01
1.384496450424194336e+00
1.051379084587097168e+00
3.571450710296630859e-02
-1.149475574493408203e+00
-1.819599390029907227e+00
-1.595160007476806641e+00
-6.729760169982910156e-01
2.815137803554534912e-01
5.896496176719665527e-01
3.023338317871093750e-02
-1.003493666648864746e+00
-1.772559762001037598e+00
-1.693844676017761230e+00
-7.095589637756347656e-01
6.981089711189270020e-01
1.849300503730773926e+00
2.264488220214843750e+00
1.910589694976806641e+00
1.108462572097778320e+00
3.055378794670104980e-01
-1.925381720066070557e-01
-2.860367298126220703e-01
-8.354395627975463867e-02
2.280860096216201782e-01
4.155476093292236328e-01
3.237364888191223145e-01
-9.140372276306152344e-02
-6.460103988647460938e-01
-1.025187373161315918e+00
-9.070662260055541992e-01
-2.654170393943786621e-01
5.804572105407714844e-01
1.047305226325988770e+00
7.208895683288574219e-01
-3.777190744876861572e-01
-1.673058390617370605e+00
-2.438241958618164062e+00
-2.205508947372436523e+00
-1.158670425415039062e+00
7.010609656572341919e-02
7.703523635864257812e-01
7.095469236373901367e-01
1.714783012866973877e-01
-2.382694333791732788e-01
-1.686382740736007690e-01
3.026468157768249512e-01
6.806257963180541992e-01
5.742922425270080566e-01
-5.485550314188003540e-02
-7.525115609169006348e-01
-1.015194416046142578e+00
-5.854208469390869141e-01
2.488021850585937500e-01
9.630544185638427734e-01
1.070173501968383789e+00
5.586743950843811035e-01
-2.356217056512832642e-01
-7.661303281784057617e-01
-7.485300302505493164e-01
-1.809296458959579468e-01
6.024633646011352539e-01
1.299584150314331055e+00
1.678111433982849121e+00
1.764200687408447266e+00
1.604592800140380859e+00
1.319104671478271484e+00
9.062730073928833008e-01
4.347378015518188477e-01
-7.714601606130599976e-02
-4.974303841590881348e-01
-7.823346853256225586e-01
-8.612909317016601562e-01
-8.142325878143310547e-01
-6.851634383201599121e-01
-6.130683422088623047e-01
-6.292288303375244141e-01
-7.983770370483398438e-01
-1.036005020141601562e+00
-1.288583993911743164e+00
-1.400667428970336914e+00
-1.348094105720520020e+00
-1.105106711387634277e+00
-8.023414611816406250e-01
-4.779981970787048340e-01
-1.814947128295898438e-01
2.051473557949066162e-01
7.077226638793945312e-01
1.323550224304199219e+00
1.810949921607971191e+00
1.966059684753417969e+00
1.626421332359313965e+00
9.726248979568481445e-01
3.032885491847991943e-01
6.474614143371582031e-03
1.494062542915344238e-01
5.717807412147521973e-01
8.387820720672607422e-01
6.732190847396850586e-01
-1.142166554927825928e-02
-9.108855724334716797e-01
-1.659361481666564941e+00
-1.874145746231079102e+00
-1.470399737358093262e+00
-5.186113715171813965e-01
6.480999588966369629e-01
1.691034793853759766e+00
2.197471141815185547e+00
1.969076514244079590e+00
9.948610067367553711e-01
-3.269531130790710449e-01
-1.459265112876892090e+00
-1.851686596870422363e+00
-1.413890242576599121e+00
-4.727745950222015381e-01
2.844323217868804932e-01
3.956819772720336914e-01
-1.708623170852661133e-01
-8.722755908966064453e-01
-1.124695181846618652e+00
-6.513681411743164062e-01
1.673281788825988770e-01
6.913972496986389160e-01
4.397659003734588623e-01
-3.715063929557800293e-01
-1.038300871849060059e+00
-7.857930660247802734e-01
4.984407424926757812e-01
2.191070556640625000e+00
3.207485437393188477e+00
2.846397876739501953e+00
1.197512030601501465e+00
-8.006050586700439453e-01
-2.063428878784179688e+00
-1.961832523345947266e+00
-7.621298432350158691e-01
7.095240354537963867e-01
1.562533855438232422e+00
1.446446061134338379e+00
5.844255089759826660e-01
-4.135292172431945801e-01
-1.045383214950561523e+00
-1.088529586791992188e+00
-6.755487322807312012e-01
-5.359657108783721924e-02
4.963986277580261230e-01
7.974312901496887207e-01
7.266038060188293457e-01
3.147414028644561768e-01
-2.741191089153289795e-01
-7.147681117057800293e-01
-7.387741804122924805e-01
-2.991161048412322998e-01
2.882958948612213135e-01
5.372951626777648926e-01
9.230045974254608154e-02
-9.365444183349609375e-01
-2.010099887847900391e+00
-2.457007408142089844e+00
-1.967993617057800293e+00
-8.099050521850585938e-01
3.126401007175445557e-01
7.568782567977905273e-01
3.721869587898254395e-01
-3.881720304489135742e-01
-8.060009479522705078e-01
-4.035139083862304688e-01
7.173751592636108398e-01
1.954475164413452148e+00
2.617511510848999023e+00
2.380247831344604492e+00
1.465113878250122070e+00
4.514405429363250732e-01
-1.212158799171447754e-01
-9.104192256927490234e-02
2.867077291011810303e-01
5.548614859580993652e-01
4.027289748191833496e-01
-1.489129066467285156e-01
-7.663528919219970703e-01
-1.062025427818298340e+00
-8.331658840179443359e-01
-2.186635434627532959e-01
4.175993800163269043e-01
6.899595260620117188e-01
4.642722308635711670e-01
-9.036809206008911133e-02
-5.796277523040771484e-01
-6.740676760673522949e-01
-2.999429702758789062e-01
2.645278871059417725e-01
5.944497585296630859e-01
3.498840928077697754e-01
-4.548939466476440430e-01
-1.489549875259399414e+00
-2.255068540573120117e+00
-2.419236421585083008e+00
-1.945189237594604492e+00
-1.117467761039733887e+00
-2.912218272686004639e-01
2.626667618751525879e-01
5.154416561126708984e-01
5.595332384109497070e-01
5.382953882217407227e-01
4.909093379974365234e-01
4.277557730674743652e-01
3.330980539321899414e-01
2.752104103565216064e-01
3.146864175796508789e-01
4.883602857589721680e-01
7.044632434844970703e-01
8.357169628143310547e-01
7.510935068130493164e-01
4.615725278854370117e-01
5.994617938995361328e-02
-2.875469624996185303e-01
