-5.489701032638549805e-01
-5.526626706123352051e-01
-2.799315750598907471e-01
-9.989619255065917969e-03
1.560683846473693848e-01
1.635658144950866699e-01
2.096008658409118652e-01
3.998049795627593994e-01
7.688344717025756836e-01
1.057157516479492188e+00
1.058892250061035156e+00
6.661573648452758789e-01
1.389020532369613647e-01
-2.232854068279266357e-01
-1.850284337997436523e-01
7.492727041244506836e-02
2.360986471176147461e-01
-2.366018295288085938e-02
-5.969016551971435547e-01
-1.125950574874877930e+00
-1.149074316024780273e+00
-6.108554601669311523e-01
1.906947195529937744e-01
7.028099298477172852e-01
6.723147630691528320e-01
2.237123101949691772e-01
-1.452873945236206055e-01
-1.057205125689506531e-01
3.186595439910888672e-01
6.572074890136718750e-01
4.928074479103088379e-01
-2.617376446723937988e-01
-1.154189586639404297e+00
-1.614814996719360352e+00
-1.302410364151000977e+00
-4.560369849205017090e-01
3.795184195041656494e-01
6.873371601104736328e-01
4.309121370315551758e-01
-4.300132393836975098e-02
-2.513953447341918945e-01
-4.213070869445800781e-02
3.699386119842529297e-01
5.402518510818481445e-01
2.255981564521789551e-01
-4.908808171749114990e-01
-1.227187275886535645e+00
-1.650973081588745117e+00
-1.641246676445007324e+00
-1.347000956535339355e+00
-9.541838169097900391e-01
-5.646331310272216797e-01
-1.333989799022674561e-01
3.655160665512084961e-01
8.622105717658996582e-01
1.173776745796203613e+00
1.177879571914672852e+00
9.071339368820190430e-01
5.615967512130737305e-01
3.389723896980285645e-01
3.094135522842407227e-01
3.771510720252990723e-01
4.135333895683288574e-01
3.728386461734771729e-01
3.216784894466400146e-01
3.284959197044372559e-01
3.555398881435394287e-01
2.709629833698272705e-01
-1.369658112525939941e-02
-4.035732746124267578e-01
-6.528995037078857422e-01
-5.520986318588256836e-01
-1.586928963661193848e-01
1.939871609210968018e-01
1.088438034057617188e-01
-5.199069380760192871e-01
-1.371155023574829102e+00
-1.845211029052734375e+00
-1.502261400222778320e+00
-3.832905888557434082e-01
9.453426003456115723e-01
1.778232455253601074e+00
1.703802108764648438e+00
8.978508710861206055e-01
-5.120977759361267090e-02
-5.114893913269042969e-01
-2.322966456413269043e-01
5.930119156837463379e-01
1.483499884605407715e+00
2.040512323379516602e+00
2.109548091888427734e+00
1.817770004272460938e+00
1.361297011375427246e+00
8.977022171020507812e-01
4.506191015243530273e-01
1.532587409019470215e-02
-4.223250150680541992e-01
-8.106143474578857422e-01
-1.103831171989440918e+00
-1.233682632446289062e+00
-1.166956424713134766e+00
-8.638489842414855957e-01
-3.718463480472564697e-01
1.776752173900604248e-01
5.241892933845520020e-01
4.420760273933410645e-01
-1.434906125068664551e-01
-1.002330780029296875e+00
-1.726512074470520020e+00
-1.919146776199340820e+00
-1.503542900085449219e+00
-7.564293146133422852e-01
-1.819248795509338379e-01
-1.364599168300628662e-01
-6.226086616516113281e-01
-1.243455171585083008e+00
-1.507260084152221680e+00
-1.120406866073608398e+00
-2.125710248947143555e-01
7.872936725616455078e-01
1.392930269241333008e+00
1.380157947540283203e+00
8.596880435943603516e-01
2.053033709526062012e-01
-2.015399187803268433e-01
-1.418579518795013428e-01
3.466865420341491699e-01
1.055663585662841797e+00
1.720916271209716797e+00
2.163574218750000000e+00
2.328548431396484375e+00
2.273205757141113281e+00
2.073792457580566406e+00
1.754510998725891113e+00
1.261639595031738281e+00
5.356956720352172852e-01
-3.713678717613220215e-01
-1.228915691375732422e+00
-1.692535877227783203e+00
-1.514791488647460938e+00
-7.536058425903320312e-01
1.656247377395629883e-01
6.775484085083007812e-01
4.294034540653228760e-01
-4.133387804031372070e-01
-1.236529111862182617e+00
-1.342690706253051758e+00
-4.878658354282379150e-01
9.082593917846679688e-01
1.941080331802368164e+00
1.843037366867065430e+00
4.824284315109252930e-01
-1.458042383193969727e+00
-2.938748598098754883e+00
-3.170943975448608398e+00
-2.152576684951782227e+00
-5.683155059814453125e-01
6.419963240623474121e-01
9.598146080970764160e-01
5.019469857215881348e-01
-9.075729548931121826e-02
-2.310977578163146973e-01
2.715237736701965332e-01
1.041192531585693359e+00
1.519151449203491211e+00
1.277843713760375977e+00
3.743626177310943604e-01
-8.063307404518127441e-01
-1.713084340095520020e+00
-2.031017303466796875e+00
-1.701166391372680664e+00
-9.927127361297607422e-01
-2.242324948310852051e-01
2.600110769271850586e-01
3.186580538749694824e-01
-7.785403728485107422e-02
-7.064674496650695801e-01
-1.278204917907714844e+00
-1.403329610824584961e+00
-9.008654356002807617e-01
2.127936184406280518e-01
1.541825890541076660e+00
2.602477312088012695e+00
2.908317565917968750e+00
2.369150638580322266e+00
1.205671548843383789e+00
-7.753089070320129395e-03
-7.938989400863647461e-01
-8.704990744590759277e-01
-4.425309896469116211e-01
9.574538469314575195e-02
2.616729140281677246e-01
-4.976868629455566406e-02
-6.536018848419189453e-01
-1.039883375167846680e+00
-8.915895223617553711e-01
-1.722239255905151367e-01
6.366240978240966797e-01
9.947675466537475586e-01
5.043206214904785156e-01
-6.109434366226196289e-01
-1.780133605003356934e+00
-2.269786119461059570e+00
-1.857873797416687012e+00
-8.292897939682006836e-01
3.041011095046997070e-02
1.604678034782409668e-01
-5.434443950653076172e-01
-1.450349807739257812e+00
-1.801119208335876465e+00
-1.056800961494445801e+00
5.256801843643188477e-01
2.222037792205810547e+00
3.107643127441406250e+00
2.811367511749267578e+00
1.509529113769531250e+00
-5.709270387887954712e-02
