4.995433092117309570e-01
5.086219906806945801e-01
2.722682356834411621e-01
2.566314637660980225e-01
7.718760967254638672e-01
1.519995689392089844e+00
1.901932477951049805e+00
1.388170242309570312e+00
8.877944946289062500e-02
-1.382701873779296875e+00
-2.253818035125732422e+00
-2.245971679687500000e+00
-1.627965092658996582e+00
-1.015961527824401855e+00
-7.525135278701782227e-01
-7.516780495643615723e-01
-5.969502925872802734e-01
-9.475207328796386719e-02
5.298540592193603516e-01
7.228747606277465820e-01
1.798350065946578979e-01
-8.282069563865661621e-01
-1.484943151473999023e+00
-1.053713917732238770e+00
5.660341978073120117e-01
2.625272989273071289e+00
4.010735988616943359e+00
3.946167469024658203e+00
2.521416664123535156e+00
5.532079935073852539e-01
-9.954115152359008789e-01
-1.661449551582336426e+00
-1.660747170448303223e+00
-1.561147212982177734e+00
-1.733089923858642578e+00
-2.045066356658935547e+00
-2.045322418212890625e+00
-1.400434732437133789e+00
-2.721794843673706055e-01
7.686882019042968750e-01
1.135232806205749512e+00
7.038265466690063477e-01
-1.216171085834503174e-01
-6.770904064178466797e-01
-5.824392437934875488e-01
3.026546537876129150e-02
5.863519310951232910e-01
5.753860473632812500e-01
-1.065862178802490234e-01
-1.007068753242492676e+00
-1.501285910606384277e+00
-1.164846539497375488e+00
-1.306549608707427979e-01
1.086627602577209473e+00
1.860431194305419922e+00
1.916578292846679688e+00
1.351325631141662598e+00
5.750057697296142578e-01
-9.769566357135772705e-02
-5.258945822715759277e-01
-8.418762683868408203e-01
-1.137513160705566406e+00
-1.433137416839599609e+00
-1.532232880592346191e+00
-1.310739040374755859e+00
-7.471492886543273926e-01
-9.705951809883117676e-02
3.895039558410644531e-01
5.253152847290039062e-01
4.511584341526031494e-01
4.069015383720397949e-01
6.757311820983886719e-01
1.233243107795715332e+00
1.878678441047668457e+00
2.226288318634033203e+00
2.085704565048217773e+00
1.426297426223754883e+00
5.162783265113830566e-01
-3.926126956939697266e-01
-1.039557099342346191e+00
-1.373543620109558105e+00
-1.342678785324096680e+00
-1.022061347961425781e+00
-4.347402453422546387e-01
2.323390096426010132e-01
7.994961738586425781e-01
9.981086254119873047e-01
7.862319946289062500e-01
2.446468323469161987e-01
-2.933651208877563477e-01
-6.037961244583129883e-01
-5.676566362380981445e-01
-3.882767558097839355e-01
-2.774330675601959229e-01
-4.248823225498199463e-01
-6.966802477836608887e-01
-8.898872733116149902e-01
-7.495297193527221680e-01
-3.280109763145446777e-01
1.994783282279968262e-01
5.159518718719482422e-01
5.503634810447692871e-01
3.708127439022064209e-01
2.521966099739074707e-01
3.057836890220642090e-01
5.217047929763793945e-01
6.547948122024536133e-01
5.591973066329956055e-01
1.860489696264266968e-01
-2.427134513854980469e-01
-5.260474681854248047e-01
-5.021183490753173828e-01
-2.769315242767333984e-01
-2.260839566588401794e-03
1.208380907773971558e-01
1.004726588726043701e-01
8.809745311737060547e-03
2.155637741088867188e-02
1.738706529140472412e-01
4.415975511074066162e-01
6.587294936180114746e-01
7.190059423446655273e-01
5.315951704978942871e-01
1.645823419094085693e-01
-2.899716794490814209e-01
-6.550449728965759277e-01
-8.300174474716186523e-01
-7.272167205810546875e-01
-3.832614123821258545e-01
1.530480682849884033e-01
7.752159833908081055e-01
1.408526301383972168e+00
1.927412748336791992e+00
2.194765329360961914e+00
2.017648696899414062e+00
1.304812550544738770e+00
1.409742236137390137e-01
-1.105919241905212402e+00
-1.953781127929687500e+00
-2.039990901947021484e+00
-1.410184383392333984e+00
-5.222647786140441895e-01
2.146959304809570312e-04
-1.752807497978210449e-01
-8.448072671890258789e-01
-1.376211047172546387e+00
-1.181155323982238770e+00
-2.001457810401916504e-01
1.001278638839721680e+00
1.609881401062011719e+00
1.195263504981994629e+00
5.900114774703979492e-02
-9.357142448425292969e-01
-1.030431866645812988e+00
-1.369797289371490479e-01
1.032819509506225586e+00
1.541382908821105957e+00
8.966545462608337402e-01
-5.157441496849060059e-01
-1.780255079269409180e+00
-2.090672492980957031e+00
-1.398796796798706055e+00
-3.218922019004821777e-01
3.437317609786987305e-01
3.588678240776062012e-01
1.261264085769653320e-01
3.654738068580627441e-01
1.337843894958496094e+00
2.620963096618652344e+00
3.279852151870727539e+00
2.688765287399291992e+00
9.529607295989990234e-01
-1.015633940696716309e+00
-2.239814758300781250e+00
-2.228819131851196289e+00
-1.367315530776977539e+00
-4.172723889350891113e-01
-4.102056473493576050e-02
-2.367915213108062744e-01
-6.020698547363281250e-01
-6.216269731521606445e-01
-2.407161444425582886e-01
2.701369524002075195e-01
4.486342072486877441e-01
1.691816002130508423e-01
-4.396927654743194580e-01
-9.936003684997558594e-01
-1.306119680404663086e+00
-1.291805624961853027e+00
-1.067245841026306152e+00
-6.210955977439880371e-01
-1.806262135505676270e-02
6.727173924446105957e-01
1.096829533576965332e+00
9.620084762573242188e-01
1.332523226737976074e-01
-9.653294086456298828e-01
-1.709869384765625000e+00
-1.522622108459472656e+00
-5.088419318199157715e-01
7.362614870071411133e-01
1.350003838539123535e+00
1.024428129196166992e+00
4.729360342025756836e-02
-7.575300931930541992e-01
-8.767976760864257812e-01
-3.247978687286376953e-01
2.308266162872314453e-01
2.616086602210998535e-01
-3.143002390861511230e-01
-8.537548184394836426e-01
-7.257921695709228516e-01
2.915780544281005859e-01
1.556832194328308105e+00
2.207542419433593750e+00
1.642446160316467285e+00
1.962650418281555176e-01
