-1.560628414154052734e-03
-2.913159132003784180e-02
2.906545102596282959e-01
2.142189741134643555e-01
-1.377020478248596191e-01
-3.846381306648254395e-01
-3.312809765338897705e-01
-1.647284626960754395e-02
1.984425485134124756e-01
6.852199137210845947e-02
-4.152855873107910156e-01
-8.633961081504821777e-01
-9.033647775650024414e-01
-3.775987327098846436e-01
3.899646401405334473e-01
9.409121870994567871e-01
9.263319969177246094e-01
4.827231764793395996e-01
2.384096384048461914e-03
-1.001732498407363892e-01
1.625746637582778931e-01
4.712986052036285400e-01
4.001825749874114990e-01
-7.778626680374145508e-02
-6.034997701644897461e-01
-5.985757112503051758e-01
1.547066271305084229e-01
1.355746865272521973e+00
2.240606069564819336e+00
2.189890384674072266e+00
1.098006010055541992e+00
-4.409120678901672363e-01
-1.598123550415039062e+00
-1.774908781051635742e+00
-1.044341564178466797e+00
2.279233932495117188e-02
6.985576748847961426e-01
6.312081813812255859e-01
-7.072132825851440430e-02
-9.398205280303955078e-01
-1.571442365646362305e+00
-1.798204064369201660e+00
-1.764335393905639648e+00
-1.670449972152709961e+00
-1.639644384384155273e+00
-1.588366508483886719e+00
-1.369664549827575684e+00
-8.555399179458618164e-01
-7.584377378225326538e-02
8.390829563140869141e-01
1.683692693710327148e+00
2.293476343154907227e+00
2.547411203384399414e+00
2.424396991729736328e+00
1.976333498954772949e+00
1.355939626693725586e+00
7.560353279113769531e-01
3.700286746025085449e-01
2.894737124443054199e-01
4.676399230957031250e-01
7.038382887840270996e-01
7.267155647277832031e-01
3.020550310611724854e-01
-6.250666379928588867e-01
-1.850778222084045410e+00
-2.928768157958984375e+00
-3.332926750183105469e+00
-2.721804380416870117e+00
-1.182197093963623047e+00
7.089390158653259277e-01
2.113773107528686523e+00
2.358204364776611328e+00
1.347217559814453125e+00
-3.444492518901824951e-01
-1.761828184127807617e+00
-2.140610933303833008e+00
-1.341555356979370117e+00
7.816231250762939453e-02
1.278663039207458496e+00
1.662263274192810059e+00
1.233814835548400879e+00
4.666709601879119873e-01
-8.970659971237182617e-02
-2.373061478137969971e-01
-1.659307181835174561e-01
-2.103157341480255127e-01
-4.601549208164215088e-01
-6.821719408035278320e-01
-5.077816247940063477e-01
1.609193980693817139e-01
1.014070868492126465e+00
1.481706380844116211e+00
1.197788238525390625e+00
2.720299959182739258e-01
-7.179514765739440918e-01
-1.165266275405883789e+00
-8.195083737373352051e-01
2.208714187145233154e-02
8.038673400878906250e-01
1.081030964851379395e+00
8.402757644653320312e-01
3.909901082515716553e-01
1.146275103092193604e-01
1.386585533618927002e-01
3.403143882751464844e-01
4.716700315475463867e-01
4.167972207069396973e-01
2.003050446510314941e-01
-7.290697097778320312e-02
-3.997138440608978271e-01
-8.324271440505981445e-01
-1.397464394569396973e+00
-1.922555804252624512e+00
-2.121869802474975586e+00
-1.750878214836120605e+00
-8.660758733749389648e-01
1.956366002559661865e-01
9.753565192222595215e-01
1.228517413139343262e+00
1.030691862106323242e+00
7.213099002838134766e-01
5.948960185050964355e-01
7.356455326080322266e-01
9.765875339508056641e-01
1.120386600494384766e+00
1.083256483078002930e+00
9.584433436393737793e-01
8.498664498329162598e-01
7.615614533424377441e-01
5.623140335083007812e-01
1.609260141849517822e-01
-3.679910898208618164e-01
-7.579163908958435059e-01
-7.554106712341308594e-01
-3.232011198997497559e-01
2.704795897006988525e-01
6.262170076370239258e-01
4.682348072528839111e-01
-1.652521342039108276e-01
-9.847064614295959473e-01
-1.661609649658203125e+00
-2.042234897613525391e+00
-2.174222946166992188e+00
-2.168141841888427734e+00
-2.033401012420654297e+00
-1.646651864051818848e+00
-8.899965286254882812e-01
1.859302520751953125e-01
1.301677465438842773e+00
2.092741489410400391e+00
2.309943675994873047e+00
1.973999023437500000e+00
1.320381045341491699e+00
6.608175039291381836e-01
1.981974840164184570e-01
-5.351603031158447266e-04
1.411936245858669281e-02
1.831613779067993164e-01
4.293299615383148193e-01
6.810671091079711914e-01
8.240963220596313477e-01
7.853924632072448730e-01
5.452139377593994141e-01
1.976045817136764526e-01
-1.644437015056610107e-01
-4.753320813179016113e-01
-7.765402793884277344e-01
-1.078237414360046387e+00
-1.321729660034179688e+00
-1.299714565277099609e+00
-8.564631938934326172e-01
2.020418643951416016e-03
9.558194875717163086e-01
1.590570807456970215e+00
1.600252270698547363e+00
1.088206887245178223e+00
4.387635290622711182e-01
1.118629574775695801e-01
2.092892825603485107e-01
4.647854268550872803e-01
3.690728545188903809e-01
-3.240413367748260498e-01
-1.438950777053833008e+00
-2.365831851959228516e+00
-2.568468570709228516e+00
-1.884822130203247070e+00
-7.468996047973632812e-01
2.163154333829879761e-01
5.176062583923339844e-01
2.275857329368591309e-01
-2.318039536476135254e-01
-3.383161425590515137e-01
2.820819616317749023e-02
6.266285181045532227e-01
9.679676890373229980e-01
8.238529562950134277e-01
2.961721420288085938e-01
-1.581331491470336914e-01
-2.022801637649536133e-01
2.293762266635894775e-01
7.506309747695922852e-01
9.174528121948242188e-01
4.194869399070739746e-01
-5.763796567916870117e-01
-1.655254602432250977e+00
-2.281517505645751953e+00
-2.237873792648315430e+00
-1.579446196556091309e+00
-6.818567514419555664e-01
1.431838721036911011e-01
6.713504791259765625e-01
9.632252454757690430e-01
1.099483728408813477e+00
1.205048084259033203e+00
1.218381881713867188e+00
1.100651502609252930e+00
7.750135660171508789e-01
