6.323018670082092285e-02
1.084405779838562012e-01
-1.563056707382202148e-01
-1.527392566204071045e-01
-5.741129443049430847e-02
-9.583744406700134277e-02
-4.313757717609405518e-01
-8.906929492950439453e-01
-1.170509338378906250e+00
-9.782981276512145996e-01
-3.753052353858947754e-01
3.414912819862365723e-01
7.697296738624572754e-01
7.912354469299316406e-01
5.574339032173156738e-01
4.303836226463317871e-01
5.861261487007141113e-01
9.494450092315673828e-01
1.193838596343994141e+00
1.098698258399963379e+00
6.797111630439758301e-01
2.538592815399169922e-01
1.125969290733337402e-01
3.564809858798980713e-01
7.512540221214294434e-01
9.951916933059692383e-01
8.919532895088195801e-01
5.482631325721740723e-01
1.778382658958435059e-01
-5.540015920996665955e-02
-2.386014610528945923e-01
-5.492016673088073730e-01
-1.080222606658935547e+00
-1.625509262084960938e+00
-1.828714728355407715e+00
-1.408064961433410645e+00
-4.786241054534912109e-01
5.069945454597473145e-01
9.888365268707275391e-01
7.398307919502258301e-01
-5.926154553890228271e-03
-6.686364412307739258e-01
-7.635622024536132812e-01
-2.079248875379562378e-01
6.019739508628845215e-01
1.103444576263427734e+00
9.358765482902526855e-01
1.894492357969284058e-01
-7.038984298706054688e-01
-1.275705337524414062e+00
-1.337970137596130371e+00
-1.053434252738952637e+00
-7.742614746093750000e-01
-7.566975355148315430e-01
-9.911962151527404785e-01
-1.233551859855651855e+00
-1.198370337486267090e+00
-7.725452780723571777e-01
-8.245667070150375366e-02
5.808435678482055664e-01
9.467098712921142578e-01
8.976649045944213867e-01
5.311550498008728027e-01
6.837870180606842041e-02
-2.348473221063613892e-01
-2.205012142658233643e-01
1.478857100009918213e-01
7.554908394813537598e-01
1.408869504928588867e+00
1.870626807212829590e+00
1.979255080223083496e+00
1.670746445655822754e+00
1.058904528617858887e+00
3.596988022327423096e-01
-1.595771312713623047e-01
-3.495090305805206299e-01
-2.114913165569305420e-01
5.336220562458038330e-02
2.020523697137832642e-01
4.824050515890121460e-02
-3.647668659687042236e-01
-8.409239649772644043e-01
-1.085961103439331055e+00
-9.477556347846984863e-01
-4.535519182682037354e-01
1.491460204124450684e-01
6.144430041313171387e-01
7.797049283981323242e-01
7.054000496864318848e-01
5.293048024177551270e-01
4.063840210437774658e-01
3.274937570095062256e-01
2.344719171524047852e-01
4.311880469322204590e-02
-1.660127639770507812e-01
-2.609921395778656006e-01
-1.042305976152420044e-01
2.044657319784164429e-01
4.143749475479125977e-01
1.828527003526687622e-01
-5.901216268539428711e-01
-1.719121098518371582e+00
-2.712784290313720703e+00
-3.135284185409545898e+00
-2.782959699630737305e+00
-1.884758472442626953e+00
-8.572812676429748535e-01
-1.342367827892303467e-01
1.605424731969833374e-01
1.316893398761749268e-01
5.743811279535293579e-02
9.382630884647369385e-02
2.766253650188446045e-01
4.763716459274291992e-01
6.198328137397766113e-01
6.661962866783142090e-01
6.860126852989196777e-01
6.759570240974426270e-01
6.135044693946838379e-01
3.992511928081512451e-01
4.070543870329856873e-02
-3.904558122158050537e-01
-6.963633298873901367e-01
-7.609342932701110840e-01
-5.434095859527587891e-01
-1.852124333381652832e-01
1.598720848560333252e-01
3.308188617229461670e-01
3.138984739780426025e-01
1.418791115283966064e-01
-4.687293246388435364e-02
-1.296782046556472778e-01
5.462251603603363037e-02
5.661488771438598633e-01
1.376691222190856934e+00
2.238718748092651367e+00
2.819428205490112305e+00
2.796045541763305664e+00
2.129768610000610352e+00
1.086175560951232910e+00
1.749154031276702881e-01
-2.105259597301483154e-01
-9.412127546966075897e-03
3.928423523902893066e-01
4.668790698051452637e-01
-1.367037743330001831e-01
-1.263021707534790039e+00
-2.366761207580566406e+00
-2.811651945114135742e+00
-2.344156026840209961e+00
-1.226901650428771973e+00
-1.091914027929306030e-01
4.231435060501098633e-01
1.776237338781356812e-01
-5.396286249160766602e-01
-1.194240808486938477e+00
-1.371113657951354980e+00
-1.038095951080322266e+00
-4.794822037220001221e-01
-5.944924801588058472e-02
6.741335988044738770e-02
2.381187863647937775e-02
8.591583371162414551e-02
4.223122298717498779e-01
9.500617384910583496e-01
1.362237811088562012e+00
1.337246060371398926e+00
7.537746429443359375e-01
-2.125102877616882324e-01
-1.180860042572021484e+00
-1.779696583747863770e+00
-1.821206450462341309e+00
-1.383609533309936523e+00
-7.090469598770141602e-01
-6.958539038896560669e-02
3.823576271533966064e-01
6.185457110404968262e-01
7.036302685737609863e-01
6.770564317703247070e-01
5.571657419204711914e-01
3.308992981910705566e-01
5.636550486087799072e-02
-1.634385138750076294e-01
-1.809488236904144287e-01
4.904495924711227417e-02
4.615160226821899414e-01
8.585147261619567871e-01
1.074993729591369629e+00
1.036433458328247070e+00
8.529639840126037598e-01
6.785312891006469727e-01
6.537540555000305176e-01
7.656537890434265137e-01
9.465221762657165527e-01
1.100977540016174316e+00
1.255513429641723633e+00
1.450942516326904297e+00
1.715769171714782715e+00
1.906907796859741211e+00
1.836839675903320312e+00
1.340195775032043457e+00
5.245048999786376953e-01
-3.232569694519042969e-01
-8.141892552375793457e-01
-8.122853636741638184e-01
-4.657796323299407959e-01
-2.080321460962295532e-01
-3.731600046157836914e-01
-1.035789847373962402e+00
-1.859873890876770020e+00
-2.414116859436035156e+00
-2.366439580917358398e+00
-1.784416079521179199e+00
-9.568728208541870117e-01
-2.702433764934539795e-01
1.365160644054412842e-01
3.019657135009765625e-01
