-9.347760677337646484e-01
-9.545114040374755859e-01
-3.650718629360198975e-01
2.341552823781967163e-01
7.522783875465393066e-01
1.033123254776000977e+00
1.157821059226989746e+00
1.178592681884765625e+00
1.287607431411743164e+00
1.479571580886840820e+00
1.738710880279541016e+00
1.819007873535156250e+00
1.591592073440551758e+00
9.331082105636596680e-01
4.959543049335479736e-02
-7.908658981323242188e-01
-1.178421020507812500e+00
-9.926788806915283203e-01
-3.218561112880706787e-01
3.524572551250457764e-01
5.837002992630004883e-01
5.738534033298492432e-02
-1.010118484497070312e+00
-2.117496252059936523e+00
-2.588105916976928711e+00
-2.142209529876708984e+00
-9.349451661109924316e-01
3.631854355335235596e-01
1.119164705276489258e+00
9.705808162689208984e-01
1.490451097488403320e-01
-8.535142540931701660e-01
-1.516856908798217773e+00
-1.728795766830444336e+00
-1.647278308868408203e+00
-1.567971587181091309e+00
-1.515592217445373535e+00
-1.311199903488159180e+00
-6.853932738304138184e-01
3.011411428451538086e-01
1.266710400581359863e+00
1.648485183715820312e+00
1.228396296501159668e+00
2.961477339267730713e-01
-4.072038233280181885e-01
-2.690445184707641602e-01
7.668382525444030762e-01
2.023786067962646484e+00
2.552419900894165039e+00
1.725968837738037109e+00
-2.496415227651596069e-01
-2.459311723709106445e+00
-3.784800291061401367e+00
-3.614863634109497070e+00
-2.145895719528198242e+00
-2.272492051124572754e-01
1.201954483985900879e+00
1.631345987319946289e+00
1.187569260597229004e+00
4.337887167930603027e-01
-3.680246695876121521e-02
6.476497650146484375e-02
6.086603403091430664e-01
1.202131867408752441e+00
1.413028001785278320e+00
1.013979434967041016e+00
6.391936540603637695e-02
-1.099777698516845703e+00
-2.025399923324584961e+00
-2.306378126144409180e+00
-1.802930235862731934e+00
-6.590564250946044922e-01
7.105124592781066895e-01
1.874819755554199219e+00
2.521184921264648438e+00
2.618818998336791992e+00
2.286840200424194336e+00
1.735342621803283691e+00
1.083013176918029785e+00
4.329165518283843994e-01
-1.514420360326766968e-01
-5.250041484832763672e-01
-6.166372299194335938e-01
-4.279921650886535645e-01
-1.622013598680496216e-01
-2.035438083112239838e-02
-1.362115889787673950e-01
-3.762870728969573975e-01
-5.381550192832946777e-01
-4.432418048381805420e-01
-2.174820750951766968e-01
-1.148656010627746582e-01
-4.055182933807373047e-01
-1.020110249519348145e+00
-1.660329818725585938e+00
-1.913846850395202637e+00
-1.689942836761474609e+00
-1.192016124725341797e+00
-8.509792685508728027e-01
-8.395591974258422852e-01
-1.012277007102966309e+00
-9.197325110435485840e-01
-3.261370360851287842e-01
6.355073451995849609e-01
1.414669990539550781e+00
1.588218688964843750e+00
1.133316755294799805e+00
6.016024351119995117e-01
5.872273445129394531e-01
1.324686169624328613e+00
2.336415290832519531e+00
2.874545097351074219e+00
2.393996000289916992e+00
1.112791776657104492e+00
-2.375507950782775879e-01
-8.617968559265136719e-01
-6.175685524940490723e-01
5.328295286744832993e-03
2.238414138555526733e-01
-2.703077793121337891e-01
-1.119310379028320312e+00
-1.481787681579589844e+00
-8.281382918357849121e-01
6.788179278373718262e-01
2.147436618804931641e+00
2.679068565368652344e+00
1.922322392463684082e+00
4.000236690044403076e-01
-9.827838540077209473e-01
-1.499125838279724121e+00
-1.138665556907653809e+00
-4.376626312732696533e-01
-8.526019752025604248e-02
-3.488630354404449463e-01
-1.017793059349060059e+00
-1.568186759948730469e+00
-1.619058966636657715e+00
-1.089941978454589844e+00
-2.265635728836059570e-01
6.509550809860229492e-01
1.255180120468139648e+00
1.427799224853515625e+00
1.098970532417297363e+00
3.616890013217926025e-01
-5.279111862182617188e-01
-1.145946264266967773e+00
-1.147253632545471191e+00
-4.989721775054931641e-01
3.929839730262756348e-01
9.230889678001403809e-01
6.962027549743652344e-01
-1.177107691764831543e-01
-8.520557880401611328e-01
-8.104815483093261719e-01
1.874617040157318115e-01
1.589159488677978516e+00
2.465918064117431641e+00
2.152642488479614258e+00
7.642188668251037598e-01
-8.925619721412658691e-01
-1.842325687408447266e+00
-1.641512274742126465e+00
-5.887055993080139160e-01
5.129628777503967285e-01
1.010490417480468750e+00
7.639172077178955078e-01
1.840606331825256348e-01
-2.457188963890075684e-01
-2.868108153343200684e-01
-1.256284713745117188e-01
-1.341575384140014648e-02
-5.143610760569572449e-02
-7.926434278488159180e-03
3.486827909946441650e-01
1.036342620849609375e+00
1.640687227249145508e+00
1.675502777099609375e+00
8.519865870475769043e-01
-5.424105525016784668e-01
-1.908874154090881348e+00
-2.592877388000488281e+00
-2.423140764236450195e+00
-1.650152564048767090e+00
-8.678321242332458496e-01
-4.689483642578125000e-01
-5.779545307159423828e-01
-9.043061137199401855e-01
-1.155111193656921387e+00
-1.068745851516723633e+00
-6.923499703407287598e-01
-1.143532991409301758e-01
4.469323754310607910e-01
9.152550101280212402e-01
1.149738550186157227e+00
1.152595043182373047e+00
8.722289800643920898e-01
4.568954110145568848e-01
8.185163140296936035e-03
-2.681995332241058350e-01
-3.831580877304077148e-01
-3.470778465270996094e-01
-3.333343267440795898e-01
-3.132868111133575439e-01
-2.720688283443450928e-01
-2.842158079147338867e-02
3.738141357898712158e-01
8.484812974929809570e-01
1.077071547508239746e+00
9.543101191520690918e-01
4.626812934875488281e-01
-6.511297821998596191e-02
-3.935068547725677490e-01
-3.208906650543212891e-01
-4.558309912681579590e-02
2.150851786136627197e-01
1.499078273773193359e-01
-1.905734539031982422e-01
