3.340685367584228516e-01
3.141716718673706055e-01
2.256686091423034668e-01
3.592879474163055420e-01
5.267882347106933594e-01
4.135561585426330566e-01
4.088610410690307617e-02
-3.670267760753631592e-01
-3.814166188240051270e-01
1.075595617294311523e-01
9.086317420005798340e-01
1.465787529945373535e+00
1.393672347068786621e+00
6.012697219848632812e-01
-5.032070875167846680e-01
-1.441378116607666016e+00
-1.824672460556030273e+00
-1.687136769294738770e+00
-1.220604181289672852e+00
-7.127915620803833008e-01
-2.465161085128784180e-01
1.192517504096031189e-01
3.721213936805725098e-01
3.562466204166412354e-01
2.489863336086273193e-02
-5.307142734527587891e-01
-9.273886084556579590e-01
-8.209471106529235840e-01
-8.992999792098999023e-02
8.942061662673950195e-01
1.547224164009094238e+00
1.369333863258361816e+00
4.015105962753295898e-01
-8.531188964843750000e-01
-1.683209300041198730e+00
-1.717580914497375488e+00
-1.078672528266906738e+00
-3.019125461578369141e-01
1.444274336099624634e-01
1.313203275203704834e-01
-6.752239167690277100e-02
-1.152411103248596191e-01
1.069065332412719727e-01
3.783423304557800293e-01
3.931758403778076172e-01
5.582731962203979492e-02
-3.669740557670593262e-01
-4.404895305633544922e-01
8.039730787277221680e-02
1.008455991744995117e+00
1.806140899658203125e+00
1.963657855987548828e+00
1.361280560493469238e+00
3.941956758499145508e-01
-3.186545968055725098e-01
-3.311463594436645508e-01
2.910098731517791748e-01
1.064806938171386719e+00
1.389609336853027344e+00
1.005124688148498535e+00
1.061199903488159180e-01
-7.527529001235961914e-01
-1.091949343681335449e+00
-7.533465027809143066e-01
-3.820562362670898438e-02
5.964828729629516602e-01
7.795044183731079102e-01
5.346335172653198242e-01
1.294555515050888062e-01
-6.582717597484588623e-02
4.389438033103942871e-02
3.191580176353454590e-01
4.216792285442352295e-01
2.188443243503570557e-01
-1.864478588104248047e-01
-4.019431471824645996e-01
-1.815521419048309326e-01
4.424606859683990479e-01
9.823721647262573242e-01
9.306629300117492676e-01
1.120486855506896973e-02
-1.426987528800964355e+00
-2.718166351318359375e+00
-3.166506767272949219e+00
-2.658069610595703125e+00
-1.592625498771667480e+00
-7.375808954238891602e-01
-5.186272859573364258e-01
-8.821275234222412109e-01
-1.221664190292358398e+00
-1.043382644653320312e+00
-2.253018021583557129e-01
7.169877886772155762e-01
1.197838664054870605e+00
8.885765671730041504e-01
1.643976867198944092e-01
-3.411944508552551270e-01
-7.574935257434844971e-02
7.982603907585144043e-01
1.663426160812377930e+00
1.741008043289184570e+00
8.763392567634582520e-01
-4.812259674072265625e-01
-1.404736280441284180e+00
-1.325172066688537598e+00
-2.576477825641632080e-01
1.060080528259277344e+00
1.891150116920471191e+00
1.834265112876892090e+00
1.221183180809020996e+00
6.109561920166015625e-01
4.988359510898590088e-01
7.824400067329406738e-01
1.072657108306884766e+00
8.802825212478637695e-01
2.034426033496856689e-01
-6.322466135025024414e-01
-1.050260305404663086e+00
-8.282214403152465820e-01
-8.317551016807556152e-02
6.482743620872497559e-01
9.503676891326904297e-01
6.165890097618103027e-01
-9.282676130533218384e-02
-8.288296461105346680e-01
-1.207531332969665527e+00
-1.170314073562622070e+00
-7.889938950538635254e-01
-3.380803167819976807e-01
1.537413895130157471e-02
1.031669676303863525e-01
-4.380986094474792480e-02
-3.894953131675720215e-01
-7.471702098846435547e-01
-1.004149198532104492e+00
-1.026152253150939941e+00
-8.824593424797058105e-01
-6.775565743446350098e-01
-6.228067278861999512e-01
-7.586027383804321289e-01
-1.039384603500366211e+00
-1.222228884696960449e+00
-1.141603827476501465e+00
-7.045217752456665039e-01
-5.896138399839401245e-02
6.161113381385803223e-01
1.134112119674682617e+00
1.510414481163024902e+00
1.828289747238159180e+00
2.215407371520996094e+00
2.606745481491088867e+00
2.810817241668701172e+00
2.520430803298950195e+00
1.591783285140991211e+00
1.252319961786270142e-01
-1.448017597198486328e+00
-2.593460798263549805e+00
-2.877973556518554688e+00
-2.252968549728393555e+00
-1.052445292472839355e+00
1.254796087741851807e-01
7.733543515205383301e-01
7.057710289955139160e-01
1.657156795263290405e-01
-3.725803792476654053e-01
-5.013049244880676270e-01
-1.401844322681427002e-01
4.362271130084991455e-01
8.093320727348327637e-01
7.015855312347412109e-01
1.648151576519012451e-01
-4.972256124019622803e-01
-9.394789934158325195e-01
-1.034085512161254883e+00
-8.977727890014648438e-01
-7.866469025611877441e-01
-8.439892530441284180e-01
-1.029349565505981445e+00
-1.121506690979003906e+00
-9.509633779525756836e-01
-4.680702090263366699e-01
1.783491373062133789e-01
8.308806419372558594e-01
1.346433281898498535e+00
1.721882820129394531e+00
1.937131285667419434e+00
2.003717422485351562e+00
1.871250033378601074e+00
1.606297492980957031e+00
1.309746384620666504e+00
1.176868915557861328e+00
1.237827897071838379e+00
1.403128623962402344e+00
1.389566421508789062e+00
1.043022394180297852e+00
3.616276085376739502e-01
-3.512504100799560547e-01
-8.214062452316284180e-01
-8.801225423812866211e-01
-7.246603965759277344e-01
-6.232351064682006836e-01
-8.359323740005493164e-01
-1.263113260269165039e+00
-1.673827409744262695e+00
-1.745158791542053223e+00
-1.467942833900451660e+00
-9.891655445098876953e-01
-6.273126006126403809e-01
-4.551336467266082764e-01
-4.152292013168334961e-01
-2.481668293476104736e-01
9.232938289642333984e-02
5.321499705314636230e-01
7.645233869552612305e-01
6.769533753395080566e-01
2.847679853439331055e-01
-9.974896907806396484e-02
