1.507257074117660522e-01
1.159318536520004272e-01
3.999389111995697021e-01
5.847524404525756836e-01
5.470430850982666016e-01
3.515172004699707031e-01
1.879020333290100098e-01
2.391020357608795166e-01
4.791146218776702881e-01
6.957576274871826172e-01
6.341292858123779297e-01
2.532113790512084961e-01
-2.346288859844207764e-01
-4.850732088088989258e-01
-3.243063688278198242e-01
1.301229745149612427e-01
5.461438298225402832e-01
6.860935688018798828e-01
5.802406668663024902e-01
5.017662644386291504e-01
6.582173109054565430e-01
9.645509719848632812e-01
1.038637638092041016e+00
5.468075871467590332e-01
-4.653316736221313477e-01
-1.476189851760864258e+00
-1.840074658393859863e+00
-1.263293504714965820e+00
-1.132240742444992065e-01
8.071091771125793457e-01
7.919517755508422852e-01
-2.278550863265991211e-01
-1.632372736930847168e+00
-2.520587444305419922e+00
-2.349148988723754883e+00
-1.270111203193664551e+00
1.896426081657409668e-03
7.308544516563415527e-01
6.303539276123046875e-01
1.001417636871337891e-03
-5.799541473388671875e-01
-6.866232752799987793e-01
-3.126566708087921143e-01
2.163809537887573242e-01
5.266141891479492188e-01
4.693474173545837402e-01
1.534668058156967163e-01
-1.900219619274139404e-01
-4.069113731384277344e-01
-4.842967391014099121e-01
-5.103760957717895508e-01
-5.516044497489929199e-01
-6.057595610618591309e-01
-6.093943119049072266e-01
-5.025743842124938965e-01
-2.728050351142883301e-01
2.496558427810668945e-02
2.795614600181579590e-01
3.571455478668212891e-01
1.708584874868392944e-01
-2.373705357313156128e-01
-6.488528847694396973e-01
-7.365004420280456543e-01
-2.525191903114318848e-01
7.605075240135192871e-01
1.910501837730407715e+00
2.631725311279296875e+00
2.531121253967285156e+00
1.659533262252807617e+00
5.064320564270019531e-01
-3.164610266685485840e-01
-4.811955094337463379e-01
-1.376720070838928223e-01
2.456577122211456299e-01
2.668460011482238770e-01
-1.119086146354675293e-01
-5.790825486183166504e-01
-7.791202068328857422e-01
-6.283903717994689941e-01
-3.699014186859130859e-01
-3.238295316696166992e-01
-5.652129650115966797e-01
-8.234485983848571777e-01
-7.148511409759521484e-01
-1.068332195281982422e-01
6.913691759109497070e-01
1.120815634727478027e+00
7.843298912048339844e-01
-2.237915098667144775e-01
-1.366890311241149902e+00
-2.028197050094604492e+00
-1.929774403572082520e+00
-1.253361940383911133e+00
-4.338310658931732178e-01
2.025661319494247437e-01
6.193920373916625977e-01
9.767181873321533203e-01
1.371161937713623047e+00
1.696965336799621582e+00
1.739425897598266602e+00
1.414819836616516113e+00
8.830088376998901367e-01
4.354383051395416260e-01
2.159995734691619873e-01
8.102518320083618164e-02
-2.768595218658447266e-01
-9.971196651458740234e-01
-1.842670559883117676e+00
-2.301831960678100586e+00
-1.992519855499267578e+00
-1.010471343994140625e+00
5.434706807136535645e-02
5.309527516365051270e-01
1.580206751823425293e-01
-6.935133337974548340e-01
-1.300320386886596680e+00
-1.124853730201721191e+00
-2.292079776525497437e-01
7.929214239120483398e-01
1.273934483528137207e+00
9.813330173492431641e-01
2.582497894763946533e-01
-2.815929651260375977e-01
-2.609710693359375000e-01
1.812870204448699951e-01
5.180885791778564453e-01
2.864085733890533447e-01
-5.367469787597656250e-01
-1.489718079566955566e+00
-1.962144374847412109e+00
-1.610556602478027344e+00
-5.780975222587585449e-01
6.457558870315551758e-01
1.561037659645080566e+00
1.956845045089721680e+00
1.960023999214172363e+00
1.856546878814697266e+00
1.847002744674682617e+00
1.924071907997131348e+00
1.920689463615417480e+00
1.679138064384460449e+00
1.182109832763671875e+00
5.749513506889343262e-01
6.147025153040885925e-02
-2.356002479791641235e-01
-3.644759953022003174e-01
-5.142967700958251953e-01
-8.779175281524658203e-01
-1.487948656082153320e+00
-2.128046989440917969e+00
-2.409215211868286133e+00
-1.987058162689208984e+00
-8.084478378295898438e-01
7.892257571220397949e-01
2.207304477691650391e+00
2.904356956481933594e+00
2.686271905899047852e+00
1.784338474273681641e+00
6.627955436706542969e-01
-3.006994724273681641e-01
-1.016301512718200684e+00
-1.619414091110229492e+00
-2.229605197906494141e+00
-2.738659381866455078e+00
-2.852079153060913086e+00
-2.341032743453979492e+00
-1.308578729629516602e+00
-1.980110406875610352e-01
4.771946668624877930e-01
5.093103051185607910e-01
1.369098424911499023e-01
-1.400945186614990234e-01
2.170187234878540039e-02
5.422539114952087402e-01
9.799046516418457031e-01
9.226214885711669922e-01
3.352369666099548340e-01
-3.794797956943511963e-01
-7.119280099868774414e-01
-4.476308822631835938e-01
1.469159275293350220e-01
5.568833351135253906e-01
4.228190779685974121e-01
-1.580620557069778442e-01
-7.404526472091674805e-01
-8.834919333457946777e-01
-5.028892755508422852e-01
1.228594928979873657e-01
6.206309199333190918e-01
8.679441213607788086e-01
1.053174734115600586e+00
1.458670616149902344e+00
2.108013153076171875e+00
2.676052093505859375e+00
2.693049907684326172e+00
1.967262268066406250e+00
7.893361449241638184e-01
-1.848289370536804199e-01
-3.925349116325378418e-01
2.676181793212890625e-01
1.340745687484741211e+00
2.148789882659912109e+00
2.201792716979980469e+00
1.482834577560424805e+00
3.511932194232940674e-01
-7.254216074943542480e-01
-1.473138213157653809e+00
-1.859419822692871094e+00
-2.008238554000854492e+00
-2.008597612380981445e+00
-1.888951420783996582e+00
-1.634266495704650879e+00
-1.290201067924499512e+00
-9.411743879318237305e-01
-6.690071821212768555e-01
-4.637891352176666260e-01
-2.689071297645568848e-01
