-1.367127537727355957e+00
-1.408599734306335449e+00
-1.808445751667022705e-01
7.543519735336303711e-01
1.133214116096496582e+00
9.367582201957702637e-01
6.420656442642211914e-01
5.375916361808776855e-01
7.899681329727172852e-01
1.098809957504272461e+00
1.286556005477905273e+00
1.228671789169311523e+00
1.200917243957519531e+00
1.327903509140014648e+00
1.630770325660705566e+00
1.676420688629150391e+00
1.156503200531005859e+00
-6.069851666688919067e-02
-1.475170969963073730e+00
-2.473020076751708984e+00
-2.495034933090209961e+00
-1.668827414512634277e+00
-4.983137845993041992e-01
2.615813314914703369e-01
3.464895486831665039e-01
-8.137774467468261719e-02
-3.945835232734680176e-01
-2.076838016510009766e-01
5.139897465705871582e-01
1.229335546493530273e+00
1.422581672668457031e+00
8.138960599899291992e-01
-2.366823554039001465e-01
-1.150021076202392578e+00
-1.368178129196166992e+00
-9.287165403366088867e-01
-2.897666096687316895e-01
-1.684660911560058594e-01
-8.705241084098815918e-01
-2.181905031204223633e+00
-3.329232692718505859e+00
-3.609997749328613281e+00
-2.748089313507080078e+00
-1.221942186355590820e+00
1.387268900871276855e-01
5.899918079376220703e-01
7.784748077392578125e-02
-8.194121122360229492e-01
-1.201093554496765137e+00
-5.646693110466003418e-01
8.981680870056152344e-01
2.337842226028442383e+00
2.874317169189453125e+00
2.136021137237548828e+00
5.613712072372436523e-01
-9.436897635459899902e-01
-1.567026853561401367e+00
-1.114828109741210938e+00
-4.241293668746948242e-02
9.069246053695678711e-01
1.225175380706787109e+00
9.032689332962036133e-01
3.152504265308380127e-01
-1.296319067478179932e-01
-2.930663228034973145e-01
-3.066707551479339600e-01
-3.837549090385437012e-01
-5.644676685333251953e-01
-7.105805873870849609e-01
-6.260660886764526367e-01
-3.036721646785736084e-01
8.846896886825561523e-02
2.880512177944183350e-01
2.189719676971435547e-01
4.387129098176956177e-03
-6.405252963304519653e-02
1.692854762077331543e-01
6.724517345428466797e-01
1.158607721328735352e+00
1.374839663505554199e+00
1.179264307022094727e+00
7.243756055831909180e-01
2.393114268779754639e-01
-6.345091387629508972e-03
3.826250880956649780e-02
3.158807754516601562e-01
5.892899632453918457e-01
7.117657661437988281e-01
5.768554210662841797e-01
3.170605897903442383e-01
1.001074165105819702e-01
1.638000011444091797e-01
4.946783781051635742e-01
9.280567169189453125e-01
1.063292980194091797e+00
6.757695674896240234e-01
-2.366994023323059082e-01
-1.226283311843872070e+00
-1.807752490043640137e+00
-1.638473391532897949e+00
-9.415938258171081543e-01
-2.217956781387329102e-01
-6.631308794021606445e-02
-5.460079908370971680e-01
-1.315794467926025391e+00
-1.719964027404785156e+00
-1.467114567756652832e+00
-6.909360289573669434e-01
7.219508290290832520e-03
2.320081591606140137e-01
-4.051135480403900146e-02
-2.976206541061401367e-01
-1.133556365966796875e-01
6.099358797073364258e-01
1.360520720481872559e+00
1.609408140182495117e+00
1.111824989318847656e+00
3.152719736099243164e-01
-1.498487293720245361e-01
1.604255437850952148e-01
9.605424404144287109e-01
1.611943364143371582e+00
1.502104640007019043e+00
7.106158137321472168e-01
-2.054642438888549805e-01
-5.399422645568847656e-01
-1.784316599369049072e-01
4.591846466064453125e-01
6.625330448150634766e-01
2.058302760124206543e-01
-5.729455947875976562e-01
-9.269390702247619629e-01
-4.750771522521972656e-01
5.850800871849060059e-01
1.521192073822021484e+00
1.810948848724365234e+00
1.448160648345947266e+00
1.004284501075744629e+00
9.468110799789428711e-01
1.258183956146240234e+00
1.316709518432617188e+00
5.615395307540893555e-01
-1.011970043182373047e+00
-2.625745058059692383e+00
-3.348167896270751953e+00
-2.750150680541992188e+00
-1.342328310012817383e+00
-1.147692650556564331e-01
1.768747270107269287e-01
-3.482009470462799072e-01
-9.114663600921630859e-01
-7.235223054885864258e-01
2.816991508007049561e-01
1.429906129837036133e+00
1.851013541221618652e+00
1.248178958892822266e+00
1.150150299072265625e-01
-6.691522002220153809e-01
-5.794581770896911621e-01
1.732468605041503906e-01
8.893156051635742188e-01
1.021276116371154785e+00
6.352598071098327637e-01
2.693542242050170898e-01
4.046812653541564941e-01
9.665829539299011230e-01
1.424084663391113281e+00
1.254728078842163086e+00
4.901412129402160645e-01
-3.558000028133392334e-01
-7.077150344848632812e-01
-5.387701392173767090e-01
-3.328446149826049805e-01
-6.765490770339965820e-01
-1.543399810791015625e+00
-2.285447120666503906e+00
-2.048794746398925781e+00
-6.850093007087707520e-01
1.062615275382995605e+00
1.898056030273437500e+00
1.094169974327087402e+00
-9.804911613464355469e-01
-2.902841329574584961e+00
-3.343201875686645508e+00
-1.905457019805908203e+00
4.285961389541625977e-01
2.181396007537841797e+00
2.290950298309326172e+00
9.775137305259704590e-01
-7.249855399131774902e-01
-1.653421044349670410e+00
-1.544814825057983398e+00
-8.960503339767456055e-01
-5.813931226730346680e-01
-8.664098978042602539e-01
-1.408736348152160645e+00
-1.428682684898376465e+00
-6.483079195022583008e-01
6.274308562278747559e-01
1.518353104591369629e+00
1.496299505233764648e+00
5.632175207138061523e-01
-5.290288925170898438e-01
-1.104487538337707520e+00
-7.900930643081665039e-01
4.565748572349548340e-02
9.106802940368652344e-01
1.322671175003051758e+00
1.344292163848876953e+00
1.133413553237915039e+00
9.853808283805847168e-01
8.288527727127075195e-01
6.368446946144104004e-01
2.692996263504028320e-01
-9.286633133888244629e-02
-3.816673159599304199e-01
-4.580973386764526367e-01
