-2.848370075225830078e-01
-2.969986200332641602e-01
-1.400722861289978027e-01
-1.920855045318603516e-01
-2.547851204872131348e-01
-3.466352224349975586e-01
-2.262015640735626221e-01
-2.169652283191680908e-02
3.401838541030883789e-01
6.452518105506896973e-01
9.782205820083618164e-01
1.173801302909851074e+00
1.299306154251098633e+00
1.133317470550537109e+00
7.629277110099792480e-01
1.813999116420745850e-01
-2.042276859283447266e-01
-2.053893953561782837e-01
3.802917897701263428e-01
1.153406977653503418e+00
1.668714642524719238e+00
1.333804130554199219e+00
2.154339998960494995e-01
-1.273450255393981934e+00
-2.229928493499755859e+00
-2.179807186126708984e+00
-1.079245328903198242e+00
2.984512150287628174e-01
1.173989176750183105e+00
9.560887813568115234e-01
-1.019854098558425903e-01
-1.413848280906677246e+00
-2.218238353729248047e+00
-2.350687980651855469e+00
-2.018542528152465820e+00
-1.784255981445312500e+00
-1.847867012023925781e+00
-2.102000713348388672e+00
-2.037346839904785156e+00
-1.378235220909118652e+00
-1.392560303211212158e-01
1.174580574035644531e+00
2.092626810073852539e+00
2.313213348388671875e+00
2.001763105392456055e+00
1.444602370262145996e+00
9.287812709808349609e-01
4.494740962982177734e-01
-6.513121724128723145e-02
-6.617368459701538086e-01
-1.121522784233093262e+00
-1.150185346603393555e+00
-5.423081517219543457e-01
5.487460494041442871e-01
1.691045761108398438e+00
2.377727031707763672e+00
2.353848218917846680e+00
1.737275123596191406e+00
9.176530838012695312e-01
2.983043789863586426e-01
4.981714487075805664e-02
8.053213357925415039e-02
1.190932765603065491e-01
-4.272466525435447693e-02
-4.882099628448486328e-01
-1.101449012756347656e+00
-1.739988088607788086e+00
-2.225465059280395508e+00
-2.495557785034179688e+00
-2.464646339416503906e+00
-2.133219480514526367e+00
-1.442066431045532227e+00
-4.694459736347198486e-01
6.911672353744506836e-01
1.746046066284179688e+00
2.441721916198730469e+00
2.483709335327148438e+00
1.877680778503417969e+00
7.853639721870422363e-01
-2.989712357521057129e-01
-9.576215147972106934e-01
-8.485245108604431152e-01
-1.132275462150573730e-01
8.959061503410339355e-01
1.568476438522338867e+00
1.599559068679809570e+00
9.137836694717407227e-01
-7.619321346282958984e-02
-9.747349619865417480e-01
-1.375822424888610840e+00
-1.304088592529296875e+00
-8.522225618362426758e-01
-3.231647312641143799e-01
2.309773266315460205e-01
6.893403530120849609e-01
1.098989725112915039e+00
1.265823960304260254e+00
1.136762142181396484e+00
5.884462594985961914e-01
-1.273594498634338379e-01
-7.762941718101501465e-01
-9.801995158195495605e-01
-7.608960866928100586e-01
-2.227517962455749512e-01
2.319282889366149902e-01
4.847396612167358398e-01
4.642845392227172852e-01
4.343754649162292480e-01
4.392934441566467285e-01
5.273196697235107422e-01
4.261257946491241455e-01
8.495467901229858398e-02
-5.166558027267456055e-01
-1.017114758491516113e+00
-1.214883089065551758e+00
-9.369556903839111328e-01
-4.530668258666992188e-01
1.402091979980468750e-02
1.823026537895202637e-01
1.964086294174194336e-01
2.101015150547027588e-01
4.942417740821838379e-01
9.238870739936828613e-01
1.319073915481567383e+00
1.327382802963256836e+00
9.694364666938781738e-01
3.868622779846191406e-01
-1.656421273946762085e-02
-1.351607888936996460e-01
-1.681883633136749268e-02
-6.345385313034057617e-02
-4.848537445068359375e-01
-1.318447589874267578e+00
-2.126863241195678711e+00
-2.456970453262329102e+00
-1.920301198959350586e+00
-6.657627224922180176e-01
8.635863065719604492e-01
1.964679121971130371e+00
2.234404087066650391e+00
1.607448935508728027e+00
5.527518987655639648e-01
-3.490385711193084717e-01
-5.760678052902221680e-01
-9.247794747352600098e-02
7.780447006225585938e-01
1.422416448593139648e+00
1.423259377479553223e+00
6.978434324264526367e-01
-3.602012991905212402e-01
-1.215118050575256348e+00
-1.444686055183410645e+00
-1.044828176498413086e+00
-3.319504261016845703e-01
2.578405141830444336e-01
4.971050918102264404e-01
4.437142610549926758e-01
3.348587155342102051e-01
3.441537320613861084e-01
4.400415420532226562e-01
4.748903512954711914e-01
3.560502231121063232e-01
2.213476896286010742e-01
2.897297739982604980e-01
6.804779171943664551e-01
1.139415740966796875e+00
1.216241478919982910e+00
4.949515163898468018e-01
-9.197666645050048828e-01
-2.457651615142822266e+00
-3.260635852813720703e+00
-2.871360540390014648e+00
-1.419351339340209961e+00
2.749643325805664062e-01
1.387250781059265137e+00
1.420710206031799316e+00
6.623936295509338379e-01
-2.905359566211700439e-01
-7.761984467506408691e-01
-7.067317366600036621e-01
-3.109045922756195068e-01
-9.817720949649810791e-02
-2.059379070997238159e-01
-5.849206447601318359e-01
-8.501479029655456543e-01
-8.925982117652893066e-01
-6.765978336334228516e-01
-4.887529015541076660e-01
-3.603610992431640625e-01
-3.198444545269012451e-01
-1.009133160114288330e-01
2.517201304435729980e-01
6.688221096992492676e-01
7.400200366973876953e-01
3.892948031425476074e-01
-3.751928806304931641e-01
-1.057559251785278320e+00
-1.396570086479187012e+00
-1.161638021469116211e+00
-6.874961256980895996e-01
-1.958077549934387207e-01
-1.623980700969696045e-03
1.322005689144134521e-01
3.562227189540863037e-01
9.724397063255310059e-01
1.708595395088195801e+00
2.302647352218627930e+00
2.245092630386352539e+00
1.615429162979125977e+00
5.984740257263183594e-01
-1.595228314399719238e-01
-4.608113765716552734e-01
-2.035784721374511719e-01
9.068900346755981445e-02
1.357607841491699219e-01
-4.019511640071868896e-01
-1.203194499015808105e+00
