-1.309901952743530273e+00
-1.324007511138916016e+00
-1.048073053359985352e+00
-5.919205546379089355e-01
-1.056331396102905273e-01
1.692826747894287109e-01
4.392902255058288574e-01
7.586877346038818359e-01
1.254949092864990234e+00
1.601816296577453613e+00
1.613087415695190430e+00
1.070049524307250977e+00
2.850043773651123047e-01
-4.458514750003814697e-01
-7.045717835426330566e-01
-5.806187391281127930e-01
-2.281378656625747681e-01
-3.188247978687286377e-02
2.322803810238838196e-02
-9.961254894733428955e-03
1.626818478107452393e-01
4.743278026580810547e-01
8.198592662811279297e-01
8.531050682067871094e-01
5.836325883865356445e-01
1.133089810609817505e-01
-1.526280790567398071e-01
-1.025685966014862061e-01
2.561992704868316650e-01
5.389797687530517578e-01
5.373002886772155762e-01
1.209344565868377686e-01
-4.377349913120269775e-01
-9.161219596862792969e-01
-1.057949900627136230e+00
-9.357936382293701172e-01
-6.164712905883789062e-01
-2.993925213813781738e-01
-5.718678236007690430e-03
1.488866508007049561e-01
1.407173871994018555e-01
-1.586604118347167969e-01
-6.674222946166992188e-01
-1.231658220291137695e+00
-1.501173019409179688e+00
-1.317489147186279297e+00
-7.176051139831542969e-01
-9.830766916275024414e-02
1.731759309768676758e-01
-8.909169584512710571e-02
-6.076043248176574707e-01
-9.248799085617065430e-01
-6.349994540214538574e-01
2.069157063961029053e-01
1.177189588546752930e+00
1.684141635894775391e+00
1.446326375007629395e+00
6.189504265785217285e-01
-2.617836594581604004e-01
-6.931471824645996094e-01
-4.821289479732513428e-01
1.360724866390228271e-01
7.303183674812316895e-01
9.520192742347717285e-01
7.412062883377075195e-01
2.856395244598388672e-01
-1.713542938232421875e-01
-4.903821349143981934e-01
-6.925162672996520996e-01
-8.327529430389404297e-01
-9.290949702262878418e-01
-8.974072933197021484e-01
-6.956623792648315430e-01
-3.662738204002380371e-01
-1.139848530292510986e-01
-1.110621690750122070e-01
-4.219078123569488525e-01
-8.349095582962036133e-01
-1.050535202026367188e+00
-7.812556028366088867e-01
-5.495813861489295959e-02
8.755369186401367188e-01
1.559650182723999023e+00
1.736767530441284180e+00
1.374337196350097656e+00
8.068671226501464844e-01
3.938603699207305908e-01
4.393860399723052979e-01
8.903542160987854004e-01
1.554566025733947754e+00
2.101383209228515625e+00
2.412922859191894531e+00
2.446000099182128906e+00
2.335169315338134766e+00
2.075085401535034180e+00
1.673923134803771973e+00
1.023781061172485352e+00
2.246681600809097290e-01
-5.816371440887451172e-01
-1.096325874328613281e+00
-1.254493713378906250e+00
-1.120003700256347656e+00
-1.046103358268737793e+00
-1.243628501892089844e+00
-1.799989581108093262e+00
-2.411644458770751953e+00
-2.781682014465332031e+00
-2.649687528610229492e+00
-2.176862001419067383e+00
-1.635709643363952637e+00
-1.394212007522583008e+00
-1.448888659477233887e+00
-1.619493961334228516e+00
-1.500603795051574707e+00
-9.630957245826721191e-01
-6.717687845230102539e-02
7.781653404235839844e-01
1.277938604354858398e+00
1.232989192008972168e+00
8.219535350799560547e-01
2.551466226577758789e-01
-1.712237000465393066e-01
-4.007800221443176270e-01
-3.766931891441345215e-01
-1.779157072305679321e-01
2.459181547164916992e-01
8.449696898460388184e-01
1.616900801658630371e+00
2.377478361129760742e+00
2.995311737060546875e+00
3.267052650451660156e+00
3.164413928985595703e+00
2.660081148147583008e+00
1.894586324691772461e+00
9.806792140007019043e-01
1.563667654991149902e-01
-4.284071922302246094e-01
-6.314109563827514648e-01
-5.466849803924560547e-01
-3.462869822978973389e-01
-3.066999912261962891e-01
-5.012632012367248535e-01
-8.370056152343750000e-01
-1.004714727401733398e+00
-8.030242919921875000e-01
-2.186299562454223633e-01
4.530498385429382324e-01
8.841487169265747070e-01
8.667377829551696777e-01
4.988600611686706543e-01
1.132949255406856537e-04
-4.510385394096374512e-01
-9.027165174484252930e-01
-1.490468263626098633e+00
-2.237157583236694336e+00
-2.866122245788574219e+00
-2.931868076324462891e+00
-2.135992288589477539e+00
-6.342723369598388672e-01
9.567520022392272949e-01
1.911083459854125977e+00
1.831759929656982422e+00
9.177144169807434082e-01
-2.325405776500701904e-01
-9.954317808151245117e-01
-1.144642353057861328e+00
-8.311542272567749023e-01
-4.031644463539123535e-01
-1.982632279396057129e-02
3.361327648162841797e-01
7.838019132614135742e-01
1.201807737350463867e+00
1.328255176544189453e+00
8.673087358474731445e-01
-6.862410157918930054e-02
-1.042435765266418457e+00
-1.407832741737365723e+00
-9.093164205551147461e-01
2.547342181205749512e-01
1.398605227470397949e+00
1.986078023910522461e+00
1.806502819061279297e+00
1.220160007476806641e+00
6.147926449775695801e-01
2.630801200866699219e-01
-3.603807091712951660e-02
-4.841215610504150391e-01
-1.206842899322509766e+00
-1.859341502189636230e+00
-2.107644319534301758e+00
-1.702016353607177734e+00
-9.563695788383483887e-01
-2.855322957038879395e-01
-1.336629986763000488e-01
-3.880809843540191650e-01
-7.746437191963195801e-01
-8.660525679588317871e-01
-7.206014394760131836e-01
-5.254710316658020020e-01
-6.432834863662719727e-01
-9.348738193511962891e-01
-1.112578392028808594e+00
-6.898833513259887695e-01
2.492351830005645752e-01
1.338447690010070801e+00
1.851279020309448242e+00
1.589091539382934570e+00
7.318239212036132812e-01
4.793047904968261719e-02
-3.567063808441162109e-02
5.815083980560302734e-01
1.269757032394409180e+00
1.532255649566650391e+00
1.045892477035522461e+00
2.393906712532043457e-01
-4.471528828144073486e-01
-5.761795043945312500e-01
