3.057087399065494537e-02
3.265673294663429260e-02
1.142007932066917419e-01
-7.031083852052688599e-02
-3.151603043079376221e-01
-3.739989101886749268e-01
-1.663690060377120972e-01
1.485305577516555786e-01
3.405599594116210938e-01
3.172026872634887695e-01
2.144524008035659790e-01
2.346591651439666748e-01
4.232555925846099854e-01
5.756102204322814941e-01
4.228644967079162598e-01
-8.232625573873519897e-02
-6.233459711074829102e-01
-7.266394495964050293e-01
-1.524415463209152222e-01
8.341916203498840332e-01
1.602678656578063965e+00
1.621320962905883789e+00
9.021341204643249512e-01
1.642614044249057770e-02
-3.471217453479766846e-01
3.207008540630340576e-02
6.858783364295959473e-01
8.009699583053588867e-01
-1.015552729368209839e-01
-1.708840131759643555e+00
-3.057087421417236328e+00
-3.211723566055297852e+00
-1.968616485595703125e+00
-4.069598391652107239e-02
1.423577189445495605e+00
1.625210285186767578e+00
6.244323849678039551e-01
-7.823275923728942871e-01
-1.680094361305236816e+00
-1.655585527420043945e+00
-9.788111448287963867e-01
-2.668596208095550537e-01
3.476431965827941895e-02
-5.114700645208358765e-02
-1.618061810731887817e-01
4.160854592919349670e-02
5.773701667785644531e-01
1.161041378974914551e+00
1.446934461593627930e+00
1.292254924774169922e+00
8.120945096015930176e-01
2.602109313011169434e-01
-1.551140546798706055e-01
-3.365620672702789307e-01
-2.734213769435882568e-01
1.883791573345661163e-02
4.738159477710723877e-01
9.376154541969299316e-01
1.169319629669189453e+00
9.801148176193237305e-01
3.747593760490417480e-01
-3.860577642917633057e-01
-9.422000050544738770e-01
-1.060333490371704102e+00
-8.065539598464965820e-01
-4.656246006488800049e-01
-3.224390745162963867e-01
-4.281660616397857666e-01
-6.000321507453918457e-01
-5.883209109306335449e-01
-3.178545236587524414e-01
6.492237001657485962e-02
3.140304386615753174e-01
3.200924694538116455e-01
1.781236827373504639e-01
1.004471555352210999e-01
1.896828263998031616e-01
3.529013097286224365e-01
3.705007433891296387e-01
1.301489174365997314e-01
-2.624488770961761475e-01
-5.257451534271240234e-01
-4.452440440654754639e-01
-2.911511808633804321e-02
4.768143892288208008e-01
8.040335178375244141e-01
8.379287719726562500e-01
6.905063390731811523e-01
5.378040075302124023e-01
4.633866548538208008e-01
3.742378950119018555e-01
1.399046629667282104e-01
-2.599936723709106445e-01
-6.433137655258178711e-01
-7.695951461791992188e-01
-5.172061920166015625e-01
-3.478604927659034729e-02
3.554868996143341064e-01
3.408858776092529297e-01
-1.592640429735183716e-01
-9.731184840202331543e-01
-1.756662845611572266e+00
-2.198234796524047852e+00
-2.112149715423583984e+00
-1.505794763565063477e+00
-5.309597849845886230e-01
5.267011523246765137e-01
1.344075560569763184e+00
1.649480104446411133e+00
1.398459911346435547e+00
8.202858567237854004e-01
3.573337495326995850e-01
3.783444464206695557e-01
9.396795630455017090e-01
1.678638696670532227e+00
2.052528858184814453e+00
1.686547517776489258e+00
6.805984973907470703e-01
-4.558905959129333496e-01
-1.116390943527221680e+00
-1.024613142013549805e+00
-3.752373754978179932e-01
3.159207701683044434e-01
6.142855286598205566e-01
4.222343862056732178e-01
6.909408606588840485e-03
-2.826773822307586670e-01
-2.688585519790649414e-01
-6.448781490325927734e-02
8.436866104602813721e-02
-9.560188045725226402e-04
-2.861755490303039551e-01
-5.974031090736389160e-01
-7.449342012405395508e-01
-6.608914732933044434e-01
-3.853624761104583740e-01
-3.404730558395385742e-02
2.715310752391815186e-01
3.934017419815063477e-01
2.174291014671325684e-01
-3.009503781795501709e-01
-1.038910031318664551e+00
-1.720073342323303223e+00
-2.028584957122802734e+00
-1.821954607963562012e+00
-1.222139716148376465e+00
-5.372825860977172852e-01
-3.650253638625144958e-03
3.867965042591094971e-01
8.545504212379455566e-01
1.554008603096008301e+00
2.336900949478149414e+00
2.752399921417236328e+00
2.389416933059692383e+00
1.255600333213806152e+00
-9.492832422256469727e-02
-8.968542814254760742e-01
-7.116908431053161621e-01
2.068477123975753784e-01
1.081300735473632812e+00
1.180335640907287598e+00
3.944012224674224854e-01
-6.771437525749206543e-01
-1.182291030883789062e+00
-6.980893015861511230e-01
4.262105524539947510e-01
1.319501519203186035e+00
1.250668168067932129e+00
1.759291887283325195e-01
-1.239434957504272461e+00
-2.128814935684204102e+00
-2.038992643356323242e+00
-1.193871974945068359e+00
-2.390047013759613037e-01
2.695321142673492432e-01
2.149086892604827881e-01
-1.301271915435791016e-01
-4.249938130378723145e-01
-5.343493223190307617e-01
-5.242459774017333984e-01
-4.497851133346557617e-01
-2.094984799623489380e-01
3.583549559116363525e-01
1.206865072250366211e+00
1.947258234024047852e+00
2.032191753387451172e+00
1.190678000450134277e+00
-2.628182470798492432e-01
-1.526044964790344238e+00
-1.836164474487304688e+00
-1.026612162590026855e+00
2.959312796592712402e-01
1.150807619094848633e+00
8.582441806793212891e-01
-4.689924120903015137e-01
-2.006357669830322266e+00
-2.772237300872802734e+00
-2.281517267227172852e+00
-8.097479343414306641e-01
8.387544155120849609e-01
1.885986089706420898e+00
2.011116027832031250e+00
1.441133141517639160e+00
6.723202466964721680e-01
1.278675198554992676e-01
-5.951217189431190491e-02
1.325389719568192959e-03
1.146570742130279541e-01
1.568522602319717407e-01
1.022505536675453186e-01
-2.324863802641630173e-03
-1.056183502078056335e-01
-1.621972769498825073e-01
-1.568957269191741943e-01
-9.857857227325439453e-02
-3.965305164456367493e-02
-3.556824475526809692e-02
