-2.026712656021118164e+00
-2.106279850006103516e+00
-2.307530403137207031e+00
-1.989552497863769531e+00
-1.371507644653320312e+00
-8.983161449432373047e-01
-6.692219376564025879e-01
-6.404999494552612305e-01
-4.550909101963043213e-01
-6.474122405052185059e-03
6.969918012619018555e-01
1.268625497817993164e+00
1.475954771041870117e+00
1.164562702178955078e+00
6.276060342788696289e-01
1.519237458705902100e-01
7.892602682113647461e-02
3.398129940032958984e-01
7.940558791160583496e-01
1.098550796508789062e+00
1.198221683502197266e+00
1.076946377754211426e+00
9.727275371551513672e-01
9.233162403106689453e-01
9.891836047172546387e-01
9.837183356285095215e-01
8.847275972366333008e-01
6.180503368377685547e-01
3.471341133117675781e-01
1.001920700073242188e-01
-7.401406764984130859e-03
-7.594037055969238281e-02
-6.830990314483642578e-02
-4.720717668533325195e-02
1.072687432169914246e-01
3.345316350460052490e-01
6.009233593940734863e-01
6.361548304557800293e-01
3.282267749309539795e-01
-3.933466374874114990e-01
-1.215963006019592285e+00
-1.803384065628051758e+00
-1.761359453201293945e+00
-1.108580946922302246e+00
-9.208920598030090332e-02
7.289355993270874023e-01
1.005825400352478027e+00
5.991255044937133789e-01
-1.515707373619079590e-01
-8.367485404014587402e-01
-1.032367587089538574e+00
-7.080612182617187500e-01
-1.381397247314453125e-02
6.809562444686889648e-01
1.189094901084899902e+00
1.400541305541992188e+00
1.420049428939819336e+00
1.256298065185546875e+00
9.349211454391479492e-01
3.628730475902557373e-01
-3.869349360466003418e-01
-1.167498350143432617e+00
-1.643883466720581055e+00
-1.597429513931274414e+00
-9.410098195075988770e-01
8.953681588172912598e-02
1.145601868629455566e+00
1.811771869659423828e+00
1.877576708793640137e+00
1.301852226257324219e+00
3.053080439567565918e-01
-7.977447509765625000e-01
-1.601682066917419434e+00
-1.819277644157409668e+00
-1.326708674430847168e+00
-3.286656141281127930e-01
7.437848448753356934e-01
1.360061287879943848e+00
1.228353381156921387e+00
4.476141035556793213e-01
-4.747312366962432861e-01
-9.478445649147033691e-01
-6.561914682388305664e-01
1.976911425590515137e-01
1.014433622360229492e+00
1.185078144073486328e+00
5.055969953536987305e-01
-6.725657582283020020e-01
-1.683818697929382324e+00
-1.976054549217224121e+00
-1.478057503700256348e+00
-5.834231376647949219e-01
1.293789446353912354e-01
3.290380239486694336e-01
7.867419719696044922e-02
-2.343526929616928101e-01
-2.686511278152465820e-01
8.901086449623107910e-02
6.299341917037963867e-01
1.086709141731262207e+00
1.265511751174926758e+00
1.204957246780395508e+00
9.910178184509277344e-01
7.177318930625915527e-01
3.355498611927032471e-01
-1.570750772953033447e-01
-7.131511569023132324e-01
-1.101253986358642578e+00
-1.137217521667480469e+00
-7.198821306228637695e-01
-2.997702360153198242e-02
6.856371760368347168e-01
1.144209027290344238e+00
1.293778061866760254e+00
1.161334276199340820e+00
8.972971439361572266e-01
5.266036391258239746e-01
1.060039997100830078e-01
-3.600760996341705322e-01
-7.062061429023742676e-01
-8.175989389419555664e-01
-5.875408649444580078e-01
-1.776937246322631836e-01
1.956118941307067871e-01
2.515528202056884766e-01
-1.246443390846252441e-02
-4.626765251159667969e-01
-7.827453613281250000e-01
-8.544838428497314453e-01
-6.877436637878417969e-01
-5.448735952377319336e-01
-5.764357447624206543e-01
-8.475931882858276367e-01
-1.128282666206359863e+00
-1.204323649406433105e+00
-8.554730415344238281e-01
-1.513269841670989990e-01
7.487268447875976562e-01
1.500578284263610840e+00
1.875417947769165039e+00
1.669256210327148438e+00
9.570075273513793945e-01
-6.859552860260009766e-02
-9.614837765693664551e-01
-1.364588975906372070e+00
-1.045165181159973145e+00
-2.280867099761962891e-01
6.222296953201293945e-01
8.960259556770324707e-01
3.690567016601562500e-01
-7.638975977897644043e-01
-1.835861682891845703e+00
-2.259517431259155273e+00
-1.757332205772399902e+00
-6.629569530487060547e-01
4.666022062301635742e-01
1.102490901947021484e+00
1.191121816635131836e+00
9.606339931488037109e-01
7.750937342643737793e-01
6.918215751647949219e-01
5.606682896614074707e-01
1.226638108491897583e-01
-5.674768686294555664e-01
-1.194169878959655762e+00
-1.284172415733337402e+00
-6.824492812156677246e-01
3.814089298248291016e-01
1.337338209152221680e+00
1.761716604232788086e+00
1.573132872581481934e+00
1.120295405387878418e+00
7.823845744132995605e-01
7.266955375671386719e-01
7.478452920913696289e-01
5.797447562217712402e-01
1.439385414123535156e-01
-2.735716998577117920e-01
-3.048960268497467041e-01
1.768085360527038574e-01
8.146662712097167969e-01
1.002297878265380859e+00
3.142620027065277100e-01
-1.072098493576049805e+00
-2.424051761627197266e+00
-2.891229391098022461e+00
-2.097589015960693359e+00
-4.226447343826293945e-01
1.229196310043334961e+00
1.989297389984130859e+00
1.565173149108886719e+00
3.333098590373992920e-01
-9.626907110214233398e-01
-1.751296281814575195e+00
-1.906586050987243652e+00
-1.732107520103454590e+00
-1.575991749763488770e+00
-1.585013628005981445e+00
-1.576672315597534180e+00
-1.322978496551513672e+00
-7.338912487030029297e-01
-4.972882568836212158e-02
4.013695418834686279e-01
3.621255755424499512e-01
-6.165051460266113281e-02
-5.587071776390075684e-01
-7.205020189285278320e-01
-4.100283384323120117e-01
2.776033580303192139e-01
9.815804958343505859e-01
1.441992521286010742e+00
1.518934726715087891e+00
1.376660346984863281e+00
1.195143699645996094e+00
1.172492027282714844e+00
1.250124096870422363e+00
1.331428289413452148e+00
