-1.588802039623260498e-01
-1.481766104698181152e-01
1.917925000190734863e+00
2.909749031066894531e+00
2.466043949127197266e+00
1.083243012428283691e+00
-3.257417976856231689e-01
-9.153928160667419434e-01
-5.134409666061401367e-01
4.723752737045288086e-01
1.308948755264282227e+00
1.565636634826660156e+00
1.230130434036254883e+00
7.079234123229980469e-01
3.357855379581451416e-01
2.477807998657226562e-01
2.450684905052185059e-01
1.524645686149597168e-01
-1.134008467197418213e-01
-3.898083567619323730e-01
-5.739313960075378418e-01
-6.449446678161621094e-01
-7.983394265174865723e-01
-1.125961661338806152e+00
-1.584457993507385254e+00
-1.861438274383544922e+00
-1.729160070419311523e+00
-1.143911480903625488e+00
-4.468321502208709717e-01
-2.483853697776794434e-02
-1.481415331363677979e-01
-6.552833914756774902e-01
-1.200737476348876953e+00
-1.406054258346557617e+00
-1.252091169357299805e+00
-9.472863674163818359e-01
-8.433777689933776855e-01
-1.025492906570434570e+00
-1.353438377380371094e+00
-1.461381196975708008e+00
-1.143984198570251465e+00
-3.869979977607727051e-01
5.294153690338134766e-01
1.326065421104431152e+00
1.755025863647460938e+00
1.778140544891357422e+00
1.398819327354431152e+00
7.432014942169189453e-01
-6.324148178100585938e-02
-7.594764232635498047e-01
-1.122528314590454102e+00
-9.826748967170715332e-01
-4.632670879364013672e-01
1.479893326759338379e-01
4.687817096710205078e-01
3.749937415122985840e-01
1.326650381088256836e-04
-2.897194027900695801e-01
-2.780455052852630615e-01
-5.781024694442749023e-03
1.748607158660888672e-01
-3.137272596359252930e-02
-6.671281456947326660e-01
-1.370172500610351562e+00
-1.690435647964477539e+00
-1.349507808685302734e+00
-5.241867899894714355e-01
3.387075066566467285e-01
7.656724452972412109e-01
6.213656067848205566e-01
9.243589639663696289e-02
-4.343478679656982422e-01
-6.957163810729980469e-01
-6.165041923522949219e-01
-3.127759099006652832e-01
1.036682128906250000e-01
5.430681705474853516e-01
9.490860700607299805e-01
1.190005302429199219e+00
1.132853627204895020e+00
7.379226684570312500e-01
2.003787457942962646e-01
-1.434604823589324951e-01
-2.179882489144802094e-02
5.104845166206359863e-01
1.076361298561096191e+00
1.221392631530761719e+00
7.917835712432861328e-01
9.188914299011230469e-02
-3.023743927478790283e-01
1.117646694183349609e-03
8.625130653381347656e-01
1.642703056335449219e+00
1.644768953323364258e+00
6.515401601791381836e-01
-8.668488860130310059e-01
-2.015521764755249023e+00
-2.083720207214355469e+00
-1.007891297340393066e+00
5.755043029785156250e-01
1.784675598144531250e+00
2.032744884490966797e+00
1.373518466949462891e+00
3.355861604213714600e-01
-4.709926843643188477e-01
-7.853437662124633789e-01
-7.391740679740905762e-01
-6.775035858154296875e-01
-7.904162406921386719e-01
-1.012517452239990234e+00
-1.071592092514038086e+00
-7.942555546760559082e-01
-2.215366363525390625e-01
3.545637428760528564e-01
6.505491137504577637e-01
5.316654443740844727e-01
1.528061032295227051e-01
-2.166228294372558594e-01
-3.043170571327209473e-01
-5.622613430023193359e-02
4.236740469932556152e-01
8.865809440612792969e-01
1.156345486640930176e+00
1.135923624038696289e+00
9.057043194770812988e-01
5.750585198402404785e-01
2.934361100196838379e-01
1.041625663638114929e-01
3.267311677336692810e-02
2.231600880622863770e-02
6.430542469024658203e-02
1.058739423751831055e-01
1.305291652679443359e-01
4.519471898674964905e-02
-1.894686222076416016e-01
-5.922655463218688965e-01
-9.996505975723266602e-01
-1.200150728225708008e+00
-9.614182114601135254e-01
-3.062949776649475098e-01
5.234197378158569336e-01
1.079203844070434570e+00
1.079996824264526367e+00
5.430884957313537598e-01
-9.016883373260498047e-02
-3.218106031417846680e-01
1.409249901771545410e-01
1.054085731506347656e+00
1.871488094329833984e+00
2.031325101852416992e+00
1.459023952484130859e+00
5.380792617797851562e-01
-8.114539086818695068e-02
-5.998292565345764160e-02
4.602136313915252686e-01
8.870804309844970703e-01
7.362968921661376953e-01
-6.151214241981506348e-02
-1.005242347717285156e+00
-1.486126422882080078e+00
-1.170930862426757812e+00
-3.366273641586303711e-01
4.377409815788269043e-01
6.482214927673339844e-01
3.303277790546417236e-01
-7.237501442432403564e-02
-1.813593134284019470e-02
5.939225554466247559e-01
1.390354633331298828e+00
1.726111888885498047e+00
1.255833864212036133e+00
1.356451213359832764e-01
-1.016924023628234863e+00
-1.643230915069580078e+00
-1.566370844841003418e+00
-1.141090631484985352e+00
-8.773086667060852051e-01
-1.099856853485107422e+00
-1.667106986045837402e+00
-2.178844928741455078e+00
-2.259897708892822266e+00
-1.894554615020751953e+00
-1.351271390914916992e+00
-9.831224083900451660e-01
-8.872692584991455078e-01
-8.865213394165039062e-01
-6.582748293876647949e-01
-6.080389022827148438e-02
7.666038274765014648e-01
1.456209897994995117e+00
1.707156777381896973e+00
1.465724706649780273e+00
9.712654948234558105e-01
5.420137643814086914e-01
3.647613823413848877e-01
3.571295738220214844e-01
2.758448123931884766e-01
-9.362456202507019043e-02
-7.415444850921630859e-01
-1.424891710281372070e+00
-1.798990964889526367e+00
-1.630295991897583008e+00
-9.370378255844116211e-01
1.444720476865768433e-02
8.432852029800415039e-01
1.248063325881958008e+00
1.134075164794921875e+00
6.524587869644165039e-01
9.620112180709838867e-02
-2.300180792808532715e-01
-1.755067706108093262e-01
2.151306271553039551e-01
7.003854513168334961e-01
9.942104816436767578e-01
8.764337897300720215e-01
3.433259427547454834e-01
-4.213169217109680176e-01
