6.062917411327362061e-02
8.067024499177932739e-02
4.833120703697204590e-01
8.180311918258666992e-01
9.319057464599609375e-01
8.635607361793518066e-01
6.282978057861328125e-01
3.316214978694915771e-01
-3.786435723304748535e-02
-4.147230088710784912e-01
-7.969403266906738281e-01
-1.080201745033264160e+00
-1.253885269165039062e+00
-1.263724565505981445e+00
-1.157352685928344727e+00
-8.917092680931091309e-01
-4.823471307754516602e-01
8.872678875923156738e-02
6.634887456893920898e-01
1.047908067703247070e+00
9.972788691520690918e-01
5.096528530120849609e-01
-2.226742655038833618e-01
-7.915270924568176270e-01
-9.344768524169921875e-01
-6.149321794509887695e-01
-1.304562687873840332e-01
2.196827232837677002e-01
2.875703275203704834e-01
2.578880488872528076e-01
3.665587306022644043e-01
6.989480257034301758e-01
9.690741896629333496e-01
7.745234966278076172e-01
-1.048160493373870850e-01
-1.363908529281616211e+00
-2.337348461151123047e+00
-2.363924264907836914e+00
-1.308734416961669922e+00
3.668636083602905273e-01
1.867197155952453613e+00
2.634667873382568359e+00
2.642814636230468750e+00
2.320601940155029297e+00
2.090204000473022461e+00
2.013568639755249023e+00
1.765798211097717285e+00
1.019193410873413086e+00
-1.664316207170486450e-01
-1.272958993911743164e+00
-1.691418766975402832e+00
-1.232343792915344238e+00
-3.303779065608978271e-01
2.295258045196533203e-01
-7.875242829322814941e-02
-1.122429251670837402e+00
-2.174089431762695312e+00
-2.494374036788940430e+00
-1.874171853065490723e+00
-8.181505203247070312e-01
-9.691579639911651611e-02
-1.635876893997192383e-01
-7.537919878959655762e-01
-1.148916006088256836e+00
-7.175531387329101562e-01
5.033261775970458984e-01
1.855964064598083496e+00
2.471284627914428711e+00
1.964623451232910156e+00
6.403809785842895508e-01
-6.660897135734558105e-01
-1.235905051231384277e+00
-8.368198871612548828e-01
1.302553117275238037e-01
1.062285780906677246e+00
1.475158214569091797e+00
1.318687438964843750e+00
7.683244347572326660e-01
1.038981676101684570e-01
-5.612332820892333984e-01
-1.128225445747375488e+00
-1.517112016677856445e+00
-1.511258125305175781e+00
-1.014555692672729492e+00
-1.006771773099899292e-01
8.007346987724304199e-01
1.210713028907775879e+00
7.741681933403015137e-01
-3.762145638465881348e-01
-1.780713319778442383e+00
-2.773847341537475586e+00
-2.963167428970336914e+00
-2.268530368804931641e+00
-1.028651237487792969e+00
3.617722690105438232e-01
1.508623719215393066e+00
2.267585277557373047e+00
2.559173822402954102e+00
2.453282594680786133e+00
1.979802131652832031e+00
1.303007125854492188e+00
5.736620426177978516e-01
4.848521947860717773e-02
-1.679259985685348511e-01
-3.979130089282989502e-02
2.324668467044830322e-01
4.673596918582916260e-01
4.677020907402038574e-01
2.677882611751556396e-01
-4.122883081436157227e-02
-2.484507560729980469e-01
-3.015263080596923828e-01
-2.067710459232330322e-01
-1.568493843078613281e-01
-2.617467641830444336e-01
-6.012575626373291016e-01
-1.015498757362365723e+00
-1.315447926521301270e+00
-1.256541132926940918e+00
-8.251229524612426758e-01
-1.275829672813415527e-01
5.237640738487243652e-01
9.144513607025146484e-01
9.174658060073852539e-01
6.696236729621887207e-01
3.332889974117279053e-01
8.406978845596313477e-02
-1.209595203399658203e-01
-3.691693544387817383e-01
-7.850354909896850586e-01
-1.271864295005798340e+00
-1.640131235122680664e+00
-1.626597166061401367e+00
-1.205925464630126953e+00
-5.564020276069641113e-01
-7.278546690940856934e-02
-1.623100787401199341e-02
-4.148471951484680176e-01
-9.225285053253173828e-01
-1.104682445526123047e+00
-6.165169477462768555e-01
5.009601712226867676e-01
1.909079074859619141e+00
3.068257808685302734e+00
3.569457292556762695e+00
3.225369930267333984e+00
2.178613901138305664e+00
7.408599257469177246e-01
-6.701857447624206543e-01
-1.709425568580627441e+00
-2.123346805572509766e+00
-1.865529060363769531e+00
-1.066412687301635742e+00
-5.506033822894096375e-02
7.951040863990783691e-01
1.179090023040771484e+00
1.025699377059936523e+00
4.947482347488403320e-01
-9.575244784355163574e-02
-4.616996347904205322e-01
-4.775289595127105713e-01
-2.221253812313079834e-01
1.058244258165359497e-01
3.136564791202545166e-01
3.038610816001892090e-01
9.432387351989746094e-02
-2.398524135351181030e-01
-6.016567945480346680e-01
-9.184557199478149414e-01
-1.104528665542602539e+00
-1.091974616050720215e+00
-8.191314339637756348e-01
-3.262508511543273926e-01
2.674058973789215088e-01
7.443871498107910156e-01
9.390220046043395996e-01
7.842019200325012207e-01
4.216920435428619385e-01
7.321399450302124023e-02
-1.780090108513832092e-02
1.989974379539489746e-01
6.182427406311035156e-01
9.689739942550659180e-01
1.056726694107055664e+00
8.071683645248413086e-01
3.798306584358215332e-01
-3.047114610671997070e-02
-2.405759692192077637e-01
-2.775113582611083984e-01
-2.312932610511779785e-01
-2.472050338983535767e-01
-2.939218878746032715e-01
-2.942312061786651611e-01
-1.148463562130928040e-01
1.660319566726684570e-01
3.777683973312377930e-01
2.576889991760253906e-01
-2.042697668075561523e-01
-8.157889842987060547e-01
-1.147742152214050293e+00
-9.654867649078369141e-01
-3.020247220993041992e-01
3.936704397201538086e-01
6.958484649658203125e-01
3.929752111434936523e-01
-1.812385022640228271e-01
-5.055031180381774902e-01
-1.175208017230033875e-01
8.572314381599426270e-01
1.878165841102600098e+00
2.182511806488037109e+00
1.472513675689697266e+00
-4.309237003326416016e-03
-1.433427214622497559e+00
-2.111281394958496094e+00
-1.720205307006835938e+00
-6.488895416259765625e-01
