-8.296639323234558105e-01
-8.568962812423706055e-01
-5.365025997161865234e-01
-4.065913558006286621e-01
-4.699370265007019043e-01
-6.497510671615600586e-01
-6.795914769172668457e-01
-4.624809622764587402e-01
6.816983222961425781e-04
4.495058655738830566e-01
7.161763906478881836e-01
7.095459699630737305e-01
6.368058323860168457e-01
6.924408078193664551e-01
1.028280854225158691e+00
1.473248839378356934e+00
1.773680090904235840e+00
1.643463969230651855e+00
1.122868776321411133e+00
4.397259950637817383e-01
-1.341998577117919922e-03
-1.947206258773803711e-02
3.481389880180358887e-01
7.355741262435913086e-01
8.104082345962524414e-01
3.513181507587432861e-01
-4.994162917137145996e-01
-1.440621137619018555e+00
-2.059800624847412109e+00
-2.149212837219238281e+00
-1.673789024353027344e+00
-8.692976236343383789e-01
-7.880985736846923828e-03
6.250196695327758789e-01
9.530816078186035156e-01
1.010928392410278320e+00
9.878008365631103516e-01
9.817273616790771484e-01
9.954167604446411133e-01
8.183497786521911621e-01
2.477228045463562012e-01
-8.084099292755126953e-01
-2.093943834304809570e+00
-3.134593009948730469e+00
-3.396421909332275391e+00
-2.689652204513549805e+00
-1.275250434875488281e+00
1.609288454055786133e-01
9.367016553878784180e-01
7.144709825515747070e-01
-2.378210127353668213e-01
-1.263836741447448730e+00
-1.669768810272216797e+00
-1.183358907699584961e+00
-4.199561476707458496e-02
1.163433670997619629e+00
1.925774455070495605e+00
2.078733921051025391e+00
1.858219146728515625e+00
1.620356082916259766e+00
1.565062403678894043e+00
1.570218801498413086e+00
1.347870111465454102e+00
7.065708637237548828e-01
-2.260609865188598633e-01
-1.056718468666076660e+00
-1.378665208816528320e+00
-1.081158876419067383e+00
-4.467241764068603516e-01
2.212804555892944336e-02
-5.285632610321044922e-02
-6.593841910362243652e-01
-1.404105663299560547e+00
-1.770934224128723145e+00
-1.482030153274536133e+00
-6.699805855751037598e-01
2.187755703926086426e-01
7.484170198440551758e-01
7.620356082916259766e-01
4.706214070320129395e-01
2.328985035419464111e-01
2.955652773380279541e-01
5.974175930023193359e-01
8.783609271049499512e-01
8.841584920883178711e-01
6.103097200393676758e-01
2.695360183715820312e-01
1.422532796859741211e-01
2.988938987255096436e-01
5.721849203109741211e-01
6.521801948547363281e-01
3.779938220977783203e-01
-1.524157822132110596e-01
-6.053034067153930664e-01
-6.955431103706359863e-01
-3.589671254158020020e-01
1.640936732292175293e-01
5.557400584220886230e-01
6.078104972839355469e-01
3.917043805122375488e-01
1.255519688129425049e-01
3.095677495002746582e-02
1.261114180088043213e-01
2.948090136051177979e-01
3.637793660163879395e-01
2.896912097930908203e-01
1.149271130561828613e-01
-6.124258041381835938e-02
-2.259346097707748413e-01
-3.851725757122039795e-01
-5.268114805221557617e-01
-5.098588466644287109e-01
-1.880325078964233398e-01
4.759522974491119385e-01
1.233895182609558105e+00
1.682222723960876465e+00
1.464157700538635254e+00
5.910477042198181152e-01
-5.537692308425903320e-01
-1.401182770729064941e+00
-1.617609262466430664e+00
-1.287596821784973145e+00
-8.651204109191894531e-01
-7.668941617012023926e-01
-1.075721740722656250e+00
-1.439618825912475586e+00
-1.394290447235107422e+00
-7.223457098007202148e-01
3.084360957145690918e-01
1.143251776695251465e+00
1.300838470458984375e+00
7.405062317848205566e-01
-1.515060663223266602e-01
-8.242313265800476074e-01
-9.525034427642822266e-01
-5.746212005615234375e-01
8.111733943223953247e-03
5.242611169815063477e-01
8.897091746330261230e-01
1.187488436698913574e+00
1.470101118087768555e+00
1.648632764816284180e+00
1.539023399353027344e+00
1.059000492095947266e+00
3.485758006572723389e-01
-2.815303206443786621e-01
-5.667726993560791016e-01
-4.829958081245422363e-01
-2.366909831762313843e-01
-8.694160729646682739e-02
-1.135903447866439819e-01
-1.808920055627822876e-01
-6.658466160297393799e-02
2.910770475864410400e-01
7.369195222854614258e-01
9.869174361228942871e-01
8.917508125305175781e-01
5.292936563491821289e-01
1.600400358438491821e-01
-3.610080480575561523e-02
-7.304111123085021973e-02
-1.532339751720428467e-01
-3.924915194511413574e-01
-6.935318708419799805e-01
-7.262327671051025391e-01
-2.521963119506835938e-01
6.698953509330749512e-01
1.570440530776977539e+00
1.909820437431335449e+00
1.395099163055419922e+00
2.782062292098999023e-01
-8.569455742835998535e-01
-1.419104814529418945e+00
-1.281058788299560547e+00
-7.681797742843627930e-01
-4.771272540092468262e-01
-7.541308403015136719e-01
-1.545847177505493164e+00
-2.373591899871826172e+00
-2.781898021697998047e+00
-2.552023887634277344e+00
-1.909518003463745117e+00
-1.206204771995544434e+00
-7.511140704154968262e-01
-5.072672963142395020e-01
-2.873706817626953125e-01
1.546291708946228027e-01
7.925494313240051270e-01
1.441632866859436035e+00
1.770163059234619141e+00
1.648787260055541992e+00
1.113807678222656250e+00
4.618779122829437256e-01
-6.156079471111297607e-02
-2.601974308490753174e-01
-1.975951492786407471e-01
1.380953192710876465e-02
1.619841903448104858e-01
1.887845247983932495e-01
4.743236303329467773e-02
-1.531252861022949219e-01
-3.764290213584899902e-01
-5.198120474815368652e-01
-5.995776057243347168e-01
-5.578791499137878418e-01
-4.271727204322814941e-01
-1.478459239006042480e-01
2.229523062705993652e-01
6.742923259735107422e-01
1.048936843872070312e+00
1.266017436981201172e+00
1.193016767501831055e+00
8.905444145202636719e-01
4.217897653579711914e-01
-4.496216773986816406e-03
-3.127715885639190674e-01
-4.234521389007568359e-01
