7.157139778137207031e-01
7.397258281707763672e-01
3.379465639591217041e-01
-4.643667340278625488e-01
-1.533773660659790039e+00
-2.357934951782226562e+00
-2.471238136291503906e+00
-1.668275117874145508e+00
-3.486115634441375732e-01
8.162248134613037109e-01
1.182626008987426758e+00
7.012934684753417969e-01
-1.741325855255126953e-01
-6.849524378776550293e-01
-4.242628216743469238e-01
5.149567723274230957e-01
1.514623880386352539e+00
2.000734329223632812e+00
1.705968379974365234e+00
9.083654284477233887e-01
5.517899990081787109e-02
-4.477931857109069824e-01
-5.630905628204345703e-01
-4.190658628940582275e-01
-2.209936380386352539e-01
1.554617285728454590e-02
3.144828081130981445e-01
7.147867679595947266e-01
1.074032783508300781e+00
1.244986534118652344e+00
1.111853599548339844e+00
7.759054303169250488e-01
3.766819834709167480e-01
3.508943319320678711e-02
-3.243420720100402832e-01
-7.948204278945922852e-01
-1.394540786743164062e+00
-1.887226581573486328e+00
-1.974311947822570801e+00
-1.468999624252319336e+00
-5.608510971069335938e-01
3.178035914897918701e-01
7.092028856277465820e-01
4.949133992195129395e-01
-9.218436479568481445e-02
-6.177929043769836426e-01
-8.147972226142883301e-01
-6.920427680015563965e-01
-4.653121531009674072e-01
-2.482818067073822021e-01
5.611900612711906433e-02
6.727961301803588867e-01
1.619535923004150391e+00
2.553130149841308594e+00
2.887587070465087891e+00
2.235514163970947266e+00
7.630593180656433105e-01
-7.950845360755920410e-01
-1.587683320045471191e+00
-1.216501355171203613e+00
-2.613142132759094238e-02
1.139042019844055176e+00
1.533270239830017090e+00
1.022175431251525879e+00
1.232523620128631592e-01
-4.515246152877807617e-01
-3.586163222789764404e-01
1.203823685646057129e-01
3.668830096721649170e-01
-4.446784406900405884e-02
-9.461065530776977539e-01
-1.719540119171142578e+00
-1.772273540496826172e+00
-1.060361623764038086e+00
-1.130306124687194824e-01
3.538705110549926758e-01
5.549514293670654297e-02
-6.479228138923645020e-01
-9.827134609222412109e-01
-4.258059561252593994e-01
8.827483654022216797e-01
2.135392904281616211e+00
2.463676452636718750e+00
1.521089792251586914e+00
-2.018753141164779663e-01
-1.756695270538330078e+00
-2.319525957107543945e+00
-1.768021106719970703e+00
-6.279221773147583008e-01
2.976830303668975830e-01
5.562899112701416016e-01
2.262219190597534180e-01
-1.864359974861145020e-01
-2.573866248130798340e-01
1.070439964532852173e-01
5.884170532226562500e-01
8.220313191413879395e-01
6.190983653068542480e-01
1.480180025100708008e-01
-3.099082708358764648e-01
-5.163313746452331543e-01
-4.924024939537048340e-01
-3.643664717674255371e-01
-2.915994524955749512e-01
-2.771475315093994141e-01
-2.989004850387573242e-01
-3.124777376651763916e-01
-3.880009651184082031e-01
-5.332267284393310547e-01
-6.824495196342468262e-01
-5.936827659606933594e-01
-9.768790006637573242e-02
7.929228544235229492e-01
1.713553905487060547e+00
2.207070350646972656e+00
1.934887528419494629e+00
1.003444910049438477e+00
-1.727865040302276611e-01
-1.069095134735107422e+00
-1.468059301376342773e+00
-1.475972056388854980e+00
-1.423303604125976562e+00
-1.454456210136413574e+00
-1.444326519966125488e+00
-1.039928436279296875e+00
-8.933523297309875488e-02
1.189363002777099609e+00
2.182265996932983398e+00
2.333924293518066406e+00
1.480154275894165039e+00
7.845121622085571289e-02
-1.122467279434204102e+00
-1.476000905036926270e+00
-8.874890208244323730e-01
2.403550148010253906e-01
1.242681980133056641e+00
1.666107296943664551e+00
1.418245673179626465e+00
7.719043493270874023e-01
6.302406638860702515e-02
-4.515799283981323242e-01
-7.088674902915954590e-01
-7.144916057586669922e-01
-5.265114903450012207e-01
-2.020676285028457642e-01
1.146023720502853394e-01
2.531864047050476074e-01
7.426260411739349365e-02
-3.752245306968688965e-01
-8.846698403358459473e-01
-1.173819780349731445e+00
-1.112375497817993164e+00
-7.892217040061950684e-01
-4.609002172946929932e-01
-3.314429521560668945e-01
-4.228214025497436523e-01
-5.734848976135253906e-01
-6.093368530273437500e-01
-4.851623773574829102e-01
-3.062852323055267334e-01
-1.943859457969665527e-01
-1.554931402206420898e-01
-7.567775249481201172e-02
1.461688280105590820e-01
4.507342576980590820e-01
6.444398164749145508e-01
5.636380314826965332e-01
2.872293889522552490e-01
1.136015802621841431e-01
3.553692400455474854e-01
1.008926272392272949e+00
1.692958354949951172e+00
1.846255779266357422e+00
1.189979791641235352e+00
-4.178798198699951172e-02
-1.170305490493774414e+00
-1.577172994613647461e+00
-1.104967355728149414e+00
-2.144078761339187622e-01
4.223673939704895020e-01
3.805714249610900879e-01
-1.584878563880920410e-01
-6.451134681701660156e-01
-5.658709406852722168e-01
8.001925051212310791e-02
8.638324141502380371e-01
1.228934407234191895e+00
1.020192623138427734e+00
5.193749070167541504e-01
2.581396102905273438e-01
4.805505871772766113e-01
1.017579793930053711e+00
1.358921885490417480e+00
1.177174806594848633e+00
5.185841321945190430e-01
-1.505319923162460327e-01
-4.269548058509826660e-01
-2.015998363494873047e-01
1.785593628883361816e-01
3.229535818099975586e-01
2.632869780063629150e-02
-4.864128828048706055e-01
-8.996760249137878418e-01
-1.007506012916564941e+00
-9.940196275711059570e-01
-1.125771045684814453e+00
-1.557680726051330566e+00
-2.007598161697387695e+00
-2.047744750976562500e+00
-1.341356277465820312e+00
-8.476999402046203613e-02
1.191772103309631348e+00
1.844007134437561035e+00
1.681122899055480957e+00
9.452637434005737305e-01
2.337999343872070312e-01
-6.721861660480499268e-02
