1.008753538131713867e+00
9.704027175903320312e-01
6.729235649108886719e-01
1.246600449085235596e-01
-6.127697825431823730e-01
-1.232780575752258301e+00
-1.635102510452270508e+00
-1.696239113807678223e+00
-1.567587494850158691e+00
-1.273137092590332031e+00
-9.387312531471252441e-01
-4.857228696346282959e-01
-7.842651568353176117e-03
4.657451808452606201e-01
6.895716190338134766e-01
6.037437319755554199e-01
1.506350636482238770e-01
-4.120902121067047119e-01
-9.008819460868835449e-01
-1.076709747314453125e+00
-1.023335576057434082e+00
-8.373183608055114746e-01
-7.573674321174621582e-01
-7.591927051544189453e-01
-7.889185547828674316e-01
-5.997923016548156738e-01
-1.598416566848754883e-01
5.059612989425659180e-01
1.102925419807434082e+00
1.447560906410217285e+00
1.377197623252868652e+00
1.050032734870910645e+00
6.594045162200927734e-01
5.183169841766357422e-01
6.985976696014404297e-01
1.179306030273437500e+00
1.678287267684936523e+00
1.988463044166564941e+00
1.922753334045410156e+00
1.594946503639221191e+00
1.196094512939453125e+00
1.039462208747863770e+00
1.203094840049743652e+00
1.604193210601806641e+00
1.883399605751037598e+00
1.761868596076965332e+00
1.097148776054382324e+00
1.310986429452896118e-01
-7.652502059936523438e-01
-1.194028615951538086e+00
-1.092675924301147461e+00
-6.514816284179687500e-01
-2.801691889762878418e-01
-2.328324615955352783e-01
-5.570889711380004883e-01
-1.009154677391052246e+00
-1.344864249229431152e+00
-1.404135465621948242e+00
-1.260701179504394531e+00
-1.032782912254333496e+00
-8.270286321640014648e-01
-6.002336144447326660e-01
-3.078491389751434326e-01
5.090703070163726807e-02
3.330619633197784424e-01
4.014795422554016113e-01
2.089033573865890503e-01
-9.361036866903305054e-02
-2.977198660373687744e-01
-2.710628807544708252e-01
-9.683969616889953613e-02
2.204366587102413177e-02
-7.730326801538467407e-02
-3.516155481338500977e-01
-6.008152961730957031e-01
-6.483726501464843750e-01
-5.264805555343627930e-01
-4.679916501045227051e-01
-6.930215954780578613e-01
-1.166208267211914062e+00
-1.537199735641479492e+00
-1.383355379104614258e+00
-5.477620363235473633e-01
6.465272903442382812e-01
1.575089216232299805e+00
1.710720896720886230e+00
1.037195682525634766e+00
5.816800147294998169e-02
-5.212253928184509277e-01
-3.288297355175018311e-01
4.552749395370483398e-01
1.217175483703613281e+00
1.425296545028686523e+00
9.818959236145019531e-01
3.168150186538696289e-01
-1.053041405975818634e-02
2.996053099632263184e-01
1.029353022575378418e+00
1.681737184524536133e+00
1.815162539482116699e+00
1.400565147399902344e+00
7.310113310813903809e-01
2.031266689300537109e-01
-3.662578389048576355e-02
-7.648089528083801270e-02
-1.273478120565414429e-01
-2.272563576698303223e-01
-2.678937315940856934e-01
-9.485395997762680054e-02
2.043502032756805420e-01
3.515152335166931152e-01
2.986625954508781433e-02
-7.416620850563049316e-01
-1.585539340972900391e+00
-1.931237816810607910e+00
-1.514554381370544434e+00
-5.766454935073852539e-01
1.889055967330932617e-01
1.821460723876953125e-01
-6.944657564163208008e-01
-1.853894472122192383e+00
-2.467045307159423828e+00
-1.997108101844787598e+00
-6.554530858993530273e-01
7.770041227340698242e-01
1.434202313423156738e+00
1.010959863662719727e+00
-9.820362925529479980e-02
-1.059339642524719238e+00
-1.242047309875488281e+00
-5.919697284698486328e-01
3.534408211708068848e-01
9.507459402084350586e-01
9.041714072227478027e-01
4.865652918815612793e-01
2.477756291627883911e-01
5.753617882728576660e-01
1.335136175155639648e+00
1.965296149253845215e+00
1.857785701751708984e+00
8.317623138427734375e-01
-7.214436531066894531e-01
-2.051665544509887695e+00
-2.523067235946655273e+00
-1.989064812660217285e+00
-8.483702540397644043e-01
2.289813458919525146e-01
7.207617163658142090e-01
5.163312554359436035e-01
-7.884772866964340210e-02
-6.108642816543579102e-01
-7.585107088088989258e-01
-5.209646224975585938e-01
-1.311989277601242065e-01
1.126052290201187134e-01
9.040109813213348389e-02
-1.134677156805992126e-01
-2.474948167800903320e-01
-1.288722157478332520e-01
2.751346528530120850e-01
7.619406580924987793e-01
1.082406163215637207e+00
1.040164232254028320e+00
6.968727111816406250e-01
2.687562108039855957e-01
7.361260801553726196e-02
2.401937246322631836e-01
6.978756189346313477e-01
1.120977640151977539e+00
1.229591250419616699e+00
8.831908106803894043e-01
2.932469546794891357e-01
-2.107486873865127563e-01
-2.878313064575195312e-01
5.475815385580062866e-02
5.627854466438293457e-01
7.579089999198913574e-01
3.817024230957031250e-01
-5.515931248664855957e-01
-1.596531152725219727e+00
-2.276434898376464844e+00
-2.213011741638183594e+00
-1.491908907890319824e+00
-4.271537065505981445e-01
4.757941961288452148e-01
9.752567410469055176e-01
1.007389545440673828e+00
8.193464279174804688e-01
5.767858624458312988e-01
4.350765943527221680e-01
2.948917150497436523e-01
1.212100759148597717e-01
-1.793379634618759155e-01
-4.872472584247589111e-01
-7.562842965126037598e-01
-8.491123914718627930e-01
-8.169996738433837891e-01
-6.250452399253845215e-01
-3.632892668247222900e-01
1.524402759969234467e-02
3.878000378608703613e-01
6.876460909843444824e-01
6.630149483680725098e-01
2.585667967796325684e-01
-5.405612587928771973e-01
-1.394688129425048828e+00
-2.002563714981079102e+00
-2.005933523178100586e+00
-1.442746996879577637e+00
-4.690948426723480225e-01
4.792441427707672119e-01
1.183658599853515625e+00
1.465753436088562012e+00
1.487054944038391113e+00
1.325769066810607910e+00
1.174432039260864258e+00
9.843831062316894531e-01
