1.796169877052307129e-01
1.680089235305786133e-01
-7.583342790603637695e-01
-1.494168877601623535e+00
-1.737787246704101562e+00
-1.419041395187377930e+00
-7.487103343009948730e-01
-6.825569272041320801e-02
2.905106842517852783e-01
1.797735691070556641e-01
-3.367202281951904297e-01
-9.867793321609497070e-01
-1.436586856842041016e+00
-1.422197222709655762e+00
-9.148212671279907227e-01
-1.204804182052612305e-01
6.064982414245605469e-01
9.974754452705383301e-01
1.017164468765258789e+00
8.933727741241455078e-01
9.158610701560974121e-01
1.215095639228820801e+00
1.622938752174377441e+00
1.801463603973388672e+00
1.494243621826171875e+00
7.680439949035644531e-01
-6.872713565826416016e-04
-3.617575764656066895e-01
-1.178072020411491394e-01
5.342926383018493652e-01
1.122503519058227539e+00
1.227558374404907227e+00
7.495191097259521484e-01
-3.961500525474548340e-02
-7.074815034866333008e-01
-9.438996315002441406e-01
-7.314659357070922852e-01
-2.904755473136901855e-01
1.115624904632568359e-01
3.301988542079925537e-01
3.798417150974273682e-01
3.338521122932434082e-01
2.100344896316528320e-01
-5.143475532531738281e-02
-4.994058012962341309e-01
-1.056624174118041992e+00
-1.483960866928100586e+00
-1.489013910293579102e+00
-9.078586697578430176e-01
1.378720998764038086e-01
1.252171277999877930e+00
1.939120173454284668e+00
1.888737320899963379e+00
1.171737432479858398e+00
2.465417981147766113e-01
-3.051672279834747314e-01
-1.304082721471786499e-01
6.304594278335571289e-01
1.416663765907287598e+00
1.594820380210876465e+00
9.297562241554260254e-01
-2.158655524253845215e-01
-1.080474853515625000e+00
-1.052961468696594238e+00
-1.420612484216690063e-01
9.559707045555114746e-01
1.353788614273071289e+00
6.345432996749877930e-01
-7.546881437301635742e-01
-1.792553782463073730e+00
-1.625565052032470703e+00
-2.858117222785949707e-01
1.255939364433288574e+00
1.740616202354431152e+00
5.921651124954223633e-01
-1.591724157333374023e+00
-3.372791528701782227e+00
-3.486073017120361328e+00
-1.742080450057983398e+00
8.074053525924682617e-01
2.632057666778564453e+00
2.775153160095214844e+00
1.492135524749755859e+00
-6.889012455940246582e-02
-7.725470066070556641e-01
-3.559903502464294434e-01
4.906269907951354980e-01
7.541894912719726562e-01
-2.724021673202514648e-02
-1.429002404212951660e+00
-2.505526304244995117e+00
-2.590576171875000000e+00
-1.791243076324462891e+00
-8.580421209335327148e-01
-5.066580176353454590e-01
-8.398984074592590332e-01
-1.284836649894714355e+00
-1.128481388092041016e+00
-1.279709786176681519e-01
1.256027102470397949e+00
2.239874362945556641e+00
2.316164255142211914e+00
1.640868663787841797e+00
8.479447364807128906e-01
5.443062782287597656e-01
8.486907482147216797e-01
1.393637537956237793e+00
1.679901480674743652e+00
1.508000493049621582e+00
1.076151251792907715e+00
7.445318102836608887e-01
6.687325835227966309e-01
6.750401258468627930e-01
4.353618323802947998e-01
-1.958725005388259888e-01
-1.022520065307617188e+00
-1.630115866661071777e+00
-1.706358909606933594e+00
-1.265995502471923828e+00
-6.235963702201843262e-01
-1.465175300836563110e-01
-1.996557414531707764e-02
-1.837172508239746094e-01
-4.601905047893524170e-01
-7.209798097610473633e-01
-9.326307773590087891e-01
-1.091193318367004395e+00
-1.139382839202880859e+00
-9.786381721496582031e-01
-5.769563317298889160e-01
-5.369225144386291504e-02
3.742377758026123047e-01
5.343676209449768066e-01
4.349752068519592285e-01
2.413986623287200928e-01
1.277495324611663818e-01
1.129280626773834229e-01
6.129628419876098633e-02
-1.786262542009353638e-01
-5.876688957214355469e-01
-9.514698982238769531e-01
-9.961818456649780273e-01
-6.278588771820068359e-01
-1.159714907407760620e-02
5.170741677284240723e-01
7.118969559669494629e-01
5.608160495758056641e-01
2.789478302001953125e-01
9.074181318283081055e-02
6.030390411615371704e-02
3.625890612602233887e-02
-1.735233813524246216e-01
-6.305884122848510742e-01
-1.156069993972778320e+00
-1.452937245368957520e+00
-1.264867067337036133e+00
-5.624118447303771973e-01
4.694282114505767822e-01
1.491284132003784180e+00
2.179651737213134766e+00
2.297802448272705078e+00
1.804338812828063965e+00
8.439258337020874023e-01
-2.329418659210205078e-01
-1.016100406646728516e+00
-1.179842710494995117e+00
-7.063219547271728516e-01
1.068112254142761230e-01
7.607240676879882812e-01
8.911532163619995117e-01
4.662659168243408203e-01
-1.562373936176300049e-01
-5.187186598777770996e-01
-3.417792320251464844e-01
2.419511079788208008e-01
8.334084153175354004e-01
1.014102697372436523e+00
6.576891541481018066e-01
-5.601739138364791870e-02
-7.560909986495971680e-01
-1.172048091888427734e+00
-1.207735300064086914e+00
-9.620828628540039062e-01
-5.561504364013671875e-01
-1.084014922380447388e-01
3.037777543067932129e-01
5.517932772636413574e-01
5.416659116744995117e-01
2.506309151649475098e-01
-1.372985839843750000e-01
-3.555661141872406006e-01
-1.870164871215820312e-01
2.971641123294830322e-01
7.956424951553344727e-01
9.327684640884399414e-01
6.040629148483276367e-01
3.334173560142517090e-02
-3.178698718547821045e-01
-1.394283473491668701e-01
5.373625159263610840e-01
1.305028200149536133e+00
1.707767367362976074e+00
1.486253619194030762e+00
7.478901147842407227e-01
-2.343333959579467773e-01
-1.192119479179382324e+00
-2.037823438644409180e+00
-2.717729091644287109e+00
-3.120264053344726562e+00
-2.982526302337646484e+00
-2.123281955718994141e+00
-6.275520324707031250e-01
1.015057921409606934e+00
2.181503534317016602e+00
2.436617851257324219e+00
1.868528604507446289e+00
9.775400757789611816e-01
