3.199124634265899658e-01
3.071814477443695068e-01
-3.252144753932952881e-01
-9.390352964401245117e-01
-1.107340812683105469e+00
-7.695250511169433594e-01
-1.736839711666107178e-01
2.015039920806884766e-01
1.410177648067474365e-01
-2.346517890691757202e-01
-4.421122968196868896e-01
-1.244752630591392517e-01
7.586018443107604980e-01
1.761894702911376953e+00
2.364125490188598633e+00
2.228843212127685547e+00
1.531507134437561035e+00
7.053232789039611816e-01
2.118999361991882324e-01
1.253656744956970215e-01
2.235355675220489502e-01
1.156737282872200012e-01
-3.421417176723480225e-01
-1.033744573593139648e+00
-1.608753800392150879e+00
-1.843403339385986328e+00
-1.706274986267089844e+00
-1.409313082695007324e+00
-1.115950703620910645e+00
-8.777039647102355957e-01
-5.651383399963378906e-01
-1.219131946563720703e-01
3.715142011642456055e-01
6.431446671485900879e-01
5.061360597610473633e-01
-3.990709781646728516e-03
-5.306750535964965820e-01
-6.675931215286254883e-01
-2.026710510253906250e-01
6.592244505882263184e-01
1.451897621154785156e+00
1.714776158332824707e+00
1.334453344345092773e+00
5.665730834007263184e-01
-1.309210509061813354e-01
-4.438040852546691895e-01
-3.617353439331054688e-01
-1.414782702922821045e-01
-5.615708604454994202e-02
-2.010098695755004883e-01
-4.515615403652191162e-01
-6.163932085037231445e-01
-6.052478551864624023e-01
-4.701310992240905762e-01
-3.052599430084228516e-01
-9.402614831924438477e-02
2.913091778755187988e-01
9.640367627143859863e-01
1.808643102645874023e+00
2.463023662567138672e+00
2.476266860961914062e+00
1.658890724182128906e+00
2.556845545768737793e-01
-1.095365524291992188e+00
-1.768157005310058594e+00
-1.492506861686706543e+00
-5.708298087120056152e-01
3.843282759189605713e-01
8.000254631042480469e-01
5.559600591659545898e-01
-5.983638763427734375e-02
-5.499702692031860352e-01
-6.550799012184143066e-01
-4.400089979171752930e-01
-2.602844238281250000e-01
-3.617335855960845947e-01
-7.550010681152343750e-01
-1.138897657394409180e+00
-1.242843270301818848e+00
-9.602234363555908203e-01
-5.084501504898071289e-01
-1.347848027944564819e-01
-2.815946936607360840e-04
3.335942327976226807e-02
1.413013786077499390e-01
4.335233271121978760e-01
7.038583755493164062e-01
6.966738104820251465e-01
2.377897500991821289e-01
-4.326304793357849121e-01
-8.934018015861511230e-01
-7.270578145980834961e-01
1.483976840972900391e-03
8.445948362350463867e-01
1.121167302131652832e+00
5.398365855216979980e-01
-6.797262430191040039e-01
-1.771747112274169922e+00
-2.065747976303100586e+00
-1.310327053070068359e+00
3.284845501184463501e-03
1.113899588584899902e+00
1.365953207015991211e+00
7.907735109329223633e-01
-8.680602163076400757e-02
-4.963218569755554199e-01
-1.198480725288391113e-01
8.387528657913208008e-01
1.661494970321655273e+00
1.778058171272277832e+00
1.007405161857604980e+00
-1.779369115829467773e-01
-1.138092041015625000e+00
-1.337969303131103516e+00
-8.288485407829284668e-01
-6.701771169900894165e-03
5.371345877647399902e-01
5.720509886741638184e-01
1.854574829339981079e-01
-1.824924349784851074e-01
-2.474750429391860962e-01
5.666860193014144897e-02
3.903627991676330566e-01
4.227962493896484375e-01
-5.996105074882507324e-02
-8.264501094818115234e-01
-1.490665078163146973e+00
-1.614132404327392578e+00
-1.153480052947998047e+00
-3.521878719329833984e-01
2.598966360092163086e-01
3.520523309707641602e-01
-1.427820026874542236e-01
-8.380518555641174316e-01
-1.280375957489013672e+00
-1.085767388343811035e+00
-3.092522323131561279e-01
7.438265085220336914e-01
1.572794914245605469e+00
1.909475445747375488e+00
1.699615597724914551e+00
1.211558341979980469e+00
6.959178447723388672e-01
3.602419495582580566e-01
1.618261933326721191e-01
3.036999702453613281e-02
-1.499096155166625977e-01
-3.265025019645690918e-01
-4.417260289192199707e-01
-3.861215710639953613e-01
-1.918746531009674072e-01
1.012564003467559814e-01
3.802285492420196533e-01
6.228218674659729004e-01
7.739767432212829590e-01
8.081965446472167969e-01
6.035717725753784180e-01
1.006181240081787109e-01
-6.998798847198486328e-01
-1.574148178100585938e+00
-2.225971698760986328e+00
-2.357707262039184570e+00
-1.933466434478759766e+00
-1.153970122337341309e+00
-4.150481522083282471e-01
-8.523710072040557861e-03
-6.344482302665710449e-03
-1.818984150886535645e-01
-2.365090250968933105e-01
3.076267242431640625e-02
5.467736721038818359e-01
1.074302673339843750e+00
1.358986020088195801e+00
1.340841650962829590e+00
1.135041475296020508e+00
9.270234107971191406e-01
7.672799229621887207e-01
5.389727354049682617e-01
6.711222231388092041e-02
-6.489663124084472656e-01
-1.318613886833190918e+00
-1.462661623954772949e+00
-7.262429594993591309e-01
7.941482663154602051e-01
2.479936599731445312e+00
3.450718402862548828e+00
3.087274789810180664e+00
1.440546274185180664e+00
-6.927973031997680664e-01
-2.208674907684326172e+00
-2.315175294876098633e+00
-1.060292243957519531e+00
7.101883292198181152e-01
1.832912921905517578e+00
1.605461478233337402e+00
2.030702829360961914e-01
-1.374145269393920898e+00
-1.996979951858520508e+00
-1.094770431518554688e+00
8.959434032440185547e-01
2.855065107345581055e+00
3.616140365600585938e+00
2.756719112396240234e+00
7.621254324913024902e-01
-1.248327016830444336e+00
-2.310710430145263672e+00
-2.099162101745605469e+00
-1.104368925094604492e+00
-1.309854388236999512e-01
1.783379912376403809e-01
-2.076873034238815308e-01
-8.900172710418701172e-01
-1.312003612518310547e+00
-1.243103265762329102e+00
-7.700870037078857422e-01
-2.394914031028747559e-01
1.401757299900054932e-01
