-2.998721897602081299e-01
-3.032902181148529053e-01
2.271771132946014404e-01
1.094796180725097656e+00
1.822626352310180664e+00
1.884027361869812012e+00
1.341204524040222168e+00
6.316876411437988281e-01
4.067010879516601562e-01
7.893072366714477539e-01
1.445707917213439941e+00
1.669142246246337891e+00
1.152242183685302734e+00
4.386621713638305664e-02
-1.011880040168762207e+00
-1.609685778617858887e+00
-1.695691943168640137e+00
-1.686348795890808105e+00
-1.819859147071838379e+00
-2.041003227233886719e+00
-1.895837306976318359e+00
-1.207479596138000488e+00
-2.185970991849899292e-01
3.319054543972015381e-01
-1.268751919269561768e-03
-1.055441021919250488e+00
-1.889807462692260742e+00
-1.653404593467712402e+00
-1.670241653919219971e-01
1.650414705276489258e+00
2.545383214950561523e+00
1.712923884391784668e+00
-4.029195606708526611e-01
-2.534815311431884766e+00
-3.347512722015380859e+00
-2.506676673889160156e+00
-6.969513297080993652e-01
8.283960223197937012e-01
1.312143325805664062e+00
8.062393665313720703e-01
8.505202829837799072e-02
-1.884413957595825195e-01
1.836358904838562012e-01
7.990589141845703125e-01
1.238402366638183594e+00
1.312706351280212402e+00
1.225193858146667480e+00
1.159962534904479980e+00
1.152812838554382324e+00
1.015410661697387695e+00
7.018620371818542480e-01
3.669959306716918945e-01
3.226223587989807129e-01
5.920742750167846680e-01
8.462582230567932129e-01
5.329759120941162109e-01
-5.160970687866210938e-01
-1.884594440460205078e+00
-2.684906244277954102e+00
-2.292752027511596680e+00
-8.104958534240722656e-01
8.606617450714111328e-01
1.725910544395446777e+00
1.353060007095336914e+00
2.206856608390808105e-01
-7.704265117645263672e-01
-9.801445603370666504e-01
-5.317854285240173340e-01
-6.188108026981353760e-02
-1.372674256563186646e-01
-7.081028223037719727e-01
-1.220851182937622070e+00
-1.105466485023498535e+00
-3.215493559837341309e-01
6.568542718887329102e-01
1.254833221435546875e+00
1.326184630393981934e+00
1.190953969955444336e+00
1.259577631950378418e+00
1.546225905418395996e+00
1.614780664443969727e+00
9.956081509590148926e-01
-2.731339335441589355e-01
-1.532605648040771484e+00
-1.965193271636962891e+00
-1.284654617309570312e+00
-2.676442265510559082e-02
8.229016065597534180e-01
6.012200713157653809e-01
-4.998598098754882812e-01
-1.612957477569580078e+00
-1.900224685668945312e+00
-1.235590219497680664e+00
-2.515564560890197754e-01
2.147601842880249023e-01
-1.575061678886413574e-01
-9.579790234565734863e-01
-1.419455647468566895e+00
-1.093205690383911133e+00
-1.615913808345794678e-01
7.739084362983703613e-01
1.258912563323974609e+00
1.309044599533081055e+00
1.278381705284118652e+00
1.386464238166809082e+00
1.457388043403625488e+00
1.076032161712646484e+00
8.772872388362884521e-02
-1.132619500160217285e+00
-1.853113412857055664e+00
-1.585761070251464844e+00
-4.902949035167694092e-01
7.040876746177673340e-01
1.304792761802673340e+00
1.177198529243469238e+00
8.175605535507202148e-01
8.098297715187072754e-01
1.267721295356750488e+00
1.668242216110229492e+00
1.367558717727661133e+00
2.237147092819213867e-01
-1.132290482521057129e+00
-1.778669953346252441e+00
-1.250583887100219727e+00
-1.045531034469604492e-02
8.843909502029418945e-01
5.961014032363891602e-01
-7.863302230834960938e-01
-2.300006389617919922e+00
-2.829000711441040039e+00
-1.962559342384338379e+00
-2.587179839611053467e-01
1.225813388824462891e+00
1.762166023254394531e+00
1.418170809745788574e+00
8.692400455474853516e-01
7.316259741783142090e-01
1.061491489410400391e+00
1.380287528038024902e+00
1.192052125930786133e+00
4.727686047554016113e-01
-2.982628643512725830e-01
-5.448369979858398438e-01
-1.091561913490295410e-01
6.156992912292480469e-01
9.944678544998168945e-01
6.627163887023925781e-01
-2.376430779695510864e-01
-1.191024661064147949e+00
-1.731883049011230469e+00
-1.714300274848937988e+00
-1.342583179473876953e+00
-9.032554626464843750e-01
-5.776896476745605469e-01
-3.710913956165313721e-01
-2.576180398464202881e-01
-2.276798933744430542e-01
-3.102489113807678223e-01
-4.356503486633300781e-01
-4.923110902309417725e-01
-3.735708594322204590e-01
-1.621741652488708496e-01
-3.483894467353820801e-02
-1.442257761955261230e-01
-3.711096048355102539e-01
-4.286350607872009277e-01
-3.786700963973999023e-02
7.116288542747497559e-01
1.430599212646484375e+00
1.629501461982727051e+00
1.202383279800415039e+00
4.685568511486053467e-01
1.376814022660255432e-02
1.119325309991836548e-01
5.803368687629699707e-01
8.530223369598388672e-01
5.961639881134033203e-01
-3.365135192871093750e-02
-3.810929358005523682e-01
5.940896272659301758e-02
1.243410468101501465e+00
2.402651071548461914e+00
2.682937145233154297e+00
1.678046941757202148e+00
-1.290413737297058105e-01
-1.835467576980590820e+00
-2.638761043548583984e+00
-2.479477405548095703e+00
-1.810809135437011719e+00
-1.255926609039306641e+00
-9.619032740592956543e-01
-7.147539854049682617e-01
-1.556823253631591797e-01
6.238292455673217773e-01
1.208291172981262207e+00
1.063364267349243164e+00
1.896199584007263184e-01
-9.303360581398010254e-01
-1.504731416702270508e+00
-1.177031755447387695e+00
-1.297871470451354980e-01
9.147569537162780762e-01
1.416877031326293945e+00
1.209032177925109863e+00
6.999530196189880371e-01
2.885231971740722656e-01
2.134985923767089844e-01
2.674711942672729492e-01
2.590914964675903320e-01
6.616780161857604980e-02
-9.727574884891510010e-02
-1.149449273943901062e-01
3.897675871849060059e-02
5.807058513164520264e-02
-2.161903679370880127e-01
-7.851209640502929688e-01
-1.252225279808044434e+00
