1.592423439025878906e+00
1.521243453025817871e+00
4.339823722839355469e-01
-7.707455158233642578e-01
-1.592095255851745605e+00
-1.543298125267028809e+00
-7.102885246276855469e-01
4.347521662712097168e-01
1.127459168434143066e+00
1.004253387451171875e+00
1.487917900085449219e-01
-8.072280287742614746e-01
-1.348059773445129395e+00
-1.265789151191711426e+00
-9.581842422485351562e-01
-8.999699354171752930e-01
-1.411270260810852051e+00
-2.219831943511962891e+00
-2.834851503372192383e+00
-2.753872156143188477e+00
-2.002857685089111328e+00
-9.284555912017822266e-01
-8.668440580368041992e-02
3.180016279220581055e-01
3.518650531768798828e-01
3.685340881347656250e-01
5.125263929367065430e-01
7.646993994712829590e-01
8.714405298233032227e-01
7.865127921104431152e-01
6.289564371109008789e-01
7.471141219139099121e-01
1.259355545043945312e+00
2.036929607391357422e+00
2.614573001861572266e+00
2.669942855834960938e+00
2.151358842849731445e+00
1.460004091262817383e+00
1.004052400588989258e+00
1.000240802764892578e+00
1.177281737327575684e+00
1.132205605506896973e+00
5.782461166381835938e-01
-2.503547966480255127e-01
-8.379803895950317383e-01
-6.530892848968505859e-01
3.126087188720703125e-01
1.590825915336608887e+00
2.424601316452026367e+00
2.379970550537109375e+00
1.540234088897705078e+00
5.116612911224365234e-01
-1.111488938331604004e-01
-8.355565369129180908e-02
2.676384449005126953e-01
4.077319800853729248e-01
-4.352090135216712952e-02
-9.388226270675659180e-01
-1.770258665084838867e+00
-1.988932013511657715e+00
-1.483253955841064453e+00
-6.188064217567443848e-01
-3.707982599735260010e-02
-1.460733711719512939e-01
-8.625065088272094727e-01
-1.624964237213134766e+00
-1.820421218872070312e+00
-1.188026905059814453e+00
-4.010418057441711426e-02
9.666927456855773926e-01
1.244712710380554199e+00
6.790586113929748535e-01
-3.275554478168487549e-01
-1.123659729957580566e+00
-1.243237018585205078e+00
-6.797409057617187500e-01
1.529559493064880371e-01
7.205250263214111328e-01
7.174608707427978516e-01
2.087942957878112793e-01
-4.555945992469787598e-01
-9.126752614974975586e-01
-9.745090007781982422e-01
-7.007107734680175781e-01
-2.677932083606719971e-01
1.306842118501663208e-01
3.914597630500793457e-01
4.459982514381408691e-01
2.788215279579162598e-01
-1.069410443305969238e-01
-5.931557416915893555e-01
-1.003509998321533203e+00
-1.127365469932556152e+00
-9.126049280166625977e-01
-4.668464362621307373e-01
-5.114710330963134766e-02
1.742651462554931641e-01
2.154783010482788086e-01
3.004598319530487061e-01
6.024943590164184570e-01
1.111100435256958008e+00
1.515847444534301758e+00
1.496348023414611816e+00
9.373366832733154297e-01
1.690248548984527588e-01
-2.815117239952087402e-01
1.535439491271972656e-02
9.595006704330444336e-01
2.004988670349121094e+00
2.418997526168823242e+00
1.862860083580017090e+00
5.511763095855712891e-01
-8.014428615570068359e-01
-1.554103016853332520e+00
-1.464703321456909180e+00
-8.825745582580566406e-01
-3.402416706085205078e-01
-2.224808335304260254e-01
-4.198125004768371582e-01
-5.780745744705200195e-01
-3.611791431903839111e-01
1.323624849319458008e-01
5.054934024810791016e-01
2.739595770835876465e-01
-6.419807672500610352e-01
-1.901605367660522461e+00
-2.844515323638916016e+00
-3.001792907714843750e+00
-2.284234523773193359e+00
-1.091954469680786133e+00
6.186633557081222534e-02
7.681573033332824707e-01
9.928938150405883789e-01
9.027770757675170898e-01
7.728343605995178223e-01
7.142576575279235840e-01
7.459201812744140625e-01
7.643272876739501953e-01
7.244254946708679199e-01
5.639168024063110352e-01
2.825156450271606445e-01
-1.587314754724502563e-01
-7.043576836585998535e-01
-1.254809617996215820e+00
-1.592981100082397461e+00
-1.582979083061218262e+00
-1.219461917877197266e+00
-7.531813383102416992e-01
-4.995644092559814453e-01
-6.952305436134338379e-01
-1.239912629127502441e+00
-1.768759012222290039e+00
-1.800767540931701660e+00
-1.109501838684082031e+00
1.432311236858367920e-01
1.407397985458374023e+00
2.107286691665649414e+00
1.945893645286560059e+00
1.144940853118896484e+00
2.856251895427703857e-01
-7.952265441417694092e-03
5.111625194549560547e-01
1.582552790641784668e+00
2.566380023956298828e+00
2.855127334594726562e+00
2.221976041793823242e+00
9.629110097885131836e-01
-3.185043931007385254e-01
-1.069814205169677734e+00
-1.108165144920349121e+00
-6.660372614860534668e-01
-1.766490340232849121e-01
3.342097997665405273e-02
-6.651467084884643555e-02
-2.734194993972778320e-01
-3.523481786251068115e-01
-2.424340248107910156e-01
-5.625241994857788086e-02
4.208385944366455078e-02
3.004813194274902344e-02
2.463108301162719727e-02
1.860653609037399292e-01
4.971312284469604492e-01
7.647784948348999023e-01
7.098791599273681641e-01
2.577212452888488770e-01
-4.022222161293029785e-01
-8.617911934852600098e-01
-8.449051380157470703e-01
-3.627887666225433350e-01
2.073861807584762573e-01
4.644166231155395508e-01
2.070429623126983643e-01
-3.345968127250671387e-01
-7.543339133262634277e-01
-6.908444762229919434e-01
-1.832374334335327148e-01
4.628009200096130371e-01
8.157538175582885742e-01
7.326133847236633301e-01
3.424757122993469238e-01
2.459657192230224609e-02
5.222827196121215820e-03
3.172145187854766846e-01
6.956704854965209961e-01
9.171862602233886719e-01
8.363416194915771484e-01
5.752103328704833984e-01
2.548147141933441162e-01
1.424700021743774414e-02
-2.017644643783569336e-01
-4.107575416564941406e-01
-6.647205352783203125e-01
-8.442373871803283691e-01
-8.993515968322753906e-01
-7.613506317138671875e-01
-5.494728088378906250e-01
