-1.762507200241088867e+00
-1.746902227401733398e+00
1.957800388336181641e-01
1.269616127014160156e+00
1.013316750526428223e+00
-1.219086647033691406e-01
-1.189256310462951660e+00
-1.313410043716430664e+00
-4.081280231475830078e-01
8.924645185470581055e-01
1.645552277565002441e+00
1.414538383483886719e+00
4.976966083049774170e-01
-2.489930689334869385e-01
-1.834213435649871826e-01
6.883333921432495117e-01
1.643115401268005371e+00
1.894438743591308594e+00
1.157707691192626953e+00
-3.763942793011665344e-02
-8.075326681137084961e-01
-5.219529271125793457e-01
6.516145467758178711e-01
1.925671100616455078e+00
2.413356781005859375e+00
1.804916143417358398e+00
4.914628565311431885e-01
-7.275441884994506836e-01
-1.274678587913513184e+00
-1.102017998695373535e+00
-6.352205872535705566e-01
-3.212206959724426270e-01
-3.074596524238586426e-01
-3.924950063228607178e-01
-3.347750306129455566e-01
-1.218209266662597656e-01
-1.723676919937133789e-02
-2.838246822357177734e-01
-8.999602794647216797e-01
-1.501784920692443848e+00
-1.656651854515075684e+00
-1.223487138748168945e+00
-4.998508393764495850e-01
-8.897602558135986328e-03
-8.750611543655395508e-02
-6.252226233482360840e-01
-1.151609182357788086e+00
-1.235316157341003418e+00
-8.183442950248718262e-01
-2.631502747535705566e-01
-1.130135357379913330e-02
-2.146036475896835327e-01
-5.719543695449829102e-01
-6.038020253181457520e-01
-4.550871253013610840e-02
8.597750067710876465e-01
1.529164433479309082e+00
1.424192667007446289e+00
4.861417412757873535e-01
-8.492962718009948730e-01
-1.908596754074096680e+00
-2.256599664688110352e+00
-1.875730991363525391e+00
-1.118225097656250000e+00
-3.463980555534362793e-01
2.484104633331298828e-01
7.061428427696228027e-01
1.054102420806884766e+00
1.209344863891601562e+00
9.585886001586914062e-01
2.288071811199188232e-01
-7.923477292060852051e-01
-1.623340249061584473e+00
-1.820539593696594238e+00
-1.214297890663146973e+00
-9.729066491127014160e-02
1.016852259635925293e+00
1.656063079833984375e+00
1.722759723663330078e+00
1.432659983634948730e+00
1.174293637275695801e+00
1.169561982154846191e+00
1.409846067428588867e+00
1.647504448890686035e+00
1.638352870941162109e+00
1.216742038726806641e+00
4.169025123119354248e-01
-6.288169026374816895e-01
-1.663376569747924805e+00
-2.413144111633300781e+00
-2.577044725418090820e+00
-2.011619329452514648e+00
-7.875254154205322266e-01
7.003897428512573242e-01
1.931678652763366699e+00
2.458831310272216797e+00
2.213353872299194336e+00
1.489991664886474609e+00
7.984907627105712891e-01
4.768473505973815918e-01
5.309408903121948242e-01
6.294652223587036133e-01
4.385136365890502930e-01
-1.371573507785797119e-01
-8.241398930549621582e-01
-1.218880176544189453e+00
-1.058644771575927734e+00
-4.575340747833251953e-01
2.094602584838867188e-01
5.385476946830749512e-01
3.960352540016174316e-01
-6.660547852516174316e-02
-5.485236644744873047e-01
-8.630925416946411133e-01
-1.008864521980285645e+00
-1.096712827682495117e+00
-1.150889396667480469e+00
-1.052992224693298340e+00
-6.452427506446838379e-01
4.371127113699913025e-02
7.133880257606506348e-01
9.354394674301147461e-01
4.790425002574920654e-01
-4.441658854484558105e-01
-1.240363121032714844e+00
-1.300158619880676270e+00
-4.495962262153625488e-01
8.788982033729553223e-01
1.872538328170776367e+00
1.884259939193725586e+00
8.599074482917785645e-01
-5.930137634277343750e-01
-1.634244441986083984e+00
-1.724689006805419922e+00
-9.938213825225830078e-01
-6.447028368711471558e-02
3.902206718921661377e-01
1.733800172805786133e-01
-3.689843416213989258e-01
-6.033179759979248047e-01
-1.569781601428985596e-01
8.481858968734741211e-01
1.842511415481567383e+00
2.301078796386718750e+00
2.066454887390136719e+00
1.504155874252319336e+00
1.130357384681701660e+00
1.274595260620117188e+00
1.763914823532104492e+00
2.143505811691284180e+00
1.953424215316772461e+00
1.151880502700805664e+00
4.733695089817047119e-02
-8.438506126403808594e-01
-1.242908477783203125e+00
-1.151865482330322266e+00
-8.714738488197326660e-01
-6.324452161788940430e-01
-5.499989986419677734e-01
-5.157667994499206543e-01
-4.861296713352203369e-01
-4.640482068061828613e-01
-5.964789986610412598e-01
-8.741533756256103516e-01
-1.165600419044494629e+00
-1.140963792800903320e+00
-6.505047082901000977e-01
2.334200441837310791e-01
1.071456432342529297e+00
1.461804032325744629e+00
1.179973840713500977e+00
4.678767323493957520e-01
-2.887814044952392578e-01
-7.009105682373046875e-01
-7.683273553848266602e-01
-6.561533212661743164e-01
-6.182128190994262695e-01
-5.860345959663391113e-01
-3.730266094207763672e-01
2.468695342540740967e-01
1.066249012947082520e+00
1.615073680877685547e+00
1.293138980865478516e+00
2.275273203849792480e-02
-1.721464514732360840e+00
-2.954965591430664062e+00
-2.969315528869628906e+00
-1.674275636672973633e+00
1.171624660491943359e-01
1.354290246963500977e+00
1.260562419891357422e+00
1.186531782150268555e-02
-1.572612285614013672e+00
-2.421306610107421875e+00
-2.090944766998291016e+00
-8.392527103424072266e-01
4.470463395118713379e-01
1.065124869346618652e+00
7.746180295944213867e-01
4.675180837512016296e-02
-5.307066440582275391e-01
-5.268837809562683105e-01
-9.719007462263107300e-02
3.957734704017639160e-01
5.510725975036621094e-01
4.065566062927246094e-01
1.841338872909545898e-01
2.136316597461700439e-01
4.623437225818634033e-01
7.287706136703491211e-01
6.724712848663330078e-01
3.009094595909118652e-01
-1.620410382747650146e-01
-2.719702124595642090e-01
1.127004846930503845e-01
8.604401350021362305e-01
1.483564734458923340e+00
