8.841772079467773438e-01
9.454833269119262695e-01
1.538102984428405762e+00
1.753432512283325195e+00
1.307092308998107910e+00
4.580108523368835449e-01
-4.457976520061492920e-01
-9.172253012657165527e-01
-9.018231630325317383e-01
-4.773942232131958008e-01
-9.710282087326049805e-03
3.738502860069274902e-01
5.472938418388366699e-01
6.210327744483947754e-01
5.216715335845947266e-01
2.815461456775665283e-01
-1.681661158800125122e-01
-5.996205210685729980e-01
-8.200994729995727539e-01
-5.711287260055541992e-01
-1.555532217025756836e-03
5.984017848968505859e-01
7.366818785667419434e-01
2.990468144416809082e-01
-5.627433061599731445e-01
-1.304966330528259277e+00
-1.590947747230529785e+00
-1.322626113891601562e+00
-8.999605178833007812e-01
-6.991671919822692871e-01
-9.574287533760070801e-01
-1.400371074676513672e+00
-1.640367388725280762e+00
-1.316133856773376465e+00
-5.562896132469177246e-01
2.637460827827453613e-01
6.298289895057678223e-01
4.070735573768615723e-01
-2.356027364730834961e-01
-8.186936378479003906e-01
-1.022187232971191406e+00
-7.183536291122436523e-01
-1.023306995630264282e-01
6.449653506278991699e-01
1.369307994842529297e+00
2.084948062896728516e+00
2.719219207763671875e+00
3.141048192977905273e+00
3.088155031204223633e+00
2.455889940261840820e+00
1.349798917770385742e+00
1.613934040069580078e-01
-7.270172238349914551e-01
-1.110228061676025391e+00
-1.137676596641540527e+00
-1.110252737998962402e+00
-1.283248782157897949e+00
-1.614615201950073242e+00
-1.848527550697326660e+00
-1.699843883514404297e+00
-1.129136085510253906e+00
-3.760567903518676758e-01
1.837423443794250488e-01
3.312306404113769531e-01
1.442909091711044312e-01
-6.567034125328063965e-02
-7.423704490065574646e-03
3.554156422615051270e-01
7.751049399375915527e-01
8.890555500984191895e-01
5.096130371093750000e-01
-2.480592131614685059e-01
-1.005988121032714844e+00
-1.398597717285156250e+00
-1.258476018905639648e+00
-7.375360727310180664e-01
-1.280957758426666260e-01
2.825141251087188721e-01
4.169201254844665527e-01
3.368749916553497314e-01
2.087620198726654053e-01
1.135749518871307373e-01
9.673523902893066406e-02
1.307226419448852539e-01
2.544109821319580078e-01
4.804016947746276855e-01
8.338714838027954102e-01
1.197976827621459961e+00
1.434201002120971680e+00
1.356975317001342773e+00
9.400051832199096680e-01
2.374958395957946777e-01
-5.404799580574035645e-01
-1.231047749519348145e+00
-1.656460523605346680e+00
-1.761211872100830078e+00
-1.483872771263122559e+00
-9.089199900627136230e-01
-1.760629415512084961e-01
3.878752291202545166e-01
5.112502574920654297e-01
3.448954224586486816e-02
-8.005000352859497070e-01
-1.522765517234802246e+00
-1.550560474395751953e+00
-6.942999362945556641e-01
7.746622562408447266e-01
2.097905874252319336e+00
2.587761878967285156e+00
1.941347956657409668e+00
5.667518377304077148e-01
-7.806328535079956055e-01
-1.355251669883728027e+00
-9.875333905220031738e-01
-2.614170312881469727e-02
8.348351716995239258e-01
1.141792058944702148e+00
8.172663450241088867e-01
2.236107587814331055e-01
-2.867907285690307617e-01
-5.191747546195983887e-01
-6.054000854492187500e-01
-6.790843009948730469e-01
-7.809092998504638672e-01
-6.967871189117431641e-01
-2.716671228408813477e-01
4.714175462722778320e-01
1.149841070175170898e+00
1.332551002502441406e+00
7.639161348342895508e-01
-3.250716626644134521e-01
-1.403338909149169922e+00
-1.873579740524291992e+00
-1.513064265251159668e+00
-5.151500701904296875e-01
5.788587331771850586e-01
1.274170875549316406e+00
1.312294483184814453e+00
8.100180625915527344e-01
7.638674974441528320e-02
-5.215055346488952637e-01
-7.715263962745666504e-01
-6.329934597015380859e-01
-2.702691555023193359e-01
7.234197854995727539e-02
1.569395065307617188e-01
-7.158648967742919922e-02
-4.322006702423095703e-01
-5.554518699645996094e-01
-1.291326582431793213e-01
8.500653505325317383e-01
1.964924812316894531e+00
2.570267438888549805e+00
2.210271835327148438e+00
9.691703319549560547e-01
-4.863559007644653320e-01
-1.316577434539794922e+00
-1.040622949600219727e+00
8.018144965171813965e-02
1.236548662185668945e+00
1.575591087341308594e+00
8.330268263816833496e-01
-5.476714968681335449e-01
-1.695198178291320801e+00
-2.001667976379394531e+00
-1.458667516708374023e+00
-6.711139678955078125e-01
-2.703568339347839355e-01
-5.047679543495178223e-01
-9.833232164382934570e-01
-1.113270640373229980e+00
-4.917147457599639893e-01
6.583685278892517090e-01
1.753307938575744629e+00
2.148100376129150391e+00
1.688948869705200195e+00
6.443660855293273926e-01
-4.005789160728454590e-01
-1.086641073226928711e+00
-1.302099704742431641e+00
-1.278967976570129395e+00
-1.165996313095092773e+00
-1.053010344505310059e+00
-8.023967742919921875e-01
-4.167364835739135742e-01
5.991891026496887207e-02
3.652311861515045166e-01
4.111644029617309570e-01
1.825690269470214844e-01
-4.022741317749023438e-02
-8.258515596389770508e-02
2.094918787479400635e-01
6.727335453033447266e-01
1.183810830116271973e+00
1.534609079360961914e+00
1.772581696510314941e+00
1.884831666946411133e+00
1.987978219985961914e+00
1.994774103164672852e+00
1.929883956909179688e+00
1.697663307189941406e+00
1.407022356986999512e+00
1.033429384231567383e+00
6.767883896827697754e-01
2.378887832164764404e-01
-2.225019484758377075e-01
-7.513074874877929688e-01
-1.181164741516113281e+00
-1.518499970436096191e+00
-1.670319199562072754e+00
-1.774358987808227539e+00
-1.791774034500122070e+00
-1.774809718132019043e+00
-1.534259676933288574e+00
-1.088040828704833984e+00
-4.187651276588439941e-01
1.704686284065246582e-01
