3.272675573825836182e-01
2.722162306308746338e-01
-7.302692532539367676e-02
-6.662473678588867188e-01
-1.163624286651611328e+00
-1.305040001869201660e+00
-9.122983217239379883e-01
-2.537200450897216797e-01
3.233951926231384277e-01
4.312848448753356934e-01
1.036113202571868896e-01
-4.261155128479003906e-01
-7.034956812858581543e-01
-5.271062850952148438e-01
1.438962817192077637e-01
1.031498432159423828e+00
1.903685688972473145e+00
2.478724956512451172e+00
2.657097339630126953e+00
2.311438083648681641e+00
1.506776094436645508e+00
3.672405779361724854e-01
-7.342015504837036133e-01
-1.484740257263183594e+00
-1.657886266708374023e+00
-1.418025016784667969e+00
-1.074402451515197754e+00
-9.840723276138305664e-01
-1.148044466972351074e+00
-1.344361782073974609e+00
-1.211307048797607422e+00
-6.955091953277587891e-01
-1.395505666732788086e-02
4.160485863685607910e-01
4.501422047615051270e-01
2.628112733364105225e-01
2.898331284523010254e-01
7.098444104194641113e-01
1.291053533554077148e+00
1.429127454757690430e+00
7.315570712089538574e-01
-6.360883116722106934e-01
-1.877846717834472656e+00
-2.171637296676635742e+00
-1.250922918319702148e+00
2.676679491996765137e-01
1.338952302932739258e+00
1.206286191940307617e+00
2.423931658267974854e-02
-1.289187192916870117e+00
-1.705197691917419434e+00
-8.988319039344787598e-01
5.528385639190673828e-01
1.615288734436035156e+00
1.624656200408935547e+00
7.593894004821777344e-01
-1.402484178543090820e-01
-2.963690161705017090e-01
3.834163844585418701e-01
1.242109298706054688e+00
1.422364234924316406e+00
5.702625513076782227e-01
-8.856357336044311523e-01
-2.058342456817626953e+00
-2.285764217376708984e+00
-1.582023620605468750e+00
-5.807023048400878906e-01
8.353650569915771484e-03
-1.028082072734832764e-01
-6.146788001060485840e-01
-9.898184537887573242e-01
-8.687453866004943848e-01
-3.435404896736145020e-01
2.351813018321990967e-01
5.500489473342895508e-01
6.035846471786499023e-01
6.083792448043823242e-01
7.875477075576782227e-01
1.103591680526733398e+00
1.343490481376647949e+00
1.255748987197875977e+00
8.363997936248779297e-01
2.865478992462158203e-01
-6.162393093109130859e-02
-4.240170121192932129e-02
3.232524394989013672e-01
7.926813364028930664e-01
1.130195140838623047e+00
1.145755648612976074e+00
8.294352293014526367e-01
2.557420432567596436e-01
-3.622679412364959717e-01
-8.080635070800781250e-01
-8.447052240371704102e-01
-4.134001731872558594e-01
3.845066428184509277e-01
1.218540906906127930e+00
1.765182375907897949e+00
1.788187265396118164e+00
1.330739378929138184e+00
5.675117969512939453e-01
-2.398757040500640869e-01
-9.506680965423583984e-01
-1.460838556289672852e+00
-1.729702115058898926e+00
-1.649866223335266113e+00
-1.199591040611267090e+00
-4.556336998939514160e-01
2.977131009101867676e-01
7.839717864990234375e-01
8.512365221977233887e-01
6.594111323356628418e-01
4.773910343647003174e-01
4.997393488883972168e-01
5.851112604141235352e-01
4.191755056381225586e-01
-2.354435175657272339e-01
-1.173169493675231934e+00
-1.835302114486694336e+00
-1.632579565048217773e+00
-4.875179529190063477e-01
1.045825600624084473e+00
2.043817520141601562e+00
1.890817880630493164e+00
6.873992681503295898e-01
-7.644414901733398438e-01
-1.574407339096069336e+00
-1.356623411178588867e+00
-5.018883943557739258e-01
2.048019766807556152e-01
1.844062805175781250e-01
-4.909988641738891602e-01
-1.239744544029235840e+00
-1.474411249160766602e+00
-1.098562598228454590e+00
-5.276730656623840332e-01
-2.982755005359649658e-01
-5.573873519897460938e-01
-9.186877608299255371e-01
-7.823322415351867676e-01
1.413511633872985840e-01
1.538428783416748047e+00
2.694018125534057617e+00
2.993494272232055664e+00
2.368739843368530273e+00
1.286391377449035645e+00
3.945746719837188721e-01
3.339409828186035156e-02
9.976363182067871094e-02
2.100948095321655273e-01
1.084597706794738770e-01
-1.784827411174774170e-01
-3.771933317184448242e-01
-2.977213561534881592e-01
4.906500875949859619e-02
4.262569248676300049e-01
6.668602824211120605e-01
7.487450242042541504e-01
8.474811911582946777e-01
1.050039768218994141e+00
1.311136364936828613e+00
1.399446487426757812e+00
1.194860577583312988e+00
7.251983880996704102e-01
2.426119148731231689e-01
-1.046117544174194336e-01
-3.190252482891082764e-01
-6.479486227035522461e-01
-1.203084945678710938e+00
-1.882349371910095215e+00
-2.237313508987426758e+00
-1.926202535629272461e+00
-9.188643097877502441e-01
2.197340875864028931e-01
7.662079334259033203e-01
1.685189008712768555e-01
-1.396653413772583008e+00
-3.236058235168457031e+00
-4.398166179656982422e+00
-4.414414405822753906e+00
-3.386917114257812500e+00
-2.027225017547607422e+00
-9.785422086715698242e-01
-5.901910066604614258e-01
-5.932661294937133789e-01
-5.637414455413818359e-01
-9.715723991394042969e-02
7.272070050239562988e-01
1.622325658798217773e+00
2.137801170349121094e+00
2.158853054046630859e+00
1.745360732078552246e+00
1.232555150985717773e+00
7.657562494277954102e-01
4.326958656311035156e-01
5.814027786254882812e-02
-3.761015832424163818e-01
-8.689428567886352539e-01
-1.157577872276306152e+00
-1.128263711929321289e+00
-7.042618393898010254e-01
-1.471810042858123779e-01
3.380753099918365479e-01
5.192106366157531738e-01
5.289492011070251465e-01
5.336857438087463379e-01
8.202199339866638184e-01
1.335179448127746582e+00
1.925548315048217773e+00
2.194393157958984375e+00
2.008744716644287109e+00
1.355026841163635254e+00
5.721978545188903809e-01
-1.347878426313400269e-01
-5.933001637458801270e-01
-9.914450049400329590e-01
-1.445494651794433594e+00
