2.096013784408569336e+00
2.151862144470214844e+00
1.814508438110351562e+00
8.983677029609680176e-01
-3.245732784271240234e-01
-1.132811307907104492e+00
-1.166959404945373535e+00
-3.959980309009552002e-01
5.027690529823303223e-01
9.112148284912109375e-01
3.872113823890686035e-01
-7.181749343872070312e-01
-1.825957655906677246e+00
-2.232606172561645508e+00
-1.881073832511901855e+00
-1.037556171417236328e+00
-3.434778749942779541e-01
-5.192107334733009338e-02
-1.985648274421691895e-01
-3.826849460601806641e-01
-4.234895706176757812e-01
-2.216630429029464722e-01
-6.929466128349304199e-02
-9.538833051919937134e-02
-4.162339568138122559e-01
-7.843410372734069824e-01
-1.058191418647766113e+00
-1.028969168663024902e+00
-7.836753726005554199e-01
-3.239741921424865723e-01
1.901110112667083740e-01
7.416725754737854004e-01
1.107516407966613770e+00
1.166293740272521973e+00
7.280932068824768066e-01
-2.063529938459396362e-02
-7.704954147338867188e-01
-9.938226342201232910e-01
-5.202757716178894043e-01
5.305268764495849609e-01
1.574273586273193359e+00
2.154058933258056641e+00
2.033242464065551758e+00
1.531272292137145996e+00
1.044279217720031738e+00
9.114145636558532715e-01
9.774475097656250000e-01
9.402374029159545898e-01
4.705513715744018555e-01
-3.053358495235443115e-01
-1.039020538330078125e+00
-1.258886337280273438e+00
-8.881831765174865723e-01
-1.445802152156829834e-01
4.849295318126678467e-01
7.382111549377441406e-01
5.795190334320068359e-01
2.705886662006378174e-01
-1.830550655722618103e-02
-2.154058963060379028e-01
-4.443245828151702881e-01
-7.133822441101074219e-01
-9.500225186347961426e-01
-9.616714715957641602e-01
-7.524561882019042969e-01
-4.997736215591430664e-01
-5.245359539985656738e-01
-9.046914577484130859e-01
-1.400204896926879883e+00
-1.491599202156066895e+00
-8.475117087364196777e-01
4.203610122203826904e-01
1.685837388038635254e+00
2.267952442169189453e+00
1.868426442146301270e+00
8.545676469802856445e-01
-4.147029295563697815e-02
-2.192666828632354736e-01
3.157200813293457031e-01
1.009265780448913574e+00
1.180006265640258789e+00
5.821151137351989746e-01
-4.181643426418304443e-01
-1.113041400909423828e+00
-1.016454815864562988e+00
-2.322469502687454224e-01
6.189258098602294922e-01
8.665494322776794434e-01
2.838352024555206299e-01
-7.714273333549499512e-01
-1.638242959976196289e+00
-1.852650403976440430e+00
-1.441608548164367676e+00
-8.668156862258911133e-01
-6.147987842559814453e-01
-8.568974137306213379e-01
-1.321724176406860352e+00
-1.561759233474731445e+00
-1.266541361808776855e+00
-5.055648088455200195e-01
3.896743059158325195e-01
1.043347358703613281e+00
1.316598653793334961e+00
1.297560930252075195e+00
1.206965327262878418e+00
1.154578208923339844e+00
1.129216790199279785e+00
1.029368519783020020e+00
8.688791990280151367e-01
7.743562459945678711e-01
9.492902755737304688e-01
1.430359005928039551e+00
2.038767576217651367e+00
2.381579637527465820e+00
2.139880418777465820e+00
1.239981770515441895e+00
-7.455333601683378220e-03
-1.120629787445068359e+00
-1.669262528419494629e+00
-1.577668428421020508e+00
-1.094935536384582520e+00
-6.633250117301940918e-01
-5.696008205413818359e-01
-8.209520578384399414e-01
-1.117900609970092773e+00
-1.137670636177062988e+00
-7.244321107864379883e-01
-4.799371212720870972e-02
5.616129636764526367e-01
7.929945588111877441e-01
5.963601469993591309e-01
1.517692953348159790e-01
-2.387703806161880493e-01
-3.988603651523590088e-01
-3.454748392105102539e-01
-2.757142186164855957e-01
-3.735654652118682861e-01
-6.995366215705871582e-01
-1.131679773330688477e+00
-1.475623488426208496e+00
-1.570079922676086426e+00
-1.382698178291320801e+00
-9.860344529151916504e-01
-5.062970519065856934e-01
-4.573048278689384460e-02
3.400830328464508057e-01
6.357003450393676758e-01
8.451818823814392090e-01
9.685943126678466797e-01
1.004473090171813965e+00
9.342464804649353027e-01
7.536543607711791992e-01
4.731474220752716064e-01
1.732699424028396606e-01
-3.454748541116714478e-02
-2.729184739291667938e-02
1.986979544162750244e-01
5.271986126899719238e-01
7.194396853446960449e-01
6.235854029655456543e-01
2.591394186019897461e-01
-8.726734668016433716e-02
-9.805095195770263672e-02
3.993263244628906250e-01
1.172950267791748047e+00
1.752269625663757324e+00
1.628657579421997070e+00
6.981387734413146973e-01
-7.183746695518493652e-01
-1.948105335235595703e+00
-2.483624696731567383e+00
-2.175027132034301758e+00
-1.396410584449768066e+00
-6.315066814422607422e-01
-2.530819475650787354e-01
-1.847857683897018433e-01
-1.679446995258331299e-01
1.087679937481880188e-01
6.080756783485412598e-01
1.126487612724304199e+00
1.331309556961059570e+00
1.183733940124511719e+00
8.015149235725402832e-01
5.033015608787536621e-01
3.778922259807586670e-01
3.979284465312957764e-01
2.991452515125274658e-01
7.655030116438865662e-03
-4.621641337871551514e-01
-8.244134783744812012e-01
-9.438984990119934082e-01
-7.380114793777465820e-01
-4.300795495510101318e-01
-1.491732448339462280e-01
-4.566391929984092712e-02
9.918256662786006927e-03
5.045663192868232727e-02
1.598237156867980957e-01
1.495726257562637329e-01
-5.511621758341789246e-02
-5.613467097282409668e-01
-1.132877945899963379e+00
-1.560561060905456543e+00
-1.517826080322265625e+00
-1.021447300910949707e+00
-1.497057676315307617e-01
7.173095941543579102e-01
1.365990161895751953e+00
1.534667134284973145e+00
1.300622940063476562e+00
7.260296940803527832e-01
1.402534693479537964e-01
-3.002768754959106445e-01
-3.633809387683868408e-01
-1.692760139703750610e-01
1.773969978094100952e-01
3.330270946025848389e-01
