-1.147837877273559570e+00
-1.198284149169921875e+00
-3.876252770423889160e-01
3.470812439918518066e-01
7.080820798873901367e-01
5.787546038627624512e-01
1.538304984569549561e-01
-2.054611742496490479e-01
-1.847162246704101562e-01
2.301164567470550537e-01
7.843151092529296875e-01
1.115631699562072754e+00
1.057386398315429688e+00
7.023372650146484375e-01
3.447283506393432617e-01
2.037721276283264160e-01
3.128341436386108398e-01
5.014957189559936523e-01
6.054654121398925781e-01
5.449794530868530273e-01
3.665975332260131836e-01
8.665972948074340820e-02
-3.230996727943420410e-01
-9.186342954635620117e-01
-1.582970142364501953e+00
-2.026411771774291992e+00
-1.882578492164611816e+00
-1.046706438064575195e+00
1.968638300895690918e-01
1.227378845214843750e+00
1.516508579254150391e+00
9.438488483428955078e-01
-4.792465269565582275e-02
-8.040543198585510254e-01
-8.483672142028808594e-01
-2.450653910636901855e-01
5.387774705886840820e-01
9.440360665321350098e-01
7.512961030006408691e-01
1.223722323775291443e-01
-5.335318446159362793e-01
-9.233695864677429199e-01
-9.729059934616088867e-01
-8.188266754150390625e-01
-5.813825130462646484e-01
-3.189512789249420166e-01
-2.360519766807556152e-02
2.147593945264816284e-01
2.593415975570678711e-01
2.126023173332214355e-03
-4.326736927032470703e-01
-7.449692487716674805e-01
-6.123455166816711426e-01
5.289062857627868652e-03
8.283106684684753418e-01
1.389632940292358398e+00
1.399756073951721191e+00
9.007695317268371582e-01
2.316680252552032471e-01
-3.048927187919616699e-01
-6.384570598602294922e-01
-9.529504776000976562e-01
-1.391130208969116211e+00
-1.845681190490722656e+00
-1.937042117118835449e+00
-1.344717264175415039e+00
-1.218945011496543884e-01
1.192474722862243652e+00
1.891108036041259766e+00
1.563491702079772949e+00
4.219228625297546387e-01
-8.271944522857666016e-01
-1.427591085433959961e+00
-1.081555843353271484e+00
-9.496170282363891602e-02
8.609226346015930176e-01
1.238540768623352051e+00
9.558179974555969238e-01
4.079004228115081787e-01
1.391994953155517578e-01
4.573991298675537109e-01
1.228853940963745117e+00
1.962415456771850586e+00
2.129105329513549805e+00
1.470063924789428711e+00
1.614731699228286743e-01
-1.282906770706176758e+00
-2.263645172119140625e+00
-2.418402910232543945e+00
-1.784861803054809570e+00
-7.805726528167724609e-01
6.435790657997131348e-02
4.001269936561584473e-01
2.685995101928710938e-01
6.096243858337402344e-03
-4.432782530784606934e-03
3.327402472496032715e-01
7.941390872001647949e-01
9.888134002685546875e-01
7.354623079299926758e-01
1.933221220970153809e-01
-2.123321294784545898e-01
-1.874883472919464111e-01
2.178201079368591309e-01
5.869850516319274902e-01
5.463271737098693848e-01
5.556808412075042725e-02
-4.637025892734527588e-01
-5.181868076324462891e-01
7.513830065727233887e-02
9.220812916755676270e-01
1.373918533325195312e+00
9.662327766418457031e-01
-1.393892168998718262e-01
-1.333335280418395996e+00
-1.957715153694152832e+00
-1.871738553047180176e+00
-1.428698539733886719e+00
-1.184443473815917969e+00
-1.303955793380737305e+00
-1.479398250579833984e+00
-1.138171672821044922e+00
-6.961572170257568359e-02
1.395017147064208984e+00
2.501645565032958984e+00
2.729753494262695312e+00
2.107430696487426758e+00
1.248116016387939453e+00
7.446706295013427734e-01
7.846328616142272949e-01
9.692408442497253418e-01
8.230430483818054199e-01
1.872271001338958740e-01
-5.092554092407226562e-01
-7.127277255058288574e-01
-1.665069758892059326e-01
6.991311907768249512e-01
1.162308573722839355e+00
6.757467389106750488e-01
-5.795658826828002930e-01
-1.906708836555480957e+00
-2.497537851333618164e+00
-2.099923133850097656e+00
-1.017769932746887207e+00
9.090459346771240234e-02
8.263739347457885742e-01
1.134439110755920410e+00
1.265204906463623047e+00
1.306174516677856445e+00
1.162016868591308594e+00
6.012005209922790527e-01
-3.049553930759429932e-01
-1.209633350372314453e+00
-1.586599826812744141e+00
-1.262898206710815430e+00
-4.744831621646881104e-01
1.918119043111801147e-01
3.674515485763549805e-01
5.674856901168823242e-02
-3.179574608802795410e-01
-4.301410317420959473e-01
-2.308476865291595459e-01
-4.393450915813446045e-02
-9.832507371902465820e-02
-3.594788908958435059e-01
-4.427962303161621094e-01
-1.157060861587524414e-01
5.024983882904052734e-01
8.640666007995605469e-01
5.727979540824890137e-01
-2.746838331222534180e-01
-9.372410774230957031e-01
-6.712960600852966309e-01
7.168254852294921875e-01
2.488779544830322266e+00
3.532678365707397461e+00
3.072675228118896484e+00
1.371026158332824707e+00
-5.461298823356628418e-01
-1.550269842147827148e+00
-1.319394111633300781e+00
-4.033325910568237305e-01
2.178479433059692383e-01
5.459731817245483398e-02
-6.143749952316284180e-01
-9.795628786087036133e-01
-5.582134127616882324e-01
3.974246084690093994e-01
9.924567937850952148e-01
5.073941946029663086e-01
-1.035418272018432617e+00
-2.742531299591064453e+00
-3.569992065429687500e+00
-3.015053987503051758e+00
-1.522513866424560547e+00
-3.033667802810668945e-02
6.798911094665527344e-01
5.504404306411743164e-01
7.962280511856079102e-02
-1.456709504127502441e-01
-5.514562129974365234e-03
1.857530772686004639e-01
1.432704925537109375e-02
-5.402133464813232422e-01
-1.088157534599304199e+00
-1.116725564002990723e+00
-4.960994720458984375e-01
4.190221428871154785e-01
1.020566821098327637e+00
9.692354798316955566e-01
4.213787317276000977e-01
-7.801136374473571777e-02
-6.805568933486938477e-02
5.053370594978332520e-01
1.243921756744384766e+00
1.652923822402954102e+00
1.489376306533813477e+00
