4.848734289407730103e-02
5.474917590618133545e-02
3.483186066150665283e-01
5.426363348960876465e-01
7.471002340316772461e-01
8.963126540184020996e-01
1.057881355285644531e+00
1.073184370994567871e+00
9.559842348098754883e-01
6.134251952171325684e-01
2.050666362047195435e-01
-2.244883626699447632e-01
-4.826968610286712646e-01
-5.913245677947998047e-01
-4.697378873825073242e-01
-2.207714468240737915e-01
1.818275451660156250e-01
5.865361094474792480e-01
9.511957764625549316e-01
1.098131179809570312e+00
1.054331898689270020e+00
8.173533082008361816e-01
5.709987282752990723e-01
3.211616873741149902e-01
6.050872430205345154e-02
-4.340755939483642578e-01
-1.207663059234619141e+00
-2.183805704116821289e+00
-2.928963661193847656e+00
-3.059825897216796875e+00
-2.343733549118041992e+00
-1.085708022117614746e+00
1.515229493379592896e-01
7.118732333183288574e-01
3.940936028957366943e-01
-5.729074478149414062e-01
-1.563616394996643066e+00
-2.090414047241210938e+00
-1.957241177558898926e+00
-1.408610939979553223e+00
-7.614321112632751465e-01
-2.499040365219116211e-01
1.747955381870269775e-01
5.978878140449523926e-01
1.030490040779113770e+00
1.257020950317382812e+00
1.073284745216369629e+00
4.525262117385864258e-01
-2.905222475528717041e-01
-7.201442122459411621e-01
-5.453821420669555664e-01
1.116749271750450134e-01
8.095846176147460938e-01
1.067592144012451172e+00
7.214166522026062012e-01
1.654195226728916168e-02
-5.723046660423278809e-01
-6.771150231361389160e-01
-2.729422152042388916e-01
3.604404628276824951e-01
8.493656516075134277e-01
9.962675571441650391e-01
8.353351354598999023e-01
5.778633356094360352e-01
4.036705195903778076e-01
4.126112163066864014e-01
5.727400183677673340e-01
8.410277366638183594e-01
1.125656485557556152e+00
1.350144863128662109e+00
1.368695974349975586e+00
1.103321433067321777e+00
5.381827354431152344e-01
-1.479734629392623901e-01
-7.522905468940734863e-01
-1.089056611061096191e+00
-1.207428574562072754e+00
-1.248482108116149902e+00
-1.406400918960571289e+00
-1.649306416511535645e+00
-1.825206995010375977e+00
-1.678271532058715820e+00
-1.180171251296997070e+00
-4.758657813072204590e-01
8.967480063438415527e-02
3.402485549449920654e-01
2.821508049964904785e-01
2.143756747245788574e-01
3.695150911808013916e-01
8.498010039329528809e-01
1.414772272109985352e+00
1.777757644653320312e+00
1.673114776611328125e+00
1.159343123435974121e+00
4.306600391864776611e-01
-1.764028519392013550e-01
-5.064047574996948242e-01
-4.888917207717895508e-01
-2.703638374805450439e-01
2.504733018577098846e-02
1.959585249423980713e-01
1.757331341505050659e-01
-8.250884711742401123e-02
-4.053113460540771484e-01
-5.846609473228454590e-01
-3.429608941078186035e-01
3.232043087482452393e-01
1.186198711395263672e+00
1.707738995552062988e+00
1.468416452407836914e+00
3.318101465702056885e-01
-1.270616173744201660e+00
-2.659403562545776367e+00
-3.154054880142211914e+00
-2.580980062484741211e+00
-1.230433344841003418e+00
2.302144318819046021e-01
1.269611597061157227e+00
1.639595508575439453e+00
1.520419836044311523e+00
1.197751283645629883e+00
9.481486082077026367e-01
8.212711215019226074e-01
8.042938709259033203e-01
8.264279365539550781e-01
9.039809107780456543e-01
1.000084996223449707e+00
1.057479500770568848e+00
9.306690096855163574e-01
5.643016099929809570e-01
9.476463310420513153e-03
-5.172876119613647461e-01
-8.209697604179382324e-01
-8.116272687911987305e-01
-6.010689139366149902e-01
-3.718256056308746338e-01
-2.773288488388061523e-01
-3.305711746215820312e-01
-4.641792476177215576e-01
-6.034464240074157715e-01
-7.286161184310913086e-01
-8.309150338172912598e-01
-8.430033922195434570e-01
-6.447678208351135254e-01
-1.497147232294082642e-01
5.487307310104370117e-01
1.191020607948303223e+00
1.465436220169067383e+00
1.276777625083923340e+00
8.103882670402526855e-01
4.748277068138122559e-01
5.494004487991333008e-01
1.012474656105041504e+00
1.461250543594360352e+00
1.468851804733276367e+00
8.297765254974365234e-01
-1.823298335075378418e-01
-1.087449193000793457e+00
-1.439183354377746582e+00
-1.237364888191223145e+00
-7.939468026161193848e-01
-5.969167351722717285e-01
-8.235816359519958496e-01
-1.353995680809020996e+00
-1.747151732444763184e+00
-1.713431596755981445e+00
-1.157400965690612793e+00
-3.639229536056518555e-01
3.919505178928375244e-01
8.529821038246154785e-01
1.064444541931152344e+00
1.069500923156738281e+00
9.997835755348205566e-01
7.875509858131408691e-01
4.654182195663452148e-01
1.821623928844928741e-02
-3.362302780151367188e-01
-4.896953999996185303e-01
-3.026775717735290527e-01
5.458174645900726318e-02
4.343769550323486328e-01
5.517444610595703125e-01
3.918500840663909912e-01
-6.589992344379425049e-02
-5.974859595298767090e-01
-1.128670215606689453e+00
-1.462556481361389160e+00
-1.613141775131225586e+00
-1.470358610153198242e+00
-1.147020339965820312e+00
-6.500920653343200684e-01
-2.111275643110275269e-01
1.248348206281661987e-01
2.096876651048660278e-01
1.806555390357971191e-01
5.016162991523742676e-02
-2.109601395204663277e-03
-5.860003456473350525e-02
-6.486187130212783813e-02
-1.445914059877395630e-01
-1.566462665796279907e-01
-1.039732098579406738e-01
1.818275451660156250e-01
5.635314583778381348e-01
9.982097744941711426e-01
1.215565681457519531e+00
1.239574909210205078e+00
1.029083609580993652e+00
8.432042598724365234e-01
7.095627188682556152e-01
7.434167861938476562e-01
7.202112078666687012e-01
5.792697072029113770e-01
1.162624731659889221e-01
-5.230137109756469727e-01
-1.284747242927551270e+00
-1.864318251609802246e+00
