1.027554273605346680e-01
8.095562458038330078e-02
-1.654084026813507080e-02
1.539236307144165039e-02
4.313015937805175781e-02
-5.357265472412109375e-03
2.627968788146972656e-02
2.771738469600677490e-01
7.665101289749145508e-01
1.219929099082946777e+00
1.344426870346069336e+00
9.854308962821960449e-01
3.640900254249572754e-01
-1.511852741241455078e-01
-2.554152011871337891e-01
-1.903767883777618408e-02
2.491476833820343018e-01
1.878257989883422852e-01
-2.560211718082427979e-01
-8.737839460372924805e-01
-1.329014539718627930e+00
-1.508089661598205566e+00
-1.521475315093994141e+00
-1.599818348884582520e+00
-1.761740207672119141e+00
-1.792637705802917480e+00
-1.367834568023681641e+00
-4.376347064971923828e-01
6.822518110275268555e-01
1.407819628715515137e+00
1.339249491691589355e+00
5.245575904846191406e-01
-5.049287080764770508e-01
-1.133957505226135254e+00
-1.025067090988159180e+00
-3.433225154876708984e-01
4.604804217815399170e-01
9.716200828552246094e-01
1.104600071907043457e+00
1.049345016479492188e+00
1.056097745895385742e+00
1.183314323425292969e+00
1.287005066871643066e+00
1.168571114540100098e+00
7.883067727088928223e-01
3.056232333183288574e-01
-3.672834858298301697e-02
-9.823018312454223633e-02
7.170760631561279297e-02
3.034192323684692383e-01
4.360877871513366699e-01
4.166309833526611328e-01
2.690280675888061523e-01
5.506706237792968750e-02
-1.860710680484771729e-01
-3.943717777729034424e-01
-4.889061748981475830e-01
-3.706315755844116211e-01
-4.316210746765136719e-02
3.691295683383941650e-01
6.293022632598876953e-01
5.764051079750061035e-01
2.037707716226577759e-01
-2.844369709491729736e-01
-6.737786531448364258e-01
-8.304269909858703613e-01
-8.266785740852355957e-01
-7.636716961860656738e-01
-6.950695514678955078e-01
-4.988837838172912598e-01
-7.613062113523483276e-02
5.494312047958374023e-01
1.092195034027099609e+00
1.228742241859436035e+00
7.784580588340759277e-01
-3.932520747184753418e-02
-7.884836196899414062e-01
-1.015257358551025391e+00
-6.477315425872802734e-01
5.979468300938606262e-02
6.255952119827270508e-01
7.850230932235717773e-01
5.371050238609313965e-01
1.746569275856018066e-01
-9.657388925552368164e-02
-2.147505283355712891e-01
-3.589636087417602539e-01
-6.265488266944885254e-01
-9.940385222434997559e-01
-1.215045690536499023e+00
-1.153036475181579590e+00
-8.219542503356933594e-01
-5.168753266334533691e-01
-4.604726731777191162e-01
-7.144938111305236816e-01
-9.904776215553283691e-01
-9.973377585411071777e-01
-5.676425695419311523e-01
5.622196197509765625e-02
5.208721160888671875e-01
5.200321078300476074e-01
1.649854183197021484e-01
-2.101078778505325317e-01
-1.763792037963867188e-01
3.361352682113647461e-01
1.114167690277099609e+00
1.690472364425659180e+00
1.820530772209167480e+00
1.498611927032470703e+00
1.052849292755126953e+00
7.283613681793212891e-01
6.087831854820251465e-01
4.337920844554901123e-01
-4.882264137268066406e-02
-9.761146306991577148e-01
-2.077543973922729492e+00
-2.921919107437133789e+00
-3.025904655456542969e+00
-2.285132646560668945e+00
-9.173164963722229004e-01
4.981025755405426025e-01
1.455819845199584961e+00
1.645669102668762207e+00
1.226497411727905273e+00
5.748633146286010742e-01
1.732387244701385498e-01
1.827543973922729492e-01
4.803729057312011719e-01
6.335953474044799805e-01
3.447842895984649658e-01
-4.277338087558746338e-01
-1.269074440002441406e+00
-1.664533138275146484e+00
-1.212830543518066406e+00
-2.356535196304321289e-02
1.449362039566040039e+00
2.556801319122314453e+00
2.948438644409179688e+00
2.615425586700439453e+00
1.916480779647827148e+00
1.176372051239013672e+00
5.878332257270812988e-01
7.169604301452636719e-02
-4.367103278636932373e-01
-9.353248476982116699e-01
-1.234660029411315918e+00
-1.224102735519409180e+00
-9.337068796157836914e-01
-6.589967608451843262e-01
-6.762527823448181152e-01
-1.113262891769409180e+00
-1.745800256729125977e+00
-2.236291170120239258e+00
-2.286898374557495117e+00
-1.917209267616271973e+00
-1.345679044723510742e+00
-8.751410841941833496e-01
-6.162346005439758301e-01
-5.260045528411865234e-01
-4.510503709316253662e-01
-3.506572544574737549e-01
-2.583367526531219482e-01
-2.521915435791015625e-01
-2.766214609146118164e-01
-1.931671500205993652e-01
1.427070796489715576e-01
6.842366456985473633e-01
1.228037357330322266e+00
1.515001773834228516e+00
1.480128645896911621e+00
1.278028964996337891e+00
1.195642709732055664e+00
1.387744188308715820e+00
1.751669406890869141e+00
1.974314689636230469e+00
1.781885862350463867e+00
1.137698411941528320e+00
2.868706881999969482e-01
-4.254340529441833496e-01
-7.691115140914916992e-01
-7.380234003067016602e-01
-4.797939062118530273e-01
-1.299078464508056641e-01
2.632451653480529785e-01
7.220571041107177734e-01
1.204231977462768555e+00
1.584767818450927734e+00
1.694709062576293945e+00
1.484812617301940918e+00
1.063589572906494141e+00
6.585343480110168457e-01
4.302510023117065430e-01
3.929009437561035156e-01
3.950060606002807617e-01
2.944924235343933105e-01
3.883057832717895508e-02
-2.652612328529357910e-01
-4.985527992248535156e-01
-5.855219364166259766e-01
-5.926821231842041016e-01
-6.091423630714416504e-01
-7.297562360763549805e-01
-9.438653588294982910e-01
-1.231260657310485840e+00
-1.515516757965087891e+00
-1.743409872055053711e+00
-1.779994845390319824e+00
-1.509837031364440918e+00
-8.517272472381591797e-01
4.192432761192321777e-02
8.618420362472534180e-01
1.208390831947326660e+00
9.374752044677734375e-01
2.237402498722076416e-01
-4.233811497688293457e-01
-5.663757920265197754e-01
-5.656730756163597107e-02
