-1.269217252731323242e+00
-1.299353003501892090e+00
-8.512960672378540039e-01
-3.588801622390747070e-02
8.070250153541564941e-01
1.289568662643432617e+00
1.333523869514465332e+00
1.054524421691894531e+00
7.223578095436096191e-01
4.387927353382110596e-01
2.148300707340240479e-01
-4.273432493209838867e-02
-2.669391334056854248e-01
-3.470562994480133057e-01
-1.406909227371215820e-01
2.460781931877136230e-01
5.850198864936828613e-01
5.805083513259887695e-01
2.164500057697296143e-01
-2.995150685310363770e-01
-5.780102014541625977e-01
-4.418159127235412598e-01
2.984337136149406433e-02
4.547469615936279297e-01
5.299284458160400391e-01
1.478175371885299683e-01
-4.500114619731903076e-01
-9.593333005905151367e-01
-1.124760270118713379e+00
-9.629733562469482422e-01
-5.829595327377319336e-01
-1.502846479415893555e-01
3.107632994651794434e-01
7.702831029891967773e-01
1.212431788444519043e+00
1.481757164001464844e+00
1.456439256668090820e+00
1.055345177650451660e+00
4.012118875980377197e-01
-3.271127939224243164e-01
-9.046103358268737793e-01
-1.248524665832519531e+00
-1.317921757698059082e+00
-1.166629672050476074e+00
-8.055419921875000000e-01
-3.164543509483337402e-01
2.122069299221038818e-01
5.988086462020874023e-01
7.420620918273925781e-01
6.053105592727661133e-01
3.254693448543548584e-01
3.085771203041076660e-02
-1.829428672790527344e-01
-3.897666931152343750e-01
-6.725323200225830078e-01
-1.075703263282775879e+00
-1.452007412910461426e+00
-1.606889724731445312e+00
-1.375943541526794434e+00
-8.269437551498413086e-01
-1.608450412750244141e-01
3.579071164131164551e-01
6.456550359725952148e-01
7.702261805534362793e-01
9.209887981414794922e-01
1.169430851936340332e+00
1.450138688087463379e+00
1.535204887390136719e+00
1.260032534599304199e+00
5.955635905265808105e-01
-2.427761554718017578e-01
-9.494812488555908203e-01
-1.217230319976806641e+00
-9.463065862655639648e-01
-2.494174689054489136e-01
5.243076682090759277e-01
9.884667992591857910e-01
8.585895895957946777e-01
1.806730031967163086e-01
-7.024713754653930664e-01
-1.270967245101928711e+00
-1.185269832611083984e+00
-4.827390313148498535e-01
3.718774318695068359e-01
8.295432925224304199e-01
6.054993271827697754e-01
-6.310781091451644897e-02
-6.253061294555664062e-01
-6.050263643264770508e-01
-3.095087409019470215e-02
6.062322258949279785e-01
7.062150835990905762e-01
1.090319454669952393e-01
-7.601251006126403809e-01
-1.155725479125976562e+00
-6.374032497406005859e-01
5.741500258445739746e-01
1.690644621849060059e+00
1.976688623428344727e+00
1.286076545715332031e+00
2.032531797885894775e-01
-4.585953652858734131e-01
-2.813508212566375732e-01
3.968840241432189941e-01
7.955798506736755371e-01
3.090640306472778320e-01
-9.549701809883117676e-01
-2.266003608703613281e+00
-2.786257743835449219e+00
-2.216163635253906250e+00
-9.398677349090576172e-01
2.861932218074798584e-01
9.275183677673339844e-01
9.541969299316406250e-01
7.357283234596252441e-01
5.923615097999572754e-01
5.479082465171813965e-01
3.639744818210601807e-01
-9.843691438436508179e-02
-6.808650493621826172e-01
-9.813645482063293457e-01
-7.389503717422485352e-01
-7.205215096473693848e-02
5.360618829727172852e-01
6.329801082611083984e-01
1.101768016815185547e-01
-6.994982957839965820e-01
-1.337438941001892090e+00
-1.530272841453552246e+00
-1.355571031570434570e+00
-1.031831622123718262e+00
-6.898015141487121582e-01
-2.417582124471664429e-01
4.034060537815093994e-01
1.140041708946228027e+00
1.595829486846923828e+00
1.434127569198608398e+00
6.533963680267333984e-01
-2.676492333412170410e-01
-7.062334418296813965e-01
-3.118305504322052002e-01
6.821063160896301270e-01
1.671917915344238281e+00
2.107749938964843750e+00
1.918082833290100098e+00
1.442440986633300781e+00
1.109196662902832031e+00
1.007619976997375488e+00
9.046026468276977539e-01
5.118039250373840332e-01
-1.013528108596801758e-01
-5.284372568130493164e-01
-3.285616934299468994e-01
4.793833196163177490e-01
1.360768556594848633e+00
1.576294660568237305e+00
7.978540658950805664e-01
-6.648412942886352539e-01
-2.042327404022216797e+00
-2.732081413269042969e+00
-2.659822702407836914e+00
-2.279536962509155273e+00
-2.042257070541381836e+00
-2.030865907669067383e+00
-1.880311727523803711e+00
-1.250966668128967285e+00
-1.895864009857177734e-01
7.667181491851806641e-01
1.074354648590087891e+00
6.106235980987548828e-01
-1.306688785552978516e-01
-5.033940076828002930e-01
-1.962742209434509277e-01
4.457000792026519775e-01
8.159404993057250977e-01
5.550936460494995117e-01
-3.931608051061630249e-02
-3.473716676235198975e-01
4.078950360417366028e-02
8.087116479873657227e-01
1.204399108886718750e+00
6.436719894409179688e-01
-6.039326190948486328e-01
-1.575878620147705078e+00
-1.273985862731933594e+00
3.908661901950836182e-01
2.477796077728271484e+00
3.574182510375976562e+00
2.936086177825927734e+00
9.995817542076110840e-01
-8.572893142700195312e-01
-1.446854352951049805e+00
-5.840552449226379395e-01
7.404054403305053711e-01
1.276100873947143555e+00
4.502648115158081055e-01
-1.092689037322998047e+00
-2.102903604507446289e+00
-1.624731421470642090e+00
1.722679883241653442e-01
2.231167316436767578e+00
3.311914920806884766e+00
2.954895496368408203e+00
1.604282498359680176e+00
2.408645153045654297e-01
-4.857352375984191895e-01
-5.508515834808349609e-01
-4.869340956211090088e-01
-7.263934612274169922e-01
-1.314792990684509277e+00
-1.832593917846679688e+00
-1.905038952827453613e+00
-1.436098814010620117e+00
-7.608094811439514160e-01
-2.376300692558288574e-01
-6.371644139289855957e-02
-7.170990109443664551e-02
