7.317105531692504883e-01
7.362716794013977051e-01
8.363771438598632812e-01
9.821887016296386719e-01
1.126203775405883789e+00
1.026262760162353516e+00
7.101520299911499023e-01
2.854551672935485840e-01
9.010101854801177979e-02
1.914039552211761475e-01
4.973586201667785645e-01
6.047238111495971680e-01
3.361500203609466553e-01
-2.722639143466949463e-01
-7.652338743209838867e-01
-8.019585609436035156e-01
-2.586521208286285400e-01
4.595790505409240723e-01
8.802112340927124023e-01
6.326714754104614258e-01
-1.126851439476013184e-01
-9.560803771018981934e-01
-1.408085584640502930e+00
-1.387726306915283203e+00
-1.073728561401367188e+00
-8.613120317459106445e-01
-8.999251127243041992e-01
-1.137616395950317383e+00
-1.273769259452819824e+00
-1.133326530456542969e+00
-6.696022152900695801e-01
-8.532885462045669556e-02
4.210321605205535889e-01
6.543399691581726074e-01
5.729752182960510254e-01
1.711001545190811157e-01
-4.246183633804321289e-01
-1.043773889541625977e+00
-1.423170089721679688e+00
-1.401949405670166016e+00
-9.853933453559875488e-01
-4.451329112052917480e-01
-1.138890385627746582e-01
-1.805018186569213867e-01
-4.896274209022521973e-01
-6.549972295761108398e-01
-3.422370553016662598e-01
4.248655736446380615e-01
1.236107110977172852e+00
1.578040599822998047e+00
1.212633132934570312e+00
3.899719119071960449e-01
-3.453090488910675049e-01
-5.215770602226257324e-01
-9.675026684999465942e-02
5.922147035598754883e-01
1.074649810791015625e+00
1.143238782882690430e+00
8.796555995941162109e-01
5.455042719841003418e-01
2.355744242668151855e-01
-1.165518164634704590e-01
-6.696375608444213867e-01
-1.324947714805603027e+00
-1.779955148696899414e+00
-1.626200437545776367e+00
-8.029469251632690430e-01
3.899343311786651611e-01
1.341015219688415527e+00
1.664383411407470703e+00
1.325817823410034180e+00
7.531657814979553223e-01
3.363479375839233398e-01
2.816576063632965088e-01
3.770166635513305664e-01
4.161617755889892578e-01
2.850694060325622559e-01
2.236325293779373169e-01
4.027985930442810059e-01
8.536330461502075195e-01
1.192861914634704590e+00
1.080164194107055664e+00
3.550542593002319336e-01
-5.946644544601440430e-01
-1.276692628860473633e+00
-1.280574798583984375e+00
-7.962514758110046387e-01
-2.730596065521240234e-01
-2.573392987251281738e-01
-7.604867815971374512e-01
-1.459337949752807617e+00
-1.756185770034790039e+00
-1.453680515289306641e+00
-6.718081235885620117e-01
7.293087244033813477e-02
5.053257942199707031e-01
5.612014532089233398e-01
5.789268016815185547e-01
7.288622260093688965e-01
1.039534330368041992e+00
1.146025419235229492e+00
8.302886486053466797e-01
1.647391915321350098e-02
-8.972830772399902344e-01
-1.526228070259094238e+00
-1.515736579895019531e+00
-9.821116328239440918e-01
-1.658979654312133789e-01
4.997997283935546875e-01
8.522533178329467773e-01
7.744827270507812500e-01
4.252964258193969727e-01
-9.761893749237060547e-02
-5.184222459793090820e-01
-6.882566213607788086e-01
-3.990569114685058594e-01
2.335931360721588135e-01
9.952762126922607422e-01
1.425265073776245117e+00
1.321825742721557617e+00
6.880546212196350098e-01
-3.778647631406784058e-03
-3.112015128135681152e-01
1.055418550968170166e-01
1.039602518081665039e+00
2.066843032836914062e+00
2.598947525024414062e+00
2.424212455749511719e+00
1.590272545814514160e+00
5.191269516944885254e-01
-4.420166611671447754e-01
-9.852960109710693359e-01
-1.114594101905822754e+00
-8.916015625000000000e-01
-5.681458115577697754e-01
-3.142385482788085938e-01
-3.397244215011596680e-01
-6.272084116935729980e-01
-1.072399258613586426e+00
-1.369707107543945312e+00
-1.346711158752441406e+00
-9.673204421997070312e-01
-5.190353393554687500e-01
-2.921675145626068115e-01
-4.698875248432159424e-01
-8.446976542472839355e-01
-1.063464164733886719e+00
-8.063994050025939941e-01
-1.645609587430953979e-01
4.822464287281036377e-01
6.609570980072021484e-01
2.615402936935424805e-01
-4.178296923637390137e-01
-8.075306415557861328e-01
-5.514534115791320801e-01
2.841274738311767578e-01
1.219847679138183594e+00
1.767731428146362305e+00
1.744104623794555664e+00
1.386404275894165039e+00
1.095389008522033691e+00
1.117715120315551758e+00
1.368136763572692871e+00
1.547913789749145508e+00
1.411505341529846191e+00
9.418707489967346191e-01
3.350270688533782959e-01
-2.037537395954132080e-01
-5.745787620544433594e-01
-8.155190348625183105e-01
-9.444995522499084473e-01
-9.410154223442077637e-01
-7.402534484863281250e-01
-4.246817827224731445e-01
-1.844253540039062500e-01
-2.883590459823608398e-01
-7.916505336761474609e-01
-1.539147138595581055e+00
-2.163375854492187500e+00
-2.421243667602539062e+00
-2.233502388000488281e+00
-1.776049852371215820e+00
-1.167864322662353516e+00
-4.919946193695068359e-01
2.956700026988983154e-01
1.033397436141967773e+00
1.442165493965148926e+00
1.129587650299072266e+00
1.011227369308471680e-01
-1.232938885688781738e+00
-2.047984838485717773e+00
-1.804554462432861328e+00
-5.048736333847045898e-01
1.074191093444824219e+00
2.083338737487792969e+00
2.025382041931152344e+00
1.288951516151428223e+00
6.192955970764160156e-01
6.862161159515380859e-01
1.345897674560546875e+00
1.979427576065063477e+00
1.849387645721435547e+00
9.728976488113403320e-01
-5.449104309082031250e-02
-3.262879252433776855e-01
3.722748756408691406e-01
1.532410621643066406e+00
2.043088674545288086e+00
1.287606716156005859e+00
-5.624098777770996094e-01
-2.385903358459472656e+00
-3.158165693283081055e+00
-2.448497533798217773e+00
-9.510086178779602051e-01
3.059802949428558350e-01
4.602773189544677734e-01
-3.722307682037353516e-01
