9.441607594490051270e-01
9.832455515861511230e-01
7.339643836021423340e-01
4.453557729721069336e-01
1.092530190944671631e-01
-2.683321833610534668e-01
-6.975618600845336914e-01
-1.027820706367492676e+00
-1.102558493614196777e+00
-7.827974557876586914e-01
-1.841343641281127930e-01
4.433751702308654785e-01
7.687817811965942383e-01
7.015632987022399902e-01
3.682264387607574463e-01
1.092894673347473145e-01
1.225813627243041992e-01
3.814198374748229980e-01
5.431300401687622070e-01
2.845702767372131348e-01
-5.244355201721191406e-01
-1.586668014526367188e+00
-2.413854598999023438e+00
-2.527581930160522461e+00
-1.853973984718322754e+00
-6.927320361137390137e-01
3.581898212432861328e-01
8.368542194366455078e-01
5.861110687255859375e-01
-8.917120099067687988e-02
-7.059949636459350586e-01
-8.072266578674316406e-01
-3.063428997993469238e-01
5.699858069419860840e-01
1.353508234024047852e+00
1.705090045928955078e+00
1.523386359214782715e+00
1.049389243125915527e+00
5.988628864288330078e-01
4.166794121265411377e-01
4.606824517250061035e-01
5.540697574615478516e-01
4.979500174522399902e-01
3.255838453769683838e-01
2.082663178443908691e-01
3.562727570533752441e-01
7.210811972618103027e-01
1.028547048568725586e+00
8.901960849761962891e-01
1.864209771156311035e-01
-8.262789845466613770e-01
-1.562833428382873535e+00
-1.552057385444641113e+00
-7.377429008483886719e-01
3.728474974632263184e-01
1.068946361541748047e+00
8.553219437599182129e-01
-1.552737355232238770e-01
-1.367141127586364746e+00
-2.056059360504150391e+00
-1.896266937255859375e+00
-1.091344356536865234e+00
-2.206028401851654053e-01
2.448844909667968750e-01
2.115027010440826416e-01
-1.707404851913452148e-03
-2.074538171291351318e-02
2.825946211814880371e-01
6.434325575828552246e-01
6.525571346282958984e-01
6.836289167404174805e-02
-9.266927242279052734e-01
-1.839973211288452148e+00
-2.149897336959838867e+00
-1.661773800849914551e+00
-5.886531472206115723e-01
5.788602828979492188e-01
1.400754928588867188e+00
1.698645114898681641e+00
1.615833759307861328e+00
1.436912298202514648e+00
1.390477538108825684e+00
1.495375037193298340e+00
1.597438812255859375e+00
1.495096802711486816e+00
1.111665248870849609e+00
5.561857223510742188e-01
7.702219486236572266e-02
-1.036382317543029785e-01
6.111337244510650635e-02
3.789563179016113281e-01
5.230031013488769531e-01
2.371319532394409180e-01
-4.653391838073730469e-01
-1.260557413101196289e+00
-1.683759450912475586e+00
-1.421963691711425781e+00
-5.518705844879150391e-01
4.621501266956329346e-01
1.019972085952758789e+00
7.631366252899169922e-01
-1.927859485149383545e-01
-1.303283214569091797e+00
-1.933693408966064453e+00
-1.732792854309082031e+00
-8.473178744316101074e-01
2.042870372533798218e-01
8.548690080642700195e-01
8.399560451507568359e-01
3.068153262138366699e-01
-3.108925223350524902e-01
-6.072263121604919434e-01
-4.312351644039154053e-01
4.299420118331909180e-02
4.870115220546722412e-01
6.275932192802429199e-01
4.312767982482910156e-01
7.464988529682159424e-02
-1.871908903121948242e-01
-2.385199666023254395e-01
-1.802671551704406738e-01
-2.850356101989746094e-01
-7.641851902008056641e-01
-1.573470830917358398e+00
-2.320576906204223633e+00
-2.459602594375610352e+00
-1.606912612915039062e+00
1.301426291465759277e-01
2.128727197647094727e+00
3.518168687820434570e+00
3.692545413970947266e+00
2.663590669631958008e+00
1.088572502136230469e+00
-1.557796597480773926e-01
-5.000444054603576660e-01
-3.315180540084838867e-02
6.377411484718322754e-01
8.416962623596191406e-01
3.499935567378997803e-01
-5.053774714469909668e-01
-1.096894979476928711e+00
-1.004716157913208008e+00
-3.011015951633453369e-01
5.250505208969116211e-01
9.811527132987976074e-01
9.164469242095947266e-01
5.935930013656616211e-01
3.908765614032745361e-01
4.646540284156799316e-01
6.054998636245727539e-01
4.516897797584533691e-01
-1.704738885164260864e-01
-1.039914965629577637e+00
-1.675525426864624023e+00
-1.679689884185791016e+00
-1.039827227592468262e+00
-1.335578262805938721e-01
5.303685665130615234e-01
6.384573578834533691e-01
2.117557525634765625e-01
-4.977063834667205811e-01
-1.222290039062500000e+00
-1.811522006988525391e+00
-2.200548648834228516e+00
-2.317599058151245117e+00
-2.057029724121093750e+00
-1.390559673309326172e+00
-4.752455949783325195e-01
3.574780523777008057e-01
8.111023902893066406e-01
8.420003652572631836e-01
7.297561764717102051e-01
8.545537590980529785e-01
1.389171123504638672e+00
2.097667217254638672e+00
2.491466045379638672e+00
2.175470352172851562e+00
1.193133234977722168e+00
1.052886247634887695e-02
-7.799996137619018555e-01
-8.981329202651977539e-01
-5.217930078506469727e-01
-1.351035237312316895e-01
-9.491628408432006836e-02
-3.821659684181213379e-01
-6.060401201248168945e-01
-3.790645301342010498e-01
3.741608858108520508e-01
1.276431798934936523e+00
1.771279811859130859e+00
1.449786543846130371e+00
3.575021028518676758e-01
-1.075775623321533203e+00
-2.232290983200073242e+00
-2.660528182983398438e+00
-2.201089382171630859e+00
-1.062370538711547852e+00
3.399011492729187012e-01
1.473958492279052734e+00
1.928222656250000000e+00
1.513615608215332031e+00
4.430098533630371094e-01
-7.799329161643981934e-01
-1.521638631820678711e+00
-1.430387735366821289e+00
-6.003147363662719727e-01
3.997059166431427002e-01
9.431634545326232910e-01
6.942384243011474609e-01
-9.712842106819152832e-02
-8.433069586753845215e-01
-9.666213393211364746e-01
-3.803757429122924805e-01
5.315823554992675781e-01
1.127138376235961914e+00
1.034687757492065430e+00
3.142680227756500244e-01
