-4.488685131072998047e-01
-4.880199432373046875e-01
-3.604277372360229492e-01
-2.946877479553222656e-01
-2.995895147323608398e-01
-2.596729993820190430e-01
-2.030699849128723145e-01
-1.894211024045944214e-01
-3.794179558753967285e-01
-7.274090051651000977e-01
-1.047179102897644043e+00
-9.661320447921752930e-01
-3.079832792282104492e-01
8.384365439414978027e-01
1.977687001228332520e+00
2.588014125823974609e+00
2.319905757904052734e+00
1.335699558258056641e+00
1.171074807643890381e-01
-6.989223361015319824e-01
-7.682604193687438965e-01
-9.117573499679565430e-02
9.235519170761108398e-01
1.776519775390625000e+00
2.004210472106933594e+00
1.449108362197875977e+00
2.212155461311340332e-01
-1.237821936607360840e+00
-2.388237476348876953e+00
-2.727300167083740234e+00
-2.129832267761230469e+00
-8.892892003059387207e-01
3.110362887382507324e-01
8.369748592376708984e-01
4.385297596454620361e-01
-4.960170984268188477e-01
-1.219411015510559082e+00
-1.072727441787719727e+00
-1.314526796340942383e-02
1.355830311775207520e+00
2.127015829086303711e+00
1.753011465072631836e+00
4.012065529823303223e-01
-1.115229368209838867e+00
-1.924220919609069824e+00
-1.654822826385498047e+00
-6.786062121391296387e-01
2.327101081609725952e-01
4.706445336341857910e-01
3.272847086191177368e-02
-5.432211756706237793e-01
-6.291780471801757812e-01
-2.275498211383819580e-02
8.877433538436889648e-01
1.410209655761718750e+00
1.072796463966369629e+00
-5.845725536346435547e-05
-1.144174218177795410e+00
-1.576663732528686523e+00
-9.197093844413757324e-01
5.581902265548706055e-01
2.076856136322021484e+00
2.820178985595703125e+00
2.379491806030273438e+00
9.939363598823547363e-01
-6.225098967552185059e-01
-1.651288747787475586e+00
-1.639680504798889160e+00
-6.981045007705688477e-01
5.405988097190856934e-01
1.318360328674316406e+00
1.137016415596008301e+00
7.743018865585327148e-02
-1.296399950981140137e+00
-2.227323293685913086e+00
-2.257271766662597656e+00
-1.426504611968994141e+00
-2.596057951450347900e-01
6.445656418800354004e-01
9.330360889434814453e-01
7.147541046142578125e-01
3.377544581890106201e-01
1.324934959411621094e-01
1.195987761020660400e-01
1.195120215415954590e-01
-6.757277250289916992e-02
-3.568025529384613037e-01
-4.506528377532958984e-01
-1.839894056320190430e-02
9.299955368041992188e-01
2.024157285690307617e+00
2.660117864608764648e+00
2.448729515075683594e+00
1.395590782165527344e+00
-5.707398056983947754e-02
-1.394120335578918457e+00
-2.258976697921752930e+00
-2.640307664871215820e+00
-2.658995628356933594e+00
-2.434936761856079102e+00
-1.917082309722900391e+00
-1.075805664062500000e+00
-1.510173082351684570e-02
8.877257108688354492e-01
1.225825667381286621e+00
7.822656035423278809e-01
-1.983672678470611572e-01
-1.167080163955688477e+00
-1.519539594650268555e+00
-1.028870820999145508e+00
8.821880817413330078e-02
1.254209518432617188e+00
1.943893909454345703e+00
1.908059120178222656e+00
1.313198328018188477e+00
5.281641483306884766e-01
-5.121503770351409912e-02
-2.371340990066528320e-01
-2.179441601037979126e-02
4.277265369892120361e-01
9.172452092170715332e-01
1.234906315803527832e+00
1.251295208930969238e+00
9.090602397918701172e-01
3.040782213211059570e-01
-3.766610920429229736e-01
-8.909965157508850098e-01
-1.100451827049255371e+00
-1.004797816276550293e+00
-7.546344995498657227e-01
-5.059376358985900879e-01
-3.298490345478057861e-01
-1.501795947551727295e-01
1.481453478336334229e-01
6.067355275154113770e-01
1.087712049484252930e+00
1.336585521697998047e+00
1.121005535125732422e+00
4.084988236427307129e-01
-5.766656398773193359e-01
-1.443085193634033203e+00
-1.831624150276184082e+00
-1.610217332839965820e+00
-9.358733892440795898e-01
-1.712309718132019043e-01
3.361493647098541260e-01
4.319620430469512939e-01
2.405567318201065063e-01
4.282265156507492065e-02
9.235935658216476440e-02
4.081825911998748779e-01
7.800796627998352051e-01
8.842616677284240723e-01
5.506918430328369141e-01
-1.311135739088058472e-01
-8.215147256851196289e-01
-1.204682588577270508e+00
-1.173523664474487305e+00
-9.547667503356933594e-01
-8.753881454467773438e-01
-1.138028979301452637e+00
-1.560711741447448730e+00
-1.726908802986145020e+00
-1.219503879547119141e+00
-3.150933980941772461e-02
1.424067020416259766e+00
2.461943626403808594e+00
2.630272150039672852e+00
1.927212119102478027e+00
8.834602832794189453e-01
1.270321607589721680e-01
7.204456627368927002e-02
5.912882089614868164e-01
1.243094444274902344e+00
1.500140905380249023e+00
1.185946226119995117e+00
4.454602301120758057e-01
-3.003744482994079590e-01
-7.510957121849060059e-01
-7.777137160301208496e-01
-5.489171147346496582e-01
-2.540302872657775879e-01
-8.556455373764038086e-02
-3.741356730461120605e-02
-8.239299058914184570e-02
-9.451058506965637207e-02
-4.894313216209411621e-02
1.175888702273368835e-01
3.443555533885955811e-01
5.985085964202880859e-01
7.223956584930419922e-01
6.454504132270812988e-01
2.902753651142120361e-01
-2.062430381774902344e-01
-6.936303973197937012e-01
-9.388374090194702148e-01
-9.209018945693969727e-01
-6.936324834823608398e-01
-4.929940700531005859e-01
-4.243495464324951172e-01
-5.461606979370117188e-01
-6.948935985565185547e-01
-7.701456546783447266e-01
-6.525576114654541016e-01
-4.303776621818542480e-01
-1.607859134674072266e-01
1.856932044029235840e-02
1.249332427978515625e-01
1.250376701354980469e-01
9.455847740173339844e-02
8.533716201782226562e-03
-4.396408796310424805e-02
-4.328152537345886230e-02
1.281934678554534912e-01
4.289353489875793457e-01
8.163574934005737305e-01
1.085957765579223633e+00
