-8.841382861137390137e-01
-8.564142584800720215e-01
-4.155039787292480469e-04
7.908973693847656250e-01
1.253374695777893066e+00
1.398725748062133789e+00
1.359602093696594238e+00
1.347634911537170410e+00
1.363915443420410156e+00
1.308806657791137695e+00
1.019004344940185547e+00
5.581583976745605469e-01
1.308425366878509521e-01
1.459276676177978516e-02
2.192325294017791748e-01
5.038514137268066406e-01
4.586302936077117920e-01
-8.767360448837280273e-02
-9.522302746772766113e-01
-1.613943815231323242e+00
-1.648649454116821289e+00
-9.906859397888183594e-01
-6.547869741916656494e-02
5.604872107505798340e-01
5.237960815429687500e-01
-4.460995271801948547e-02
-6.976912617683410645e-01
-9.753586053848266602e-01
-7.737485170364379883e-01
-3.397695422172546387e-01
-8.512739837169647217e-02
-2.414928078651428223e-01
-7.536270618438720703e-01
-1.336648702621459961e+00
-1.715079903602600098e+00
-1.751465320587158203e+00
-1.482993006706237793e+00
-1.024483919143676758e+00
-5.192143917083740234e-01
-1.151870861649513245e-01
3.456416726112365723e-02
-1.571183353662490845e-01
-6.172862648963928223e-01
-1.092590689659118652e+00
-1.273062944412231445e+00
-1.021493911743164062e+00
-4.938983321189880371e-01
-5.615288019180297852e-02
2.867293357849121094e-02
-1.652696132659912109e-01
-2.190482020378112793e-01
2.789507508277893066e-01
1.378296732902526855e+00
2.606589555740356445e+00
3.287856101989746094e+00
2.997946977615356445e+00
1.931570053100585938e+00
7.385783791542053223e-01
9.236287325620651245e-02
1.693046241998672485e-01
6.149331331253051758e-01
8.300711512565612793e-01
5.093266963958740234e-01
-2.041147202253341675e-01
-8.575869798660278320e-01
-1.168359756469726562e+00
-1.197405457496643066e+00
-1.280516266822814941e+00
-1.578247785568237305e+00
-1.906897306442260742e+00
-1.805785894393920898e+00
-1.046734809875488281e+00
1.160332411527633667e-01
9.602025747299194336e-01
8.782905340194702148e-01
-1.933796405792236328e-01
-1.589015007019042969e+00
-2.425683021545410156e+00
-2.144777536392211914e+00
-9.549648761749267578e-01
4.468099474906921387e-01
1.335751175880432129e+00
1.521087884902954102e+00
1.282945156097412109e+00
1.092774868011474609e+00
1.100460052490234375e+00
1.131559371948242188e+00
8.694355487823486328e-01
3.236847221851348877e-01
-1.606105864048004150e-01
-8.307908475399017334e-02
6.872850656509399414e-01
1.801244378089904785e+00
2.541338682174682617e+00
2.393453598022460938e+00
1.331105351448059082e+00
-8.671921491622924805e-02
-1.165880203247070312e+00
-1.423908948898315430e+00
-9.060778617858886719e-01
5.350857973098754883e-03
7.833192944526672363e-01
1.100756883621215820e+00
8.403163552284240723e-01
1.482371389865875244e-01
-7.239615321159362793e-01
-1.413698196411132812e+00
-1.636671662330627441e+00
-1.250197410583496094e+00
-4.487342834472656250e-01
3.486844599246978760e-01
6.461230516433715820e-01
2.448752522468566895e-01
-6.679924726486206055e-01
-1.570171236991882324e+00
-1.999699115753173828e+00
-1.787966847419738770e+00
-1.168621420860290527e+00
-4.982680976390838623e-01
-3.508520126342773438e-02
2.253151834011077881e-01
3.757226467132568359e-01
4.584536254405975342e-01
3.766654133796691895e-01
9.721419215202331543e-02
-2.099197506904602051e-01
-1.652301251888275146e-01
4.958418309688568115e-01
1.636650323867797852e+00
2.662714242935180664e+00
2.918775558471679688e+00
2.191069602966308594e+00
9.599665999412536621e-01
8.374631404876708984e-02
1.582863926887512207e-01
1.016579389572143555e+00
1.830040931701660156e+00
1.752018451690673828e+00
6.110759973526000977e-01
-9.122281670570373535e-01
-1.809616923332214355e+00
-1.531340599060058594e+00
-4.340245723724365234e-01
5.341637134552001953e-01
5.942038297653198242e-01
-2.089774906635284424e-01
-1.089614868164062500e+00
-1.176635146141052246e+00
-2.996414601802825928e-01
8.717314004898071289e-01
1.325897932052612305e+00
5.772294998168945312e-01
-9.674967527389526367e-01
-2.272145748138427734e+00
-2.519672393798828125e+00
-1.654925704002380371e+00
-4.018244743347167969e-01
4.386357665061950684e-01
5.703289508819580078e-01
4.195083379745483398e-01
5.924391150474548340e-01
1.327466368675231934e+00
2.161782979965209961e+00
2.380277633666992188e+00
1.563829302787780762e+00
7.001037895679473877e-02
-1.276721000671386719e+00
-1.706766486167907715e+00
-1.153446793556213379e+00
-1.684415936470031738e-01
4.323794245719909668e-01
2.636497616767883301e-01
-5.170817375183105469e-01
-1.320004701614379883e+00
-1.709550261497497559e+00
-1.565328598022460938e+00
-1.156083345413208008e+00
-7.178348302841186523e-01
-3.775844573974609375e-01
-3.586554527282714844e-02
3.018897175788879395e-01
5.564773082733154297e-01
5.137357711791992188e-01
1.868884563446044922e-01
-2.332761883735656738e-01
-3.541076183319091797e-01
-2.329325675964355469e-02
6.475992202758789062e-01
1.206130385398864746e+00
1.330771207809448242e+00
9.342750310897827148e-01
3.519823253154754639e-01
-7.551783323287963867e-02
-1.251066923141479492e-01
3.109180927276611328e-02
1.628489494323730469e-01
6.147444248199462891e-02
-1.552685499191284180e-01
-3.321962058544158936e-01
-3.192333579063415527e-01
-2.744707465171813965e-01
-3.809514641761779785e-01
-7.999406456947326660e-01
-1.342121005058288574e+00
-1.736966371536254883e+00
-1.698609590530395508e+00
-1.313490986824035645e+00
-8.272446393966674805e-01
-5.866554975509643555e-01
-5.929337739944458008e-01
-6.355565786361694336e-01
-3.135270476341247559e-01
4.684939086437225342e-01
1.520700335502624512e+00
2.298210859298706055e+00
2.403086423873901367e+00
1.691967964172363281e+00
