-1.115183711051940918e+00
-1.142157793045043945e+00
-5.320298075675964355e-01
-1.962397247552871704e-02
3.227771520614624023e-01
4.897763133049011230e-01
6.674576997756958008e-01
8.973599672317504883e-01
1.184586167335510254e+00
1.318408489227294922e+00
1.203207492828369141e+00
7.814694643020629883e-01
2.793700695037841797e-01
-1.071960702538490295e-01
-1.728484928607940674e-01
-3.228950500488281250e-02
1.220998913049697876e-01
-1.567254588007926941e-02
-4.619417786598205566e-01
-1.077217578887939453e+00
-1.479867696762084961e+00
-1.480877399444580078e+00
-1.056220889091491699e+00
-5.347442626953125000e-01
-1.982007026672363281e-01
-2.351725101470947266e-01
-4.522967934608459473e-01
-5.909847617149353027e-01
-3.825260102748870850e-01
8.532094955444335938e-02
5.881664156913757324e-01
7.850064635276794434e-01
6.243683099746704102e-01
2.163857817649841309e-01
-1.241871714591979980e-01
-2.613039016723632812e-01
-1.649986207485198975e-01
-3.250531852245330811e-03
1.845213770866394043e-01
4.042655229568481445e-01
7.927904129028320312e-01
1.286133527755737305e+00
1.698650717735290527e+00
1.683530807495117188e+00
1.121163129806518555e+00
1.501095741987228394e-01
-7.588160037994384766e-01
-1.216941237449645996e+00
-1.074379801750183105e+00
-6.184950470924377441e-01
-2.316783964633941650e-01
-1.868759393692016602e-01
-3.517492711544036865e-01
-4.298663437366485596e-01
-1.689982414245605469e-01
2.872140407562255859e-01
5.524551868438720703e-01
2.267759442329406738e-01
-6.570162177085876465e-01
-1.647692441940307617e+00
-2.070654630661010742e+00
-1.564809799194335938e+00
-2.991987764835357666e-01
1.048212170600891113e+00
1.774046301841735840e+00
1.543515324592590332e+00
6.228767037391662598e-01
-3.846678137779235840e-01
-9.131755232810974121e-01
-8.119734525680541992e-01
-3.370543420314788818e-01
7.775723934173583984e-02
1.784243136644363403e-01
2.743075788021087646e-02
-8.825188875198364258e-02
6.414550542831420898e-02
4.634189605712890625e-01
8.382303118705749512e-01
8.705872893333435059e-01
4.506698250770568848e-01
-2.391999661922454834e-01
-8.321974277496337891e-01
-1.053522944450378418e+00
-8.896003961563110352e-01
-6.131212711334228516e-01
-5.302363038063049316e-01
-7.623976469039916992e-01
-1.091324329376220703e+00
-1.147535562515258789e+00
-6.433391571044921875e-01
3.251537382602691650e-01
1.358145952224731445e+00
1.942151069641113281e+00
1.859253287315368652e+00
1.275734186172485352e+00
6.726912260055541992e-01
4.202342331409454346e-01
5.865551829338073730e-01
8.381724357604980469e-01
8.222261667251586914e-01
3.935661315917968750e-01
-1.612924784421920776e-01
-4.424929320812225342e-01
-1.866427212953567505e-01
3.978468179702758789e-01
8.618560433387756348e-01
7.611645460128784180e-01
1.142290830612182617e-01
-7.071245908737182617e-01
-1.149308204650878906e+00
-9.969028830528259277e-01
-3.900529146194458008e-01
2.137011587619781494e-01
5.314260125160217285e-01
5.127043724060058594e-01
3.994340300559997559e-01
2.877849340438842773e-01
1.090173125267028809e-01
-4.097639918327331543e-01
-1.260869860649108887e+00
-2.111060857772827148e+00
-2.286998510360717773e+00
-1.407115936279296875e+00
3.676366806030273438e-01
2.167557001113891602e+00
3.065261363983154297e+00
2.544835329055786133e+00
9.892608523368835449e-01
-7.404308915138244629e-01
-1.758751153945922852e+00
-1.853674650192260742e+00
-1.352138280868530273e+00
-8.774718046188354492e-01
-6.721664667129516602e-01
-6.173894405364990234e-01
-3.295242488384246826e-01
2.386006712913513184e-01
8.168333768844604492e-01
9.024294018745422363e-01
3.877733349800109863e-01
-3.933793902397155762e-01
-7.294908165931701660e-01
-2.388853430747985840e-01
9.204833507537841797e-01
1.982337594032287598e+00
2.268032312393188477e+00
1.554064393043518066e+00
3.493793606758117676e-01
-6.505650877952575684e-01
-9.643154144287109375e-01
-7.651430368423461914e-01
-5.195999145507812500e-01
-6.569178104400634766e-01
-1.073268890380859375e+00
-1.360007047653198242e+00
-1.069845080375671387e+00
-2.369016408920288086e-01
7.406853437423706055e-01
1.292887449264526367e+00
1.211815595626831055e+00
6.530531644821166992e-01
5.966907739639282227e-02
-2.955190539360046387e-01
-3.597069382667541504e-01
-3.183515667915344238e-01
-2.406328320503234863e-01
-8.065581321716308594e-02
3.214432001113891602e-01
9.267256259918212891e-01
1.518715858459472656e+00
1.752360343933105469e+00
1.511626124382019043e+00
9.380285739898681641e-01
3.832428455352783203e-01
5.958844721317291260e-02
-4.990130662918090820e-02
-1.709247082471847534e-01
-4.171697497367858887e-01
-6.962139010429382324e-01
-7.600506544113159180e-01
-5.264843106269836426e-01
-1.988434344530105591e-01
-1.678795814514160156e-01
-6.140251755714416504e-01
-1.298637866973876953e+00
-1.660168766975402832e+00
-1.304482460021972656e+00
-3.870552778244018555e-01
4.006232023239135742e-01
3.626415133476257324e-01
-6.031818985939025879e-01
-1.821791410446166992e+00
-2.308779239654541016e+00
-1.556298971176147461e+00
-5.006790161132812500e-05
1.234143972396850586e+00
1.202978849411010742e+00
-9.689891338348388672e-02
-1.625470876693725586e+00
-2.089561462402343750e+00
-9.161372184753417969e-01
1.206195831298828125e+00
2.822702169418334961e+00
2.727445125579833984e+00
9.233016371726989746e-01
-1.404091000556945801e+00
-2.664132356643676758e+00
-2.043753385543823242e+00
2.446939051151275635e-02
2.155102491378784180e+00
3.081519603729248047e+00
2.408926010131835938e+00
8.396674990653991699e-01
-5.334494113922119141e-01
-9.396888017654418945e-01
-4.658229649066925049e-01
2.726490199565887451e-01
