-1.734249114990234375e+00
-1.736294984817504883e+00
-1.214135408401489258e+00
-6.849868893623352051e-01
-3.363783359527587891e-01
-3.161186873912811279e-01
-3.369889557361602783e-01
-1.994141042232513428e-01
3.001599311828613281e-01
9.083021879196166992e-01
1.388741970062255859e+00
1.444710731506347656e+00
1.234637737274169922e+00
9.691468477249145508e-01
9.939478635787963867e-01
1.224899649620056152e+00
1.478069186210632324e+00
1.369003772735595703e+00
9.212314486503601074e-01
3.266644477844238281e-01
8.316975831985473633e-02
3.425987958908081055e-01
1.032976984977722168e+00
1.627290844917297363e+00
1.767416238784790039e+00
1.255441546440124512e+00
4.148614108562469482e-01
-4.234861731529235840e-01
-9.250229001045227051e-01
-1.191662788391113281e+00
-1.361286044120788574e+00
-1.638440370559692383e+00
-1.840848684310913086e+00
-1.762143254280090332e+00
-1.164936065673828125e+00
-2.812610268592834473e-01
4.747211337089538574e-01
5.397006273269653320e-01
-1.799919456243515015e-01
-1.405657291412353516e+00
-2.421471834182739258e+00
-2.736375331878662109e+00
-2.196184158325195312e+00
-1.250292778015136719e+00
-4.330516457557678223e-01
-1.658808588981628418e-01
-3.143029510974884033e-01
-5.082600116729736328e-01
-2.921555042266845703e-01
3.463710844516754150e-01
1.114293456077575684e+00
1.483065605163574219e+00
1.224826574325561523e+00
4.453454613685607910e-01
-3.544347286224365234e-01
-7.541282773017883301e-01
-5.531763434410095215e-01
1.823772490024566650e-02
6.315926909446716309e-01
9.881334900856018066e-01
1.089589476585388184e+00
1.033186197280883789e+00
9.378775358200073242e-01
7.186340093612670898e-01
2.589270770549774170e-01
-4.968481063842773438e-01
-1.322187542915344238e+00
-1.870211601257324219e+00
-1.833444952964782715e+00
-1.235876560211181641e+00
-3.734281063079833984e-01
3.459975421428680420e-01
7.380120158195495605e-01
8.947103023529052734e-01
1.072043895721435547e+00
1.369974374771118164e+00
1.608724474906921387e+00
1.441863298416137695e+00
7.142655849456787109e-01
-3.040401935577392578e-01
-9.881166219711303711e-01
-7.860242128372192383e-01
3.312222361564636230e-01
1.743806362152099609e+00
2.527971267700195312e+00
2.079325914382934570e+00
5.482228398323059082e-01
-1.198107361793518066e+00
-2.148210048675537109e+00
-1.775695800781250000e+00
-3.932859301567077637e-01
1.123669505119323730e+00
1.887599468231201172e+00
1.583220243453979492e+00
5.288487672805786133e-01
-5.891380906105041504e-01
-1.256117701530456543e+00
-1.334738254547119141e+00
-1.064091801643371582e+00
-6.980346441268920898e-01
-3.581811785697937012e-01
2.839559316635131836e-02
4.601166546344757080e-01
8.055881261825561523e-01
7.823246121406555176e-01
2.840227782726287842e-01
-5.346522331237792969e-01
-1.213395714759826660e+00
-1.375659108161926270e+00
-9.376694560050964355e-01
-2.813073992729187012e-01
8.419698476791381836e-02
-1.925415247678756714e-01
-9.509766101837158203e-01
-1.709460973739624023e+00
-1.900402307510375977e+00
-1.345948457717895508e+00
-2.640534341335296631e-01
8.052492141723632812e-01
1.457739710807800293e+00
1.556042432785034180e+00
1.335265874862670898e+00
1.081808328628540039e+00
1.011891722679138184e+00
1.079552292823791504e+00
1.176359415054321289e+00
1.171558380126953125e+00
1.097872376441955566e+00
9.899806380271911621e-01
8.865764737129211426e-01
6.829717159271240234e-01
3.069689273834228516e-01
-2.602860927581787109e-01
-8.226968646049499512e-01
-1.152822017669677734e+00
-1.067666769027709961e+00
-6.583116054534912109e-01
-1.753498315811157227e-01
5.601644515991210938e-02
-5.925577878952026367e-02
-3.861686289310455322e-01
-5.838330984115600586e-01
-4.177139103412628174e-01
1.308885812759399414e-01
7.889063358306884766e-01
1.240039348602294922e+00
1.285811901092529297e+00
1.012836098670959473e+00
6.420387029647827148e-01
3.798586130142211914e-01
2.150303721427917480e-01
6.458044052124023438e-03
-3.763875663280487061e-01
-8.331305980682373047e-01
-1.077926635742187500e+00
-8.150618672370910645e-01
-3.509262204170227051e-02
9.142671823501586914e-01
1.498067140579223633e+00
1.363426446914672852e+00
5.957679748535156250e-01
-3.194915056228637695e-01
-8.439176082611083984e-01
-7.916488051414489746e-01
-4.519943594932556152e-01
-3.668777346611022949e-01
-8.540768027305603027e-01
-1.731700181961059570e+00
-2.382265806198120117e+00
-2.248685359954833984e+00
-1.246115446090698242e+00
6.811392307281494141e-02
9.172215461730957031e-01
8.092733621597290039e-01
-3.552171587944030762e-02
-8.942353725433349609e-01
-9.894505739212036133e-01
-1.172590553760528564e-01
1.300629615783691406e+00
2.448866128921508789e+00
2.768834829330444336e+00
2.187079429626464844e+00
1.159915089607238770e+00
1.608808934688568115e-01
-5.372179746627807617e-01
-1.051854491233825684e+00
-1.505698919296264648e+00
-1.921515345573425293e+00
-2.033421993255615234e+00
-1.689810276031494141e+00
-9.413490295410156250e-01
-2.430182695388793945e-01
2.029263973236083984e-02
-2.986617684364318848e-01
-7.938891649246215820e-01
-9.698741436004638672e-01
-4.934408962726593018e-01
3.230441808700561523e-01
8.958441019058227539e-01
6.421476006507873535e-01
-3.409315645694732666e-01
-1.472584009170532227e+00
-1.880618095397949219e+00
-1.230192303657531738e+00
2.279679179191589355e-01
1.618650794029235840e+00
2.257369756698608398e+00
1.877184748649597168e+00
9.665144681930541992e-01
1.346692144870758057e-01
-9.896612167358398438e-02
1.586648523807525635e-01
5.925648808479309082e-01
7.408291697502136230e-01
5.701498389244079590e-01
1.809422671794891357e-01
-1.048057973384857178e-01
