2.571451663970947266e-01
2.673463225364685059e-01
3.819239735603332520e-01
-1.042259335517883301e-01
-1.072427392005920410e+00
-1.970402956008911133e+00
-2.164239168167114258e+00
-1.381887197494506836e+00
3.174666315317153931e-02
1.334156394004821777e+00
1.870787739753723145e+00
1.536586046218872070e+00
7.836927771568298340e-01
2.536304295063018799e-01
2.436238527297973633e-01
5.239317417144775391e-01
5.528350472450256348e-01
8.843481540679931641e-03
-9.065867066383361816e-01
-1.545619726181030273e+00
-1.335267663002014160e+00
-2.172006517648696899e-01
1.223815202713012695e+00
2.173165082931518555e+00
2.110330104827880859e+00
1.178447365760803223e+00
1.051294803619384766e-02
-7.003646492958068848e-01
-6.895709037780761719e-01
-1.807027012109756470e-01
3.374274969100952148e-01
5.465586185455322266e-01
4.543689489364624023e-01
3.300653696060180664e-01
3.719320297241210938e-01
5.546598434448242188e-01
6.299740672111511230e-01
4.047284722328186035e-01
-1.106904745101928711e-01
-6.602503061294555664e-01
-9.928793311119079590e-01
-1.022327661514282227e+00
-9.156283736228942871e-01
-8.816300630569458008e-01
-1.010832667350769043e+00
-1.152324199676513672e+00
-1.102850198745727539e+00
-7.786185145378112793e-01
-3.769816756248474121e-01
-2.015755176544189453e-01
-4.463891386985778809e-01
-9.500186443328857422e-01
-1.313025593757629395e+00
-1.143982410430908203e+00
-4.343686103820800781e-01
4.175156056880950928e-01
8.058270812034606934e-01
3.939830362796783447e-01
-6.474205255508422852e-01
-1.660417318344116211e+00
-1.956478595733642578e+00
-1.229394435882568359e+00
1.897159218788146973e-01
1.587296247482299805e+00
2.278165817260742188e+00
2.061957597732543945e+00
1.252451658248901367e+00
4.571787118911743164e-01
1.212194710969924927e-01
3.232740759849548340e-01
7.721461653709411621e-01
1.117655873298645020e+00
1.157964587211608887e+00
9.600567221641540527e-01
6.909422874450683594e-01
4.911600947380065918e-01
3.607424795627593994e-01
2.674596309661865234e-01
2.089192867279052734e-01
2.765769362449645996e-01
5.257037878036499023e-01
9.103699922561645508e-01
1.237677574157714844e+00
1.328199267387390137e+00
1.122809410095214844e+00
7.517327666282653809e-01
3.773379921913146973e-01
5.773492902517318726e-02
-3.429726660251617432e-01
-9.875431656837463379e-01
-1.883518695831298828e+00
-2.754090785980224609e+00
-3.202828884124755859e+00
-2.976084232330322266e+00
-2.195520401000976562e+00
-1.269270062446594238e+00
-6.081885695457458496e-01
-2.990720868110656738e-01
-8.955875039100646973e-02
3.554077446460723877e-01
1.071764945983886719e+00
1.691375255584716797e+00
1.685863256454467773e+00
8.450400829315185547e-01
-4.551622271537780762e-01
-1.408267855644226074e+00
-1.329795718193054199e+00
-1.612973809242248535e-01
1.432406663894653320e+00
2.505151510238647461e+00
2.467667579650878906e+00
1.471190214157104492e+00
2.470129281282424927e-01
-4.481841921806335449e-01
-3.567453026771545410e-01
1.693854331970214844e-01
5.112447738647460938e-01
2.722571492195129395e-01
-4.595057666301727295e-01
-1.249306678771972656e+00
-1.667350530624389648e+00
-1.569106340408325195e+00
-1.085758686065673828e+00
-4.388909935951232910e-01
2.374022752046585083e-01
8.734508156776428223e-01
1.357391834259033203e+00
1.478775978088378906e+00
1.092812538146972656e+00
3.233275115489959717e-01
-3.640634417533874512e-01
-4.308734536170959473e-01
3.388669788837432861e-01
1.557498097419738770e+00
2.415233135223388672e+00
2.174537658691406250e+00
7.176338434219360352e-01
-1.347064256668090820e+00
-3.023669719696044922e+00
-3.563543319702148438e+00
-2.851696491241455078e+00
-1.396977543830871582e+00
1.078254729509353638e-01
1.180062532424926758e+00
1.725837469100952148e+00
1.844711780548095703e+00
1.630627870559692383e+00
1.072852730751037598e+00
2.380790263414382935e-01
-6.190708875656127930e-01
-1.078795433044433594e+00
-8.780173063278198242e-01
-1.361812949180603027e-01
6.212501525878906250e-01
8.567469120025634766e-01
4.031034708023071289e-01
-3.452893495559692383e-01
-7.611101865768432617e-01
-4.520106613636016846e-01
3.657430112361907959e-01
1.045510768890380859e+00
9.704593420028686523e-01
8.505502343177795410e-02
-1.079420089721679688e+00
-1.754300117492675781e+00
-1.536493539810180664e+00
-6.235896348953247070e-01
3.304396867752075195e-01
7.610710263252258301e-01
5.450466871261596680e-01
5.909655615687370300e-02
-2.154333591461181641e-01
-4.452462494373321533e-02
3.735089302062988281e-01
6.569008827209472656e-01
5.306594371795654297e-01
7.030382752418518066e-02
-4.290301203727722168e-01
-6.579576730728149414e-01
-5.490653514862060547e-01
-2.426466941833496094e-01
8.413195610046386719e-03
4.950159788131713867e-02
-1.631518006324768066e-01
-5.492082834243774414e-01
-1.003581643104553223e+00
-1.366998791694641113e+00
-1.479795813560485840e+00
-1.196687221527099609e+00
-5.398909449577331543e-01
2.794837653636932373e-01
8.970795869827270508e-01
1.049215793609619141e+00
7.346725463867187500e-01
2.727992236614227295e-01
4.750174283981323242e-02
2.459324598312377930e-01
6.734520792961120605e-01
9.327164292335510254e-01
7.122376561164855957e-01
7.611300796270370483e-02
-6.097396016120910645e-01
-9.391618371009826660e-01
-8.194262981414794922e-01
-5.053243041038513184e-01
-3.922459781169891357e-01
-6.356570124626159668e-01
-1.021068453788757324e+00
-1.101356506347656250e+00
-5.908099412918090820e-01
3.986114859580993652e-01
1.383904576301574707e+00
1.864428520202636719e+00
1.642142653465270996e+00
9.430510997772216797e-01
1.955937296152114868e-01
-2.683222889900207520e-01
