9.340479373931884766e-01
8.692817687988281250e-01
1.494954705238342285e+00
1.941972255706787109e+00
1.875078439712524414e+00
1.058344125747680664e+00
-2.427559643983840942e-01
-1.579785943031311035e+00
-2.382326126098632812e+00
-2.465806722640991211e+00
-1.922292351722717285e+00
-1.175260901451110840e+00
-5.237849950790405273e-01
-1.349097490310668945e-01
1.446918249130249023e-01
4.621150195598602295e-01
9.447959065437316895e-01
1.469808101654052734e+00
1.863468527793884277e+00
1.891723871231079102e+00
1.503221869468688965e+00
7.398625016212463379e-01
-1.739943474531173706e-01
-1.013978242874145508e+00
-1.524909853935241699e+00
-1.604619383811950684e+00
-1.267784833908081055e+00
-7.398543357849121094e-01
-2.968928515911102295e-01
-1.930435597896575928e-01
-4.628412127494812012e-01
-9.340068697929382324e-01
-1.278881549835205078e+00
-1.237496137619018555e+00
-7.410129308700561523e-01
3.356915712356567383e-02
7.792934179306030273e-01
1.228759765625000000e+00
1.269569396972656250e+00
9.661458730697631836e-01
4.707145690917968750e-01
-5.449739843606948853e-02
-5.152288079261779785e-01
-8.478536605834960938e-01
-1.043384313583374023e+00
-1.086629390716552734e+00
-1.024440646171569824e+00
-8.939726352691650391e-01
-7.674925327301025391e-01
-6.379754543304443359e-01
-4.914998412132263184e-01
-2.531194984912872314e-01
5.958765745162963867e-02
4.129086136817932129e-01
6.740072369575500488e-01
8.095850348472595215e-01
8.076319694519042969e-01
8.015472888946533203e-01
8.442341089248657227e-01
9.671424627304077148e-01
1.012486696243286133e+00
8.636111617088317871e-01
4.176065027713775635e-01
-1.631127297878265381e-01
-6.447725892066955566e-01
-6.893711686134338379e-01
-2.132038176059722900e-01
6.869165897369384766e-01
1.573373317718505859e+00
2.045147180557250977e+00
1.775424718856811523e+00
8.887163996696472168e-01
-2.550899088382720947e-01
-1.042809605598449707e+00
-1.137442827224731445e+00
-4.980924427509307861e-01
3.618208765983581543e-01
8.568685650825500488e-01
4.966884553432464600e-01
-5.748331546783447266e-01
-1.800242543220520020e+00
-2.320774316787719727e+00
-1.718348503112792969e+00
-1.227097809314727783e-01
1.593627691268920898e+00
2.519641399383544922e+00
2.034090280532836914e+00
3.962607979774475098e-01
-1.627627491950988770e+00
-3.011443138122558594e+00
-3.272201061248779297e+00
-2.465357303619384766e+00
-1.264460325241088867e+00
-2.586550414562225342e-01
1.808531880378723145e-01
2.440646290779113770e-01
2.055160403251647949e-01
3.713634312152862549e-01
6.434299349784851074e-01
8.558222651481628418e-01
7.437512278556823730e-01
3.697856664657592773e-01
-1.195697337388992310e-01
-3.927022516727447510e-01
-3.559486865997314453e-01
2.124100923538208008e-02
5.180711150169372559e-01
1.005887269973754883e+00
1.291523933410644531e+00
1.379891872406005859e+00
1.240046143531799316e+00
1.037619829177856445e+00
8.848448991775512695e-01
9.967083930969238281e-01
1.347243785858154297e+00
1.796376943588256836e+00
1.929536104202270508e+00
1.471832871437072754e+00
3.477880358695983887e-01
-1.004514455795288086e+00
-1.995802283287048340e+00
-2.075416326522827148e+00
-1.269564628601074219e+00
-6.305812299251556396e-02
7.409920096397399902e-01
6.813964843750000000e-01
-1.950937062501907349e-01
-1.243438959121704102e+00
-1.813286423683166504e+00
-1.583845376968383789e+00
-8.871576189994812012e-01
-3.219697773456573486e-01
-3.786514401435852051e-01
-9.579029679298400879e-01
-1.524656891822814941e+00
-1.431427001953125000e+00
-4.972896575927734375e-01
8.980450630187988281e-01
1.988539099693298340e+00
2.204507827758789062e+00
1.486965537071228027e+00
3.446159958839416504e-01
-5.696740150451660156e-01
-8.662112951278686523e-01
-6.496607661247253418e-01
-3.136766552925109863e-01
-1.956759989261627197e-01
-2.877011299133300781e-01
-3.011860847473144531e-01
4.705971479415893555e-02
7.481321096420288086e-01
1.450496315956115723e+00
1.741355061531066895e+00
1.452535629272460938e+00
8.389997482299804688e-01
3.558395802974700928e-01
3.378721177577972412e-01
6.826741695404052734e-01
9.688385725021362305e-01
7.293370366096496582e-01
-1.119854450225830078e-01
-1.218095302581787109e+00
-1.990868926048278809e+00
-2.079771518707275391e+00
-1.532124519348144531e+00
-8.201321363449096680e-01
-3.611661791801452637e-01
-3.098175525665283203e-01
-3.568468987941741943e-01
-1.399326622486114502e-01
5.370962619781494141e-01
1.374696731567382812e+00
1.904782295227050781e+00
1.695350408554077148e+00
8.227965235710144043e-01
-3.291077315807342529e-01
-1.173930764198303223e+00
-1.474780797958374023e+00
-1.272773027420043945e+00
-9.418587088584899902e-01
-6.861846446990966797e-01
-5.898759365081787109e-01
-4.571368992328643799e-01
-2.656757831573486328e-01
-5.881730094552040100e-02
-1.183927804231643677e-01
-4.752990603446960449e-01
-9.952805042266845703e-01
-1.202659606933593750e+00
-8.348531126976013184e-01
1.458656340837478638e-01
1.248618960380554199e+00
2.003149986267089844e+00
2.045440196990966797e+00
1.575540304183959961e+00
9.254719018936157227e-01
5.122227072715759277e-01
2.918424010276794434e-01
1.088930368423461914e-01
-3.246248960494995117e-01
-8.653367161750793457e-01
-1.261598825454711914e+00
-1.123507738113403320e+00
-5.585408210754394531e-01
9.785991907119750977e-02
2.537674307823181152e-01
-1.973528861999511719e-01
-9.916347265243530273e-01
-1.384127378463745117e+00
-9.620445370674133301e-01
2.756045758724212646e-01
1.597673058509826660e+00
2.291122436523437500e+00
1.869944810867309570e+00
6.605647206306457520e-01
-7.216347455978393555e-01
-1.535722255706787109e+00
