4.869750440120697021e-01
4.651154875755310059e-01
-5.668770670890808105e-01
-1.111563444137573242e+00
-1.149298787117004395e+00
-7.734364271163940430e-01
-3.320548832416534424e-01
2.466291189193725586e-03
1.062548756599426270e-01
1.516327559947967529e-01
2.390451133251190186e-01
4.759664237499237061e-01
6.682262420654296875e-01
6.271716952323913574e-01
1.380069553852081299e-01
-6.508321762084960938e-01
-1.440100908279418945e+00
-1.764094829559326172e+00
-1.476836562156677246e+00
-7.144106030464172363e-01
2.154588699340820312e-03
2.706621885299682617e-01
-5.564960837364196777e-02
-5.912520289421081543e-01
-8.262386322021484375e-01
-3.667069673538208008e-01
5.974179506301879883e-01
1.498497247695922852e+00
1.627044916152954102e+00
7.684139013290405273e-01
-7.090091705322265625e-01
-1.912722229957580566e+00
-2.084985017776489258e+00
-9.758034944534301758e-01
8.852794170379638672e-01
2.612134933471679688e+00
3.401273965835571289e+00
3.070416450500488281e+00
2.005902290344238281e+00
9.282100200653076172e-01
3.450902700424194336e-01
3.627628087997436523e-01
6.602307558059692383e-01
8.503006696701049805e-01
6.958671212196350098e-01
2.722995281219482422e-01
-1.990422010421752930e-01
-4.811273813247680664e-01
-4.797638058662414551e-01
-1.929775774478912354e-01
3.057375550270080566e-01
9.207221269607543945e-01
1.475229978561401367e+00
1.738373994827270508e+00
1.502572178840637207e+00
7.644271850585937500e-01
-1.909051239490509033e-01
-8.861861228942871094e-01
-9.389044046401977539e-01
-3.450285494327545166e-01
4.770213663578033447e-01
9.345572590827941895e-01
6.872451305389404297e-01
-1.143928319215774536e-01
-9.104715585708618164e-01
-1.168888807296752930e+00
-7.671228051185607910e-01
-1.133027374744415283e-01
2.067945152521133423e-01
-1.316081285476684570e-01
-8.812787532806396484e-01
-1.439132213592529297e+00
-1.280895471572875977e+00
-4.318060874938964844e-01
5.646011233329772949e-01
9.923722743988037109e-01
5.420534610748291016e-01
-5.197052955627441406e-01
-1.509395360946655273e+00
-1.889279246330261230e+00
-1.576831459999084473e+00
-9.902826547622680664e-01
-6.006568670272827148e-01
-6.028969883918762207e-01
-7.369903922080993652e-01
-6.213853359222412109e-01
-5.885604023933410645e-02
7.067524790763854980e-01
1.240765452384948730e+00
1.200516939163208008e+00
6.672614216804504395e-01
2.882301807403564453e-03
-3.733680248260498047e-01
-3.533054590225219727e-01
-9.860616177320480347e-02
8.418537676334381104e-02
7.827867567539215088e-02
-4.792419075965881348e-02
-1.001325547695159912e-01
-4.164457321166992188e-02
1.960361003875732422e-02
-1.220355033874511719e-01
-4.963809549808502197e-01
-9.662623405456542969e-01
-1.272560954093933105e+00
-1.304640769958496094e+00
-1.111258149147033691e+00
-8.683640956878662109e-01
-6.255002617835998535e-01
-3.015323877334594727e-01
2.548637390136718750e-01
9.944182634353637695e-01
1.648766756057739258e+00
1.843091249465942383e+00
1.444044589996337891e+00
6.696397066116333008e-01
-4.536867141723632812e-03
-2.511594295501708984e-01
-1.224252283573150635e-01
-2.717761695384979248e-02
-3.195306658744812012e-01
-9.561536312103271484e-01
-1.435439348220825195e+00
-1.200999975204467773e+00
-1.244756877422332764e-01
1.278424501419067383e+00
2.166606903076171875e+00
1.971180438995361328e+00
8.366541862487792969e-01
-4.760298132896423340e-01
-1.149805665016174316e+00
-9.010934233665466309e-01
-1.509984433650970459e-01
3.692343235015869141e-01
1.972091645002365112e-01
-5.039404630661010742e-01
-1.166625261306762695e+00
-1.301889896392822266e+00
-9.319961667060852051e-01
-4.880361557006835938e-01
-4.209466874599456787e-01
-7.309816479682922363e-01
-1.007530689239501953e+00
-7.604795694351196289e-01
4.341968894004821777e-02
9.412627816200256348e-01
1.246019601821899414e+00
6.731642484664916992e-01
-4.791663885116577148e-01
-1.461611747741699219e+00
-1.723976850509643555e+00
-1.230408906936645508e+00
-5.288677215576171875e-01
-1.765699088573455811e-01
-3.786506354808807373e-01
-7.440478801727294922e-01
-7.572208046913146973e-01
-1.286230385303497314e-01
8.159087896347045898e-01
1.488057374954223633e+00
1.346067070960998535e+00
4.178212583065032959e-01
-8.776406049728393555e-01
-1.888940095901489258e+00
-2.282050132751464844e+00
-1.996429681777954102e+00
-1.305165886878967285e+00
-3.999260663986206055e-01
5.132025480270385742e-01
1.363748908042907715e+00
1.925455331802368164e+00
2.064837932586669922e+00
1.682711362838745117e+00
1.054157853126525879e+00
5.258477330207824707e-01
4.862927198410034180e-01
8.801541328430175781e-01
1.436046600341796875e+00
1.678624391555786133e+00
1.511919379234313965e+00
1.095571279525756836e+00
9.186615347862243652e-01
1.181009531021118164e+00
1.830859661102294922e+00
2.382566213607788086e+00
2.514173507690429688e+00
2.078310966491699219e+00
1.397838592529296875e+00
7.270067930221557617e-01
2.643184065818786621e-01
-1.921121776103973389e-01
-7.369898557662963867e-01
-1.385330438613891602e+00
-1.726604819297790527e+00
-1.473154306411743164e+00
-5.072940587997436523e-01
6.762440800666809082e-01
1.512348890304565430e+00
1.498428344726562500e+00
8.179852962493896484e-01
-6.304335594177246094e-02
-5.021077394485473633e-01
-4.275394976139068604e-01
-1.061375141143798828e-01
-1.489657014608383179e-01
-7.231253385543823242e-01
-1.654958605766296387e+00
-2.294111967086791992e+00
-2.293926000595092773e+00
-1.621606588363647461e+00
-8.396480679512023926e-01
-3.849864006042480469e-01
-4.841218888759613037e-01
-7.192154526710510254e-01
-6.434681415557861328e-01
1.118797957897186279e-01
1.265356779098510742e+00
