-9.366955757141113281e-01
-9.370008707046508789e-01
3.006036281585693359e-01
1.623778700828552246e+00
2.383531808853149414e+00
2.120942592620849609e+00
1.008907556533813477e+00
-3.562511801719665527e-01
-1.204704523086547852e+00
-1.184094309806823730e+00
-4.244175255298614502e-01
4.948738813400268555e-01
1.078600645065307617e+00
1.114019632339477539e+00
8.381482362747192383e-01
5.576968193054199219e-01
4.643402397632598877e-01
3.822810947895050049e-01
5.007515847682952881e-02
-6.960141658782958984e-01
-1.616374254226684570e+00
-2.273152828216552734e+00
-2.236588716506958008e+00
-1.498819708824157715e+00
-4.167077839374542236e-01
4.293792247772216797e-01
7.182273864746093750e-01
5.022019743919372559e-01
2.194605022668838501e-01
2.530474960803985596e-01
7.090673446655273438e-01
1.246459245681762695e+00
1.406989812850952148e+00
8.767732977867126465e-01
-2.036593407392501831e-01
-1.404547214508056641e+00
-2.216360092163085938e+00
-2.431316852569580078e+00
-2.146896123886108398e+00
-1.695227384567260742e+00
-1.305541872978210449e+00
-1.034403204917907715e+00
-7.248684763908386230e-01
-2.547268569469451904e-01
3.944182097911834717e-01
1.057532429695129395e+00
1.562635064125061035e+00
1.783393263816833496e+00
1.734234094619750977e+00
1.454087972640991211e+00
1.004251241683959961e+00
4.161734282970428467e-01
-2.068653702735900879e-01
-7.112810015678405762e-01
-9.189097285270690918e-01
-7.911264896392822266e-01
-4.657905995845794678e-01
-2.210635095834732056e-01
-2.467880994081497192e-01
-5.128887295722961426e-01
-7.344102263450622559e-01
-6.092223525047302246e-01
-4.503710940480232239e-02
7.039529085159301758e-01
1.207223534584045410e+00
1.148828029632568359e+00
5.853297710418701172e-01
-9.045588970184326172e-02
-4.170131087303161621e-01
-2.111400812864303589e-01
3.051836788654327393e-01
6.721216440200805664e-01
5.439566969871520996e-01
-4.831947758793830872e-02
-7.166243791580200195e-01
-1.009441971778869629e+00
-7.439519762992858887e-01
-1.341953277587890625e-01
3.798384070396423340e-01
4.735766649246215820e-01
1.713700145483016968e-01
-1.732783764600753784e-01
-1.698433458805084229e-01
3.073210418224334717e-01
9.870760440826416016e-01
1.390883326530456543e+00
1.157453775405883789e+00
3.205268383026123047e-01
-7.084566354751586914e-01
-1.381646990776062012e+00
-1.386608719825744629e+00
-8.133396506309509277e-01
-9.091389924287796021e-02
3.365569710731506348e-01
2.838101387023925781e-01
-6.305195391178131104e-02
-3.441140651702880859e-01
-2.982372641563415527e-01
1.045776996761560440e-02
2.840391397476196289e-01
2.270175665616989136e-01
-1.541185230016708374e-01
-5.420483350753784180e-01
-5.159420967102050781e-01
6.236494705080986023e-02
8.932614922523498535e-01
1.369433522224426270e+00
1.028830766677856445e+00
-9.602827578783035278e-02
-1.404241800308227539e+00
-2.129262924194335938e+00
-1.832247018814086914e+00
-7.405169606208801270e-01
4.427376985549926758e-01
1.016541004180908203e+00
7.988362312316894531e-01
1.886978596448898315e-01
-1.620572656393051147e-01
9.557027369737625122e-02
7.667759060859680176e-01
1.275084614753723145e+00
1.190888047218322754e+00
5.842610597610473633e-01
1.404547132551670074e-02
4.931182041764259338e-02
8.121946454048156738e-01
1.818354249000549316e+00
2.343532800674438477e+00
1.932473659515380859e+00
7.479213476181030273e-01
-5.979248881340026855e-01
-1.486300945281982422e+00
-1.722020626068115234e+00
-1.551795601844787598e+00
-1.363250374794006348e+00
-1.300351142883300781e+00
-1.177758574485778809e+00
-7.150977253913879395e-01
1.128981113433837891e-01
9.771526455879211426e-01
1.413096547126770020e+00
1.206918239593505859e+00
5.801390409469604492e-01
1.854918338358402252e-02
-1.242718920111656189e-01
9.488327056169509888e-02
2.913672029972076416e-01
1.016770005226135254e-01
-4.746453464031219482e-01
-1.077760934829711914e+00
-1.285084366798400879e+00
-9.827250242233276367e-01
-4.357149600982666016e-01
-4.999882727861404419e-02
2.290022559463977814e-03
-9.663895517587661743e-02
1.374013489112257957e-03
4.264785349369049072e-01
9.432603120803833008e-01
1.110889911651611328e+00
7.183037400245666504e-01
-2.977029420435428619e-03
-4.884618222713470459e-01
-3.356409668922424316e-01
3.636555969715118408e-01
1.014861702919006348e+00
1.017533302307128906e+00
2.245748788118362427e-01
-8.641018271446228027e-01
-1.508590579032897949e+00
-1.245314240455627441e+00
-2.778560817241668701e-01
7.559364438056945801e-01
1.234245777130126953e+00
1.053791999816894531e+00
5.595288276672363281e-01
2.285442501306533813e-01
1.666373014450073242e-01
1.081653982400894165e-01
-3.334272801876068115e-01
-1.161652088165283203e+00
-1.950793862342834473e+00
-2.069340705871582031e+00
-1.275389909744262695e+00
1.130507811903953552e-01
1.328823804855346680e+00
1.782324552536010742e+00
1.381875991821289062e+00
6.248708367347717285e-01
7.862410694360733032e-02
2.564825303852558136e-02
2.337349653244018555e-01
3.373203277587890625e-01
1.350349932909011841e-01
-1.396913826465606689e-01
-1.632022708654403687e-01
2.083920538425445557e-01
6.373133063316345215e-01
6.434963345527648926e-01
-6.389162689447402954e-02
-1.170277833938598633e+00
-2.032929420471191406e+00
-2.053921222686767578e+00
-1.263939738273620605e+00
-2.221321910619735718e-01
2.915962040424346924e-01
-1.358746737241744995e-02
-8.266981244087219238e-01
-1.364395499229431152e+00
-1.086386680603027344e+00
3.969372250139713287e-03
1.255771994590759277e+00
1.970259070396423340e+00
1.775912523269653320e+00
9.634124636650085449e-01
8.786053210496902466e-02
-3.368623256683349609e-01
